EUROPEAN CLIMATE ASSESSMENT & DATASET (ECA&D), file created on: 16-11-2022
THESE DATA CAN BE USED FOR NON-COMMERCIAL RESEARCH AND EDUCATION PROVIDED THAT THE FOLLOWING SOURCE IS ACKNOWLEDGED: 

Klein Tank, A.M.G. and Coauthors, 2002. Daily dataset of 20th-century surface
air temperature and precipitation series for the European Climate Assessment.
Int. J. of Climatol., 22, 1441-1453.
Data and metadata available at http://www.ecad.eu

FILE FORMAT (MISSING VALUE CODE = -9999):

01-06 STAID: Station identifier
08-13 SOUID: Source identifier
15-22 DATE : Date YYYYMMDD
24-28 RR   : Precipitation amount in 0.1 mm
30-34 Q_RR : quality code for RR (0='valid'; 1='suspect'; 9='missing')

This is the blended series of station SWIETAJNO, POLAND (STAID: 25093)
Blended and updated with sources:139567 
See files sources.txt and stations.txt for more info.

STAID, SOUID,    DATE,   RR, Q_RR
 25093,139567,20181001,    0,    0
 25093,139567,20181002,   14,    0
 25093,139567,20181003,   48,    1
 25093,139567,20181004,    0,    1
 25093,139567,20181005,    0,    1
 25093,139567,20181006,    0,    1
 25093,139567,20181007,    0,    1
 25093,139567,20181008,    0,    1
 25093,139567,20181009,    0,    1
 25093,139567,20181010,    0,    1
 25093,139567,20181011,    0,    1
 25093,139567,20181012,    0,    1
 25093,139567,20181013,    0,    1
 25093,139567,20181014,    0,    1
 25093,139567,20181015,    0,    1
 25093,139567,20181016,    0,    1
 25093,139567,20181017,    0,    1
 25093,139567,20181018,    0,    1
 25093,139567,20181019,    0,    1
 25093,139567,20181020,    0,    1
 25093,139567,20181021,    0,    1
 25093,139567,20181022,    9,    0
 25093,139567,20181023,  177,    1
 25093,139567,20181024,    0,    1
 25093,139567,20181025,   84,    0
 25093,139567,20181026,    7,    1
 25093,139567,20181027,    0,    1
 25093,139567,20181028,   63,    0
 25093,139567,20181029,   12,    1
 25093,139567,20181030,    0,    1
 25093,139567,20181031,    0,    1
 25093,139567,20181101,    0,    1
 25093,139567,20181102,    0,    1
 25093,139567,20181103,   55,    0
 25093,139567,20181104,    3,    0
 25093,139567,20181105,    2,    1
 25093,139567,20181106,    0,    1
 25093,139567,20181107,    0,    1
 25093,139567,20181108,    0,    1
 25093,139567,20181109,    0,    1
 25093,139567,20181110,    0,    1
 25093,139567,20181111,    0,    1
 25093,139567,20181112,    0,    1
 25093,139567,20181113,  120,    0
 25093,139567,20181114,   32,    1
 25093,139567,20181115,    0,    1
 25093,139567,20181116,    0,    1
 25093,139567,20181117,    0,    1
 25093,139567,20181118,    4,    1
 25093,139567,20181119,    0,    1
 25093,139567,20181120,    0,    1
 25093,139567,20181121,    0,    1
 25093,139567,20181122,    0,    1
 25093,139567,20181123,    0,    1
 25093,139567,20181124,    0,    1
 25093,139567,20181125,    2,    1
 25093,139567,20181126,    0,    1
 25093,139567,20181127,    0,    1
 25093,139567,20181128,    0,    1
 25093,139567,20181129,    0,    1
 25093,139567,20181130,    0,    1
 25093,139567,20181201,-9999,    9
 25093,139567,20181202,-9999,    9
 25093,139567,20181203,-9999,    9
 25093,139567,20181204,-9999,    9
 25093,139567,20181205,-9999,    9
 25093,139567,20181206,-9999,    9
 25093,139567,20181207,-9999,    9
 25093,139567,20181208,-9999,    9
 25093,139567,20181209,-9999,    9
 25093,139567,20181210,-9999,    9
 25093,139567,20181211,-9999,    9
 25093,139567,20181212,-9999,    9
 25093,139567,20181213,-9999,    9
 25093,139567,20181214,-9999,    9
 25093,139567,20181215,-9999,    9
 25093,139567,20181216,-9999,    9
 25093,139567,20181217,-9999,    9
 25093,139567,20181218,-9999,    9
 25093,139567,20181219,-9999,    9
 25093,139567,20181220,-9999,    9
 25093,139567,20181221,-9999,    9
 25093,139567,20181222,-9999,    9
 25093,139567,20181223,-9999,    9
 25093,139567,20181224,-9999,    9
 25093,139567,20181225,-9999,    9
 25093,139567,20181226,-9999,    9
 25093,139567,20181227,-9999,    9
 25093,139567,20181228,-9999,    9
 25093,139567,20181229,-9999,    9
 25093,139567,20181230,-9999,    9
 25093,139567,20181231,-9999,    9
 25093,139567,20190101,-9999,    9
 25093,139567,20190102,-9999,    9
 25093,139567,20190103,-9999,    9
 25093,139567,20190104,-9999,    9
 25093,139567,20190105,-9999,    9
 25093,139567,20190106,-9999,    9
 25093,139567,20190107,-9999,    9
 25093,139567,20190108,-9999,    9
 25093,139567,20190109,-9999,    9
 25093,139567,20190110,-9999,    9
 25093,139567,20190111,-9999,    9
 25093,139567,20190112,-9999,    9
 25093,139567,20190113,-9999,    9
 25093,139567,20190114,-9999,    9
 25093,139567,20190115,-9999,    9
 25093,139567,20190116,-9999,    9
 25093,139567,20190117,-9999,    9
 25093,139567,20190118,-9999,    9
 25093,139567,20190119,-9999,    9
 25093,139567,20190120,-9999,    9
 25093,139567,20190121,-9999,    9
 25093,139567,20190122,-9999,    9
 25093,139567,20190123,-9999,    9
 25093,139567,20190124,-9999,    9
 25093,139567,20190125,-9999,    9
 25093,139567,20190126,-9999,    9
 25093,139567,20190127,-9999,    9
 25093,139567,20190128,-9999,    9
 25093,139567,20190129,-9999,    9
 25093,139567,20190130,-9999,    9
 25093,139567,20190131,-9999,    9
 25093,139567,20190201,-9999,    9
 25093,139567,20190202,-9999,    9
 25093,139567,20190203,-9999,    9
 25093,139567,20190204,-9999,    9
 25093,139567,20190205,-9999,    9
 25093,139567,20190206,-9999,    9
 25093,139567,20190207,-9999,    9
 25093,139567,20190208,-9999,    9
 25093,139567,20190209,-9999,    9
 25093,139567,20190210,-9999,    9
 25093,139567,20190211,-9999,    9
 25093,139567,20190212,-9999,    9
 25093,139567,20190213,-9999,    9
 25093,139567,20190214,-9999,    9
 25093,139567,20190215,-9999,    9
 25093,139567,20190216,-9999,    9
 25093,139567,20190217,-9999,    9
 25093,139567,20190218,-9999,    9
 25093,139567,20190219,-9999,    9
 25093,139567,20190220,-9999,    9
 25093,139567,20190221,-9999,    9
 25093,139567,20190222,-9999,    9
 25093,139567,20190223,-9999,    9
 25093,139567,20190224,-9999,    9
 25093,139567,20190225,-9999,    9
 25093,139567,20190226,-9999,    9
 25093,139567,20190227,-9999,    9
 25093,139567,20190228,-9999,    9
 25093,139567,20190301,-9999,    9
 25093,139567,20190302,-9999,    9
 25093,139567,20190303,-9999,    9
 25093,139567,20190304,-9999,    9
 25093,139567,20190305,-9999,    9
 25093,139567,20190306,-9999,    9
 25093,139567,20190307,-9999,    9
 25093,139567,20190308,-9999,    9
 25093,139567,20190309,-9999,    9
 25093,139567,20190310,-9999,    9
 25093,139567,20190311,-9999,    9
 25093,139567,20190312,-9999,    9
 25093,139567,20190313,-9999,    9
 25093,139567,20190314,-9999,    9
 25093,139567,20190315,-9999,    9
 25093,139567,20190316,-9999,    9
 25093,139567,20190317,-9999,    9
 25093,139567,20190318,-9999,    9
 25093,139567,20190319,-9999,    9
 25093,139567,20190320,-9999,    9
 25093,139567,20190321,-9999,    9
 25093,139567,20190322,-9999,    9
 25093,139567,20190323,-9999,    9
 25093,139567,20190324,-9999,    9
 25093,139567,20190325,-9999,    9
 25093,139567,20190326,-9999,    9
 25093,139567,20190327,-9999,    9
 25093,139567,20190328,-9999,    9
 25093,139567,20190329,-9999,    9
 25093,139567,20190330,-9999,    9
 25093,139567,20190331,-9999,    9
 25093,139567,20190401,-9999,    9
 25093,139567,20190402,-9999,    9
 25093,139567,20190403,-9999,    9
 25093,139567,20190404,-9999,    9
 25093,139567,20190405,-9999,    9
 25093,139567,20190406,-9999,    9
 25093,139567,20190407,-9999,    9
 25093,139567,20190408,-9999,    9
 25093,139567,20190409,-9999,    9
 25093,139567,20190410,-9999,    9
 25093,139567,20190411,-9999,    9
 25093,139567,20190412,-9999,    9
 25093,139567,20190413,-9999,    9
 25093,139567,20190414,-9999,    9
 25093,139567,20190415,-9999,    9
 25093,139567,20190416,-9999,    9
 25093,139567,20190417,-9999,    9
 25093,139567,20190418,-9999,    9
 25093,139567,20190419,-9999,    9
 25093,139567,20190420,-9999,    9
 25093,139567,20190421,-9999,    9
 25093,139567,20190422,-9999,    9
 25093,139567,20190423,-9999,    9
 25093,139567,20190424,-9999,    9
 25093,139567,20190425,-9999,    9
 25093,139567,20190426,-9999,    9
 25093,139567,20190427,-9999,    9
 25093,139567,20190428,-9999,    9
 25093,139567,20190429,-9999,    9
 25093,139567,20190430,-9999,    9
 25093,139567,20190501,-9999,    9
 25093,139567,20190502,-9999,    9
 25093,139567,20190503,-9999,    9
 25093,139567,20190504,-9999,    9
 25093,139567,20190505,-9999,    9
 25093,139567,20190506,-9999,    9
 25093,139567,20190507,-9999,    9
 25093,139567,20190508,-9999,    9
 25093,139567,20190509,-9999,    9
 25093,139567,20190510,-9999,    9
 25093,139567,20190511,-9999,    9
 25093,139567,20190512,-9999,    9
 25093,139567,20190513,-9999,    9
 25093,139567,20190514,-9999,    9
 25093,139567,20190515,-9999,    9
 25093,139567,20190516,-9999,    9
 25093,139567,20190517,-9999,    9
 25093,139567,20190518,-9999,    9
 25093,139567,20190519,-9999,    9
 25093,139567,20190520,-9999,    9
 25093,139567,20190521,-9999,    9
 25093,139567,20190522,-9999,    9
 25093,139567,20190523,-9999,    9
 25093,139567,20190524,-9999,    9
 25093,139567,20190525,-9999,    9
 25093,139567,20190526,-9999,    9
 25093,139567,20190527,-9999,    9
 25093,139567,20190528,-9999,    9
 25093,139567,20190529,-9999,    9
 25093,139567,20190530,-9999,    9
 25093,139567,20190531,-9999,    9
 25093,139567,20190601,-9999,    9
 25093,139567,20190602,-9999,    9
 25093,139567,20190603,-9999,    9
 25093,139567,20190604,-9999,    9
 25093,139567,20190605,-9999,    9
 25093,139567,20190606,-9999,    9
 25093,139567,20190607,-9999,    9
 25093,139567,20190608,-9999,    9
 25093,139567,20190609,-9999,    9
 25093,139567,20190610,-9999,    9
 25093,139567,20190611,-9999,    9
 25093,139567,20190612,-9999,    9
 25093,139567,20190613,-9999,    9
 25093,139567,20190614,-9999,    9
 25093,139567,20190615,-9999,    9
 25093,139567,20190616,-9999,    9
 25093,139567,20190617,-9999,    9
 25093,139567,20190618,-9999,    9
 25093,139567,20190619,-9999,    9
 25093,139567,20190620,-9999,    9
 25093,139567,20190621,-9999,    9
 25093,139567,20190622,-9999,    9
 25093,139567,20190623,-9999,    9
 25093,139567,20190624,-9999,    9
 25093,139567,20190625,-9999,    9
 25093,139567,20190626,-9999,    9
 25093,139567,20190627,-9999,    9
 25093,139567,20190628,-9999,    9
 25093,139567,20190629,-9999,    9
 25093,139567,20190630,-9999,    9
 25093,139567,20190701,-9999,    9
 25093,139567,20190702,-9999,    9
 25093,139567,20190703,-9999,    9
 25093,139567,20190704,-9999,    9
 25093,139567,20190705,-9999,    9
 25093,139567,20190706,-9999,    9
 25093,139567,20190707,-9999,    9
 25093,139567,20190708,-9999,    9
 25093,139567,20190709,-9999,    9
 25093,139567,20190710,-9999,    9
 25093,139567,20190711,-9999,    9
 25093,139567,20190712,-9999,    9
 25093,139567,20190713,-9999,    9
 25093,139567,20190714,-9999,    9
 25093,139567,20190715,-9999,    9
 25093,139567,20190716,-9999,    9
 25093,139567,20190717,-9999,    9
 25093,139567,20190718,-9999,    9
 25093,139567,20190719,-9999,    9
 25093,139567,20190720,-9999,    9
 25093,139567,20190721,-9999,    9
 25093,139567,20190722,-9999,    9
 25093,139567,20190723,-9999,    9
 25093,139567,20190724,-9999,    9
 25093,139567,20190725,-9999,    9
 25093,139567,20190726,-9999,    9
 25093,139567,20190727,-9999,    9
 25093,139567,20190728,-9999,    9
 25093,139567,20190729,-9999,    9
 25093,139567,20190730,-9999,    9
 25093,139567,20190731,-9999,    9
 25093,139567,20190801,-9999,    9
 25093,139567,20190802,-9999,    9
 25093,139567,20190803,-9999,    9
 25093,139567,20190804,-9999,    9
 25093,139567,20190805,-9999,    9
 25093,139567,20190806,-9999,    9
 25093,139567,20190807,-9999,    9
 25093,139567,20190808,-9999,    9
 25093,139567,20190809,-9999,    9
 25093,139567,20190810,-9999,    9
 25093,139567,20190811,-9999,    9
 25093,139567,20190812,-9999,    9
 25093,139567,20190813,-9999,    9
 25093,139567,20190814,-9999,    9
 25093,139567,20190815,-9999,    9
 25093,139567,20190816,-9999,    9
 25093,139567,20190817,-9999,    9
 25093,139567,20190818,-9999,    9
 25093,139567,20190819,-9999,    9
 25093,139567,20190820,-9999,    9
 25093,139567,20190821,-9999,    9
 25093,139567,20190822,-9999,    9
 25093,139567,20190823,-9999,    9
 25093,139567,20190824,-9999,    9
 25093,139567,20190825,-9999,    9
 25093,139567,20190826,-9999,    9
 25093,139567,20190827,-9999,    9
 25093,139567,20190828,-9999,    9
 25093,139567,20190829,-9999,    9
 25093,139567,20190830,-9999,    9
 25093,139567,20190831,-9999,    9
 25093,139567,20190901,-9999,    9
 25093,139567,20190902,-9999,    9
 25093,139567,20190903,-9999,    9
 25093,139567,20190904,-9999,    9
 25093,139567,20190905,-9999,    9
 25093,139567,20190906,-9999,    9
 25093,139567,20190907,-9999,    9
 25093,139567,20190908,-9999,    9
 25093,139567,20190909,-9999,    9
 25093,139567,20190910,-9999,    9
 25093,139567,20190911,-9999,    9
 25093,139567,20190912,-9999,    9
 25093,139567,20190913,-9999,    9
 25093,139567,20190914,-9999,    9
 25093,139567,20190915,-9999,    9
 25093,139567,20190916,-9999,    9
 25093,139567,20190917,-9999,    9
 25093,139567,20190918,-9999,    9
 25093,139567,20190919,-9999,    9
 25093,139567,20190920,-9999,    9
 25093,139567,20190921,-9999,    9
 25093,139567,20190922,-9999,    9
 25093,139567,20190923,-9999,    9
 25093,139567,20190924,-9999,    9
 25093,139567,20190925,-9999,    9
 25093,139567,20190926,-9999,    9
 25093,139567,20190927,-9999,    9
 25093,139567,20190928,-9999,    9
 25093,139567,20190929,-9999,    9
 25093,139567,20190930,-9999,    9
 25093,139567,20191001,-9999,    9
 25093,139567,20191002,-9999,    9
 25093,139567,20191003,-9999,    9
 25093,139567,20191004,-9999,    9
 25093,139567,20191005,-9999,    9
 25093,139567,20191006,-9999,    9
 25093,139567,20191007,-9999,    9
 25093,139567,20191008,-9999,    9
 25093,139567,20191009,-9999,    9
 25093,139567,20191010,-9999,    9
 25093,139567,20191011,-9999,    9
 25093,139567,20191012,-9999,    9
 25093,139567,20191013,-9999,    9
 25093,139567,20191014,-9999,    9
 25093,139567,20191015,-9999,    9
 25093,139567,20191016,-9999,    9
 25093,139567,20191017,-9999,    9
 25093,139567,20191018,-9999,    9
 25093,139567,20191019,-9999,    9
 25093,139567,20191020,-9999,    9
 25093,139567,20191021,-9999,    9
 25093,139567,20191022,-9999,    9
 25093,139567,20191023,-9999,    9
 25093,139567,20191024,-9999,    9
 25093,139567,20191025,-9999,    9
 25093,139567,20191026,-9999,    9
 25093,139567,20191027,-9999,    9
 25093,139567,20191028,-9999,    9
 25093,139567,20191029,-9999,    9
 25093,139567,20191030,-9999,    9
 25093,139567,20191031,-9999,    9
 25093,139567,20191101,-9999,    9
 25093,139567,20191102,-9999,    9
 25093,139567,20191103,-9999,    9
 25093,139567,20191104,-9999,    9
 25093,139567,20191105,-9999,    9
 25093,139567,20191106,-9999,    9
 25093,139567,20191107,-9999,    9
 25093,139567,20191108,-9999,    9
 25093,139567,20191109,-9999,    9
 25093,139567,20191110,-9999,    9
 25093,139567,20191111,-9999,    9
 25093,139567,20191112,-9999,    9
 25093,139567,20191113,-9999,    9
 25093,139567,20191114,-9999,    9
 25093,139567,20191115,-9999,    9
 25093,139567,20191116,-9999,    9
 25093,139567,20191117,-9999,    9
 25093,139567,20191118,-9999,    9
 25093,139567,20191119,-9999,    9
 25093,139567,20191120,-9999,    9
 25093,139567,20191121,-9999,    9
 25093,139567,20191122,-9999,    9
 25093,139567,20191123,-9999,    9
 25093,139567,20191124,-9999,    9
 25093,139567,20191125,-9999,    9
 25093,139567,20191126,-9999,    9
 25093,139567,20191127,-9999,    9
 25093,139567,20191128,-9999,    9
 25093,139567,20191129,-9999,    9
 25093,139567,20191130,-9999,    9
 25093,139567,20191201,-9999,    9
 25093,139567,20191202,-9999,    9
 25093,139567,20191203,-9999,    9
 25093,139567,20191204,-9999,    9
 25093,139567,20191205,-9999,    9
 25093,139567,20191206,-9999,    9
 25093,139567,20191207,-9999,    9
 25093,139567,20191208,-9999,    9
 25093,139567,20191209,-9999,    9
 25093,139567,20191210,-9999,    9
 25093,139567,20191211,-9999,    9
 25093,139567,20191212,-9999,    9
 25093,139567,20191213,-9999,    9
 25093,139567,20191214,-9999,    9
 25093,139567,20191215,-9999,    9
 25093,139567,20191216,-9999,    9
 25093,139567,20191217,-9999,    9
 25093,139567,20191218,-9999,    9
 25093,139567,20191219,-9999,    9
 25093,139567,20191220,-9999,    9
 25093,139567,20191221,-9999,    9
 25093,139567,20191222,-9999,    9
 25093,139567,20191223,-9999,    9
 25093,139567,20191224,-9999,    9
 25093,139567,20191225,-9999,    9
 25093,139567,20191226,-9999,    9
 25093,139567,20191227,-9999,    9
 25093,139567,20191228,-9999,    9
 25093,139567,20191229,-9999,    9
 25093,139567,20191230,-9999,    9
 25093,139567,20191231,-9999,    9
 25093,139567,20200101,-9999,    9
 25093,139567,20200102,-9999,    9
 25093,139567,20200103,-9999,    9
 25093,139567,20200104,-9999,    9
 25093,139567,20200105,-9999,    9
 25093,139567,20200106,-9999,    9
 25093,139567,20200107,-9999,    9
 25093,139567,20200108,-9999,    9
 25093,139567,20200109,-9999,    9
 25093,139567,20200110,-9999,    9
 25093,139567,20200111,-9999,    9
 25093,139567,20200112,-9999,    9
 25093,139567,20200113,-9999,    9
 25093,139567,20200114,-9999,    9
 25093,139567,20200115,-9999,    9
 25093,139567,20200116,-9999,    9
 25093,139567,20200117,-9999,    9
 25093,139567,20200118,-9999,    9
 25093,139567,20200119,-9999,    9
 25093,139567,20200120,-9999,    9
 25093,139567,20200121,-9999,    9
 25093,139567,20200122,-9999,    9
 25093,139567,20200123,-9999,    9
 25093,139567,20200124,-9999,    9
 25093,139567,20200125,-9999,    9
 25093,139567,20200126,-9999,    9
 25093,139567,20200127,-9999,    9
 25093,139567,20200128,-9999,    9
 25093,139567,20200129,-9999,    9
 25093,139567,20200130,-9999,    9
 25093,139567,20200131,-9999,    9
 25093,139567,20200201,-9999,    9
 25093,139567,20200202,-9999,    9
 25093,139567,20200203,-9999,    9
 25093,139567,20200204,-9999,    9
 25093,139567,20200205,-9999,    9
 25093,139567,20200206,-9999,    9
 25093,139567,20200207,-9999,    9
 25093,139567,20200208,-9999,    9
 25093,139567,20200209,-9999,    9
 25093,139567,20200210,-9999,    9
 25093,139567,20200211,-9999,    9
 25093,139567,20200212,-9999,    9
 25093,139567,20200213,-9999,    9
 25093,139567,20200214,-9999,    9
 25093,139567,20200215,-9999,    9
 25093,139567,20200216,-9999,    9
 25093,139567,20200217,-9999,    9
 25093,139567,20200218,-9999,    9
 25093,139567,20200219,-9999,    9
 25093,139567,20200220,-9999,    9
 25093,139567,20200221,-9999,    9
 25093,139567,20200222,-9999,    9
 25093,139567,20200223,-9999,    9
 25093,139567,20200224,-9999,    9
 25093,139567,20200225,-9999,    9
 25093,139567,20200226,-9999,    9
 25093,139567,20200227,-9999,    9
 25093,139567,20200228,-9999,    9
 25093,139567,20200229,-9999,    9
 25093,139567,20200301,-9999,    9
 25093,139567,20200302,-9999,    9
 25093,139567,20200303,-9999,    9
 25093,139567,20200304,-9999,    9
 25093,139567,20200305,-9999,    9
 25093,139567,20200306,-9999,    9
 25093,139567,20200307,-9999,    9
 25093,139567,20200308,-9999,    9
 25093,139567,20200309,-9999,    9
 25093,139567,20200310,-9999,    9
 25093,139567,20200311,-9999,    9
 25093,139567,20200312,-9999,    9
 25093,139567,20200313,-9999,    9
 25093,139567,20200314,-9999,    9
 25093,139567,20200315,-9999,    9
 25093,139567,20200316,-9999,    9
 25093,139567,20200317,-9999,    9
 25093,139567,20200318,-9999,    9
 25093,139567,20200319,-9999,    9
 25093,139567,20200320,-9999,    9
 25093,139567,20200321,-9999,    9
 25093,139567,20200322,-9999,    9
 25093,139567,20200323,-9999,    9
 25093,139567,20200324,-9999,    9
 25093,139567,20200325,-9999,    9
 25093,139567,20200326,-9999,    9
 25093,139567,20200327,-9999,    9
 25093,139567,20200328,-9999,    9
 25093,139567,20200329,-9999,    9
 25093,139567,20200330,-9999,    9
 25093,139567,20200331,-9999,    9
 25093,139567,20200401,-9999,    9
 25093,139567,20200402,-9999,    9
 25093,139567,20200403,-9999,    9
 25093,139567,20200404,-9999,    9
 25093,139567,20200405,-9999,    9
 25093,139567,20200406,-9999,    9
 25093,139567,20200407,-9999,    9
 25093,139567,20200408,-9999,    9
 25093,139567,20200409,-9999,    9
 25093,139567,20200410,-9999,    9
 25093,139567,20200411,-9999,    9
 25093,139567,20200412,-9999,    9
 25093,139567,20200413,-9999,    9
 25093,139567,20200414,-9999,    9
 25093,139567,20200415,-9999,    9
 25093,139567,20200416,-9999,    9
 25093,139567,20200417,-9999,    9
 25093,139567,20200418,-9999,    9
 25093,139567,20200419,-9999,    9
 25093,139567,20200420,-9999,    9
 25093,139567,20200421,-9999,    9
 25093,139567,20200422,-9999,    9
 25093,139567,20200423,-9999,    9
 25093,139567,20200424,-9999,    9
 25093,139567,20200425,-9999,    9
 25093,139567,20200426,-9999,    9
 25093,139567,20200427,-9999,    9
 25093,139567,20200428,-9999,    9
 25093,139567,20200429,-9999,    9
 25093,139567,20200430,-9999,    9
 25093,139567,20200501,-9999,    9
 25093,139567,20200502,-9999,    9
 25093,139567,20200503,-9999,    9
 25093,139567,20200504,-9999,    9
 25093,139567,20200505,-9999,    9
 25093,139567,20200506,-9999,    9
 25093,139567,20200507,-9999,    9
 25093,139567,20200508,-9999,    9
 25093,139567,20200509,-9999,    9
 25093,139567,20200510,-9999,    9
 25093,139567,20200511,-9999,    9
 25093,139567,20200512,-9999,    9
 25093,139567,20200513,-9999,    9
 25093,139567,20200514,-9999,    9
 25093,139567,20200515,-9999,    9
 25093,139567,20200516,-9999,    9
 25093,139567,20200517,-9999,    9
 25093,139567,20200518,-9999,    9
 25093,139567,20200519,-9999,    9
 25093,139567,20200520,-9999,    9
 25093,139567,20200521,-9999,    9
 25093,139567,20200522,-9999,    9
 25093,139567,20200523,-9999,    9
 25093,139567,20200524,-9999,    9
 25093,139567,20200525,-9999,    9
 25093,139567,20200526,-9999,    9
 25093,139567,20200527,-9999,    9
 25093,139567,20200528,-9999,    9
 25093,139567,20200529,-9999,    9
 25093,139567,20200530,-9999,    9
 25093,139567,20200531,-9999,    9
 25093,139567,20200601,-9999,    9
 25093,139567,20200602,-9999,    9
 25093,139567,20200603,-9999,    9
 25093,139567,20200604,-9999,    9
 25093,139567,20200605,-9999,    9
 25093,139567,20200606,-9999,    9
 25093,139567,20200607,-9999,    9
 25093,139567,20200608,-9999,    9
 25093,139567,20200609,-9999,    9
 25093,139567,20200610,-9999,    9
 25093,139567,20200611,-9999,    9
 25093,139567,20200612,-9999,    9
 25093,139567,20200613,-9999,    9
 25093,139567,20200614,-9999,    9
 25093,139567,20200615,-9999,    9
 25093,139567,20200616,-9999,    9
 25093,139567,20200617,-9999,    9
 25093,139567,20200618,-9999,    9
 25093,139567,20200619,-9999,    9
 25093,139567,20200620,-9999,    9
 25093,139567,20200621,-9999,    9
 25093,139567,20200622,-9999,    9
 25093,139567,20200623,-9999,    9
 25093,139567,20200624,-9999,    9
 25093,139567,20200625,-9999,    9
 25093,139567,20200626,-9999,    9
 25093,139567,20200627,-9999,    9
 25093,139567,20200628,-9999,    9
 25093,139567,20200629,-9999,    9
 25093,139567,20200630,-9999,    9
 25093,139567,20200701,-9999,    9
 25093,139567,20200702,-9999,    9
 25093,139567,20200703,-9999,    9
 25093,139567,20200704,-9999,    9
 25093,139567,20200705,-9999,    9
 25093,139567,20200706,-9999,    9
 25093,139567,20200707,-9999,    9
 25093,139567,20200708,-9999,    9
 25093,139567,20200709,-9999,    9
 25093,139567,20200710,-9999,    9
 25093,139567,20200711,-9999,    9
 25093,139567,20200712,-9999,    9
 25093,139567,20200713,-9999,    9
 25093,139567,20200714,-9999,    9
 25093,139567,20200715,-9999,    9
 25093,139567,20200716,-9999,    9
 25093,139567,20200717,-9999,    9
 25093,139567,20200718,-9999,    9
 25093,139567,20200719,-9999,    9
 25093,139567,20200720,-9999,    9
 25093,139567,20200721,-9999,    9
 25093,139567,20200722,-9999,    9
 25093,139567,20200723,-9999,    9
 25093,139567,20200724,-9999,    9
 25093,139567,20200725,-9999,    9
 25093,139567,20200726,-9999,    9
 25093,139567,20200727,-9999,    9
 25093,139567,20200728,-9999,    9
 25093,139567,20200729,-9999,    9
 25093,139567,20200730,-9999,    9
 25093,139567,20200731,-9999,    9
 25093,139567,20200801,-9999,    9
 25093,139567,20200802,-9999,    9
 25093,139567,20200803,-9999,    9
 25093,139567,20200804,-9999,    9
 25093,139567,20200805,-9999,    9
 25093,139567,20200806,-9999,    9
 25093,139567,20200807,-9999,    9
 25093,139567,20200808,-9999,    9
 25093,139567,20200809,-9999,    9
 25093,139567,20200810,-9999,    9
 25093,139567,20200811,-9999,    9
 25093,139567,20200812,-9999,    9
 25093,139567,20200813,-9999,    9
 25093,139567,20200814,-9999,    9
 25093,139567,20200815,-9999,    9
 25093,139567,20200816,-9999,    9
 25093,139567,20200817,-9999,    9
 25093,139567,20200818,-9999,    9
 25093,139567,20200819,-9999,    9
 25093,139567,20200820,-9999,    9
 25093,139567,20200821,-9999,    9
 25093,139567,20200822,-9999,    9
 25093,139567,20200823,-9999,    9
 25093,139567,20200824,-9999,    9
 25093,139567,20200825,-9999,    9
 25093,139567,20200826,-9999,    9
 25093,139567,20200827,-9999,    9
 25093,139567,20200828,-9999,    9
 25093,139567,20200829,-9999,    9
 25093,139567,20200830,-9999,    9
 25093,139567,20200831,-9999,    9
 25093,139567,20200901,-9999,    9
 25093,139567,20200902,-9999,    9
 25093,139567,20200903,-9999,    9
 25093,139567,20200904,-9999,    9
 25093,139567,20200905,-9999,    9
 25093,139567,20200906,-9999,    9
 25093,139567,20200907,-9999,    9
 25093,139567,20200908,-9999,    9
 25093,139567,20200909,-9999,    9
 25093,139567,20200910,-9999,    9
 25093,139567,20200911,-9999,    9
 25093,139567,20200912,-9999,    9
 25093,139567,20200913,-9999,    9
 25093,139567,20200914,-9999,    9
 25093,139567,20200915,-9999,    9
 25093,139567,20200916,-9999,    9
 25093,139567,20200917,-9999,    9
 25093,139567,20200918,-9999,    9
 25093,139567,20200919,-9999,    9
 25093,139567,20200920,-9999,    9
 25093,139567,20200921,-9999,    9
 25093,139567,20200922,-9999,    9
 25093,139567,20200923,-9999,    9
 25093,139567,20200924,-9999,    9
 25093,139567,20200925,-9999,    9
 25093,139567,20200926,-9999,    9
 25093,139567,20200927,-9999,    9
 25093,139567,20200928,-9999,    9
 25093,139567,20200929,-9999,    9
 25093,139567,20200930,-9999,    9
 25093,139567,20201001,-9999,    9
 25093,139567,20201002,-9999,    9
 25093,139567,20201003,-9999,    9
 25093,139567,20201004,-9999,    9
 25093,139567,20201005,-9999,    9
 25093,139567,20201006,-9999,    9
 25093,139567,20201007,-9999,    9
 25093,139567,20201008,-9999,    9
 25093,139567,20201009,-9999,    9
 25093,139567,20201010,-9999,    9
 25093,139567,20201011,-9999,    9
 25093,139567,20201012,-9999,    9
 25093,139567,20201013,-9999,    9
 25093,139567,20201014,-9999,    9
 25093,139567,20201015,-9999,    9
 25093,139567,20201016,-9999,    9
 25093,139567,20201017,-9999,    9
 25093,139567,20201018,-9999,    9
 25093,139567,20201019,-9999,    9
 25093,139567,20201020,-9999,    9
 25093,139567,20201021,-9999,    9
 25093,139567,20201022,-9999,    9
 25093,139567,20201023,-9999,    9
 25093,139567,20201024,-9999,    9
 25093,139567,20201025,-9999,    9
 25093,139567,20201026,-9999,    9
 25093,139567,20201027,-9999,    9
 25093,139567,20201028,-9999,    9
 25093,139567,20201029,-9999,    9
 25093,139567,20201030,-9999,    9
 25093,139567,20201031,-9999,    9
 25093,139567,20201101,-9999,    9
 25093,139567,20201102,-9999,    9
 25093,139567,20201103,-9999,    9
 25093,139567,20201104,-9999,    9
 25093,139567,20201105,-9999,    9
 25093,139567,20201106,-9999,    9
 25093,139567,20201107,-9999,    9
 25093,139567,20201108,-9999,    9
 25093,139567,20201109,-9999,    9
 25093,139567,20201110,-9999,    9
 25093,139567,20201111,-9999,    9
 25093,139567,20201112,-9999,    9
 25093,139567,20201113,-9999,    9
 25093,139567,20201114,-9999,    9
 25093,139567,20201115,-9999,    9
 25093,139567,20201116,-9999,    9
 25093,139567,20201117,-9999,    9
 25093,139567,20201118,-9999,    9
 25093,139567,20201119,-9999,    9
 25093,139567,20201120,-9999,    9
 25093,139567,20201121,-9999,    9
 25093,139567,20201122,-9999,    9
 25093,139567,20201123,-9999,    9
 25093,139567,20201124,-9999,    9
 25093,139567,20201125,-9999,    9
 25093,139567,20201126,-9999,    9
 25093,139567,20201127,-9999,    9
 25093,139567,20201128,-9999,    9
 25093,139567,20201129,-9999,    9
 25093,139567,20201130,-9999,    9
 25093,139567,20201201,-9999,    9
 25093,139567,20201202,-9999,    9
 25093,139567,20201203,-9999,    9
 25093,139567,20201204,-9999,    9
 25093,139567,20201205,-9999,    9
 25093,139567,20201206,-9999,    9
 25093,139567,20201207,-9999,    9
 25093,139567,20201208,-9999,    9
 25093,139567,20201209,-9999,    9
 25093,139567,20201210,-9999,    9
 25093,139567,20201211,-9999,    9
 25093,139567,20201212,-9999,    9
 25093,139567,20201213,-9999,    9
 25093,139567,20201214,-9999,    9
 25093,139567,20201215,-9999,    9
 25093,139567,20201216,-9999,    9
 25093,139567,20201217,-9999,    9
 25093,139567,20201218,-9999,    9
 25093,139567,20201219,-9999,    9
 25093,139567,20201220,-9999,    9
 25093,139567,20201221,-9999,    9
 25093,139567,20201222,-9999,    9
 25093,139567,20201223,-9999,    9
 25093,139567,20201224,-9999,    9
 25093,139567,20201225,-9999,    9
 25093,139567,20201226,-9999,    9
 25093,139567,20201227,-9999,    9
 25093,139567,20201228,-9999,    9
 25093,139567,20201229,-9999,    9
 25093,139567,20201230,-9999,    9
 25093,139567,20201231,-9999,    9
 25093,139567,20210101,-9999,    9
 25093,139567,20210102,-9999,    9
 25093,139567,20210103,-9999,    9
 25093,139567,20210104,-9999,    9
 25093,139567,20210105,-9999,    9
 25093,139567,20210106,-9999,    9
 25093,139567,20210107,-9999,    9
 25093,139567,20210108,-9999,    9
 25093,139567,20210109,-9999,    9
 25093,139567,20210110,-9999,    9
 25093,139567,20210111,-9999,    9
 25093,139567,20210112,-9999,    9
 25093,139567,20210113,-9999,    9
 25093,139567,20210114,-9999,    9
 25093,139567,20210115,-9999,    9
 25093,139567,20210116,-9999,    9
 25093,139567,20210117,-9999,    9
 25093,139567,20210118,-9999,    9
 25093,139567,20210119,-9999,    9
 25093,139567,20210120,-9999,    9
 25093,139567,20210121,-9999,    9
 25093,139567,20210122,-9999,    9
 25093,139567,20210123,-9999,    9
 25093,139567,20210124,-9999,    9
 25093,139567,20210125,-9999,    9
 25093,139567,20210126,-9999,    9
 25093,139567,20210127,-9999,    9
 25093,139567,20210128,-9999,    9
 25093,139567,20210129,-9999,    9
 25093,139567,20210130,-9999,    9
 25093,139567,20210131,-9999,    9
 25093,139567,20210201,-9999,    9
 25093,139567,20210202,-9999,    9
 25093,139567,20210203,-9999,    9
 25093,139567,20210204,-9999,    9
 25093,139567,20210205,-9999,    9
 25093,139567,20210206,-9999,    9
 25093,139567,20210207,-9999,    9
 25093,139567,20210208,-9999,    9
 25093,139567,20210209,-9999,    9
 25093,139567,20210210,-9999,    9
 25093,139567,20210211,-9999,    9
 25093,139567,20210212,-9999,    9
 25093,139567,20210213,-9999,    9
 25093,139567,20210214,-9999,    9
 25093,139567,20210215,-9999,    9
 25093,139567,20210216,-9999,    9
 25093,139567,20210217,-9999,    9
 25093,139567,20210218,-9999,    9
 25093,139567,20210219,-9999,    9
 25093,139567,20210220,-9999,    9
 25093,139567,20210221,-9999,    9
 25093,139567,20210222,-9999,    9
 25093,139567,20210223,-9999,    9
 25093,139567,20210224,-9999,    9
 25093,139567,20210225,-9999,    9
 25093,139567,20210226,-9999,    9
 25093,139567,20210227,-9999,    9
 25093,139567,20210228,-9999,    9
 25093,139567,20210301,-9999,    9
 25093,139567,20210302,-9999,    9
 25093,139567,20210303,-9999,    9
 25093,139567,20210304,-9999,    9
 25093,139567,20210305,-9999,    9
 25093,139567,20210306,-9999,    9
 25093,139567,20210307,-9999,    9
 25093,139567,20210308,-9999,    9
 25093,139567,20210309,-9999,    9
 25093,139567,20210310,-9999,    9
 25093,139567,20210311,-9999,    9
 25093,139567,20210312,-9999,    9
 25093,139567,20210313,-9999,    9
 25093,139567,20210314,-9999,    9
 25093,139567,20210315,-9999,    9
 25093,139567,20210316,-9999,    9
 25093,139567,20210317,-9999,    9
 25093,139567,20210318,-9999,    9
 25093,139567,20210319,-9999,    9
 25093,139567,20210320,-9999,    9
 25093,139567,20210321,-9999,    9
 25093,139567,20210322,-9999,    9
 25093,139567,20210323,-9999,    9
 25093,139567,20210324,-9999,    9
 25093,139567,20210325,-9999,    9
 25093,139567,20210326,-9999,    9
 25093,139567,20210327,-9999,    9
 25093,139567,20210328,-9999,    9
 25093,139567,20210329,-9999,    9
 25093,139567,20210330,-9999,    9
 25093,139567,20210331,-9999,    9
 25093,139567,20210401,-9999,    9
 25093,139567,20210402,-9999,    9
 25093,139567,20210403,-9999,    9
 25093,139567,20210404,-9999,    9
 25093,139567,20210405,-9999,    9
 25093,139567,20210406,-9999,    9
 25093,139567,20210407,-9999,    9
 25093,139567,20210408,-9999,    9
 25093,139567,20210409,-9999,    9
 25093,139567,20210410,-9999,    9
 25093,139567,20210411,-9999,    9
 25093,139567,20210412,-9999,    9
 25093,139567,20210413,-9999,    9
 25093,139567,20210414,-9999,    9
 25093,139567,20210415,-9999,    9
 25093,139567,20210416,-9999,    9
 25093,139567,20210417,-9999,    9
 25093,139567,20210418,-9999,    9
 25093,139567,20210419,-9999,    9
 25093,139567,20210420,-9999,    9
 25093,139567,20210421,-9999,    9
 25093,139567,20210422,-9999,    9
 25093,139567,20210423,-9999,    9
 25093,139567,20210424,-9999,    9
 25093,139567,20210425,-9999,    9
 25093,139567,20210426,-9999,    9
 25093,139567,20210427,-9999,    9
 25093,139567,20210428,-9999,    9
 25093,139567,20210429,-9999,    9
 25093,139567,20210430,-9999,    9
 25093,139567,20210501,-9999,    9
 25093,139567,20210502,-9999,    9
 25093,139567,20210503,-9999,    9
 25093,139567,20210504,-9999,    9
 25093,139567,20210505,-9999,    9
 25093,139567,20210506,-9999,    9
 25093,139567,20210507,-9999,    9
 25093,139567,20210508,-9999,    9
 25093,139567,20210509,-9999,    9
 25093,139567,20210510,-9999,    9
 25093,139567,20210511,-9999,    9
 25093,139567,20210512,-9999,    9
 25093,139567,20210513,-9999,    9
 25093,139567,20210514,-9999,    9
 25093,139567,20210515,-9999,    9
 25093,139567,20210516,-9999,    9
 25093,139567,20210517,-9999,    9
 25093,139567,20210518,-9999,    9
 25093,139567,20210519,-9999,    9
 25093,139567,20210520,-9999,    9
 25093,139567,20210521,-9999,    9
 25093,139567,20210522,-9999,    9
 25093,139567,20210523,-9999,    9
 25093,139567,20210524,-9999,    9
 25093,139567,20210525,-9999,    9
 25093,139567,20210526,-9999,    9
 25093,139567,20210527,-9999,    9
 25093,139567,20210528,-9999,    9
 25093,139567,20210529,-9999,    9
 25093,139567,20210530,-9999,    9
 25093,139567,20210531,-9999,    9
 25093,139567,20210601,-9999,    9
 25093,139567,20210602,-9999,    9
 25093,139567,20210603,-9999,    9
 25093,139567,20210604,-9999,    9
 25093,139567,20210605,-9999,    9
 25093,139567,20210606,-9999,    9
 25093,139567,20210607,-9999,    9
 25093,139567,20210608,-9999,    9
 25093,139567,20210609,-9999,    9
 25093,139567,20210610,-9999,    9
 25093,139567,20210611,-9999,    9
 25093,139567,20210612,-9999,    9
 25093,139567,20210613,-9999,    9
 25093,139567,20210614,-9999,    9
 25093,139567,20210615,-9999,    9
 25093,139567,20210616,-9999,    9
 25093,139567,20210617,-9999,    9
 25093,139567,20210618,-9999,    9
 25093,139567,20210619,-9999,    9
 25093,139567,20210620,-9999,    9
 25093,139567,20210621,-9999,    9
 25093,139567,20210622,-9999,    9
 25093,139567,20210623,-9999,    9
 25093,139567,20210624,-9999,    9
 25093,139567,20210625,-9999,    9
 25093,139567,20210626,-9999,    9
 25093,139567,20210627,-9999,    9
 25093,139567,20210628,-9999,    9
 25093,139567,20210629,-9999,    9
 25093,139567,20210630,-9999,    9
 25093,139567,20210701,-9999,    9
 25093,139567,20210702,-9999,    9
 25093,139567,20210703,-9999,    9
 25093,139567,20210704,-9999,    9
 25093,139567,20210705,-9999,    9
 25093,139567,20210706,-9999,    9
 25093,139567,20210707,-9999,    9
 25093,139567,20210708,-9999,    9
 25093,139567,20210709,-9999,    9
 25093,139567,20210710,-9999,    9
 25093,139567,20210711,-9999,    9
 25093,139567,20210712,-9999,    9
 25093,139567,20210713,-9999,    9
 25093,139567,20210714,-9999,    9
 25093,139567,20210715,-9999,    9
 25093,139567,20210716,-9999,    9
 25093,139567,20210717,-9999,    9
 25093,139567,20210718,-9999,    9
 25093,139567,20210719,-9999,    9
 25093,139567,20210720,-9999,    9
 25093,139567,20210721,-9999,    9
 25093,139567,20210722,-9999,    9
 25093,139567,20210723,-9999,    9
 25093,139567,20210724,-9999,    9
 25093,139567,20210725,-9999,    9
 25093,139567,20210726,-9999,    9
 25093,139567,20210727,-9999,    9
 25093,139567,20210728,-9999,    9
 25093,139567,20210729,-9999,    9
 25093,139567,20210730,-9999,    9
 25093,139567,20210731,-9999,    9
 25093,139567,20210801,-9999,    9
 25093,139567,20210802,-9999,    9
 25093,139567,20210803,-9999,    9
 25093,139567,20210804,-9999,    9
 25093,139567,20210805,-9999,    9
 25093,139567,20210806,-9999,    9
 25093,139567,20210807,-9999,    9
 25093,139567,20210808,-9999,    9
 25093,139567,20210809,-9999,    9
 25093,139567,20210810,-9999,    9
 25093,139567,20210811,-9999,    9
 25093,139567,20210812,-9999,    9
 25093,139567,20210813,-9999,    9
 25093,139567,20210814,-9999,    9
 25093,139567,20210815,-9999,    9
 25093,139567,20210816,-9999,    9
 25093,139567,20210817,-9999,    9
 25093,139567,20210818,-9999,    9
 25093,139567,20210819,-9999,    9
 25093,139567,20210820,-9999,    9
 25093,139567,20210821,-9999,    9
 25093,139567,20210822,-9999,    9
 25093,139567,20210823,-9999,    9
 25093,139567,20210824,-9999,    9
 25093,139567,20210825,-9999,    9
 25093,139567,20210826,-9999,    9
 25093,139567,20210827,-9999,    9
 25093,139567,20210828,-9999,    9
 25093,139567,20210829,-9999,    9
 25093,139567,20210830,-9999,    9
 25093,139567,20210831,-9999,    9
 25093,139567,20210901,-9999,    9
 25093,139567,20210902,-9999,    9
 25093,139567,20210903,-9999,    9
 25093,139567,20210904,-9999,    9
 25093,139567,20210905,-9999,    9
 25093,139567,20210906,-9999,    9
 25093,139567,20210907,-9999,    9
 25093,139567,20210908,-9999,    9
 25093,139567,20210909,-9999,    9
 25093,139567,20210910,-9999,    9
 25093,139567,20210911,-9999,    9
 25093,139567,20210912,-9999,    9
 25093,139567,20210913,-9999,    9
 25093,139567,20210914,-9999,    9
 25093,139567,20210915,-9999,    9
 25093,139567,20210916,-9999,    9
 25093,139567,20210917,-9999,    9
 25093,139567,20210918,-9999,    9
 25093,139567,20210919,-9999,    9
 25093,139567,20210920,-9999,    9
 25093,139567,20210921,-9999,    9
 25093,139567,20210922,-9999,    9
 25093,139567,20210923,-9999,    9
 25093,139567,20210924,-9999,    9
 25093,139567,20210925,-9999,    9
 25093,139567,20210926,-9999,    9
 25093,139567,20210927,-9999,    9
 25093,139567,20210928,-9999,    9
 25093,139567,20210929,-9999,    9
 25093,139567,20210930,-9999,    9
 25093,139567,20211001,-9999,    9
 25093,139567,20211002,-9999,    9
 25093,139567,20211003,-9999,    9
 25093,139567,20211004,-9999,    9
 25093,139567,20211005,-9999,    9
 25093,139567,20211006,-9999,    9
 25093,139567,20211007,-9999,    9
 25093,139567,20211008,-9999,    9
 25093,139567,20211009,-9999,    9
 25093,139567,20211010,-9999,    9
 25093,139567,20211011,-9999,    9
 25093,139567,20211012,-9999,    9
 25093,139567,20211013,-9999,    9
 25093,139567,20211014,-9999,    9
 25093,139567,20211015,-9999,    9
 25093,139567,20211016,-9999,    9
 25093,139567,20211017,-9999,    9
 25093,139567,20211018,-9999,    9
 25093,139567,20211019,-9999,    9
 25093,139567,20211020,-9999,    9
 25093,139567,20211021,-9999,    9
 25093,139567,20211022,-9999,    9
 25093,139567,20211023,-9999,    9
 25093,139567,20211024,-9999,    9
 25093,139567,20211025,-9999,    9
 25093,139567,20211026,-9999,    9
 25093,139567,20211027,-9999,    9
 25093,139567,20211028,-9999,    9
 25093,139567,20211029,-9999,    9
 25093,139567,20211030,-9999,    9
 25093,139567,20211031,-9999,    9
 25093,139567,20211101,-9999,    9
 25093,139567,20211102,-9999,    9
 25093,139567,20211103,-9999,    9
 25093,139567,20211104,-9999,    9
 25093,139567,20211105,-9999,    9
 25093,139567,20211106,-9999,    9
 25093,139567,20211107,-9999,    9
 25093,139567,20211108,-9999,    9
 25093,139567,20211109,-9999,    9
 25093,139567,20211110,-9999,    9
 25093,139567,20211111,-9999,    9
 25093,139567,20211112,-9999,    9
 25093,139567,20211113,-9999,    9
 25093,139567,20211114,-9999,    9
 25093,139567,20211115,-9999,    9
 25093,139567,20211116,-9999,    9
 25093,139567,20211117,-9999,    9
 25093,139567,20211118,-9999,    9
 25093,139567,20211119,-9999,    9
 25093,139567,20211120,-9999,    9
 25093,139567,20211121,-9999,    9
 25093,139567,20211122,-9999,    9
 25093,139567,20211123,-9999,    9
 25093,139567,20211124,-9999,    9
 25093,139567,20211125,-9999,    9
 25093,139567,20211126,-9999,    9
 25093,139567,20211127,-9999,    9
 25093,139567,20211128,-9999,    9
 25093,139567,20211129,-9999,    9
 25093,139567,20211130,-9999,    9
 25093,139567,20211201,-9999,    9
 25093,139567,20211202,-9999,    9
 25093,139567,20211203,-9999,    9
 25093,139567,20211204,-9999,    9
 25093,139567,20211205,-9999,    9
 25093,139567,20211206,-9999,    9
 25093,139567,20211207,-9999,    9
 25093,139567,20211208,-9999,    9
 25093,139567,20211209,-9999,    9
 25093,139567,20211210,-9999,    9
 25093,139567,20211211,-9999,    9
 25093,139567,20211212,-9999,    9
 25093,139567,20211213,-9999,    9
 25093,139567,20211214,-9999,    9
 25093,139567,20211215,-9999,    9
 25093,139567,20211216,-9999,    9
 25093,139567,20211217,-9999,    9
 25093,139567,20211218,-9999,    9
 25093,139567,20211219,-9999,    9
 25093,139567,20211220,-9999,    9
 25093,139567,20211221,-9999,    9
 25093,139567,20211222,-9999,    9
 25093,139567,20211223,-9999,    9
 25093,139567,20211224,-9999,    9
 25093,139567,20211225,-9999,    9
 25093,139567,20211226,-9999,    9
 25093,139567,20211227,-9999,    9
 25093,139567,20211228,-9999,    9
 25093,139567,20211229,-9999,    9
 25093,139567,20211230,-9999,    9
 25093,139567,20211231,-9999,    9
 25093,139567,20220101,-9999,    9
 25093,139567,20220102,-9999,    9
 25093,139567,20220103,-9999,    9
 25093,139567,20220104,-9999,    9
 25093,139567,20220105,-9999,    9
 25093,139567,20220106,-9999,    9
 25093,139567,20220107,-9999,    9
 25093,139567,20220108,-9999,    9
 25093,139567,20220109,-9999,    9
 25093,139567,20220110,-9999,    9
 25093,139567,20220111,-9999,    9
 25093,139567,20220112,-9999,    9
 25093,139567,20220113,-9999,    9
 25093,139567,20220114,-9999,    9
 25093,139567,20220115,-9999,    9
 25093,139567,20220116,-9999,    9
 25093,139567,20220117,-9999,    9
 25093,139567,20220118,-9999,    9
 25093,139567,20220119,-9999,    9
 25093,139567,20220120,-9999,    9
 25093,139567,20220121,-9999,    9
 25093,139567,20220122,-9999,    9
 25093,139567,20220123,-9999,    9
 25093,139567,20220124,-9999,    9
 25093,139567,20220125,-9999,    9
 25093,139567,20220126,-9999,    9
 25093,139567,20220127,-9999,    9
 25093,139567,20220128,-9999,    9
 25093,139567,20220129,-9999,    9
 25093,139567,20220130,-9999,    9
 25093,139567,20220131,-9999,    9
 25093,139567,20220201,-9999,    9
 25093,139567,20220202,-9999,    9
 25093,139567,20220203,-9999,    9
 25093,139567,20220204,-9999,    9
 25093,139567,20220205,-9999,    9
 25093,139567,20220206,-9999,    9
 25093,139567,20220207,-9999,    9
 25093,139567,20220208,-9999,    9
 25093,139567,20220209,-9999,    9
 25093,139567,20220210,-9999,    9
 25093,139567,20220211,-9999,    9
 25093,139567,20220212,-9999,    9
 25093,139567,20220213,-9999,    9
 25093,139567,20220214,-9999,    9
 25093,139567,20220215,-9999,    9
 25093,139567,20220216,-9999,    9
 25093,139567,20220217,-9999,    9
 25093,139567,20220218,-9999,    9
 25093,139567,20220219,-9999,    9
 25093,139567,20220220,-9999,    9
 25093,139567,20220221,-9999,    9
 25093,139567,20220222,-9999,    9
 25093,139567,20220223,-9999,    9
 25093,139567,20220224,-9999,    9
 25093,139567,20220225,-9999,    9
 25093,139567,20220226,-9999,    9
 25093,139567,20220227,-9999,    9
 25093,139567,20220228,-9999,    9
 25093,139567,20220301,-9999,    9
 25093,139567,20220302,-9999,    9
 25093,139567,20220303,-9999,    9
 25093,139567,20220304,-9999,    9
 25093,139567,20220305,-9999,    9
 25093,139567,20220306,-9999,    9
 25093,139567,20220307,-9999,    9
 25093,139567,20220308,-9999,    9
 25093,139567,20220309,-9999,    9
 25093,139567,20220310,-9999,    9
 25093,139567,20220311,-9999,    9
 25093,139567,20220312,-9999,    9
 25093,139567,20220313,-9999,    9
 25093,139567,20220314,-9999,    9
 25093,139567,20220315,-9999,    9
 25093,139567,20220316,-9999,    9
 25093,139567,20220317,-9999,    9
 25093,139567,20220318,-9999,    9
 25093,139567,20220319,-9999,    9
 25093,139567,20220320,-9999,    9
 25093,139567,20220321,-9999,    9
 25093,139567,20220322,-9999,    9
 25093,139567,20220323,-9999,    9
 25093,139567,20220324,-9999,    9
 25093,139567,20220325,-9999,    9
 25093,139567,20220326,-9999,    9
 25093,139567,20220327,-9999,    9
 25093,139567,20220328,-9999,    9
 25093,139567,20220329,-9999,    9
 25093,139567,20220330,-9999,    9
 25093,139567,20220331,-9999,    9
 25093,139567,20220401,-9999,    9
 25093,139567,20220402,-9999,    9
 25093,139567,20220403,-9999,    9
 25093,139567,20220404,-9999,    9
 25093,139567,20220405,-9999,    9
 25093,139567,20220406,-9999,    9
 25093,139567,20220407,-9999,    9
 25093,139567,20220408,-9999,    9
 25093,139567,20220409,-9999,    9
 25093,139567,20220410,-9999,    9
 25093,139567,20220411,-9999,    9
 25093,139567,20220412,-9999,    9
 25093,139567,20220413,-9999,    9
 25093,139567,20220414,-9999,    9
 25093,139567,20220415,-9999,    9
 25093,139567,20220416,-9999,    9
 25093,139567,20220417,-9999,    9
 25093,139567,20220418,-9999,    9
 25093,139567,20220419,-9999,    9
 25093,139567,20220420,-9999,    9
 25093,139567,20220421,-9999,    9
 25093,139567,20220422,-9999,    9
 25093,139567,20220423,-9999,    9
 25093,139567,20220424,-9999,    9
 25093,139567,20220425,-9999,    9
 25093,139567,20220426,-9999,    9
 25093,139567,20220427,-9999,    9
 25093,139567,20220428,-9999,    9
 25093,139567,20220429,-9999,    9
 25093,139567,20220430,-9999,    9
 25093,139567,20220501,-9999,    9
 25093,139567,20220502,-9999,    9
 25093,139567,20220503,-9999,    9
 25093,139567,20220504,-9999,    9
 25093,139567,20220505,-9999,    9
 25093,139567,20220506,-9999,    9
 25093,139567,20220507,-9999,    9
 25093,139567,20220508,-9999,    9
 25093,139567,20220509,-9999,    9
 25093,139567,20220510,-9999,    9
 25093,139567,20220511,-9999,    9
 25093,139567,20220512,-9999,    9
 25093,139567,20220513,-9999,    9
 25093,139567,20220514,-9999,    9
 25093,139567,20220515,-9999,    9
 25093,139567,20220516,-9999,    9
 25093,139567,20220517,-9999,    9
 25093,139567,20220518,-9999,    9
 25093,139567,20220519,-9999,    9
 25093,139567,20220520,-9999,    9
 25093,139567,20220521,-9999,    9
 25093,139567,20220522,-9999,    9
 25093,139567,20220523,-9999,    9
 25093,139567,20220524,-9999,    9
 25093,139567,20220525,-9999,    9
 25093,139567,20220526,-9999,    9
 25093,139567,20220527,-9999,    9
 25093,139567,20220528,-9999,    9
 25093,139567,20220529,-9999,    9
 25093,139567,20220530,-9999,    9
 25093,139567,20220531,-9999,    9
 25093,139567,20220601,-9999,    9
 25093,139567,20220602,-9999,    9
 25093,139567,20220603,-9999,    9
 25093,139567,20220604,-9999,    9
 25093,139567,20220605,-9999,    9
 25093,139567,20220606,-9999,    9
 25093,139567,20220607,-9999,    9
 25093,139567,20220608,-9999,    9
 25093,139567,20220609,-9999,    9
 25093,139567,20220610,-9999,    9
 25093,139567,20220611,-9999,    9
 25093,139567,20220612,-9999,    9
 25093,139567,20220613,-9999,    9
 25093,139567,20220614,-9999,    9
 25093,139567,20220615,-9999,    9
 25093,139567,20220616,-9999,    9
 25093,139567,20220617,-9999,    9
 25093,139567,20220618,-9999,    9
 25093,139567,20220619,-9999,    9
 25093,139567,20220620,-9999,    9
 25093,139567,20220621,-9999,    9
 25093,139567,20220622,-9999,    9
 25093,139567,20220623,-9999,    9
 25093,139567,20220624,-9999,    9
 25093,139567,20220625,-9999,    9
 25093,139567,20220626,-9999,    9
 25093,139567,20220627,-9999,    9
 25093,139567,20220628,-9999,    9
 25093,139567,20220629,-9999,    9
 25093,139567,20220630,-9999,    9
 25093,139567,20220701,-9999,    9
 25093,139567,20220702,-9999,    9
 25093,139567,20220703,-9999,    9
 25093,139567,20220704,-9999,    9
 25093,139567,20220705,-9999,    9
 25093,139567,20220706,-9999,    9
 25093,139567,20220707,-9999,    9
 25093,139567,20220708,-9999,    9
 25093,139567,20220709,-9999,    9
 25093,139567,20220710,-9999,    9
 25093,139567,20220711,-9999,    9
 25093,139567,20220712,-9999,    9
 25093,139567,20220713,-9999,    9
 25093,139567,20220714,-9999,    9
 25093,139567,20220715,-9999,    9
 25093,139567,20220716,-9999,    9
 25093,139567,20220717,-9999,    9
 25093,139567,20220718,-9999,    9
 25093,139567,20220719,-9999,    9
 25093,139567,20220720,-9999,    9
 25093,139567,20220721,-9999,    9
 25093,139567,20220722,-9999,    9
 25093,139567,20220723,-9999,    9
 25093,139567,20220724,-9999,    9
 25093,139567,20220725,-9999,    9
 25093,139567,20220726,-9999,    9
 25093,139567,20220727,-9999,    9
 25093,139567,20220728,-9999,    9
 25093,139567,20220729,-9999,    9
 25093,139567,20220730,-9999,    9
 25093,139567,20220731,-9999,    9
 25093,139567,20220801,-9999,    9
 25093,139567,20220802,-9999,    9
 25093,139567,20220803,-9999,    9
 25093,139567,20220804,-9999,    9
 25093,139567,20220805,-9999,    9
 25093,139567,20220806,-9999,    9
 25093,139567,20220807,-9999,    9
 25093,139567,20220808,-9999,    9
 25093,139567,20220809,-9999,    9
 25093,139567,20220810,-9999,    9
 25093,139567,20220811,-9999,    9
 25093,139567,20220812,-9999,    9
 25093,139567,20220813,-9999,    9
 25093,139567,20220814,-9999,    9
 25093,139567,20220815,-9999,    9
 25093,139567,20220816,-9999,    9
 25093,139567,20220817,-9999,    9
 25093,139567,20220818,-9999,    9
 25093,139567,20220819,-9999,    9
 25093,139567,20220820,-9999,    9
 25093,139567,20220821,-9999,    9
 25093,139567,20220822,-9999,    9
 25093,139567,20220823,-9999,    9
 25093,139567,20220824,-9999,    9
 25093,139567,20220825,-9999,    9
 25093,139567,20220826,-9999,    9
 25093,139567,20220827,-9999,    9
 25093,139567,20220828,-9999,    9
 25093,139567,20220829,-9999,    9
 25093,139567,20220830,-9999,    9
 25093,139567,20220831,-9999,    9
 25093,139567,20220901,-9999,    9
 25093,139567,20220902,-9999,    9
 25093,139567,20220903,-9999,    9
 25093,139567,20220904,-9999,    9
 25093,139567,20220905,-9999,    9
 25093,139567,20220906,-9999,    9
 25093,139567,20220907,-9999,    9
 25093,139567,20220908,-9999,    9
 25093,139567,20220909,-9999,    9
 25093,139567,20220910,-9999,    9
 25093,139567,20220911,-9999,    9
 25093,139567,20220912,-9999,    9
 25093,139567,20220913,-9999,    9
 25093,139567,20220914,-9999,    9
 25093,139567,20220915,-9999,    9
 25093,139567,20220916,-9999,    9
 25093,139567,20220917,-9999,    9
 25093,139567,20220918,-9999,    9
 25093,139567,20220919,-9999,    9
 25093,139567,20220920,-9999,    9
 25093,139567,20220921,-9999,    9
 25093,139567,20220922,-9999,    9
 25093,139567,20220923,-9999,    9
 25093,139567,20220924,-9999,    9
 25093,139567,20220925,-9999,    9
 25093,139567,20220926,-9999,    9
 25093,139567,20220927,-9999,    9
 25093,139567,20220928,-9999,    9
 25093,139567,20220929,-9999,    9
 25093,139567,20220930,-9999,    9
 25093,139567,20221001,-9999,    9
 25093,139567,20221002,-9999,    9
 25093,139567,20221003,-9999,    9
 25093,139567,20221004,-9999,    9
 25093,139567,20221005,-9999,    9
 25093,139567,20221006,-9999,    9
 25093,139567,20221007,-9999,    9
 25093,139567,20221008,-9999,    9
 25093,139567,20221009,-9999,    9
 25093,139567,20221010,-9999,    9
 25093,139567,20221011,-9999,    9
 25093,139567,20221012,-9999,    9
 25093,139567,20221013,-9999,    9
 25093,139567,20221014,-9999,    9
 25093,139567,20221015,-9999,    9
 25093,139567,20221016,-9999,    9
 25093,139567,20221017,-9999,    9
 25093,139567,20221018,-9999,    9
 25093,139567,20221019,-9999,    9
 25093,139567,20221020,-9999,    9
 25093,139567,20221021,-9999,    9
 25093,139567,20221022,-9999,    9
 25093,139567,20221023,-9999,    9
 25093,139567,20221024,-9999,    9
 25093,139567,20221025,-9999,    9
 25093,139567,20221026,-9999,    9
 25093,139567,20221027,-9999,    9
 25093,139567,20221028,-9999,    9
 25093,139567,20221029,-9999,    9
 25093,139567,20221030,-9999,    9
 25093,139567,20221031,-9999,    9
