EUROPEAN CLIMATE ASSESSMENT & DATASET (ECA&D), file created on: 16-11-2022
THESE DATA CAN BE USED FOR NON-COMMERCIAL RESEARCH AND EDUCATION PROVIDED THAT THE FOLLOWING SOURCE IS ACKNOWLEDGED: 

Klein Tank, A.M.G. and Coauthors, 2002. Daily dataset of 20th-century surface
air temperature and precipitation series for the European Climate Assessment.
Int. J. of Climatol., 22, 1441-1453.
Data and metadata available at http://www.ecad.eu

FILE FORMAT (MISSING VALUE CODE = -9999):

01-06 STAID: Station identifier
08-13 SOUID: Source identifier
15-22 DATE : Date YYYYMMDD
24-28 RR   : Precipitation amount in 0.1 mm
30-34 Q_RR : quality code for RR (0='valid'; 1='suspect'; 9='missing')

This is the blended series of station BERGEBYDALEN, NORWAY (STAID: 18070)
Blended and updated with sources:102322 
See files sources.txt and stations.txt for more info.

STAID, SOUID,    DATE,   RR, Q_RR
 18070,102322,20180930,-9999,    9
 18070,102322,20181001,-9999,    9
 18070,102322,20181002,-9999,    9
 18070,102322,20181003,-9999,    9
 18070,102322,20181004,-9999,    9
 18070,102322,20181005,-9999,    9
 18070,102322,20181006,-9999,    9
 18070,102322,20181007,    1,    0
 18070,102322,20181008,    4,    0
 18070,102322,20181009,    0,    0
 18070,102322,20181010,    0,    0
 18070,102322,20181011,    0,    0
 18070,102322,20181012,    0,    0
 18070,102322,20181013,   29,    0
 18070,102322,20181014,   11,    0
 18070,102322,20181015,   17,    0
 18070,102322,20181016,    0,    0
 18070,102322,20181017,    2,    0
 18070,102322,20181018,    1,    0
 18070,102322,20181019,    0,    0
 18070,102322,20181020,    0,    0
 18070,102322,20181021,   24,    0
 18070,102322,20181022,    1,    0
 18070,102322,20181023,    0,    0
 18070,102322,20181024,    4,    0
 18070,102322,20181025,   21,    0
 18070,102322,20181026,   12,    0
 18070,102322,20181027,   14,    0
 18070,102322,20181028,    2,    0
 18070,102322,20181029,    0,    0
 18070,102322,20181030,   22,    0
 18070,102322,20181031,   49,    0
 18070,102322,20181101,   30,    0
 18070,102322,20181102,    0,    0
 18070,102322,20181103,    9,    0
 18070,102322,20181104,   11,    0
 18070,102322,20181105,    2,    0
 18070,102322,20181106,    5,    0
 18070,102322,20181107,    0,    0
 18070,102322,20181108,    2,    0
 18070,102322,20181109,    7,    0
 18070,102322,20181110,    0,    0
 18070,102322,20181111,   37,    0
 18070,102322,20181112,    6,    0
 18070,102322,20181113,   20,    0
 18070,102322,20181114,   17,    0
 18070,102322,20181115,   41,    0
 18070,102322,20181116,   97,    0
 18070,102322,20181117,   21,    0
 18070,102322,20181118,    0,    0
 18070,102322,20181119,   25,    0
 18070,102322,20181120,    3,    0
 18070,102322,20181121,   12,    0
 18070,102322,20181122,   15,    0
 18070,102322,20181123,   39,    0
 18070,102322,20181124,    7,    0
 18070,102322,20181125,   30,    0
 18070,102322,20181126,   19,    0
 18070,102322,20181127,    4,    0
 18070,102322,20181128,    0,    0
 18070,102322,20181129,    0,    0
 18070,102322,20181130,   10,    0
 18070,102322,20181201,    1,    0
 18070,102322,20181202,    0,    0
 18070,102322,20181203,    0,    0
 18070,102322,20181204,   14,    0
 18070,102322,20181205,   66,    0
 18070,102322,20181206,   57,    0
 18070,102322,20181207,    3,    0
 18070,102322,20181208,    0,    0
 18070,102322,20181209,   42,    0
 18070,102322,20181210,    1,    0
 18070,102322,20181211,    0,    0
 18070,102322,20181212,    8,    0
 18070,102322,20181213,   30,    0
 18070,102322,20181214,    3,    0
 18070,102322,20181215,    3,    0
 18070,102322,20181216,    0,    0
 18070,102322,20181217,    1,    0
 18070,102322,20181218,    1,    0
 18070,102322,20181219,    1,    0
 18070,102322,20181220,    2,    0
 18070,102322,20181221,    0,    0
 18070,102322,20181222,    4,    0
 18070,102322,20181223,    0,    0
 18070,102322,20181224,   12,    0
 18070,102322,20181225,    2,    0
 18070,102322,20181226,    5,    0
 18070,102322,20181227,    1,    0
 18070,102322,20181228,   27,    0
 18070,102322,20181229,   46,    0
 18070,102322,20181230,    6,    0
 18070,102322,20181231,    3,    0
 18070,102322,20190101,    8,    0
 18070,102322,20190102,    4,    0
 18070,102322,20190103,   26,    0
 18070,102322,20190104,    5,    0
 18070,102322,20190105,   14,    0
 18070,102322,20190106,   21,    0
 18070,102322,20190107,    3,    0
 18070,102322,20190108,    0,    0
 18070,102322,20190109,    4,    0
 18070,102322,20190110,  111,    0
 18070,102322,20190111,   45,    0
 18070,102322,20190112,   15,    0
 18070,102322,20190113,    7,    0
 18070,102322,20190114,    2,    0
 18070,102322,20190115,    0,    0
 18070,102322,20190116,    2,    0
 18070,102322,20190117,    5,    0
 18070,102322,20190118,    2,    0
 18070,102322,20190119,    1,    0
 18070,102322,20190120,    3,    0
 18070,102322,20190121,    8,    0
 18070,102322,20190122,   23,    0
 18070,102322,20190123,   23,    0
 18070,102322,20190124,    5,    0
 18070,102322,20190125,    3,    0
 18070,102322,20190126,    8,    0
 18070,102322,20190127,    2,    0
 18070,102322,20190128,    6,    0
 18070,102322,20190129,    1,    0
 18070,102322,20190130,    7,    0
 18070,102322,20190131,    1,    0
 18070,102322,20190201,    2,    0
 18070,102322,20190202,    3,    0
 18070,102322,20190203,    0,    0
 18070,102322,20190204,    0,    0
 18070,102322,20190205,    0,    0
 18070,102322,20190206,    1,    0
 18070,102322,20190207,    1,    0
 18070,102322,20190208,    0,    0
 18070,102322,20190209,    0,    0
 18070,102322,20190210,    1,    0
 18070,102322,20190211,    0,    0
 18070,102322,20190212,    1,    0
 18070,102322,20190213,    1,    0
 18070,102322,20190214,    0,    0
 18070,102322,20190215,  141,    0
 18070,102322,20190216,   94,    0
 18070,102322,20190217,    5,    0
 18070,102322,20190218,    5,    0
 18070,102322,20190219,    1,    0
 18070,102322,20190220,    2,    0
 18070,102322,20190221,    0,    0
 18070,102322,20190222,    9,    0
 18070,102322,20190223,   23,    0
 18070,102322,20190224,   81,    0
 18070,102322,20190225,    3,    0
 18070,102322,20190226,   21,    0
 18070,102322,20190227,    4,    0
 18070,102322,20190228,   17,    0
 18070,102322,20190301,    4,    0
 18070,102322,20190302,    0,    0
 18070,102322,20190303,    2,    0
 18070,102322,20190304,    7,    0
 18070,102322,20190305,   23,    0
 18070,102322,20190306,    3,    0
 18070,102322,20190307,    4,    0
 18070,102322,20190308,    0,    0
 18070,102322,20190309,    1,    0
 18070,102322,20190310,    2,    0
 18070,102322,20190311,    0,    0
 18070,102322,20190312,    2,    0
 18070,102322,20190313,    0,    0
 18070,102322,20190314,    3,    0
 18070,102322,20190315,   39,    0
 18070,102322,20190316,    5,    0
 18070,102322,20190317,    0,    0
 18070,102322,20190318,    0,    0
 18070,102322,20190319,    2,    0
 18070,102322,20190320,   16,    0
 18070,102322,20190321,    1,    0
 18070,102322,20190322,    0,    0
 18070,102322,20190323,    1,    0
 18070,102322,20190324,    1,    0
 18070,102322,20190325,    0,    0
 18070,102322,20190326,    4,    0
 18070,102322,20190327,   16,    0
 18070,102322,20190328,   95,    0
 18070,102322,20190329,    2,    0
 18070,102322,20190330,    3,    0
 18070,102322,20190331,    5,    0
 18070,102322,20190401,   20,    0
 18070,102322,20190402,    3,    0
 18070,102322,20190403,    0,    0
 18070,102322,20190404,    1,    0
 18070,102322,20190405,    0,    0
 18070,102322,20190406,    0,    0
 18070,102322,20190407,    3,    0
 18070,102322,20190408,    0,    0
 18070,102322,20190409,    0,    0
 18070,102322,20190410,    1,    0
 18070,102322,20190411,    5,    0
 18070,102322,20190412,   12,    0
 18070,102322,20190413,    2,    0
 18070,102322,20190414,    0,    0
 18070,102322,20190415,    1,    0
 18070,102322,20190416,    2,    0
 18070,102322,20190417,    0,    0
 18070,102322,20190418,    0,    0
 18070,102322,20190419,    0,    0
 18070,102322,20190420,   18,    0
 18070,102322,20190421,    0,    0
 18070,102322,20190422,   23,    0
 18070,102322,20190423,    1,    0
 18070,102322,20190424,    4,    0
 18070,102322,20190425,    0,    0
 18070,102322,20190426,    3,    0
 18070,102322,20190427,    0,    0
 18070,102322,20190428,    0,    0
 18070,102322,20190429,    1,    0
 18070,102322,20190430,    4,    0
 18070,102322,20190501,    2,    0
 18070,102322,20190502,    2,    0
 18070,102322,20190503,    2,    0
 18070,102322,20190504,   12,    0
 18070,102322,20190505,    0,    0
 18070,102322,20190506,    0,    0
 18070,102322,20190507,    5,    0
 18070,102322,20190508,   30,    0
 18070,102322,20190509,    0,    0
 18070,102322,20190510,   14,    0
 18070,102322,20190511,   47,    0
 18070,102322,20190512,   76,    0
 18070,102322,20190513,   27,    0
 18070,102322,20190514,   12,    0
 18070,102322,20190515,   10,    0
 18070,102322,20190516,    3,    0
 18070,102322,20190517,    0,    0
 18070,102322,20190518,    1,    0
 18070,102322,20190519,    1,    0
 18070,102322,20190520,    0,    0
 18070,102322,20190521,    0,    0
 18070,102322,20190522,    1,    0
 18070,102322,20190523,    2,    0
 18070,102322,20190524,    0,    0
 18070,102322,20190525,    0,    0
 18070,102322,20190526,    0,    0
 18070,102322,20190527,    7,    0
 18070,102322,20190528,    0,    0
 18070,102322,20190529,   68,    0
 18070,102322,20190530,   30,    0
 18070,102322,20190531,   43,    0
 18070,102322,20190601,    6,    0
 18070,102322,20190602,    9,    0
 18070,102322,20190603,    0,    0
 18070,102322,20190604,    1,    0
 18070,102322,20190605,    1,    0
 18070,102322,20190606,   11,    0
 18070,102322,20190607,   31,    0
 18070,102322,20190608,    0,    0
 18070,102322,20190609,  155,    0
 18070,102322,20190610,   14,    0
 18070,102322,20190611,    1,    0
 18070,102322,20190612,    0,    0
 18070,102322,20190613,    0,    0
 18070,102322,20190614,    0,    0
 18070,102322,20190615,    0,    0
 18070,102322,20190616,    1,    0
 18070,102322,20190617,    0,    0
 18070,102322,20190618,    1,    0
 18070,102322,20190619,    1,    0
 18070,102322,20190620,    0,    0
 18070,102322,20190621,    0,    0
 18070,102322,20190622,    0,    0
 18070,102322,20190623,    0,    0
 18070,102322,20190624,    0,    0
 18070,102322,20190625,    0,    0
 18070,102322,20190626,    7,    0
 18070,102322,20190627,    0,    0
 18070,102322,20190628,   16,    0
 18070,102322,20190629,   64,    0
 18070,102322,20190630,    0,    0
 18070,102322,20190701,    2,    0
 18070,102322,20190702,   23,    0
 18070,102322,20190703,   19,    0
 18070,102322,20190704,   30,    0
 18070,102322,20190705,    3,    0
 18070,102322,20190706,    0,    0
 18070,102322,20190707,    0,    0
 18070,102322,20190708,    0,    0
 18070,102322,20190709,    0,    0
 18070,102322,20190710,    1,    0
 18070,102322,20190711,    0,    0
 18070,102322,20190712,    0,    0
 18070,102322,20190713,    0,    0
 18070,102322,20190714,    1,    0
 18070,102322,20190715,    0,    0
 18070,102322,20190716,   35,    0
 18070,102322,20190717,    9,    0
 18070,102322,20190718,    0,    0
 18070,102322,20190719,    0,    0
 18070,102322,20190720,    0,    0
 18070,102322,20190721,    0,    0
 18070,102322,20190722,    0,    0
 18070,102322,20190723,    0,    0
 18070,102322,20190724,    1,    0
 18070,102322,20190725,   41,    0
 18070,102322,20190726,    0,    0
 18070,102322,20190727,    3,    0
 18070,102322,20190728,    0,    0
 18070,102322,20190729,    2,    0
 18070,102322,20190730,    0,    0
 18070,102322,20190731,    0,    0
 18070,102322,20190801,    2,    0
 18070,102322,20190802,    0,    0
 18070,102322,20190803,    2,    0
 18070,102322,20190804,    2,    0
 18070,102322,20190805,    5,    0
 18070,102322,20190806,    6,    0
 18070,102322,20190807,-9999,    9
 18070,102322,20190808,-9999,    9
 18070,102322,20190809,-9999,    9
 18070,102322,20190810,-9999,    9
 18070,102322,20190811,-9999,    9
 18070,102322,20190812,-9999,    9
 18070,102322,20190813,-9999,    9
 18070,102322,20190814,-9999,    9
 18070,102322,20190815,-9999,    9
 18070,102322,20190816,-9999,    9
 18070,102322,20190817,-9999,    9
 18070,102322,20190818,-9999,    9
 18070,102322,20190819,-9999,    9
 18070,102322,20190820,-9999,    9
 18070,102322,20190821,-9999,    9
 18070,102322,20190822,-9999,    9
 18070,102322,20190823,-9999,    9
 18070,102322,20190824,-9999,    9
 18070,102322,20190825,-9999,    9
 18070,102322,20190826,-9999,    9
 18070,102322,20190827,-9999,    9
 18070,102322,20190828,-9999,    9
 18070,102322,20190829,-9999,    9
 18070,102322,20190830,-9999,    9
 18070,102322,20190831,-9999,    9
 18070,102322,20190901,-9999,    9
 18070,102322,20190902,-9999,    9
 18070,102322,20190903,-9999,    9
 18070,102322,20190904,-9999,    9
 18070,102322,20190905,-9999,    9
 18070,102322,20190906,-9999,    9
 18070,102322,20190907,-9999,    9
 18070,102322,20190908,-9999,    9
 18070,102322,20190909,-9999,    9
 18070,102322,20190910,-9999,    9
 18070,102322,20190911,-9999,    9
 18070,102322,20190912,-9999,    9
 18070,102322,20190913,-9999,    9
 18070,102322,20190914,-9999,    9
 18070,102322,20190915,-9999,    9
 18070,102322,20190916,-9999,    9
 18070,102322,20190917,-9999,    9
 18070,102322,20190918,    2,    0
 18070,102322,20190919,   26,    0
 18070,102322,20190920,    3,    0
 18070,102322,20190921,    0,    0
 18070,102322,20190922,    3,    0
 18070,102322,20190923,   17,    0
 18070,102322,20190924,    3,    0
 18070,102322,20190925,   17,    0
 18070,102322,20190926,    0,    0
 18070,102322,20190927,    0,    0
 18070,102322,20190928,   27,    0
 18070,102322,20190929,    8,    0
 18070,102322,20190930,    7,    0
 18070,102322,20191001,    9,    0
 18070,102322,20191002,    4,    0
 18070,102322,20191003,    1,    0
 18070,102322,20191004,    0,    0
 18070,102322,20191005,    4,    0
 18070,102322,20191006,    4,    0
 18070,102322,20191007,    0,    0
 18070,102322,20191008,    0,    0
 18070,102322,20191009,    5,    0
 18070,102322,20191010,    2,    0
 18070,102322,20191011,    1,    0
 18070,102322,20191012,    0,    0
 18070,102322,20191013,    0,    0
 18070,102322,20191014,    0,    0
 18070,102322,20191015,    5,    0
 18070,102322,20191016,    1,    0
 18070,102322,20191017,    9,    0
 18070,102322,20191018,   21,    0
 18070,102322,20191019,    0,    0
 18070,102322,20191020,    0,    0
 18070,102322,20191021,    1,    0
 18070,102322,20191022,   18,    0
 18070,102322,20191023,    8,    0
 18070,102322,20191024,   28,    0
 18070,102322,20191025,    5,    0
 18070,102322,20191026,    1,    0
 18070,102322,20191027,    0,    0
 18070,102322,20191028,   22,    0
 18070,102322,20191029,    3,    0
 18070,102322,20191030,    2,    0
 18070,102322,20191031,    1,    0
 18070,102322,20191101,    0,    0
 18070,102322,20191102,    0,    0
 18070,102322,20191103,    9,    0
 18070,102322,20191104,   34,    0
 18070,102322,20191105,    3,    0
 18070,102322,20191106,   66,    0
 18070,102322,20191107,    1,    0
 18070,102322,20191108,    2,    0
 18070,102322,20191109,    0,    0
 18070,102322,20191110,    0,    0
 18070,102322,20191111,    0,    0
 18070,102322,20191112,    1,    0
 18070,102322,20191113,   22,    0
 18070,102322,20191114,   29,    0
 18070,102322,20191115,    2,    0
 18070,102322,20191116,    3,    0
 18070,102322,20191117,    4,    0
 18070,102322,20191118,    1,    0
 18070,102322,20191119,    0,    0
 18070,102322,20191120,    9,    0
 18070,102322,20191121,    0,    0
 18070,102322,20191122,    0,    0
 18070,102322,20191123,    4,    0
 18070,102322,20191124,    2,    0
 18070,102322,20191125,   30,    0
 18070,102322,20191126,    4,    0
 18070,102322,20191127,   20,    0
 18070,102322,20191128,   10,    0
 18070,102322,20191129,   34,    0
 18070,102322,20191130,    4,    0
 18070,102322,20191201,   61,    0
 18070,102322,20191202,   40,    0
 18070,102322,20191203,   17,    0
 18070,102322,20191204,  124,    0
 18070,102322,20191205,   36,    0
 18070,102322,20191206,    6,    0
 18070,102322,20191207,    9,    0
 18070,102322,20191208,    3,    0
 18070,102322,20191209,   12,    0
 18070,102322,20191210,   18,    0
 18070,102322,20191211,   47,    0
 18070,102322,20191212,    3,    0
 18070,102322,20191213,   10,    0
 18070,102322,20191214,    0,    0
 18070,102322,20191215,    9,    0
 18070,102322,20191216,   25,    0
 18070,102322,20191217,   11,    0
 18070,102322,20191218,    3,    0
 18070,102322,20191219,    0,    0
 18070,102322,20191220,    0,    0
 18070,102322,20191221,    2,    0
 18070,102322,20191222,    0,    0
 18070,102322,20191223,    6,    0
 18070,102322,20191224,    4,    0
 18070,102322,20191225,    4,    0
 18070,102322,20191226,    0,    0
 18070,102322,20191227,    2,    0
 18070,102322,20191228,   28,    0
 18070,102322,20191229,   17,    0
 18070,102322,20191230,    1,    0
 18070,102322,20191231,    4,    0
 18070,102322,20200101,   35,    0
 18070,102322,20200102,   76,    0
 18070,102322,20200103,    2,    0
 18070,102322,20200104,   70,    0
 18070,102322,20200105,   42,    0
 18070,102322,20200106,    0,    0
 18070,102322,20200107,   47,    0
 18070,102322,20200108,    6,    0
 18070,102322,20200109,   43,    0
 18070,102322,20200110,    8,    0
 18070,102322,20200111,   23,    0
 18070,102322,20200112,   20,    0
 18070,102322,20200113,    3,    0
 18070,102322,20200114,   21,    0
 18070,102322,20200115,    0,    0
 18070,102322,20200116,    6,    0
 18070,102322,20200117,    3,    0
 18070,102322,20200118,    0,    0
 18070,102322,20200119,    4,    0
 18070,102322,20200120,   36,    0
 18070,102322,20200121,   14,    0
 18070,102322,20200122,   15,    0
 18070,102322,20200123,   42,    0
 18070,102322,20200124,   10,    0
 18070,102322,20200125,   18,    0
 18070,102322,20200126,   16,    0
 18070,102322,20200127,    2,    0
 18070,102322,20200128,    1,    0
 18070,102322,20200129,    0,    0
 18070,102322,20200130,    2,    0
 18070,102322,20200131,    0,    0
 18070,102322,20200201,    5,    0
 18070,102322,20200202,   39,    0
 18070,102322,20200203,    5,    0
 18070,102322,20200204,    8,    0
 18070,102322,20200205,   14,    0
 18070,102322,20200206,    5,    0
 18070,102322,20200207,   44,    0
 18070,102322,20200208,    3,    0
 18070,102322,20200209,   40,    0
 18070,102322,20200210,   71,    0
 18070,102322,20200211,   23,    0
 18070,102322,20200212,    3,    0
 18070,102322,20200213,    1,    0
 18070,102322,20200214,    1,    0
 18070,102322,20200215,    6,    0
 18070,102322,20200216,   64,    0
 18070,102322,20200217,    7,    0
 18070,102322,20200218,    7,    0
 18070,102322,20200219,    2,    0
 18070,102322,20200220,    1,    0
 18070,102322,20200221,    0,    0
 18070,102322,20200222,    0,    0
 18070,102322,20200223,    2,    0
 18070,102322,20200224,   16,    0
 18070,102322,20200225,    3,    0
 18070,102322,20200226,   15,    0
 18070,102322,20200227,    2,    0
 18070,102322,20200228,    0,    0
 18070,102322,20200229,    1,    0
 18070,102322,20200301,    6,    0
 18070,102322,20200302,    8,    0
 18070,102322,20200303,    4,    0
 18070,102322,20200304,    1,    0
 18070,102322,20200305,   22,    0
 18070,102322,20200306,    4,    0
 18070,102322,20200307,    0,    0
 18070,102322,20200308,   15,    0
 18070,102322,20200309,   46,    0
 18070,102322,20200310,    2,    0
 18070,102322,20200311,   55,    0
 18070,102322,20200312,   67,    0
 18070,102322,20200313,    4,    0
 18070,102322,20200314,    6,    0
 18070,102322,20200315,    4,    0
 18070,102322,20200316,    3,    0
 18070,102322,20200317,    4,    0
 18070,102322,20200318,   23,    0
 18070,102322,20200319,   26,    0
 18070,102322,20200320,    6,    0
 18070,102322,20200321,    0,    0
 18070,102322,20200322,    0,    0
 18070,102322,20200323,    3,    0
 18070,102322,20200324,    0,    0
 18070,102322,20200325,    0,    0
 18070,102322,20200326,    0,    0
 18070,102322,20200327,   46,    0
 18070,102322,20200328,   37,    0
 18070,102322,20200329,    4,    0
 18070,102322,20200330,    1,    0
 18070,102322,20200331,   13,    0
 18070,102322,20200401,    3,    0
 18070,102322,20200402,    1,    0
 18070,102322,20200403,    0,    0
 18070,102322,20200404,    0,    0
 18070,102322,20200405,    0,    0
 18070,102322,20200406,   17,    0
 18070,102322,20200407,    9,    0
 18070,102322,20200408,   23,    0
 18070,102322,20200409,    0,    0
 18070,102322,20200410,    4,    0
 18070,102322,20200411,    0,    0
 18070,102322,20200412,    4,    0
 18070,102322,20200413,    0,    0
 18070,102322,20200414,    4,    0
 18070,102322,20200415,    0,    0
 18070,102322,20200416,    2,    0
 18070,102322,20200417,   16,    0
 18070,102322,20200418,    5,    0
 18070,102322,20200419,    2,    0
 18070,102322,20200420,    1,    0
 18070,102322,20200421,    0,    0
 18070,102322,20200422,    0,    0
 18070,102322,20200423,    3,    0
 18070,102322,20200424,   31,    0
 18070,102322,20200425,   47,    0
 18070,102322,20200426,    8,    0
 18070,102322,20200427,    1,    0
 18070,102322,20200428,    0,    0
 18070,102322,20200429,    0,    0
 18070,102322,20200430,    0,    0
 18070,102322,20200501,    0,    0
 18070,102322,20200502,    0,    0
 18070,102322,20200503,   41,    0
 18070,102322,20200504,   21,    0
 18070,102322,20200505,    0,    0
 18070,102322,20200506,    0,    0
 18070,102322,20200507,    3,    0
 18070,102322,20200508,    3,    0
 18070,102322,20200509,    0,    0
 18070,102322,20200510,    6,    0
 18070,102322,20200511,   15,    0
 18070,102322,20200512,    1,    0
 18070,102322,20200513,    1,    0
 18070,102322,20200514,   50,    0
 18070,102322,20200515,    0,    0
 18070,102322,20200516,   11,    0
 18070,102322,20200517,    3,    0
 18070,102322,20200518,   11,    0
 18070,102322,20200519,    2,    0
 18070,102322,20200520,    0,    0
 18070,102322,20200521,    0,    0
 18070,102322,20200522,    0,    0
 18070,102322,20200523,    0,    0
 18070,102322,20200524,    0,    0
 18070,102322,20200525,    0,    0
 18070,102322,20200526,    0,    0
 18070,102322,20200527,    0,    0
 18070,102322,20200528,   12,    0
 18070,102322,20200529,    1,    0
 18070,102322,20200530,   15,    0
 18070,102322,20200531,   11,    0
 18070,102322,20200601,    0,    0
 18070,102322,20200602,    1,    0
 18070,102322,20200603,    1,    0
 18070,102322,20200604,    2,    0
 18070,102322,20200605,    0,    0
 18070,102322,20200606,    6,    0
 18070,102322,20200607,    5,    0
 18070,102322,20200608,   63,    0
 18070,102322,20200609,   31,    0
 18070,102322,20200610,    3,    0
 18070,102322,20200611,    0,    0
 18070,102322,20200612,    0,    0
 18070,102322,20200613,    0,    0
 18070,102322,20200614,   39,    0
 18070,102322,20200615,    0,    0
 18070,102322,20200616,    0,    0
 18070,102322,20200617,    1,    0
 18070,102322,20200618,    0,    0
 18070,102322,20200619,    0,    0
 18070,102322,20200620,    1,    0
 18070,102322,20200621,    0,    0
 18070,102322,20200622,    0,    0
 18070,102322,20200623,    0,    0
 18070,102322,20200624,    0,    0
 18070,102322,20200625,   31,    0
 18070,102322,20200626,    2,    0
 18070,102322,20200627,    0,    0
 18070,102322,20200628,    0,    0
 18070,102322,20200629,   69,    0
 18070,102322,20200630,   89,    0
 18070,102322,20200701,   79,    0
 18070,102322,20200702,    0,    0
 18070,102322,20200703,   15,    0
 18070,102322,20200704,    0,    0
 18070,102322,20200705,   77,    0
 18070,102322,20200706,   29,    0
 18070,102322,20200707,    1,    0
 18070,102322,20200708,  118,    0
 18070,102322,20200709,    9,    0
 18070,102322,20200710,   38,    0
 18070,102322,20200711,    1,    0
 18070,102322,20200712,    0,    0
 18070,102322,20200713,    0,    0
 18070,102322,20200714,    0,    0
 18070,102322,20200715,    0,    0
 18070,102322,20200716,    0,    0
 18070,102322,20200717,    0,    0
 18070,102322,20200718,   25,    0
 18070,102322,20200719,  116,    0
 18070,102322,20200720,    0,    0
 18070,102322,20200721,    0,    0
 18070,102322,20200722,    1,    0
 18070,102322,20200723,    3,    0
 18070,102322,20200724,    3,    0
 18070,102322,20200725,    0,    0
 18070,102322,20200726,    0,    0
 18070,102322,20200727,    0,    0
 18070,102322,20200728,    0,    0
 18070,102322,20200729,    0,    0
 18070,102322,20200730,    1,    0
 18070,102322,20200731,    0,    0
 18070,102322,20200801,    0,    0
 18070,102322,20200802,   13,    0
 18070,102322,20200803,    0,    0
 18070,102322,20200804,    0,    0
 18070,102322,20200805,    0,    0
 18070,102322,20200806,    0,    0
 18070,102322,20200807,    0,    0
 18070,102322,20200808,    0,    0
 18070,102322,20200809,  132,    0
 18070,102322,20200810,    0,    0
 18070,102322,20200811,    1,    0
 18070,102322,20200812,    0,    0
 18070,102322,20200813,    0,    0
 18070,102322,20200814,   52,    0
 18070,102322,20200815,   78,    0
 18070,102322,20200816,   27,    0
 18070,102322,20200817,   15,    0
 18070,102322,20200818,    2,    0
 18070,102322,20200819,    8,    0
 18070,102322,20200820,    1,    0
 18070,102322,20200821,   13,    0
 18070,102322,20200822,    1,    0
 18070,102322,20200823,    1,    0
 18070,102322,20200824,    0,    0
 18070,102322,20200825,    0,    0
 18070,102322,20200826,    4,    0
 18070,102322,20200827,    4,    0
 18070,102322,20200828,    0,    0
 18070,102322,20200829,    1,    0
 18070,102322,20200830,    3,    0
 18070,102322,20200831,    0,    0
 18070,102322,20200901,    0,    0
 18070,102322,20200902,    0,    0
 18070,102322,20200903,    0,    0
 18070,102322,20200904,    5,    0
 18070,102322,20200905,    0,    0
 18070,102322,20200906,    1,    0
 18070,102322,20200907,    0,    0
 18070,102322,20200908,    0,    0
 18070,102322,20200909,    0,    0
 18070,102322,20200910,    3,    0
 18070,102322,20200911,   16,    0
 18070,102322,20200912,    2,    0
 18070,102322,20200913,    1,    0
 18070,102322,20200914,    2,    0
 18070,102322,20200915,    0,    0
 18070,102322,20200916,    3,    0
 18070,102322,20200917,   20,    0
 18070,102322,20200918,  102,    0
 18070,102322,20200919,   25,    0
 18070,102322,20200920,   73,    0
 18070,102322,20200921,  169,    0
 18070,102322,20200922,   12,    0
 18070,102322,20200923,    3,    0
 18070,102322,20200924,    5,    0
 18070,102322,20200925,   73,    0
 18070,102322,20200926,    0,    0
 18070,102322,20200927,    0,    0
 18070,102322,20200928,    0,    0
 18070,102322,20200929,    1,    0
 18070,102322,20200930,    0,    0
 18070,102322,20201001,    1,    0
 18070,102322,20201002,    0,    0
 18070,102322,20201003,    0,    0
 18070,102322,20201004,    5,    0
 18070,102322,20201005,    4,    0
 18070,102322,20201006,    0,    0
 18070,102322,20201007,    0,    0
 18070,102322,20201008,    0,    0
 18070,102322,20201009,    2,    0
 18070,102322,20201010,    1,    0
 18070,102322,20201011,    4,    0
 18070,102322,20201012,    0,    0
 18070,102322,20201013,    0,    0
 18070,102322,20201014,   45,    0
 18070,102322,20201015,    5,    0
 18070,102322,20201016,    1,    0
 18070,102322,20201017,    0,    0
 18070,102322,20201018,    1,    0
 18070,102322,20201019,    1,    0
 18070,102322,20201020,    0,    0
 18070,102322,20201021,    4,    0
 18070,102322,20201022,    6,    0
 18070,102322,20201023,   41,    0
 18070,102322,20201024,    8,    0
 18070,102322,20201025,   35,    0
 18070,102322,20201026,   46,    0
 18070,102322,20201027,   62,    0
 18070,102322,20201028,    4,    0
 18070,102322,20201029,    7,    0
 18070,102322,20201030,    2,    0
 18070,102322,20201031,    3,    0
 18070,102322,20201101,    1,    0
 18070,102322,20201102,   38,    0
 18070,102322,20201103,    5,    0
 18070,102322,20201104,    0,    0
 18070,102322,20201105,   60,    0
 18070,102322,20201106,   14,    0
 18070,102322,20201107,   57,    0
 18070,102322,20201108,   40,    0
 18070,102322,20201109,   20,    0
 18070,102322,20201110,    5,    0
 18070,102322,20201111,    2,    0
 18070,102322,20201112,    0,    0
 18070,102322,20201113,    3,    0
 18070,102322,20201114,    0,    0
 18070,102322,20201115,   27,    0
 18070,102322,20201116,    1,    0
 18070,102322,20201117,    2,    0
 18070,102322,20201118,    0,    0
 18070,102322,20201119,    8,    0
 18070,102322,20201120,    7,    0
 18070,102322,20201121,   18,    0
 18070,102322,20201122,    3,    0
 18070,102322,20201123,    7,    0
 18070,102322,20201124,    0,    0
 18070,102322,20201125,    1,    0
 18070,102322,20201126,    1,    0
 18070,102322,20201127,    0,    0
 18070,102322,20201128,    0,    0
 18070,102322,20201129,    1,    0
 18070,102322,20201130,    0,    0
 18070,102322,20201201,    6,    0
 18070,102322,20201202,    4,    0
 18070,102322,20201203,    2,    0
 18070,102322,20201204,   27,    0
 18070,102322,20201205,    4,    0
 18070,102322,20201206,   13,    0
 18070,102322,20201207,    2,    0
 18070,102322,20201208,   21,    0
 18070,102322,20201209,    4,    0
 18070,102322,20201210,    8,    0
 18070,102322,20201211,    2,    0
 18070,102322,20201212,    1,    0
 18070,102322,20201213,    1,    0
 18070,102322,20201214,   28,    0
 18070,102322,20201215,    4,    0
 18070,102322,20201216,    4,    0
 18070,102322,20201217,    1,    0
 18070,102322,20201218,    0,    0
 18070,102322,20201219,    7,    0
 18070,102322,20201220,   62,    0
 18070,102322,20201221,    0,    0
 18070,102322,20201222,    3,    0
 18070,102322,20201223,    2,    0
 18070,102322,20201224,    4,    0
 18070,102322,20201225,    0,    0
 18070,102322,20201226,    1,    0
 18070,102322,20201227,    8,    0
 18070,102322,20201228,   45,    0
 18070,102322,20201229,    0,    0
 18070,102322,20201230,    1,    0
 18070,102322,20201231,    2,    0
 18070,102322,20210101,    1,    0
 18070,102322,20210102,   48,    0
 18070,102322,20210103,    0,    0
 18070,102322,20210104,    0,    0
 18070,102322,20210105,    3,    0
 18070,102322,20210106,    1,    0
 18070,102322,20210107,    0,    0
 18070,102322,20210108,    2,    0
 18070,102322,20210109,    0,    0
 18070,102322,20210110,    1,    0
 18070,102322,20210111,    0,    0
 18070,102322,20210112,    1,    0
 18070,102322,20210113,    0,    0
 18070,102322,20210114,    1,    0
 18070,102322,20210115,   13,    0
 18070,102322,20210116,    3,    0
 18070,102322,20210117,    6,    0
 18070,102322,20210118,   18,    0
 18070,102322,20210119,    1,    0
 18070,102322,20210120,   37,    0
 18070,102322,20210121,    7,    0
 18070,102322,20210122,    0,    0
 18070,102322,20210123,    7,    0
 18070,102322,20210124,    4,    0
 18070,102322,20210125,    6,    0
 18070,102322,20210126,   15,    0
 18070,102322,20210127,    1,    0
 18070,102322,20210128,    1,    0
 18070,102322,20210129,    4,    0
 18070,102322,20210130,    6,    0
 18070,102322,20210131,    2,    0
 18070,102322,20210201,    1,    0
 18070,102322,20210202,    5,    0
 18070,102322,20210203,    0,    0
 18070,102322,20210204,    6,    0
 18070,102322,20210205,   40,    0
 18070,102322,20210206,   60,    0
 18070,102322,20210207,  100,    0
 18070,102322,20210208,   70,    0
 18070,102322,20210209,   28,    0
 18070,102322,20210210,    2,    0
 18070,102322,20210211,    1,    0
 18070,102322,20210212,    2,    0
 18070,102322,20210213,    2,    0
 18070,102322,20210214,   12,    0
 18070,102322,20210215,    3,    0
 18070,102322,20210216,    0,    0
 18070,102322,20210217,   18,    0
 18070,102322,20210218,    2,    0
 18070,102322,20210219,    1,    0
 18070,102322,20210220,    0,    0
 18070,102322,20210221,    1,    0
 18070,102322,20210222,    8,    0
 18070,102322,20210223,    7,    0
 18070,102322,20210224,   24,    0
 18070,102322,20210225,    6,    0
 18070,102322,20210226,    2,    0
 18070,102322,20210227,    5,    0
 18070,102322,20210228,   16,    0
 18070,102322,20210301,   19,    0
 18070,102322,20210302,    3,    0
 18070,102322,20210303,   30,    0
 18070,102322,20210304,   26,    0
 18070,102322,20210305,    4,    0
 18070,102322,20210306,   12,    0
 18070,102322,20210307,    1,    0
 18070,102322,20210308,    5,    0
 18070,102322,20210309,    1,    0
 18070,102322,20210310,    0,    0
 18070,102322,20210311,    0,    0
 18070,102322,20210312,    2,    0
 18070,102322,20210313,   36,    0
 18070,102322,20210314,   28,    0
 18070,102322,20210315,   10,    0
 18070,102322,20210316,    9,    0
 18070,102322,20210317,   24,    0
 18070,102322,20210318,    2,    0
 18070,102322,20210319,   14,    0
 18070,102322,20210320,    4,    0
 18070,102322,20210321,    6,    0
 18070,102322,20210322,   12,    0
 18070,102322,20210323,    9,    0
 18070,102322,20210324,   28,    0
 18070,102322,20210325,    5,    0
 18070,102322,20210326,    0,    0
 18070,102322,20210327,    0,    0
 18070,102322,20210328,    0,    0
 18070,102322,20210329,    9,    0
 18070,102322,20210330,    9,    0
 18070,102322,20210331,    4,    0
 18070,102322,20210401,    4,    0
 18070,102322,20210402,    2,    0
 18070,102322,20210403,   43,    0
 18070,102322,20210404,   14,    0
 18070,102322,20210405,   30,    0
 18070,102322,20210406,    1,    0
 18070,102322,20210407,    2,    0
 18070,102322,20210408,    3,    0
 18070,102322,20210409,    0,    0
 18070,102322,20210410,    0,    0
 18070,102322,20210411,   10,    0
 18070,102322,20210412,    0,    0
 18070,102322,20210413,    0,    0
 18070,102322,20210414,   13,    0
 18070,102322,20210415,   63,    0
 18070,102322,20210416,   13,    0
 18070,102322,20210417,    0,    0
 18070,102322,20210418,    0,    0
 18070,102322,20210419,    0,    0
 18070,102322,20210420,    0,    0
 18070,102322,20210421,    2,    0
 18070,102322,20210422,    1,    0
 18070,102322,20210423,    0,    0
 18070,102322,20210424,    0,    0
 18070,102322,20210425,    2,    0
 18070,102322,20210426,    0,    0
 18070,102322,20210427,    0,    0
 18070,102322,20210428,    0,    0
 18070,102322,20210429,    7,    0
 18070,102322,20210430,   31,    0
 18070,102322,20210501,   58,    0
 18070,102322,20210502,    1,    0
 18070,102322,20210503,    0,    0
 18070,102322,20210504,    0,    0
 18070,102322,20210505,    3,    0
 18070,102322,20210506,    4,    0
 18070,102322,20210507,   18,    0
 18070,102322,20210508,    2,    0
 18070,102322,20210509,    0,    0
 18070,102322,20210510,    0,    0
 18070,102322,20210511,   31,    0
 18070,102322,20210512,    0,    0
 18070,102322,20210513,    0,    0
 18070,102322,20210514,    6,    0
 18070,102322,20210515,   22,    0
 18070,102322,20210516,   46,    0
 18070,102322,20210517,    0,    0
 18070,102322,20210518,    7,    0
 18070,102322,20210519,   19,    0
 18070,102322,20210520,    8,    0
 18070,102322,20210521,   16,    0
 18070,102322,20210522,    3,    0
 18070,102322,20210523,    0,    0
 18070,102322,20210524,    0,    0
 18070,102322,20210525,    0,    0
 18070,102322,20210526,    1,    0
 18070,102322,20210527,    0,    0
 18070,102322,20210528,    4,    0
 18070,102322,20210529,    2,    0
 18070,102322,20210530,    0,    0
 18070,102322,20210531,    1,    0
 18070,102322,20210601,    0,    0
 18070,102322,20210602,    0,    0
 18070,102322,20210603,    0,    0
 18070,102322,20210604,    0,    0
 18070,102322,20210605,    1,    0
 18070,102322,20210606,    0,    0
 18070,102322,20210607,    0,    0
 18070,102322,20210608,    0,    0
 18070,102322,20210609,    0,    0
 18070,102322,20210610,    0,    0
 18070,102322,20210611,   34,    0
 18070,102322,20210612,    0,    0
 18070,102322,20210613,    4,    0
 18070,102322,20210614,    0,    0
 18070,102322,20210615,    6,    0
 18070,102322,20210616,    0,    0
 18070,102322,20210617,    1,    0
 18070,102322,20210618,   41,    0
 18070,102322,20210619,    5,    0
 18070,102322,20210620,    0,    0
 18070,102322,20210621,   54,    0
 18070,102322,20210622,   18,    0
 18070,102322,20210623,    0,    0
 18070,102322,20210624,   43,    0
 18070,102322,20210625,    0,    0
 18070,102322,20210626,   15,    0
 18070,102322,20210627,   45,    0
 18070,102322,20210628,    5,    0
 18070,102322,20210629,    0,    0
 18070,102322,20210630,    0,    0
 18070,102322,20210701,    0,    0
 18070,102322,20210702,    0,    0
 18070,102322,20210703,    1,    0
 18070,102322,20210704,    0,    0
 18070,102322,20210705,    0,    0
 18070,102322,20210706,    0,    0
 18070,102322,20210707,    0,    0
 18070,102322,20210708,    2,    0
 18070,102322,20210709,    0,    0
 18070,102322,20210710,    0,    0
 18070,102322,20210711,    0,    0
 18070,102322,20210712,   51,    0
 18070,102322,20210713,  116,    0
 18070,102322,20210714,    0,    0
 18070,102322,20210715,  262,    0
 18070,102322,20210716,   23,    0
 18070,102322,20210717,   31,    0
 18070,102322,20210718,   17,    0
 18070,102322,20210719,   57,    0
 18070,102322,20210720,   39,    0
 18070,102322,20210721,   14,    0
 18070,102322,20210722,    5,    0
 18070,102322,20210723,    6,    0
 18070,102322,20210724,    0,    0
 18070,102322,20210725,    0,    0
 18070,102322,20210726,    0,    0
 18070,102322,20210727,    3,    0
 18070,102322,20210728,    0,    0
 18070,102322,20210729,    0,    0
 18070,102322,20210730,    9,    0
 18070,102322,20210731,    0,    0
 18070,102322,20210801,  138,    0
 18070,102322,20210802,   13,    0
 18070,102322,20210803,   10,    0
 18070,102322,20210804,   40,    0
 18070,102322,20210805,    1,    0
 18070,102322,20210806,    0,    0
 18070,102322,20210807,    0,    0
 18070,102322,20210808,    0,    0
 18070,102322,20210809,    0,    0
 18070,102322,20210810,   13,    0
 18070,102322,20210811,   37,    0
 18070,102322,20210812,   28,    0
 18070,102322,20210813,    3,    0
 18070,102322,20210814,    0,    0
 18070,102322,20210815,    3,    0
 18070,102322,20210816,    2,    0
 18070,102322,20210817,    0,    0
 18070,102322,20210818,   47,    0
 18070,102322,20210819,   46,    0
 18070,102322,20210820,    0,    0
 18070,102322,20210821,    1,    0
 18070,102322,20210822,   10,    0
 18070,102322,20210823,    0,    0
 18070,102322,20210824,    7,    0
 18070,102322,20210825,    0,    0
 18070,102322,20210826,    0,    0
 18070,102322,20210827,    0,    0
 18070,102322,20210828,    0,    0
 18070,102322,20210829,    1,    0
 18070,102322,20210830,   19,    0
 18070,102322,20210831,   37,    0
 18070,102322,20210901,   13,    0
 18070,102322,20210902,   17,    0
 18070,102322,20210903,   40,    0
 18070,102322,20210904,    0,    0
 18070,102322,20210905,   45,    0
 18070,102322,20210906,    7,    0
 18070,102322,20210907,    1,    0
 18070,102322,20210908,    0,    0
 18070,102322,20210909,    0,    0
 18070,102322,20210910,    7,    0
 18070,102322,20210911,    0,    0
 18070,102322,20210912,    0,    0
 18070,102322,20210913,    2,    0
 18070,102322,20210914,    0,    0
 18070,102322,20210915,    0,    0
 18070,102322,20210916,    0,    0
 18070,102322,20210917,    1,    0
 18070,102322,20210918,    1,    0
 18070,102322,20210919,    0,    0
 18070,102322,20210920,    3,    0
 18070,102322,20210921,    0,    0
 18070,102322,20210922,   14,    0
 18070,102322,20210923,    0,    0
 18070,102322,20210924,   12,    0
 18070,102322,20210925,    4,    0
 18070,102322,20210926,    1,    0
 18070,102322,20210927,    1,    0
 18070,102322,20210928,    0,    0
 18070,102322,20210929,    0,    0
 18070,102322,20210930,    0,    0
 18070,102322,20211001,    1,    0
 18070,102322,20211002,    2,    0
 18070,102322,20211003,    0,    0
 18070,102322,20211004,    0,    0
 18070,102322,20211005,    0,    0
 18070,102322,20211006,    0,    0
 18070,102322,20211007,    5,    0
 18070,102322,20211008,    0,    0
 18070,102322,20211009,    7,    0
 18070,102322,20211010,    9,    0
 18070,102322,20211011,   50,    0
 18070,102322,20211012,    0,    0
 18070,102322,20211013,    1,    0
 18070,102322,20211014,    0,    0
 18070,102322,20211015,   30,    0
 18070,102322,20211016,   27,    0
 18070,102322,20211017,   31,    0
 18070,102322,20211018,   19,    0
 18070,102322,20211019,    1,    0
 18070,102322,20211020,   18,    0
 18070,102322,20211021,   44,    0
 18070,102322,20211022,    0,    0
 18070,102322,20211023,   12,    0
 18070,102322,20211024,    0,    0
 18070,102322,20211025,    8,    0
 18070,102322,20211026,   78,    0
 18070,102322,20211027,   29,    0
 18070,102322,20211028,   64,    0
 18070,102322,20211029,   16,    0
 18070,102322,20211030,    0,    0
 18070,102322,20211031,    4,    0
 18070,102322,20211101,   54,    0
 18070,102322,20211102,    0,    0
 18070,102322,20211103,    2,    0
 18070,102322,20211104,    0,    0
 18070,102322,20211105,   63,    0
 18070,102322,20211106,    5,    0
 18070,102322,20211107,    9,    0
 18070,102322,20211108,    2,    0
 18070,102322,20211109,   16,    0
 18070,102322,20211110,    3,    0
 18070,102322,20211111,    2,    0
 18070,102322,20211112,    1,    0
 18070,102322,20211113,   11,    0
 18070,102322,20211114,    8,    0
 18070,102322,20211115,   26,    0
 18070,102322,20211116,    0,    0
 18070,102322,20211117,  178,    0
 18070,102322,20211118,   37,    0
 18070,102322,20211119,   13,    0
 18070,102322,20211120,   24,    0
 18070,102322,20211121,    5,    0
 18070,102322,20211122,    1,    0
 18070,102322,20211123,    7,    0
 18070,102322,20211124,    6,    0
 18070,102322,20211125,    0,    0
 18070,102322,20211126,    0,    0
 18070,102322,20211127,    0,    0
 18070,102322,20211128,    3,    0
 18070,102322,20211129,    2,    0
 18070,102322,20211130,    5,    0
 18070,102322,20211201,    8,    0
 18070,102322,20211202,    3,    0
 18070,102322,20211203,    0,    0
 18070,102322,20211204,    1,    0
 18070,102322,20211205,    0,    0
 18070,102322,20211206,    4,    0
 18070,102322,20211207,    1,    0
 18070,102322,20211208,    0,    0
 18070,102322,20211209,    0,    0
 18070,102322,20211210,   31,    0
 18070,102322,20211211,    0,    0
 18070,102322,20211212,   46,    0
 18070,102322,20211213,   18,    0
 18070,102322,20211214,   16,    0
 18070,102322,20211215,    1,    0
 18070,102322,20211216,    2,    0
 18070,102322,20211217,   64,    0
 18070,102322,20211218,   21,    0
 18070,102322,20211219,   23,    0
 18070,102322,20211220,    1,    0
 18070,102322,20211221,    0,    0
 18070,102322,20211222,    7,    0
 18070,102322,20211223,   58,    0
 18070,102322,20211224,    0,    0
 18070,102322,20211225,   19,    0
 18070,102322,20211226,    1,    0
 18070,102322,20211227,   12,    0
 18070,102322,20211228,    1,    0
 18070,102322,20211229,   31,    0
 18070,102322,20211230,   11,    0
 18070,102322,20211231,    0,    0
 18070,102322,20220101,   14,    0
 18070,102322,20220102,    1,    0
 18070,102322,20220103,    0,    0
 18070,102322,20220104,   61,    0
 18070,102322,20220105,   49,    0
 18070,102322,20220106,    5,    0
 18070,102322,20220107,    1,    0
 18070,102322,20220108,   13,    0
 18070,102322,20220109,    2,    0
 18070,102322,20220110,    0,    0
 18070,102322,20220111,    1,    0
 18070,102322,20220112,    4,    0
 18070,102322,20220113,   25,    0
 18070,102322,20220114,   22,    0
 18070,102322,20220115,    0,    0
 18070,102322,20220116,    2,    0
 18070,102322,20220117,    8,    0
 18070,102322,20220118,   57,    0
 18070,102322,20220119,    1,    0
 18070,102322,20220120,   31,    0
 18070,102322,20220121,    3,    0
 18070,102322,20220122,    8,    0
 18070,102322,20220123,   27,    0
 18070,102322,20220124,    2,    0
 18070,102322,20220125,    2,    0
 18070,102322,20220126,    1,    0
 18070,102322,20220127,   18,    0
 18070,102322,20220128,   33,    0
 18070,102322,20220129,   10,    0
 18070,102322,20220130,    1,    0
 18070,102322,20220131,    0,    0
 18070,102322,20220201,    0,    0
 18070,102322,20220202,   19,    0
 18070,102322,20220203,    3,    0
 18070,102322,20220204,    7,    0
 18070,102322,20220205,    1,    0
 18070,102322,20220206,    0,    0
 18070,102322,20220207,    0,    0
 18070,102322,20220208,    3,    0
 18070,102322,20220209,    1,    0
 18070,102322,20220210,    1,    0
 18070,102322,20220211,    3,    0
 18070,102322,20220212,    0,    0
 18070,102322,20220213,   46,    0
 18070,102322,20220214,   47,    0
 18070,102322,20220215,   27,    0
 18070,102322,20220216,    2,    0
 18070,102322,20220217,   10,    0
 18070,102322,20220218,    6,    0
 18070,102322,20220219,    5,    0
 18070,102322,20220220,    1,    0
 18070,102322,20220221,    5,    0
 18070,102322,20220222,    1,    0
 18070,102322,20220223,    3,    0
 18070,102322,20220224,    1,    0
 18070,102322,20220225,    3,    0
 18070,102322,20220226,   22,    0
 18070,102322,20220227,    0,    0
 18070,102322,20220228,    3,    0
 18070,102322,20220301,   42,    0
 18070,102322,20220302,   23,    0
 18070,102322,20220303,   24,    0
 18070,102322,20220304,   14,    0
 18070,102322,20220305,   18,    0
 18070,102322,20220306,    4,    0
 18070,102322,20220307,   17,    0
 18070,102322,20220308,    0,    0
 18070,102322,20220309,    0,    0
 18070,102322,20220310,    8,    0
 18070,102322,20220311,    1,    0
 18070,102322,20220312,    0,    0
 18070,102322,20220313,    0,    0
 18070,102322,20220314,    1,    0
 18070,102322,20220315,    0,    0
 18070,102322,20220316,    0,    0
 18070,102322,20220317,    0,    0
 18070,102322,20220318,    0,    0
 18070,102322,20220319,   11,    0
 18070,102322,20220320,    8,    0
 18070,102322,20220321,    2,    0
 18070,102322,20220322,    4,    0
 18070,102322,20220323,   30,    0
 18070,102322,20220324,    3,    0
 18070,102322,20220325,    0,    0
 18070,102322,20220326,   10,    0
 18070,102322,20220327,    3,    0
 18070,102322,20220328,   38,    0
 18070,102322,20220329,   51,    0
 18070,102322,20220330,   15,    0
 18070,102322,20220331,    4,    0
 18070,102322,20220401,    0,    0
 18070,102322,20220402,    0,    0
 18070,102322,20220403,    0,    0
 18070,102322,20220404,    2,    0
 18070,102322,20220405,    3,    0
 18070,102322,20220406,    4,    0
 18070,102322,20220407,    8,    0
 18070,102322,20220408,    2,    0
 18070,102322,20220409,   16,    0
 18070,102322,20220410,   21,    0
 18070,102322,20220411,   14,    0
 18070,102322,20220412,    0,    0
 18070,102322,20220413,    1,    0
 18070,102322,20220414,    0,    0
 18070,102322,20220415,    3,    0
 18070,102322,20220416,    2,    0
 18070,102322,20220417,    0,    0
 18070,102322,20220418,    1,    0
 18070,102322,20220419,    0,    0
 18070,102322,20220420,    0,    0
 18070,102322,20220421,    7,    0
 18070,102322,20220422,    0,    0
 18070,102322,20220423,    0,    0
 18070,102322,20220424,    0,    0
 18070,102322,20220425,    1,    0
 18070,102322,20220426,    5,    0
 18070,102322,20220427,    5,    0
 18070,102322,20220428,   11,    0
 18070,102322,20220429,   30,    0
 18070,102322,20220430,    1,    0
 18070,102322,20220501,    2,    0
 18070,102322,20220502,    1,    0
 18070,102322,20220503,    6,    0
 18070,102322,20220504,    1,    0
 18070,102322,20220505,    5,    0
 18070,102322,20220506,   15,    0
 18070,102322,20220507,    0,    0
 18070,102322,20220508,    0,    0
 18070,102322,20220509,   18,    0
 18070,102322,20220510,   27,    0
 18070,102322,20220511,  124,    0
 18070,102322,20220512,    0,    0
 18070,102322,20220513,    0,    0
 18070,102322,20220514,    0,    0
 18070,102322,20220515,    0,    0
 18070,102322,20220516,    8,    0
 18070,102322,20220517,    0,    0
 18070,102322,20220518,    0,    0
 18070,102322,20220519,    1,    0
 18070,102322,20220520,    0,    0
 18070,102322,20220521,   81,    0
 18070,102322,20220522,    0,    0
 18070,102322,20220523,    0,    0
 18070,102322,20220524,    0,    0
 18070,102322,20220525,    0,    0
 18070,102322,20220526,    9,    0
 18070,102322,20220527,    6,    0
 18070,102322,20220528,    4,    0
 18070,102322,20220529,    0,    0
 18070,102322,20220530,    0,    0
 18070,102322,20220531,    0,    0
 18070,102322,20220601,    0,    0
 18070,102322,20220602,    0,    0
 18070,102322,20220603,   12,    0
 18070,102322,20220604,    1,    0
 18070,102322,20220605,   21,    0
 18070,102322,20220606,   14,    0
 18070,102322,20220607,   21,    0
 18070,102322,20220608,    0,    0
 18070,102322,20220609,    4,    0
 18070,102322,20220610,    2,    0
 18070,102322,20220611,   14,    0
 18070,102322,20220612,    2,    0
 18070,102322,20220613,    0,    0
 18070,102322,20220614,    1,    0
 18070,102322,20220615,    8,    0
 18070,102322,20220616,    0,    0
 18070,102322,20220617,    0,    0
 18070,102322,20220618,    0,    0
 18070,102322,20220619,    2,    0
 18070,102322,20220620,    0,    0
 18070,102322,20220621,   48,    0
 18070,102322,20220622,  112,    0
 18070,102322,20220623,    2,    0
 18070,102322,20220624,   29,    0
 18070,102322,20220625,    0,    0
 18070,102322,20220626,    0,    0
 18070,102322,20220627,    0,    0
 18070,102322,20220628,    0,    0
 18070,102322,20220629,    0,    0
 18070,102322,20220630,    0,    0
 18070,102322,20220701,    0,    0
 18070,102322,20220702,    0,    0
 18070,102322,20220703,   54,    0
 18070,102322,20220704,   12,    0
 18070,102322,20220705,   71,    0
 18070,102322,20220706,    0,    0
 18070,102322,20220707,   42,    0
 18070,102322,20220708,   23,    0
 18070,102322,20220709,    0,    0
 18070,102322,20220710,   24,    0
 18070,102322,20220711,    1,    0
 18070,102322,20220712,    0,    0
 18070,102322,20220713,   32,    0
 18070,102322,20220714,   55,    0
 18070,102322,20220715,    0,    0
 18070,102322,20220716,   46,    0
 18070,102322,20220717,    1,    0
 18070,102322,20220718,   18,    0
 18070,102322,20220719,   30,    0
 18070,102322,20220720,   13,    0
 18070,102322,20220721,   39,    0
 18070,102322,20220722,    0,    0
 18070,102322,20220723,    9,    0
 18070,102322,20220724,    0,    0
 18070,102322,20220725,    8,    0
 18070,102322,20220726,  128,    0
 18070,102322,20220727,    2,    0
 18070,102322,20220728,    5,    0
 18070,102322,20220729,    0,    0
 18070,102322,20220730,   34,    0
 18070,102322,20220731,    0,    0
 18070,102322,20220801,    0,    0
 18070,102322,20220802,    0,    0
 18070,102322,20220803,    3,    0
 18070,102322,20220804,    3,    0
 18070,102322,20220805,    0,    0
 18070,102322,20220806,  233,    0
 18070,102322,20220807,    4,    0
 18070,102322,20220808,    0,    0
 18070,102322,20220809,    0,    0
 18070,102322,20220810,   56,    0
 18070,102322,20220811,   36,    0
 18070,102322,20220812,   31,    0
 18070,102322,20220813,    3,    0
 18070,102322,20220814,    1,    0
 18070,102322,20220815,    0,    0
 18070,102322,20220816,    0,    0
 18070,102322,20220817,  279,    0
 18070,102322,20220818,    1,    0
 18070,102322,20220819,    0,    0
 18070,102322,20220820,    1,    0
 18070,102322,20220821,   13,    0
 18070,102322,20220822,    4,    0
 18070,102322,20220823,    3,    0
 18070,102322,20220824,    0,    0
 18070,102322,20220825,    0,    0
 18070,102322,20220826,    0,    0
 18070,102322,20220827,   50,    0
 18070,102322,20220828,   23,    0
 18070,102322,20220829,    0,    0
 18070,102322,20220830,    8,    0
 18070,102322,20220831,    0,    0
 18070,102322,20220901,    0,    0
 18070,102322,20220902,    6,    0
 18070,102322,20220903,    0,    0
 18070,102322,20220904,    0,    0
 18070,102322,20220905,   28,    0
 18070,102322,20220906,    4,    0
 18070,102322,20220907,    2,    0
 18070,102322,20220908,    1,    0
 18070,102322,20220909,    4,    0
 18070,102322,20220910,    4,    0
 18070,102322,20220911,   70,    0
 18070,102322,20220912,   19,    0
 18070,102322,20220913,   47,    0
 18070,102322,20220914,   40,    0
 18070,102322,20220915,   28,    0
 18070,102322,20220916,    7,    0
 18070,102322,20220917,   64,    0
 18070,102322,20220918,   18,    0
 18070,102322,20220919,    2,    0
 18070,102322,20220920,    0,    0
 18070,102322,20220921,   25,    0
 18070,102322,20220922,    0,    0
 18070,102322,20220923,    0,    0
 18070,102322,20220924,    0,    0
 18070,102322,20220925,    1,    0
 18070,102322,20220926,    0,    0
 18070,102322,20220927,    0,    0
 18070,102322,20220928,    0,    0
 18070,102322,20220929,    1,    0
 18070,102322,20220930,    0,    0
 18070,102322,20221001,    7,    0
 18070,102322,20221002,   15,    0
 18070,102322,20221003,    0,    0
 18070,102322,20221004,    0,    0
 18070,102322,20221005,    0,    0
 18070,102322,20221006,  159,    0
 18070,102322,20221007,    0,    0
 18070,102322,20221008,    1,    0
 18070,102322,20221009,    0,    0
 18070,102322,20221010,    2,    0
 18070,102322,20221011,    1,    0
 18070,102322,20221012,    1,    0
 18070,102322,20221013,   23,    0
 18070,102322,20221014,    2,    0
 18070,102322,20221015,   40,    0
 18070,102322,20221016,   22,    0
 18070,102322,20221017,   28,    0
 18070,102322,20221018,   18,    0
 18070,102322,20221019,   32,    0
 18070,102322,20221020,    5,    0
 18070,102322,20221021,   28,    0
 18070,102322,20221022,   37,    0
 18070,102322,20221023,   77,    0
 18070,102322,20221024,    1,    0
 18070,102322,20221025,    0,    0
 18070,102322,20221026,    4,    0
 18070,102322,20221027,   11,    0
 18070,102322,20221028,   17,    0
 18070,102322,20221029,   25,    0
 18070,102322,20221030,    4,    0
 18070,102322,20221031,-9999,    9
