EUROPEAN CLIMATE ASSESSMENT & DATASET (ECA&D), file created on: 16-11-2022
THESE DATA CAN BE USED FOR NON-COMMERCIAL RESEARCH AND EDUCATION PROVIDED THAT THE FOLLOWING SOURCE IS ACKNOWLEDGED: 

Klein Tank, A.M.G. and Coauthors, 2002. Daily dataset of 20th-century surface
air temperature and precipitation series for the European Climate Assessment.
Int. J. of Climatol., 22, 1441-1453.
Data and metadata available at http://www.ecad.eu

FILE FORMAT (MISSING VALUE CODE = -9999):

01-06 STAID: Station identifier
08-13 SOUID: Source identifier
15-22 DATE : Date YYYYMMDD
24-28 RR   : Precipitation amount in 0.1 mm
30-34 Q_RR : quality code for RR (0='valid'; 1='suspect'; 9='missing')

This is the blended series of station PUIGCERDA, SPAIN (STAID: 11347)
Blended and updated with sources:73114 
See files sources.txt and stations.txt for more info.

STAID, SOUID,    DATE,   RR, Q_RR
 11347, 73114,20160101,-9999,    9
 11347, 73114,20160102,-9999,    9
 11347, 73114,20160103,-9999,    9
 11347, 73114,20160104,    2,    0
 11347, 73114,20160105,    1,    0
 11347, 73114,20160106,   16,    0
 11347, 73114,20160107,   97,    0
 11347, 73114,20160108,    0,    0
 11347, 73114,20160109,    0,    0
 11347, 73114,20160110,    0,    0
 11347, 73114,20160111,    0,    0
 11347, 73114,20160112,    0,    0
 11347, 73114,20160113,-9999,    9
 11347, 73114,20160114,-9999,    9
 11347, 73114,20160115,-9999,    9
 11347, 73114,20160116,-9999,    9
 11347, 73114,20160117,-9999,    9
 11347, 73114,20160118,-9999,    9
 11347, 73114,20160119,-9999,    9
 11347, 73114,20160120,-9999,    9
 11347, 73114,20160121,-9999,    9
 11347, 73114,20160122,-9999,    9
 11347, 73114,20160123,-9999,    9
 11347, 73114,20160124,-9999,    9
 11347, 73114,20160125,-9999,    9
 11347, 73114,20160126,-9999,    9
 11347, 73114,20160127,-9999,    9
 11347, 73114,20160128,-9999,    9
 11347, 73114,20160129,-9999,    9
 11347, 73114,20160130,-9999,    9
 11347, 73114,20160131,-9999,    9
 11347, 73114,20160201,-9999,    9
 11347, 73114,20160202,-9999,    9
 11347, 73114,20160203,-9999,    9
 11347, 73114,20160204,    5,    0
 11347, 73114,20160205,    0,    0
 11347, 73114,20160206,    1,    0
 11347, 73114,20160207,    0,    0
 11347, 73114,20160208,    0,    0
 11347, 73114,20160209,    0,    0
 11347, 73114,20160210,    5,    0
 11347, 73114,20160211,    0,    0
 11347, 73114,20160212,    0,    0
 11347, 73114,20160213,-9999,    9
 11347, 73114,20160214,-9999,    9
 11347, 73114,20160215,-9999,    9
 11347, 73114,20160216,-9999,    9
 11347, 73114,20160217,-9999,    9
 11347, 73114,20160218,-9999,    9
 11347, 73114,20160219,-9999,    9
 11347, 73114,20160220,-9999,    9
 11347, 73114,20160221,-9999,    9
 11347, 73114,20160222,-9999,    9
 11347, 73114,20160223,-9999,    9
 11347, 73114,20160224,-9999,    9
 11347, 73114,20160225,-9999,    9
 11347, 73114,20160226,-9999,    9
 11347, 73114,20160227,-9999,    9
 11347, 73114,20160228,-9999,    9
 11347, 73114,20160229,-9999,    9
 11347, 73114,20160301,-9999,    9
 11347, 73114,20160302,-9999,    9
 11347, 73114,20160303,-9999,    9
 11347, 73114,20160304,    0,    0
 11347, 73114,20160305,    0,    0
 11347, 73114,20160306,   79,    0
 11347, 73114,20160307,    0,    0
 11347, 73114,20160308,    0,    0
 11347, 73114,20160309,    6,    0
 11347, 73114,20160310,    0,    0
 11347, 73114,20160311,    0,    0
 11347, 73114,20160312,    0,    0
 11347, 73114,20160313,-9999,    9
 11347, 73114,20160314,-9999,    9
 11347, 73114,20160315,-9999,    9
 11347, 73114,20160316,-9999,    9
 11347, 73114,20160317,-9999,    9
 11347, 73114,20160318,-9999,    9
 11347, 73114,20160319,-9999,    9
 11347, 73114,20160320,-9999,    9
 11347, 73114,20160321,-9999,    9
 11347, 73114,20160322,-9999,    9
 11347, 73114,20160323,    0,    0
 11347, 73114,20160324,    0,    0
 11347, 73114,20160325,    0,    0
 11347, 73114,20160326,    0,    0
 11347, 73114,20160327,    0,    0
 11347, 73114,20160328,    0,    0
 11347, 73114,20160329,    0,    0
 11347, 73114,20160330,    0,    0
 11347, 73114,20160331,    0,    0
 11347, 73114,20160401,    2,    0
 11347, 73114,20160402,    5,    0
 11347, 73114,20160403,    0,    0
 11347, 73114,20160404,   57,    0
 11347, 73114,20160405,  269,    0
 11347, 73114,20160406,    0,    0
 11347, 73114,20160407,    0,    0
 11347, 73114,20160408,    1,    0
 11347, 73114,20160409,    1,    0
 11347, 73114,20160410,    1,    0
 11347, 73114,20160411,   36,    0
 11347, 73114,20160412,    2,    0
 11347, 73114,20160413,    2,    0
 11347, 73114,20160414,    0,    0
 11347, 73114,20160415,    0,    0
 11347, 73114,20160416,    1,    0
 11347, 73114,20160417,    0,    0
 11347, 73114,20160418,    0,    0
 11347, 73114,20160419,    0,    0
 11347, 73114,20160420,   12,    0
 11347, 73114,20160421,  267,    0
 11347, 73114,20160422,    1,    0
 11347, 73114,20160423,    1,    0
 11347, 73114,20160424,    0,    0
 11347, 73114,20160425,    0,    0
 11347, 73114,20160426,    0,    0
 11347, 73114,20160427,    3,    0
 11347, 73114,20160428,  140,    0
 11347, 73114,20160429,    0,    0
 11347, 73114,20160430,   27,    0
 11347, 73114,20160501,    1,    0
 11347, 73114,20160502,    0,    0
 11347, 73114,20160503,    0,    0
 11347, 73114,20160504,    0,    0
 11347, 73114,20160505,    0,    0
 11347, 73114,20160506,    0,    0
 11347, 73114,20160507,    5,    0
 11347, 73114,20160508,   55,    0
 11347, 73114,20160509,  383,    0
 11347, 73114,20160510,   46,    0
 11347, 73114,20160511,   34,    0
 11347, 73114,20160512,   28,    0
 11347, 73114,20160513,    0,    0
 11347, 73114,20160514,    0,    0
 11347, 73114,20160515,    0,    0
 11347, 73114,20160516,    0,    0
 11347, 73114,20160517,    0,    0
 11347, 73114,20160518,    3,    0
 11347, 73114,20160519,    0,    0
 11347, 73114,20160520,    0,    0
 11347, 73114,20160521,    0,    0
 11347, 73114,20160522,   42,    0
 11347, 73114,20160523,    0,    0
 11347, 73114,20160524,    0,    0
 11347, 73114,20160525,    0,    0
 11347, 73114,20160526,    0,    0
 11347, 73114,20160527,    0,    0
 11347, 73114,20160528,  119,    0
 11347, 73114,20160529,   33,    0
 11347, 73114,20160530,   74,    0
 11347, 73114,20160531,    0,    0
 11347, 73114,20160601,   16,    0
 11347, 73114,20160602,    1,    0
 11347, 73114,20160603,   79,    0
 11347, 73114,20160604,   98,    0
 11347, 73114,20160605,   33,    0
 11347, 73114,20160606,  185,    0
 11347, 73114,20160607,    1,    0
 11347, 73114,20160608,    0,    0
 11347, 73114,20160609,    0,    0
 11347, 73114,20160610,   34,    0
 11347, 73114,20160611,    4,    0
 11347, 73114,20160612,    0,    0
 11347, 73114,20160613,    0,    0
 11347, 73114,20160614,    0,    0
 11347, 73114,20160615,   16,    0
 11347, 73114,20160616,    0,    0
 11347, 73114,20160617,    9,    0
 11347, 73114,20160618,   88,    0
 11347, 73114,20160619,    0,    0
 11347, 73114,20160620,    0,    0
 11347, 73114,20160621,    0,    0
 11347, 73114,20160622,    0,    0
 11347, 73114,20160623,    0,    0
 11347, 73114,20160624,   53,    0
 11347, 73114,20160625,    0,    0
 11347, 73114,20160626,  240,    0
 11347, 73114,20160627,    0,    0
 11347, 73114,20160628,    0,    0
 11347, 73114,20160629,   19,    0
 11347, 73114,20160630,   65,    0
 11347, 73114,20160701,   97,    0
 11347, 73114,20160702,    0,    0
 11347, 73114,20160703,    0,    0
 11347, 73114,20160704,  219,    0
 11347, 73114,20160705,    6,    0
 11347, 73114,20160706,    9,    0
 11347, 73114,20160707,   30,    0
 11347, 73114,20160708,   59,    0
 11347, 73114,20160709,    1,    0
 11347, 73114,20160710,   30,    0
 11347, 73114,20160711,    6,    0
 11347, 73114,20160712,    0,    0
 11347, 73114,20160713,    0,    0
 11347, 73114,20160714,    0,    0
 11347, 73114,20160715,    0,    0
 11347, 73114,20160716,    0,    0
 11347, 73114,20160717,    0,    0
 11347, 73114,20160718,    0,    0
 11347, 73114,20160719,    0,    0
 11347, 73114,20160720,    0,    0
 11347, 73114,20160721,    0,    0
 11347, 73114,20160722,  100,    0
 11347, 73114,20160723,    0,    0
 11347, 73114,20160724,    0,    0
 11347, 73114,20160725,    0,    0
 11347, 73114,20160726,   25,    0
 11347, 73114,20160727,    0,    0
 11347, 73114,20160728,    0,    0
 11347, 73114,20160729,    0,    0
 11347, 73114,20160730,    0,    0
 11347, 73114,20160731,    6,    0
 11347, 73114,20160801,    0,    0
 11347, 73114,20160802,    0,    0
 11347, 73114,20160803,    0,    0
 11347, 73114,20160804,    0,    0
 11347, 73114,20160805,    0,    0
 11347, 73114,20160806,    0,    0
 11347, 73114,20160807,    0,    0
 11347, 73114,20160808,    0,    0
 11347, 73114,20160809,  480,    0
 11347, 73114,20160810,    0,    0
 11347, 73114,20160811,    0,    0
 11347, 73114,20160812,    0,    0
 11347, 73114,20160813,    0,    0
 11347, 73114,20160814,    0,    0
 11347, 73114,20160815,    0,    0
 11347, 73114,20160816,    2,    0
 11347, 73114,20160817,    2,    0
 11347, 73114,20160818,    0,    0
 11347, 73114,20160819,    0,    0
 11347, 73114,20160820,    3,    0
 11347, 73114,20160821,    0,    0
 11347, 73114,20160822,    0,    0
 11347, 73114,20160823,    0,    0
 11347, 73114,20160824,    0,    0
 11347, 73114,20160825,    0,    0
 11347, 73114,20160826,    0,    0
 11347, 73114,20160827,    0,    0
 11347, 73114,20160828,    0,    0
 11347, 73114,20160829,   37,    0
 11347, 73114,20160830,    1,    0
 11347, 73114,20160831,    0,    0
 11347, 73114,20160901,    0,    0
 11347, 73114,20160902,    0,    0
 11347, 73114,20160903,    6,    0
 11347, 73114,20160904,    0,    0
 11347, 73114,20160905,    0,    0
 11347, 73114,20160906,    0,    0
 11347, 73114,20160907,    0,    0
 11347, 73114,20160908,    0,    0
 11347, 73114,20160909,  382,    0
 11347, 73114,20160910,   26,    0
 11347, 73114,20160911,    0,    0
 11347, 73114,20160912,    0,    0
 11347, 73114,20160913,   44,    0
 11347, 73114,20160914,  108,    0
 11347, 73114,20160915,    0,    0
 11347, 73114,20160916,    0,    0
 11347, 73114,20160917,    0,    0
 11347, 73114,20160918,    0,    0
 11347, 73114,20160919,    0,    0
 11347, 73114,20160920,    0,    0
 11347, 73114,20160921,    0,    0
 11347, 73114,20160922,    0,    0
 11347, 73114,20160923,   44,    0
 11347, 73114,20160924,    0,    0
 11347, 73114,20160925,   37,    0
 11347, 73114,20160926,    0,    0
 11347, 73114,20160927,    0,    0
 11347, 73114,20160928,    0,    0
 11347, 73114,20160929,    0,    0
 11347, 73114,20160930,    0,    0
 11347, 73114,20161001,    0,    0
 11347, 73114,20161002,    5,    0
 11347, 73114,20161003,    0,    0
 11347, 73114,20161004,    0,    0
 11347, 73114,20161005,    0,    0
 11347, 73114,20161006,   38,    0
 11347, 73114,20161007,    1,    0
 11347, 73114,20161008,    0,    0
 11347, 73114,20161009,    0,    0
 11347, 73114,20161010,    0,    0
 11347, 73114,20161011,    0,    0
 11347, 73114,20161012,  131,    0
 11347, 73114,20161013,  133,    0
 11347, 73114,20161014,  133,    0
 11347, 73114,20161015,    0,    0
 11347, 73114,20161016,    0,    0
 11347, 73114,20161017,    0,    0
 11347, 73114,20161018,    0,    0
 11347, 73114,20161019,    0,    0
 11347, 73114,20161020,    0,    0
 11347, 73114,20161021,    0,    0
 11347, 73114,20161022,    0,    0
 11347, 73114,20161023,    0,    0
 11347, 73114,20161024,   42,    0
 11347, 73114,20161025,    4,    0
 11347, 73114,20161026,    1,    0
 11347, 73114,20161027,    0,    0
 11347, 73114,20161028,    0,    0
 11347, 73114,20161029,    0,    0
 11347, 73114,20161030,    0,    0
 11347, 73114,20161031,    0,    0
 11347, 73114,20161101,    0,    0
 11347, 73114,20161102,    0,    0
 11347, 73114,20161103,    0,    0
 11347, 73114,20161104,    7,    0
 11347, 73114,20161105,   91,    0
 11347, 73114,20161106,    1,    0
 11347, 73114,20161107,    0,    0
 11347, 73114,20161108,    0,    0
 11347, 73114,20161109,    0,    0
 11347, 73114,20161110,    0,    0
 11347, 73114,20161111,    0,    0
 11347, 73114,20161112,    0,    0
 11347, 73114,20161113,    5,    0
 11347, 73114,20161114,    0,    0
 11347, 73114,20161115,    0,    0
 11347, 73114,20161116,    0,    0
 11347, 73114,20161117,    0,    0
 11347, 73114,20161118,    0,    0
 11347, 73114,20161119,    0,    0
 11347, 73114,20161120,    0,    0
 11347, 73114,20161121,  117,    0
 11347, 73114,20161122,  143,    0
 11347, 73114,20161123,  204,    0
 11347, 73114,20161124,   11,    0
 11347, 73114,20161125,    0,    0
 11347, 73114,20161126,   43,    0
 11347, 73114,20161127,   11,    0
 11347, 73114,20161128,    0,    0
 11347, 73114,20161129,    0,    0
 11347, 73114,20161130,    0,    0
 11347, 73114,20161201,    0,    0
 11347, 73114,20161202,    0,    0
 11347, 73114,20161203,    0,    0
 11347, 73114,20161204,    2,    0
 11347, 73114,20161205,    0,    0
 11347, 73114,20161206,    0,    0
 11347, 73114,20161207,    0,    0
 11347, 73114,20161208,    0,    0
 11347, 73114,20161209,    0,    0
 11347, 73114,20161210,    0,    0
 11347, 73114,20161211,    0,    0
 11347, 73114,20161212,    0,    0
 11347, 73114,20161213,    0,    0
 11347, 73114,20161214,    0,    0
 11347, 73114,20161215,    0,    0
 11347, 73114,20161216,   16,    0
 11347, 73114,20161217,    0,    0
 11347, 73114,20161218,    0,    0
 11347, 73114,20161219,    0,    0
 11347, 73114,20161220,   55,    0
 11347, 73114,20161221,    0,    0
 11347, 73114,20161222,    0,    0
 11347, 73114,20161223,    0,    0
 11347, 73114,20161224,    0,    0
 11347, 73114,20161225,    0,    0
 11347, 73114,20161226,    0,    0
 11347, 73114,20161227,    0,    0
 11347, 73114,20161228,    0,    0
 11347, 73114,20161229,    0,    0
 11347, 73114,20161230,    0,    0
 11347, 73114,20161231,    0,    0
 11347, 73114,20170101,    0,    0
 11347, 73114,20170102,    0,    0
 11347, 73114,20170103,    0,    0
 11347, 73114,20170104,    0,    0
 11347, 73114,20170105,    0,    0
 11347, 73114,20170106,    0,    0
 11347, 73114,20170107,    0,    0
 11347, 73114,20170108,    0,    0
 11347, 73114,20170109,    0,    0
 11347, 73114,20170110,   51,    0
 11347, 73114,20170111,    2,    0
 11347, 73114,20170112,    0,    0
 11347, 73114,20170113,    1,    0
 11347, 73114,20170114,    0,    0
 11347, 73114,20170115,  117,    0
 11347, 73114,20170116,  227,    0
 11347, 73114,20170117,    0,    0
 11347, 73114,20170118,    0,    0
 11347, 73114,20170119,    0,    0
 11347, 73114,20170120,    0,    0
 11347, 73114,20170121,    0,    0
 11347, 73114,20170122,    0,    0
 11347, 73114,20170123,    1,    0
 11347, 73114,20170124,    0,    0
 11347, 73114,20170125,  134,    0
 11347, 73114,20170126,    3,    0
 11347, 73114,20170127,  134,    0
 11347, 73114,20170128,   18,    0
 11347, 73114,20170129,    0,    0
 11347, 73114,20170130,    0,    0
 11347, 73114,20170131,    0,    0
 11347, 73114,20170201,    0,    0
 11347, 73114,20170202,   22,    0
 11347, 73114,20170203,   10,    0
 11347, 73114,20170204,   37,    0
 11347, 73114,20170205,   81,    0
 11347, 73114,20170206,   51,    0
 11347, 73114,20170207,   11,    0
 11347, 73114,20170208,    0,    0
 11347, 73114,20170209,    0,    0
 11347, 73114,20170210,    0,    0
 11347, 73114,20170211,    8,    0
 11347, 73114,20170212,    5,    0
 11347, 73114,20170213,  117,    0
 11347, 73114,20170214,  103,    0
 11347, 73114,20170215,    0,    0
 11347, 73114,20170216,    0,    0
 11347, 73114,20170217,    0,    0
 11347, 73114,20170218,    0,    0
 11347, 73114,20170219,    0,    0
 11347, 73114,20170220,    0,    0
 11347, 73114,20170221,    0,    0
 11347, 73114,20170222,    0,    0
 11347, 73114,20170223,    0,    0
 11347, 73114,20170224,    0,    0
 11347, 73114,20170225,    0,    0
 11347, 73114,20170226,    0,    0
 11347, 73114,20170227,    0,    0
 11347, 73114,20170228,   21,    0
 11347, 73114,20170301,    0,    0
 11347, 73114,20170302,    0,    0
 11347, 73114,20170303,   67,    0
 11347, 73114,20170304,  337,    0
 11347, 73114,20170305,    0,    0
 11347, 73114,20170306,   17,    0
 11347, 73114,20170307,   57,    0
 11347, 73114,20170308,    1,    0
 11347, 73114,20170309,    0,    0
 11347, 73114,20170310,    0,    0
 11347, 73114,20170311,    0,    0
 11347, 73114,20170312,    0,    0
 11347, 73114,20170313,    0,    0
 11347, 73114,20170314,    0,    0
 11347, 73114,20170315,    0,    0
 11347, 73114,20170316,    0,    0
 11347, 73114,20170317,    0,    0
 11347, 73114,20170318,    0,    0
 11347, 73114,20170319,    0,    0
 11347, 73114,20170320,    0,    0
 11347, 73114,20170321,    0,    0
 11347, 73114,20170322,    0,    0
 11347, 73114,20170323,   33,    0
 11347, 73114,20170324,  172,    0
 11347, 73114,20170325,   94,    0
 11347, 73114,20170326,    0,    0
 11347, 73114,20170327,   50,    0
 11347, 73114,20170328,    0,    0
 11347, 73114,20170329,    0,    0
 11347, 73114,20170330,    0,    0
 11347, 73114,20170331,   52,    0
 11347, 73114,20170401,    3,    0
 11347, 73114,20170402,    0,    0
 11347, 73114,20170403,    0,    0
 11347, 73114,20170404,    0,    0
 11347, 73114,20170405,    2,    0
 11347, 73114,20170406,    1,    0
 11347, 73114,20170407,    0,    0
 11347, 73114,20170408,    0,    0
 11347, 73114,20170409,    0,    0
 11347, 73114,20170410,    0,    0
 11347, 73114,20170411,    0,    0
 11347, 73114,20170412,    0,    0
 11347, 73114,20170413,    0,    0
 11347, 73114,20170414,    0,    0
 11347, 73114,20170415,   15,    0
 11347, 73114,20170416,    0,    0
 11347, 73114,20170417,    0,    0
 11347, 73114,20170418,    0,    0
 11347, 73114,20170419,    0,    0
 11347, 73114,20170420,    0,    0
 11347, 73114,20170421,    0,    0
 11347, 73114,20170422,    0,    0
 11347, 73114,20170423,    0,    0
 11347, 73114,20170424,    0,    0
 11347, 73114,20170425,   31,    0
 11347, 73114,20170426,   72,    0
 11347, 73114,20170427,  149,    0
 11347, 73114,20170428,    0,    0
 11347, 73114,20170429,    0,    0
 11347, 73114,20170430,   84,    0
 11347, 73114,20170501,    0,    0
 11347, 73114,20170502,   16,    0
 11347, 73114,20170503,   12,    0
 11347, 73114,20170504,    0,    0
 11347, 73114,20170505,    0,    0
 11347, 73114,20170506,   55,    0
 11347, 73114,20170507,    0,    0
 11347, 73114,20170508,    0,    0
 11347, 73114,20170509,    0,    0
 11347, 73114,20170510,   20,    0
 11347, 73114,20170511,  104,    0
 11347, 73114,20170512,    0,    0
 11347, 73114,20170513,    0,    0
 11347, 73114,20170514,    0,    0
 11347, 73114,20170515,    0,    0
 11347, 73114,20170516,    0,    0
 11347, 73114,20170517,    0,    0
 11347, 73114,20170518,  124,    0
 11347, 73114,20170519,   10,    0
 11347, 73114,20170520,    0,    0
 11347, 73114,20170521,    0,    0
 11347, 73114,20170522,  108,    0
 11347, 73114,20170523,    1,    0
 11347, 73114,20170524,    0,    0
 11347, 73114,20170525,    0,    0
 11347, 73114,20170526,    0,    0
 11347, 73114,20170527,    0,    0
 11347, 73114,20170528,    0,    0
 11347, 73114,20170529,    0,    0
 11347, 73114,20170530,   54,    0
 11347, 73114,20170531,   52,    0
 11347, 73114,20170601,   89,    0
 11347, 73114,20170602,  314,    0
 11347, 73114,20170603,   75,    0
 11347, 73114,20170604,   33,    0
 11347, 73114,20170605,    0,    0
 11347, 73114,20170606,    0,    0
 11347, 73114,20170607,    0,    0
 11347, 73114,20170608,    0,    0
 11347, 73114,20170609,    4,    0
 11347, 73114,20170610,    0,    0
 11347, 73114,20170611,    0,    0
 11347, 73114,20170612,    0,    0
 11347, 73114,20170613,    0,    0
 11347, 73114,20170614,    0,    0
 11347, 73114,20170615,   38,    0
 11347, 73114,20170616,    0,    0
 11347, 73114,20170617,    0,    0
 11347, 73114,20170618,    0,    0
 11347, 73114,20170619,    0,    0
 11347, 73114,20170620,  462,    0
 11347, 73114,20170621,    0,    0
 11347, 73114,20170622,   64,    0
 11347, 73114,20170623,   18,    0
 11347, 73114,20170624,    0,    0
 11347, 73114,20170625,    0,    0
 11347, 73114,20170626,   43,    0
 11347, 73114,20170627,   21,    0
 11347, 73114,20170628,    1,    0
 11347, 73114,20170629,    0,    0
 11347, 73114,20170630,   11,    0
 11347, 73114,20170701,    0,    0
 11347, 73114,20170702,    0,    0
 11347, 73114,20170703,    0,    0
 11347, 73114,20170704,    0,    0
 11347, 73114,20170705,    0,    0
 11347, 73114,20170706,    0,    0
 11347, 73114,20170707,    0,    0
 11347, 73114,20170708,   19,    0
 11347, 73114,20170709,    0,    0
 11347, 73114,20170710,  146,    0
 11347, 73114,20170711,    0,    0
 11347, 73114,20170712,    0,    0
 11347, 73114,20170713,    0,    0
 11347, 73114,20170714,    0,    0
 11347, 73114,20170715,    0,    0
 11347, 73114,20170716,    0,    0
 11347, 73114,20170717,    2,    0
 11347, 73114,20170718,    0,    0
 11347, 73114,20170719,    0,    0
 11347, 73114,20170720,   68,    0
 11347, 73114,20170721,   31,    0
 11347, 73114,20170722,    0,    0
 11347, 73114,20170723,   37,    0
 11347, 73114,20170724,    0,    0
 11347, 73114,20170725,    0,    0
 11347, 73114,20170726,    0,    0
 11347, 73114,20170727,    0,    0
 11347, 73114,20170728,    0,    0
 11347, 73114,20170729,    0,    0
 11347, 73114,20170730,    0,    0
 11347, 73114,20170731,    0,    0
 11347, 73114,20170801,    0,    0
 11347, 73114,20170802,    0,    0
 11347, 73114,20170803,    0,    0
 11347, 73114,20170804,    0,    0
 11347, 73114,20170805,    5,    0
 11347, 73114,20170806,  107,    0
 11347, 73114,20170807,    0,    0
 11347, 73114,20170808,    1,    0
 11347, 73114,20170809,  213,    0
 11347, 73114,20170810,    0,    0
 11347, 73114,20170811,    0,    0
 11347, 73114,20170812,    0,    0
 11347, 73114,20170813,    0,    0
 11347, 73114,20170814,    0,    0
 11347, 73114,20170815,   16,    0
 11347, 73114,20170816,    0,    0
 11347, 73114,20170817,    0,    0
 11347, 73114,20170818,    0,    0
 11347, 73114,20170819,    0,    0
 11347, 73114,20170820,    0,    0
 11347, 73114,20170821,    0,    0
 11347, 73114,20170822,    0,    0
 11347, 73114,20170823,   11,    0
 11347, 73114,20170824,    2,    0
 11347, 73114,20170825,    0,    0
 11347, 73114,20170826,    0,    0
 11347, 73114,20170827,   43,    0
 11347, 73114,20170828,   19,    0
 11347, 73114,20170829,    0,    0
 11347, 73114,20170830,    5,    0
 11347, 73114,20170831,   61,    0
 11347, 73114,20170901,    0,    0
 11347, 73114,20170902,    0,    0
 11347, 73114,20170903,    1,    0
 11347, 73114,20170904,    1,    0
 11347, 73114,20170905,    0,    0
 11347, 73114,20170906,   80,    0
 11347, 73114,20170907,    0,    0
 11347, 73114,20170908,    0,    0
 11347, 73114,20170909,   93,    0
 11347, 73114,20170910,    0,    0
 11347, 73114,20170911,    0,    0
 11347, 73114,20170912,    0,    0
 11347, 73114,20170913,    0,    0
 11347, 73114,20170914,    7,    0
 11347, 73114,20170915,  210,    0
 11347, 73114,20170916,   29,    0
 11347, 73114,20170917,    1,    0
 11347, 73114,20170918,   13,    0
 11347, 73114,20170919,    0,    0
 11347, 73114,20170920,    0,    0
 11347, 73114,20170921,    0,    0
 11347, 73114,20170922,   33,    0
 11347, 73114,20170923,    0,    0
 11347, 73114,20170924,    0,    0
 11347, 73114,20170925,   88,    0
 11347, 73114,20170926,    0,    0
 11347, 73114,20170927,    0,    0
 11347, 73114,20170928,    0,    0
 11347, 73114,20170929,    0,    0
 11347, 73114,20170930,   30,    0
 11347, 73114,20171001,    2,    0
 11347, 73114,20171002,    1,    0
 11347, 73114,20171003,    0,    0
 11347, 73114,20171004,    0,    0
 11347, 73114,20171005,    0,    0
 11347, 73114,20171006,    0,    0
 11347, 73114,20171007,    0,    0
 11347, 73114,20171008,    0,    0
 11347, 73114,20171009,    0,    0
 11347, 73114,20171010,    0,    0
 11347, 73114,20171011,    0,    0
 11347, 73114,20171012,    0,    0
 11347, 73114,20171013,    0,    0
 11347, 73114,20171014,    0,    0
 11347, 73114,20171015,    0,    0
 11347, 73114,20171016,    0,    0
 11347, 73114,20171017,    0,    0
 11347, 73114,20171018,  156,    0
 11347, 73114,20171019,   87,    0
 11347, 73114,20171020,    0,    0
 11347, 73114,20171021,    0,    0
 11347, 73114,20171022,    0,    0
 11347, 73114,20171023,    0,    0
 11347, 73114,20171024,    0,    0
 11347, 73114,20171025,    0,    0
 11347, 73114,20171026,    0,    0
 11347, 73114,20171027,    0,    0
 11347, 73114,20171028,    0,    0
 11347, 73114,20171029,    0,    0
 11347, 73114,20171030,    0,    0
 11347, 73114,20171031,    0,    0
 11347, 73114,20171101,    0,    0
 11347, 73114,20171102,    0,    0
 11347, 73114,20171103,    0,    0
 11347, 73114,20171104,   64,    0
 11347, 73114,20171105,   25,    0
 11347, 73114,20171106,   11,    0
 11347, 73114,20171107,    0,    0
 11347, 73114,20171108,    0,    0
 11347, 73114,20171109,   12,    0
 11347, 73114,20171110,    0,    0
 11347, 73114,20171111,    0,    0
 11347, 73114,20171112,    0,    0
 11347, 73114,20171113,    0,    0
 11347, 73114,20171114,    0,    0
 11347, 73114,20171115,    0,    0
 11347, 73114,20171116,    0,    0
 11347, 73114,20171117,    0,    0
 11347, 73114,20171118,    0,    0
 11347, 73114,20171119,    0,    0
 11347, 73114,20171120,    0,    0
 11347, 73114,20171121,    0,    0
 11347, 73114,20171122,    0,    0
 11347, 73114,20171123,    0,    0
 11347, 73114,20171124,    0,    0
 11347, 73114,20171125,    0,    0
 11347, 73114,20171126,    0,    0
 11347, 73114,20171127,    0,    0
 11347, 73114,20171128,    0,    0
 11347, 73114,20171129,    0,    0
 11347, 73114,20171130,    0,    0
 11347, 73114,20171201,   22,    0
 11347, 73114,20171202,   11,    0
 11347, 73114,20171203,    0,    0
 11347, 73114,20171204,    0,    0
 11347, 73114,20171205,    0,    0
 11347, 73114,20171206,    0,    0
 11347, 73114,20171207,    0,    0
 11347, 73114,20171208,    0,    0
 11347, 73114,20171209,    0,    0
 11347, 73114,20171210,    1,    0
 11347, 73114,20171211,   27,    0
 11347, 73114,20171212,    0,    0
 11347, 73114,20171213,    0,    0
 11347, 73114,20171214,    0,    0
 11347, 73114,20171215,    0,    0
 11347, 73114,20171216,    0,    0
 11347, 73114,20171217,    0,    0
 11347, 73114,20171218,   95,    0
 11347, 73114,20171219,    0,    0
 11347, 73114,20171220,    0,    0
 11347, 73114,20171221,    0,    0
 11347, 73114,20171222,    0,    0
 11347, 73114,20171223,    0,    0
 11347, 73114,20171224,    0,    0
 11347, 73114,20171225,    0,    0
 11347, 73114,20171226,    0,    0
 11347, 73114,20171227,  104,    0
 11347, 73114,20171228,   46,    0
 11347, 73114,20171229,   31,    0
 11347, 73114,20171230,    1,    0
 11347, 73114,20171231,    0,    0
 11347, 73114,20180101,   30,    0
 11347, 73114,20180102,    8,    0
 11347, 73114,20180103,    1,    0
 11347, 73114,20180104,    0,    0
 11347, 73114,20180105,    0,    0
 11347, 73114,20180106,    7,    0
 11347, 73114,20180107,  358,    0
 11347, 73114,20180108,    0,    0
 11347, 73114,20180109,    1,    0
 11347, 73114,20180110,    5,    0
 11347, 73114,20180111,    0,    0
 11347, 73114,20180112,    0,    0
 11347, 73114,20180113,    0,    0
 11347, 73114,20180114,   20,    0
 11347, 73114,20180115,    0,    0
 11347, 73114,20180116,    0,    0
 11347, 73114,20180117,    0,    0
 11347, 73114,20180118,    0,    0
 11347, 73114,20180119,    0,    0
 11347, 73114,20180120,    0,    0
 11347, 73114,20180121,  112,    0
 11347, 73114,20180122,    0,    0
 11347, 73114,20180123,    0,    0
 11347, 73114,20180124,    0,    0
 11347, 73114,20180125,    0,    0
 11347, 73114,20180126,  154,    0
 11347, 73114,20180127,    1,    0
 11347, 73114,20180128,    0,    0
 11347, 73114,20180129,    0,    0
 11347, 73114,20180130,    0,    0
 11347, 73114,20180131,    0,    0
 11347, 73114,20180201,    2,    0
 11347, 73114,20180202,    0,    0
 11347, 73114,20180203,    1,    0
 11347, 73114,20180204,  126,    0
 11347, 73114,20180205,  332,    0
 11347, 73114,20180206,    8,    0
 11347, 73114,20180207,    0,    0
 11347, 73114,20180208,    0,    0
 11347, 73114,20180209,    0,    0
 11347, 73114,20180210,   14,    0
 11347, 73114,20180211,   12,    0
 11347, 73114,20180212,    0,    0
 11347, 73114,20180213,    5,    0
 11347, 73114,20180214,   27,    0
 11347, 73114,20180215,    3,    0
 11347, 73114,20180216,   17,    0
 11347, 73114,20180217,    6,    0
 11347, 73114,20180218,    0,    0
 11347, 73114,20180219,    9,    0
 11347, 73114,20180220,   26,    0
 11347, 73114,20180221,   40,    0
 11347, 73114,20180222,    0,    0
 11347, 73114,20180223,    0,    0
 11347, 73114,20180224,    0,    0
 11347, 73114,20180225,    0,    0
 11347, 73114,20180226,    0,    0
 11347, 73114,20180227,    0,    0
 11347, 73114,20180228,  172,    0
 11347, 73114,20180301,  124,    0
 11347, 73114,20180302,    2,    0
 11347, 73114,20180303,    4,    0
 11347, 73114,20180304,   17,    0
 11347, 73114,20180305,    1,    0
 11347, 73114,20180306,    0,    0
 11347, 73114,20180307,    4,    0
 11347, 73114,20180308,    0,    0
 11347, 73114,20180309,    5,    0
 11347, 73114,20180310,   85,    0
 11347, 73114,20180311,    1,    0
 11347, 73114,20180312,   11,    0
 11347, 73114,20180313,    0,    0
 11347, 73114,20180314,    7,    0
 11347, 73114,20180315,   43,    0
 11347, 73114,20180316,    0,    0
 11347, 73114,20180317,    3,    0
 11347, 73114,20180318,    4,    0
 11347, 73114,20180319,   18,    0
 11347, 73114,20180320,    0,    0
 11347, 73114,20180321,    0,    0
 11347, 73114,20180322,    0,    0
 11347, 73114,20180323,    0,    0
 11347, 73114,20180324,   60,    0
 11347, 73114,20180325,    8,    0
 11347, 73114,20180326,    9,    0
 11347, 73114,20180327,    0,    0
 11347, 73114,20180328,    0,    0
 11347, 73114,20180329,   23,    0
 11347, 73114,20180330,    1,    0
 11347, 73114,20180331,    0,    0
 11347, 73114,20180401,    0,    0
 11347, 73114,20180402,    0,    0
 11347, 73114,20180403,    0,    0
 11347, 73114,20180404,   54,    0
 11347, 73114,20180405,    0,    0
 11347, 73114,20180406,    6,    0
 11347, 73114,20180407,    5,    0
 11347, 73114,20180408,  283,    0
 11347, 73114,20180409,   10,    0
 11347, 73114,20180410,   60,    0
 11347, 73114,20180411,  266,    0
 11347, 73114,20180412,    5,    0
 11347, 73114,20180413,   27,    0
 11347, 73114,20180414,   59,    0
 11347, 73114,20180415,    1,    0
 11347, 73114,20180416,    0,    0
 11347, 73114,20180417,    0,    0
 11347, 73114,20180418,    0,    0
 11347, 73114,20180419,    0,    0
 11347, 73114,20180420,    0,    0
 11347, 73114,20180421,    0,    0
 11347, 73114,20180422,    0,    0
 11347, 73114,20180423,    3,    0
 11347, 73114,20180424,    0,    0
 11347, 73114,20180425,    0,    0
 11347, 73114,20180426,    0,    0
 11347, 73114,20180427,  150,    0
 11347, 73114,20180428,    0,    0
 11347, 73114,20180429,  117,    0
 11347, 73114,20180430,    0,    0
 11347, 73114,20180501,    0,    0
 11347, 73114,20180502,    0,    0
 11347, 73114,20180503,    8,    0
 11347, 73114,20180504,    0,    0
 11347, 73114,20180505,    0,    0
 11347, 73114,20180506,    2,    0
 11347, 73114,20180507,   48,    0
 11347, 73114,20180508,    5,    0
 11347, 73114,20180509,    0,    0
 11347, 73114,20180510,    1,    0
 11347, 73114,20180511,    0,    0
 11347, 73114,20180512,  384,    0
 11347, 73114,20180513,   64,    0
 11347, 73114,20180514,    0,    0
 11347, 73114,20180515,    0,    0
 11347, 73114,20180516,    0,    0
 11347, 73114,20180517,    0,    0
 11347, 73114,20180518,    0,    0
 11347, 73114,20180519,  123,    0
 11347, 73114,20180520,   21,    0
 11347, 73114,20180521,   22,    0
 11347, 73114,20180522,   11,    0
 11347, 73114,20180523,    0,    0
 11347, 73114,20180524,    0,    0
 11347, 73114,20180525,    6,    0
 11347, 73114,20180526,   18,    0
 11347, 73114,20180527,    0,    0
 11347, 73114,20180528,   44,    0
 11347, 73114,20180529,   74,    0
 11347, 73114,20180530,  187,    0
 11347, 73114,20180531,   59,    0
 11347, 73114,20180601,   33,    0
 11347, 73114,20180602,   13,    0
 11347, 73114,20180603,   19,    0
 11347, 73114,20180604,    0,    0
 11347, 73114,20180605,   18,    0
 11347, 73114,20180606,   75,    0
 11347, 73114,20180607,   31,    0
 11347, 73114,20180608,    0,    0
 11347, 73114,20180609,    0,    0
 11347, 73114,20180610,   38,    0
 11347, 73114,20180611,    1,    0
 11347, 73114,20180612,    5,    0
 11347, 73114,20180613,    0,    0
 11347, 73114,20180614,    0,    0
 11347, 73114,20180615,    0,    0
 11347, 73114,20180616,    0,    0
 11347, 73114,20180617,    0,    0
 11347, 73114,20180618,    0,    0
 11347, 73114,20180619,    0,    0
 11347, 73114,20180620,    0,    0
 11347, 73114,20180621,    0,    0
 11347, 73114,20180622,    0,    0
 11347, 73114,20180623,    0,    0
 11347, 73114,20180624,    0,    0
 11347, 73114,20180625,    0,    0
 11347, 73114,20180626,    0,    0
 11347, 73114,20180627,    1,    0
 11347, 73114,20180628,  140,    0
 11347, 73114,20180629,    0,    0
 11347, 73114,20180630,    0,    0
 11347, 73114,20180701,    0,    0
 11347, 73114,20180702,    0,    0
 11347, 73114,20180703,    0,    0
 11347, 73114,20180704,    0,    0
 11347, 73114,20180705,   64,    0
 11347, 73114,20180706,    1,    0
 11347, 73114,20180707,   65,    0
 11347, 73114,20180708,  150,    0
 11347, 73114,20180709,   32,    0
 11347, 73114,20180710,   91,    0
 11347, 73114,20180711,  130,    0
 11347, 73114,20180712,    1,    0
 11347, 73114,20180713,    0,    0
 11347, 73114,20180714,    0,    0
 11347, 73114,20180715,    0,    0
 11347, 73114,20180716,   41,    0
 11347, 73114,20180717,    0,    0
 11347, 73114,20180718,   25,    0
 11347, 73114,20180719,    0,    0
 11347, 73114,20180720,   38,    0
 11347, 73114,20180721,    3,    0
 11347, 73114,20180722,    0,    0
 11347, 73114,20180723,    0,    0
 11347, 73114,20180724,   30,    0
 11347, 73114,20180725,   73,    0
 11347, 73114,20180726,    8,    0
 11347, 73114,20180727,    0,    0
 11347, 73114,20180728,    0,    0
 11347, 73114,20180729,    0,    0
 11347, 73114,20180730,    0,    0
 11347, 73114,20180731,    0,    0
 11347, 73114,20180801,   62,    0
 11347, 73114,20180802,    0,    0
 11347, 73114,20180803,    0,    0
 11347, 73114,20180804,    0,    0
 11347, 73114,20180805,   12,    0
 11347, 73114,20180806,   45,    0
 11347, 73114,20180807,   24,    0
 11347, 73114,20180808,   14,    0
 11347, 73114,20180809,   62,    0
 11347, 73114,20180810,   64,    0
 11347, 73114,20180811,    0,    0
 11347, 73114,20180812,   66,    0
 11347, 73114,20180813,   11,    0
 11347, 73114,20180814,    0,    0
 11347, 73114,20180815,    0,    0
 11347, 73114,20180816,   37,    0
 11347, 73114,20180817,  138,    0
 11347, 73114,20180818,   23,    0
 11347, 73114,20180819,    0,    0
 11347, 73114,20180820,    0,    0
 11347, 73114,20180821,    0,    0
 11347, 73114,20180822,   11,    0
 11347, 73114,20180823,  137,    0
 11347, 73114,20180824,    0,    0
 11347, 73114,20180825,    7,    0
 11347, 73114,20180826,    0,    0
 11347, 73114,20180827,    0,    0
 11347, 73114,20180828,    0,    0
 11347, 73114,20180829,   40,    0
 11347, 73114,20180830,    0,    0
 11347, 73114,20180831,    0,    0
 11347, 73114,20180901,    0,    0
 11347, 73114,20180902,    0,    0
 11347, 73114,20180903,   43,    0
 11347, 73114,20180904,   37,    0
 11347, 73114,20180905,  114,    0
 11347, 73114,20180906,   41,    0
 11347, 73114,20180907,    0,    0
 11347, 73114,20180908,    0,    0
 11347, 73114,20180909,   36,    0
 11347, 73114,20180910,    1,    0
 11347, 73114,20180911,    0,    0
 11347, 73114,20180912,   47,    0
 11347, 73114,20180913,    0,    0
 11347, 73114,20180914,    0,    0
 11347, 73114,20180915,    0,    0
 11347, 73114,20180916,    0,    0
 11347, 73114,20180917,    0,    0
 11347, 73114,20180918,    7,    0
 11347, 73114,20180919,    0,    0
 11347, 73114,20180920,    0,    0
 11347, 73114,20180921,    0,    0
 11347, 73114,20180922,    0,    0
 11347, 73114,20180923,    0,    0
 11347, 73114,20180924,    0,    0
 11347, 73114,20180925,    0,    0
 11347, 73114,20180926,    0,    0
 11347, 73114,20180927,    0,    0
 11347, 73114,20180928,    0,    0
 11347, 73114,20180929,  120,    0
 11347, 73114,20180930,    0,    0
 11347, 73114,20181001,    0,    0
 11347, 73114,20181002,    0,    0
 11347, 73114,20181003,    0,    0
 11347, 73114,20181004,    0,    0
 11347, 73114,20181005,    0,    0
 11347, 73114,20181006,    1,    0
 11347, 73114,20181007,   78,    0
 11347, 73114,20181008,   12,    0
 11347, 73114,20181009,  188,    0
 11347, 73114,20181010,  116,    0
 11347, 73114,20181011,    0,    0
 11347, 73114,20181012,    0,    0
 11347, 73114,20181013,    0,    0
 11347, 73114,20181014,  241,    0
 11347, 73114,20181015,  171,    0
 11347, 73114,20181016,    2,    0
 11347, 73114,20181017,    0,    0
 11347, 73114,20181018,   22,    0
 11347, 73114,20181019,    2,    0
 11347, 73114,20181020,    0,    0
 11347, 73114,20181021,    0,    0
 11347, 73114,20181022,    0,    0
 11347, 73114,20181023,    0,    0
 11347, 73114,20181024,    0,    0
 11347, 73114,20181025,    0,    0
 11347, 73114,20181026,   31,    0
 11347, 73114,20181027,  116,    0
 11347, 73114,20181028,   44,    0
 11347, 73114,20181029,    0,    0
 11347, 73114,20181030,    9,    0
 11347, 73114,20181031,  383,    0
 11347, 73114,20181101,   24,    0
 11347, 73114,20181102,    0,    0
 11347, 73114,20181103,    0,    0
 11347, 73114,20181104,    0,    0
 11347, 73114,20181105,  147,    0
 11347, 73114,20181106,   22,    0
 11347, 73114,20181107,    0,    0
 11347, 73114,20181108,    8,    0
 11347, 73114,20181109,   98,    0
 11347, 73114,20181110,    0,    0
 11347, 73114,20181111,    0,    0
 11347, 73114,20181112,    0,    0
 11347, 73114,20181113,    0,    0
 11347, 73114,20181114,    0,    0
 11347, 73114,20181115,    7,    0
 11347, 73114,20181116,    1,    0
 11347, 73114,20181117,    8,    0
 11347, 73114,20181118,    0,    0
 11347, 73114,20181119,    1,    0
 11347, 73114,20181120,   13,    0
 11347, 73114,20181121,    0,    0
 11347, 73114,20181122,    0,    0
 11347, 73114,20181123,   31,    0
 11347, 73114,20181124,    1,    0
 11347, 73114,20181125,    0,    0
 11347, 73114,20181126,    0,    0
 11347, 73114,20181127,    0,    0
 11347, 73114,20181128,    0,    0
 11347, 73114,20181129,    0,    0
 11347, 73114,20181130,   38,    0
 11347, 73114,20181201,    0,    0
 11347, 73114,20181202,    0,    0
 11347, 73114,20181203,    0,    0
 11347, 73114,20181204,    0,    0
 11347, 73114,20181205,    0,    0
 11347, 73114,20181206,    0,    0
 11347, 73114,20181207,    0,    0
 11347, 73114,20181208,    0,    0
 11347, 73114,20181209,    0,    0
 11347, 73114,20181210,    0,    0
 11347, 73114,20181211,    0,    0
 11347, 73114,20181212,    0,    0
 11347, 73114,20181213,   26,    0
 11347, 73114,20181214,    0,    0
 11347, 73114,20181215,    2,    0
 11347, 73114,20181216,   64,    0
 11347, 73114,20181217,    0,    0
 11347, 73114,20181218,    0,    0
 11347, 73114,20181219,    0,    0
 11347, 73114,20181220,    0,    0
 11347, 73114,20181221,    0,    0
 11347, 73114,20181222,    0,    0
 11347, 73114,20181223,    0,    0
 11347, 73114,20181224,    0,    0
 11347, 73114,20181225,    0,    0
 11347, 73114,20181226,    0,    0
 11347, 73114,20181227,    0,    0
 11347, 73114,20181228,    0,    0
 11347, 73114,20181229,    0,    0
 11347, 73114,20181230,    0,    0
 11347, 73114,20181231,    0,    0
 11347, 73114,20190101,    0,    0
 11347, 73114,20190102,   91,    0
 11347, 73114,20190103,    0,    0
 11347, 73114,20190104,   68,    0
 11347, 73114,20190105,   43,    0
 11347, 73114,20190106,    0,    0
 11347, 73114,20190107,-9999,    9
 11347, 73114,20190108,-9999,    9
 11347, 73114,20190109,-9999,    9
 11347, 73114,20190110,-9999,    9
 11347, 73114,20190111,-9999,    9
 11347, 73114,20190112,-9999,    9
 11347, 73114,20190113,-9999,    9
 11347, 73114,20190114,-9999,    9
 11347, 73114,20190115,-9999,    9
 11347, 73114,20190116,-9999,    9
 11347, 73114,20190117,-9999,    9
 11347, 73114,20190118,-9999,    9
 11347, 73114,20190119,-9999,    9
 11347, 73114,20190120,-9999,    9
 11347, 73114,20190121,-9999,    9
 11347, 73114,20190122,-9999,    9
 11347, 73114,20190123,-9999,    9
 11347, 73114,20190124,-9999,    9
 11347, 73114,20190125,-9999,    9
 11347, 73114,20190126,-9999,    9
 11347, 73114,20190127,-9999,    9
 11347, 73114,20190128,-9999,    9
 11347, 73114,20190129,-9999,    9
 11347, 73114,20190130,-9999,    9
 11347, 73114,20190131,-9999,    9
 11347, 73114,20190201,    0,    0
 11347, 73114,20190202,    5,    0
 11347, 73114,20190203,    0,    0
 11347, 73114,20190204,   16,    0
 11347, 73114,20190205,   99,    0
 11347, 73114,20190206,   76,    0
 11347, 73114,20190207,-9999,    9
 11347, 73114,20190208,-9999,    9
 11347, 73114,20190209,-9999,    9
 11347, 73114,20190210,-9999,    9
 11347, 73114,20190211,-9999,    9
 11347, 73114,20190212,-9999,    9
 11347, 73114,20190213,-9999,    9
 11347, 73114,20190214,-9999,    9
 11347, 73114,20190215,-9999,    9
 11347, 73114,20190216,-9999,    9
 11347, 73114,20190217,-9999,    9
 11347, 73114,20190218,-9999,    9
 11347, 73114,20190219,-9999,    9
 11347, 73114,20190220,-9999,    9
 11347, 73114,20190221,-9999,    9
 11347, 73114,20190222,-9999,    9
 11347, 73114,20190223,-9999,    9
 11347, 73114,20190224,-9999,    9
 11347, 73114,20190225,-9999,    9
 11347, 73114,20190226,-9999,    9
 11347, 73114,20190227,-9999,    9
 11347, 73114,20190228,-9999,    9
 11347, 73114,20190301,    0,    0
 11347, 73114,20190302,    0,    0
 11347, 73114,20190303,    0,    0
 11347, 73114,20190304,   52,    0
 11347, 73114,20190305,   63,    0
 11347, 73114,20190306,    0,    0
 11347, 73114,20190307,-9999,    9
 11347, 73114,20190308,-9999,    9
 11347, 73114,20190309,-9999,    9
 11347, 73114,20190310,-9999,    9
 11347, 73114,20190311,-9999,    9
 11347, 73114,20190312,-9999,    9
 11347, 73114,20190313,-9999,    9
 11347, 73114,20190314,-9999,    9
 11347, 73114,20190315,-9999,    9
 11347, 73114,20190316,-9999,    9
 11347, 73114,20190317,-9999,    9
 11347, 73114,20190318,-9999,    9
 11347, 73114,20190319,-9999,    9
 11347, 73114,20190320,-9999,    9
 11347, 73114,20190321,-9999,    9
 11347, 73114,20190322,-9999,    9
 11347, 73114,20190323,-9999,    9
 11347, 73114,20190324,-9999,    9
 11347, 73114,20190325,-9999,    9
 11347, 73114,20190326,-9999,    9
 11347, 73114,20190327,-9999,    9
 11347, 73114,20190328,-9999,    9
 11347, 73114,20190329,-9999,    9
 11347, 73114,20190330,-9999,    9
 11347, 73114,20190331,-9999,    9
 11347, 73114,20190401,    0,    0
 11347, 73114,20190402,    6,    0
 11347, 73114,20190403,    0,    0
 11347, 73114,20190404,    0,    0
 11347, 73114,20190405,    0,    0
 11347, 73114,20190406,    0,    0
 11347, 73114,20190407,-9999,    9
 11347, 73114,20190408,-9999,    9
 11347, 73114,20190409,-9999,    9
 11347, 73114,20190410,-9999,    9
 11347, 73114,20190411,-9999,    9
 11347, 73114,20190412,-9999,    9
 11347, 73114,20190413,-9999,    9
 11347, 73114,20190414,-9999,    9
 11347, 73114,20190415,-9999,    9
 11347, 73114,20190416,-9999,    9
 11347, 73114,20190417,-9999,    9
 11347, 73114,20190418,-9999,    9
 11347, 73114,20190419,-9999,    9
 11347, 73114,20190420,-9999,    9
 11347, 73114,20190421,-9999,    9
 11347, 73114,20190422,-9999,    9
 11347, 73114,20190423,-9999,    9
 11347, 73114,20190424,-9999,    9
 11347, 73114,20190425,-9999,    9
 11347, 73114,20190426,-9999,    9
 11347, 73114,20190427,-9999,    9
 11347, 73114,20190428,-9999,    9
 11347, 73114,20190429,-9999,    9
 11347, 73114,20190430,-9999,    9
 11347, 73114,20190501,    0,    0
 11347, 73114,20190502,   66,    0
 11347, 73114,20190503,    0,    0
 11347, 73114,20190504,  132,    0
 11347, 73114,20190505,    0,    0
 11347, 73114,20190506,   35,    0
 11347, 73114,20190507,-9999,    9
 11347, 73114,20190508,-9999,    9
 11347, 73114,20190509,-9999,    9
 11347, 73114,20190510,-9999,    9
 11347, 73114,20190511,-9999,    9
 11347, 73114,20190512,-9999,    9
 11347, 73114,20190513,-9999,    9
 11347, 73114,20190514,-9999,    9
 11347, 73114,20190515,-9999,    9
 11347, 73114,20190516,-9999,    9
 11347, 73114,20190517,-9999,    9
 11347, 73114,20190518,-9999,    9
 11347, 73114,20190519,-9999,    9
 11347, 73114,20190520,-9999,    9
 11347, 73114,20190521,-9999,    9
 11347, 73114,20190522,-9999,    9
 11347, 73114,20190523,-9999,    9
 11347, 73114,20190524,-9999,    9
 11347, 73114,20190525,-9999,    9
 11347, 73114,20190526,-9999,    9
 11347, 73114,20190527,-9999,    9
 11347, 73114,20190528,-9999,    9
 11347, 73114,20190529,-9999,    9
 11347, 73114,20190530,-9999,    9
 11347, 73114,20190531,-9999,    9
 11347, 73114,20190601,    0,    0
 11347, 73114,20190602,    0,    0
 11347, 73114,20190603,   24,    0
 11347, 73114,20190604,   25,    0
 11347, 73114,20190605,    0,    0
 11347, 73114,20190606,    0,    0
 11347, 73114,20190607,-9999,    9
 11347, 73114,20190608,-9999,    9
 11347, 73114,20190609,-9999,    9
 11347, 73114,20190610,-9999,    9
 11347, 73114,20190611,-9999,    9
 11347, 73114,20190612,-9999,    9
 11347, 73114,20190613,-9999,    9
 11347, 73114,20190614,-9999,    9
 11347, 73114,20190615,-9999,    9
 11347, 73114,20190616,-9999,    9
 11347, 73114,20190617,-9999,    9
 11347, 73114,20190618,-9999,    9
 11347, 73114,20190619,-9999,    9
 11347, 73114,20190620,-9999,    9
 11347, 73114,20190621,-9999,    9
 11347, 73114,20190622,-9999,    9
 11347, 73114,20190623,-9999,    9
 11347, 73114,20190624,-9999,    9
 11347, 73114,20190625,-9999,    9
 11347, 73114,20190626,-9999,    9
 11347, 73114,20190627,-9999,    9
 11347, 73114,20190628,-9999,    9
 11347, 73114,20190629,-9999,    9
 11347, 73114,20190630,-9999,    9
 11347, 73114,20190701,    0,    0
 11347, 73114,20190702,  147,    0
 11347, 73114,20190703,   19,    0
 11347, 73114,20190704,    0,    0
 11347, 73114,20190705,    0,    0
 11347, 73114,20190706,    0,    0
 11347, 73114,20190707,    0,    0
 11347, 73114,20190708,   25,    0
 11347, 73114,20190709,  239,    0
 11347, 73114,20190710,    0,    0
 11347, 73114,20190711,    0,    0
 11347, 73114,20190712,    0,    0
 11347, 73114,20190713,    0,    0
 11347, 73114,20190714,    0,    0
 11347, 73114,20190715,    0,    0
 11347, 73114,20190716,    0,    0
 11347, 73114,20190717,   20,    0
 11347, 73114,20190718,   63,    0
 11347, 73114,20190719,    0,    0
 11347, 73114,20190720,    0,    0
 11347, 73114,20190721,    0,    0
 11347, 73114,20190722,    0,    0
 11347, 73114,20190723,    0,    0
 11347, 73114,20190724,  100,    0
 11347, 73114,20190725,    0,    0
 11347, 73114,20190726,   61,    0
 11347, 73114,20190727,  261,    0
 11347, 73114,20190728,    0,    0
 11347, 73114,20190729,    0,    0
 11347, 73114,20190730,    0,    0
 11347, 73114,20190731,    0,    0
 11347, 73114,20190801,    0,    0
 11347, 73114,20190802,    0,    0
 11347, 73114,20190803,    0,    0
 11347, 73114,20190804,    0,    0
 11347, 73114,20190805,    0,    0
 11347, 73114,20190806,    0,    0
 11347, 73114,20190807,   15,    0
 11347, 73114,20190808,    0,    0
 11347, 73114,20190809,    0,    0
 11347, 73114,20190810,    0,    0
 11347, 73114,20190811,    5,    0
 11347, 73114,20190812,   28,    0
 11347, 73114,20190813,    2,    0
 11347, 73114,20190814,    0,    0
 11347, 73114,20190815,    0,    0
 11347, 73114,20190816,    0,    0
 11347, 73114,20190817,    0,    0
 11347, 73114,20190818,    0,    0
 11347, 73114,20190819,    0,    0
 11347, 73114,20190820,  351,    0
 11347, 73114,20190821,    0,    0
 11347, 73114,20190822,    0,    0
 11347, 73114,20190823,    0,    0
 11347, 73114,20190824,    2,    0
 11347, 73114,20190825,    0,    0
 11347, 73114,20190826,    0,    0
 11347, 73114,20190827,    4,    0
 11347, 73114,20190828,    0,    0
 11347, 73114,20190829,    0,    0
 11347, 73114,20190830,    0,    0
 11347, 73114,20190831,   45,    0
 11347, 73114,20190901,    0,    0
 11347, 73114,20190902,    0,    0
 11347, 73114,20190903,    0,    0
 11347, 73114,20190904,    0,    0
 11347, 73114,20190905,    0,    0
 11347, 73114,20190906,    0,    0
 11347, 73114,20190907,    0,    0
 11347, 73114,20190908,    0,    0
 11347, 73114,20190909,    0,    0
 11347, 73114,20190910,  135,    0
 11347, 73114,20190911,    2,    0
 11347, 73114,20190912,    0,    0
 11347, 73114,20190913,    0,    0
 11347, 73114,20190914,    9,    0
 11347, 73114,20190915,   15,    0
 11347, 73114,20190916,    0,    0
 11347, 73114,20190917,   38,    0
 11347, 73114,20190918,    9,    0
 11347, 73114,20190919,   10,    0
 11347, 73114,20190920,    1,    0
 11347, 73114,20190921,    7,    0
 11347, 73114,20190922,    0,    0
 11347, 73114,20190923,    0,    0
 11347, 73114,20190924,    0,    0
 11347, 73114,20190925,    0,    0
 11347, 73114,20190926,    0,    0
 11347, 73114,20190927,    0,    0
 11347, 73114,20190928,    0,    0
 11347, 73114,20190929,    0,    0
 11347, 73114,20190930,    0,    0
 11347, 73114,20191001,   17,    0
 11347, 73114,20191002,    0,    0
 11347, 73114,20191003,    0,    0
 11347, 73114,20191004,    0,    0
 11347, 73114,20191005,    0,    0
 11347, 73114,20191006,    0,    0
 11347, 73114,20191007,    0,    0
 11347, 73114,20191008,    0,    0
 11347, 73114,20191009,    0,    0
 11347, 73114,20191010,    0,    0
 11347, 73114,20191011,    0,    0
 11347, 73114,20191012,    0,    0
 11347, 73114,20191013,    0,    0
 11347, 73114,20191014,  131,    0
 11347, 73114,20191015,    9,    0
 11347, 73114,20191016,    0,    0
 11347, 73114,20191017,    0,    0
 11347, 73114,20191018,    0,    0
 11347, 73114,20191019,    0,    0
 11347, 73114,20191020,  247,    0
 11347, 73114,20191021,    1,    0
 11347, 73114,20191022,  430,    0
 11347, 73114,20191023,  231,    0
 11347, 73114,20191024,    1,    0
 11347, 73114,20191025,    0,    0
 11347, 73114,20191026,    0,    0
 11347, 73114,20191027,    0,    0
 11347, 73114,20191028,    0,    0
 11347, 73114,20191029,    0,    0
 11347, 73114,20191030,    0,    0
 11347, 73114,20191031,   13,    0
 11347, 73114,20191101,   83,    0
 11347, 73114,20191102,   15,    0
 11347, 73114,20191103,   65,    0
 11347, 73114,20191104,   71,    0
 11347, 73114,20191105,    6,    0
 11347, 73114,20191106,    1,    0
 11347, 73114,20191107,   35,    0
 11347, 73114,20191108,   15,    0
 11347, 73114,20191109,    1,    0
 11347, 73114,20191110,    0,    0
 11347, 73114,20191111,    1,    0
 11347, 73114,20191112,    0,    0
 11347, 73114,20191113,    0,    0
 11347, 73114,20191114,   95,    0
 11347, 73114,20191115,    1,    0
 11347, 73114,20191116,    0,    0
 11347, 73114,20191117,    0,    0
 11347, 73114,20191118,    0,    0
 11347, 73114,20191119,    0,    0
 11347, 73114,20191120,    0,    0
 11347, 73114,20191121,    0,    0
 11347, 73114,20191122,  115,    0
 11347, 73114,20191123,   57,    0
 11347, 73114,20191124,    0,    0
 11347, 73114,20191125,    0,    0
 11347, 73114,20191126,    5,    0
 11347, 73114,20191127,    8,    0
 11347, 73114,20191128,    4,    0
 11347, 73114,20191129,    0,    0
 11347, 73114,20191130,    8,    0
 11347, 73114,20191201,   13,    0
 11347, 73114,20191202,    0,    0
 11347, 73114,20191203,    0,    0
 11347, 73114,20191204,   15,    0
 11347, 73114,20191205,    7,    0
 11347, 73114,20191206,    0,    0
 11347, 73114,20191207,    0,    0
 11347, 73114,20191208,    0,    0
 11347, 73114,20191209,   20,    0
 11347, 73114,20191210,    1,    0
 11347, 73114,20191211,    1,    0
 11347, 73114,20191212,   82,    0
 11347, 73114,20191213,  267,    0
 11347, 73114,20191214,    0,    0
 11347, 73114,20191215,    0,    0
 11347, 73114,20191216,    2,    0
 11347, 73114,20191217,   42,    0
 11347, 73114,20191218,    0,    0
 11347, 73114,20191219,    3,    0
 11347, 73114,20191220,  203,    0
 11347, 73114,20191221,   73,    0
 11347, 73114,20191222,   28,    0
 11347, 73114,20191223,    0,    0
 11347, 73114,20191224,    0,    0
 11347, 73114,20191225,    0,    0
 11347, 73114,20191226,    0,    0
 11347, 73114,20191227,    0,    0
 11347, 73114,20191228,    0,    0
 11347, 73114,20191229,    0,    0
 11347, 73114,20191230,    0,    0
 11347, 73114,20191231,    0,    0
 11347, 73114,20200101,    0,    0
 11347, 73114,20200102,    0,    0
 11347, 73114,20200103,    0,    0
 11347, 73114,20200104,    0,    0
 11347, 73114,20200105,    0,    0
 11347, 73114,20200106,    0,    0
 11347, 73114,20200107,    0,    0
 11347, 73114,20200108,    0,    0
 11347, 73114,20200109,    0,    0
 11347, 73114,20200110,   12,    0
 11347, 73114,20200111,    0,    0
 11347, 73114,20200112,    0,    0
 11347, 73114,20200113,    0,    0
 11347, 73114,20200114,    0,    0
 11347, 73114,20200115,    0,    0
 11347, 73114,20200116,    0,    0
 11347, 73114,20200117,    1,    0
 11347, 73114,20200118,    0,    0
 11347, 73114,20200119,    0,    0
 11347, 73114,20200120,    0,    0
 11347, 73114,20200121,   82,    0
 11347, 73114,20200122,  701,    0
 11347, 73114,20200123,  237,    0
 11347, 73114,20200124,    1,    0
 11347, 73114,20200125,    0,    0
 11347, 73114,20200126,    0,    0
 11347, 73114,20200127,    0,    0
 11347, 73114,20200128,    0,    0
 11347, 73114,20200129,    0,    0
 11347, 73114,20200130,    0,    0
 11347, 73114,20200131,    0,    0
 11347, 73114,20200201,    0,    0
 11347, 73114,20200202,    0,    0
 11347, 73114,20200203,    0,    0
 11347, 73114,20200204,    0,    0
 11347, 73114,20200205,    0,    0
 11347, 73114,20200206,    0,    0
 11347, 73114,20200207,    0,    0
 11347, 73114,20200208,    0,    0
 11347, 73114,20200209,    0,    0
 11347, 73114,20200210,    0,    0
 11347, 73114,20200211,    0,    0
 11347, 73114,20200212,    0,    0
 11347, 73114,20200213,    0,    0
 11347, 73114,20200214,    0,    0
 11347, 73114,20200215,    0,    0
 11347, 73114,20200216,    0,    0
 11347, 73114,20200217,    0,    0
 11347, 73114,20200218,    0,    0
 11347, 73114,20200219,    0,    0
 11347, 73114,20200220,    0,    0
 11347, 73114,20200221,    0,    0
 11347, 73114,20200222,    0,    0
 11347, 73114,20200223,    0,    0
 11347, 73114,20200224,    0,    0
 11347, 73114,20200225,    0,    0
 11347, 73114,20200226,    0,    0
 11347, 73114,20200227,    0,    0
 11347, 73114,20200228,    0,    0
 11347, 73114,20200229,    7,    0
 11347, 73114,20200301,    8,    0
 11347, 73114,20200302,  127,    0
 11347, 73114,20200303,   56,    0
 11347, 73114,20200304,    0,    0
 11347, 73114,20200305,    2,    0
 11347, 73114,20200306,   16,    0
 11347, 73114,20200307,   25,    0
 11347, 73114,20200308,    0,    0
 11347, 73114,20200309,    0,    0
 11347, 73114,20200310,    0,    0
 11347, 73114,20200311,    0,    0
 11347, 73114,20200312,    0,    0
 11347, 73114,20200313,   21,    0
 11347, 73114,20200314,    0,    0
 11347, 73114,20200315,    0,    0
 11347, 73114,20200316,   97,    0
 11347, 73114,20200317,    0,    0
 11347, 73114,20200318,    0,    0
 11347, 73114,20200319,    0,    0
 11347, 73114,20200320,    0,    0
 11347, 73114,20200321,    0,    0
 11347, 73114,20200322,    0,    0
 11347, 73114,20200323,    4,    0
 11347, 73114,20200324,    0,    0
 11347, 73114,20200325,   54,    0
 11347, 73114,20200326,   60,    0
 11347, 73114,20200327,    0,    0
 11347, 73114,20200328,    0,    0
 11347, 73114,20200329,    9,    0
 11347, 73114,20200330,   27,    0
 11347, 73114,20200331,    5,    0
 11347, 73114,20200401,   11,    0
 11347, 73114,20200402,    2,    0
 11347, 73114,20200403,    0,    0
 11347, 73114,20200404,    0,    0
 11347, 73114,20200405,    0,    0
 11347, 73114,20200406,    0,    0
 11347, 73114,20200407,    5,    0
 11347, 73114,20200408,   86,    0
 11347, 73114,20200409,    0,    0
 11347, 73114,20200410,    0,    0
 11347, 73114,20200411,    0,    0
 11347, 73114,20200412,    0,    0
 11347, 73114,20200413,   54,    0
 11347, 73114,20200414,    0,    0
 11347, 73114,20200415,    0,    0
 11347, 73114,20200416,    0,    0
 11347, 73114,20200417,    0,    0
 11347, 73114,20200418,   53,    0
 11347, 73114,20200419,   58,    0
 11347, 73114,20200420,   39,    0
 11347, 73114,20200421,   31,    0
 11347, 73114,20200422,    0,    0
 11347, 73114,20200423,    1,    0
 11347, 73114,20200424,    4,    0
 11347, 73114,20200425,  107,    0
 11347, 73114,20200426,   24,    0
 11347, 73114,20200427,   32,    0
 11347, 73114,20200428,   12,    0
 11347, 73114,20200429,    0,    0
 11347, 73114,20200430,    2,    0
 11347, 73114,20200501,   14,    0
 11347, 73114,20200502,    1,    0
 11347, 73114,20200503,    0,    0
 11347, 73114,20200504,    0,    0
 11347, 73114,20200505,    0,    0
 11347, 73114,20200506,    0,    0
 11347, 73114,20200507,    0,    0
 11347, 73114,20200508,    0,    0
 11347, 73114,20200509,    0,    0
 11347, 73114,20200510,  266,    0
 11347, 73114,20200511,    1,    0
 11347, 73114,20200512,   22,    0
 11347, 73114,20200513,   18,    0
 11347, 73114,20200514,  114,    0
 11347, 73114,20200515,  112,    0
 11347, 73114,20200516,    0,    0
 11347, 73114,20200517,    0,    0
 11347, 73114,20200518,    0,    0
 11347, 73114,20200519,    0,    0
 11347, 73114,20200520,    0,    0
 11347, 73114,20200521,    0,    0
 11347, 73114,20200522,    0,    0
 11347, 73114,20200523,  123,    0
 11347, 73114,20200524,    0,    0
 11347, 73114,20200525,    0,    0
 11347, 73114,20200526,    0,    0
 11347, 73114,20200527,   27,    0
 11347, 73114,20200528,    0,    0
 11347, 73114,20200529,    6,    0
 11347, 73114,20200530,    0,    0
 11347, 73114,20200531,    4,    0
 11347, 73114,20200601,  112,    0
 11347, 73114,20200602,    3,    0
 11347, 73114,20200603,   10,    0
 11347, 73114,20200604,   96,    0
 11347, 73114,20200605,    0,    0
 11347, 73114,20200606,   67,    0
 11347, 73114,20200607,  115,    0
 11347, 73114,20200608,    0,    0
 11347, 73114,20200609,    0,    0
 11347, 73114,20200610,   73,    0
 11347, 73114,20200611,   35,    0
 11347, 73114,20200612,   64,    0
 11347, 73114,20200613,    0,    0
 11347, 73114,20200614,    0,    0
 11347, 73114,20200615,    0,    0
 11347, 73114,20200616,   73,    0
 11347, 73114,20200617,    0,    0
 11347, 73114,20200618,    0,    0
 11347, 73114,20200619,    0,    0
 11347, 73114,20200620,  112,    0
 11347, 73114,20200621,    0,    0
 11347, 73114,20200622,    0,    0
 11347, 73114,20200623,    0,    0
 11347, 73114,20200624,   46,    0
 11347, 73114,20200625,    8,    0
 11347, 73114,20200626,    0,    0
 11347, 73114,20200627,    0,    0
 11347, 73114,20200628,    0,    0
 11347, 73114,20200629,    0,    0
 11347, 73114,20200630,   78,    0
 11347, 73114,20200701,    0,    0
 11347, 73114,20200702,   90,    0
 11347, 73114,20200703,    7,    0
 11347, 73114,20200704,    0,    0
 11347, 73114,20200705,    0,    0
 11347, 73114,20200706,    0,    0
 11347, 73114,20200707,    0,    0
 11347, 73114,20200708,    0,    0
 11347, 73114,20200709,   14,    0
 11347, 73114,20200710,    0,    0
 11347, 73114,20200711,   24,    0
 11347, 73114,20200712,   26,    0
 11347, 73114,20200713,   27,    0
 11347, 73114,20200714,   10,    0
 11347, 73114,20200715,    2,    0
 11347, 73114,20200716,    0,    0
 11347, 73114,20200717,    0,    0
 11347, 73114,20200718,    0,    0
 11347, 73114,20200719,   54,    0
 11347, 73114,20200720,   24,    0
 11347, 73114,20200721,    0,    0
 11347, 73114,20200722,    0,    0
 11347, 73114,20200723,   41,    0
 11347, 73114,20200724,   40,    0
 11347, 73114,20200725,    0,    0
 11347, 73114,20200726,    0,    0
 11347, 73114,20200727,    0,    0
 11347, 73114,20200728,    0,    0
 11347, 73114,20200729,    0,    0
 11347, 73114,20200730,    0,    0
 11347, 73114,20200731,    0,    0
 11347, 73114,20200801,    5,    0
 11347, 73114,20200802,    0,    0
 11347, 73114,20200803,    0,    0
 11347, 73114,20200804,    0,    0
 11347, 73114,20200805,    0,    0
 11347, 73114,20200806,    0,    0
 11347, 73114,20200807,    0,    0
 11347, 73114,20200808,    0,    0
 11347, 73114,20200809,  295,    0
 11347, 73114,20200810,    1,    0
 11347, 73114,20200811,    0,    0
 11347, 73114,20200812,    3,    0
 11347, 73114,20200813,    4,    0
 11347, 73114,20200814,    0,    0
 11347, 73114,20200815,   21,    0
 11347, 73114,20200816,    0,    0
 11347, 73114,20200817,    0,    0
 11347, 73114,20200818,    0,    0
 11347, 73114,20200819,    0,    0
 11347, 73114,20200820,    0,    0
 11347, 73114,20200821,    0,    0
 11347, 73114,20200822,    0,    0
 11347, 73114,20200823,    0,    0
 11347, 73114,20200824,    0,    0
 11347, 73114,20200825,    0,    0
 11347, 73114,20200826,    0,    0
 11347, 73114,20200827,    0,    0
 11347, 73114,20200828,  145,    0
 11347, 73114,20200829,  218,    0
 11347, 73114,20200830,   56,    0
 11347, 73114,20200831,    1,    0
 11347, 73114,20200901,    0,    0
 11347, 73114,20200902,    0,    0
 11347, 73114,20200903,    0,    0
 11347, 73114,20200904,    0,    0
 11347, 73114,20200905,    0,    0
 11347, 73114,20200906,  207,    0
 11347, 73114,20200907,    0,    0
 11347, 73114,20200908,   11,    0
 11347, 73114,20200909,  107,    0
 11347, 73114,20200910,    5,    0
 11347, 73114,20200911,    0,    0
 11347, 73114,20200912,    0,    0
 11347, 73114,20200913,    0,    0
 11347, 73114,20200914,    0,    0
 11347, 73114,20200915,    0,    0
 11347, 73114,20200916,    0,    0
 11347, 73114,20200917,    0,    0
 11347, 73114,20200918,   31,    0
 11347, 73114,20200919,    3,    0
 11347, 73114,20200920,    9,    0
 11347, 73114,20200921,   34,    0
 11347, 73114,20200922,   36,    0
 11347, 73114,20200923,    1,    0
 11347, 73114,20200924,    0,    0
 11347, 73114,20200925,   63,    0
 11347, 73114,20200926,  126,    0
 11347, 73114,20200927,    0,    0
 11347, 73114,20200928,    0,    0
 11347, 73114,20200929,    0,    0
 11347, 73114,20200930,    0,    0
 11347, 73114,20201001,    0,    0
 11347, 73114,20201002,  232,    0
 11347, 73114,20201003,    2,    0
 11347, 73114,20201004,   30,    0
 11347, 73114,20201005,    0,    0
 11347, 73114,20201006,    0,    0
 11347, 73114,20201007,    0,    0
 11347, 73114,20201008,    0,    0
 11347, 73114,20201009,    0,    0
 11347, 73114,20201010,    5,    0
 11347, 73114,20201011,    9,    0
 11347, 73114,20201012,    2,    0
 11347, 73114,20201013,   27,    0
 11347, 73114,20201014,   24,    0
 11347, 73114,20201015,    0,    0
 11347, 73114,20201016,    0,    0
 11347, 73114,20201017,    0,    0
 11347, 73114,20201018,    0,    0
 11347, 73114,20201019,    0,    0
 11347, 73114,20201020,    0,    0
 11347, 73114,20201021,    1,    0
 11347, 73114,20201022,  108,    0
 11347, 73114,20201023,    1,    0
 11347, 73114,20201024,    0,    0
 11347, 73114,20201025,   18,    0
 11347, 73114,20201026,   17,    0
 11347, 73114,20201027,    0,    0
 11347, 73114,20201028,    0,    0
 11347, 73114,20201029,    0,    0
 11347, 73114,20201030,    0,    0
 11347, 73114,20201031,    0,    0
 11347, 73114,20201101,    0,    0
 11347, 73114,20201102,    0,    0
 11347, 73114,20201103,  134,    0
 11347, 73114,20201104,   68,    0
 11347, 73114,20201105,    0,    0
 11347, 73114,20201106,   11,    0
 11347, 73114,20201107,  108,    0
 11347, 73114,20201108,    1,    0
 11347, 73114,20201109,    0,    0
 11347, 73114,20201110,    0,    0
 11347, 73114,20201111,    0,    0
 11347, 73114,20201112,    0,    0
 11347, 73114,20201113,    0,    0
 11347, 73114,20201114,    0,    0
 11347, 73114,20201115,    0,    0
 11347, 73114,20201116,    0,    0
 11347, 73114,20201117,    0,    0
 11347, 73114,20201118,    0,    0
 11347, 73114,20201119,    0,    0
 11347, 73114,20201120,    0,    0
 11347, 73114,20201121,    0,    0
 11347, 73114,20201122,    0,    0
 11347, 73114,20201123,    0,    0
 11347, 73114,20201124,    0,    0
 11347, 73114,20201125,    0,    0
 11347, 73114,20201126,   42,    0
 11347, 73114,20201127,   69,    0
 11347, 73114,20201128,   73,    0
 11347, 73114,20201129,    0,    0
 11347, 73114,20201130,    0,    0
 11347, 73114,20201201,    0,    0
 11347, 73114,20201202,    0,    0
 11347, 73114,20201203,    0,    0
 11347, 73114,20201204,   12,    0
 11347, 73114,20201205,    0,    0
 11347, 73114,20201206,    0,    0
 11347, 73114,20201207,   31,    0
 11347, 73114,20201208,    2,    0
 11347, 73114,20201209,    0,    0
 11347, 73114,20201210,   28,    0
 11347, 73114,20201211,   29,    0
 11347, 73114,20201212,   99,    0
 11347, 73114,20201213,    0,    0
 11347, 73114,20201214,    0,    0
 11347, 73114,20201215,    0,    0
 11347, 73114,20201216,    0,    0
 11347, 73114,20201217,    0,    0
 11347, 73114,20201218,    0,    0
 11347, 73114,20201219,    0,    0
 11347, 73114,20201220,    3,    0
 11347, 73114,20201221,    0,    0
 11347, 73114,20201222,    0,    0
 11347, 73114,20201223,    0,    0
 11347, 73114,20201224,    0,    0
 11347, 73114,20201225,   34,    0
 11347, 73114,20201226,    4,    0
 11347, 73114,20201227,    0,    0
 11347, 73114,20201228,    6,    0
 11347, 73114,20201229,    0,    0
 11347, 73114,20201230,    3,    0
 11347, 73114,20201231,    0,    0
 11347, 73114,20210101,    0,    0
 11347, 73114,20210102,    0,    0
 11347, 73114,20210103,    0,    0
 11347, 73114,20210104,    0,    0
 11347, 73114,20210105,    0,    0
 11347, 73114,20210106,    0,    0
 11347, 73114,20210107,    0,    0
 11347, 73114,20210108,    0,    0
 11347, 73114,20210109,   32,    0
 11347, 73114,20210110,   11,    0
 11347, 73114,20210111,    0,    0
 11347, 73114,20210112,    0,    0
 11347, 73114,20210113,    0,    0
 11347, 73114,20210114,    0,    0
 11347, 73114,20210115,    0,    0
 11347, 73114,20210116,    0,    0
 11347, 73114,20210117,    0,    0
 11347, 73114,20210118,    0,    0
 11347, 73114,20210119,    0,    0
 11347, 73114,20210120,    0,    0
 11347, 73114,20210121,    0,    0
 11347, 73114,20210122,   51,    0
 11347, 73114,20210123,   10,    0
 11347, 73114,20210124,   20,    0
 11347, 73114,20210125,    0,    0
 11347, 73114,20210126,    0,    0
 11347, 73114,20210127,   43,    0
 11347, 73114,20210128,    0,    0
 11347, 73114,20210129,    0,    0
 11347, 73114,20210130,    4,    0
 11347, 73114,20210131,   47,    0
 11347, 73114,20210201,    8,    0
 11347, 73114,20210202,    0,    0
 11347, 73114,20210203,    0,    0
 11347, 73114,20210204,    0,    0
 11347, 73114,20210205,    0,    0
 11347, 73114,20210206,   16,    0
 11347, 73114,20210207,    1,    0
 11347, 73114,20210208,   58,    0
 11347, 73114,20210209,   27,    0
 11347, 73114,20210210,    0,    0
 11347, 73114,20210211,    0,    0
 11347, 73114,20210212,   30,    0
 11347, 73114,20210213,    0,    0
 11347, 73114,20210214,    0,    0
 11347, 73114,20210215,    0,    0
 11347, 73114,20210216,    0,    0
 11347, 73114,20210217,    0,    0
 11347, 73114,20210218,    0,    0
 11347, 73114,20210219,    0,    0
 11347, 73114,20210220,    0,    0
 11347, 73114,20210221,    0,    0
 11347, 73114,20210222,  199,    0
 11347, 73114,20210223,    0,    0
 11347, 73114,20210224,    0,    0
 11347, 73114,20210225,    0,    0
 11347, 73114,20210226,    0,    0
 11347, 73114,20210227,    0,    0
 11347, 73114,20210228,    0,    0
 11347, 73114,20210301,    0,    0
 11347, 73114,20210302,    0,    0
 11347, 73114,20210303,    0,    0
 11347, 73114,20210304,    0,    0
 11347, 73114,20210305,    9,    0
 11347, 73114,20210306,   41,    0
 11347, 73114,20210307,    2,    0
 11347, 73114,20210308,    0,    0
 11347, 73114,20210309,    0,    0
 11347, 73114,20210310,    0,    0
 11347, 73114,20210311,    0,    0
 11347, 73114,20210312,   16,    0
 11347, 73114,20210313,    0,    0
 11347, 73114,20210314,    0,    0
 11347, 73114,20210315,    0,    0
 11347, 73114,20210316,    0,    0
 11347, 73114,20210317,    1,    0
 11347, 73114,20210318,    1,    0
 11347, 73114,20210319,    0,    0
 11347, 73114,20210320,    0,    0
 11347, 73114,20210321,    0,    0
 11347, 73114,20210322,    0,    0
 11347, 73114,20210323,    0,    0
 11347, 73114,20210324,    0,    0
 11347, 73114,20210325,    0,    0
 11347, 73114,20210326,    0,    0
 11347, 73114,20210327,    0,    0
 11347, 73114,20210328,    0,    0
 11347, 73114,20210329,    0,    0
 11347, 73114,20210330,    0,    0
 11347, 73114,20210331,    0,    0
 11347, 73114,20210401,    0,    0
 11347, 73114,20210402,    1,    0
 11347, 73114,20210403,    0,    0
 11347, 73114,20210404,    0,    0
 11347, 73114,20210405,    0,    0
 11347, 73114,20210406,    0,    0
 11347, 73114,20210407,    0,    0
 11347, 73114,20210408,    0,    0
 11347, 73114,20210409,   12,    0
 11347, 73114,20210410,    0,    0
 11347, 73114,20210411,  153,    0
 11347, 73114,20210412,    0,    0
 11347, 73114,20210413,    0,    0
 11347, 73114,20210414,    0,    0
 11347, 73114,20210415,    0,    0
 11347, 73114,20210416,    0,    0
 11347, 73114,20210417,    0,    0
 11347, 73114,20210418,    0,    0
 11347, 73114,20210419,    0,    0
 11347, 73114,20210420,   53,    0
 11347, 73114,20210421,    3,    0
 11347, 73114,20210422,    0,    0
 11347, 73114,20210423,    0,    0
 11347, 73114,20210424,    0,    0
 11347, 73114,20210425,   10,    0
 11347, 73114,20210426,  153,    0
 11347, 73114,20210427,    5,    0
 11347, 73114,20210428,   52,    0
 11347, 73114,20210429,   84,    0
 11347, 73114,20210430,  163,    0
 11347, 73114,20210501,  170,    0
 11347, 73114,20210502,    5,    0
 11347, 73114,20210503,    0,    0
 11347, 73114,20210504,    0,    0
 11347, 73114,20210505,    0,    0
 11347, 73114,20210506,    0,    0
 11347, 73114,20210507,    0,    0
 11347, 73114,20210508,    0,    0
 11347, 73114,20210509,   40,    0
 11347, 73114,20210510,    2,    0
 11347, 73114,20210511,    3,    0
 11347, 73114,20210512,    3,    0
 11347, 73114,20210513,    0,    0
 11347, 73114,20210514,    0,    0
 11347, 73114,20210515,    0,    0
 11347, 73114,20210516,    0,    0
 11347, 73114,20210517,    0,    0
 11347, 73114,20210518,    1,    0
 11347, 73114,20210519,    0,    0
 11347, 73114,20210520,    0,    0
 11347, 73114,20210521,    0,    0
 11347, 73114,20210522,    8,    0
 11347, 73114,20210523,    2,    0
 11347, 73114,20210524,    0,    0
 11347, 73114,20210525,    0,    0
 11347, 73114,20210526,    6,    0
 11347, 73114,20210527,    0,    0
 11347, 73114,20210528,    0,    0
 11347, 73114,20210529,   42,    0
 11347, 73114,20210530,  234,    0
 11347, 73114,20210531,    0,    0
 11347, 73114,20210601,   92,    0
 11347, 73114,20210602,    1,    0
 11347, 73114,20210603,    0,    0
 11347, 73114,20210604,   35,    0
 11347, 73114,20210605,   58,    0
 11347, 73114,20210606,    1,    0
 11347, 73114,20210607,   17,    0
 11347, 73114,20210608,    0,    0
 11347, 73114,20210609,    0,    0
 11347, 73114,20210610,   12,    0
 11347, 73114,20210611,   36,    0
 11347, 73114,20210612,  209,    0
 11347, 73114,20210613,    0,    0
 11347, 73114,20210614,  277,    0
 11347, 73114,20210615,   27,    0
 11347, 73114,20210616,    0,    0
 11347, 73114,20210617,  868,    0
 11347, 73114,20210618,    1,    0
 11347, 73114,20210619,   91,    0
 11347, 73114,20210620,  143,    0
 11347, 73114,20210621,    0,    0
 11347, 73114,20210622,    0,    0
 11347, 73114,20210623,   23,    0
 11347, 73114,20210624,    0,    0
 11347, 73114,20210625,    0,    0
 11347, 73114,20210626,    0,    0
 11347, 73114,20210627,    0,    0
 11347, 73114,20210628,    0,    0
 11347, 73114,20210629,    0,    0
 11347, 73114,20210630,    0,    0
 11347, 73114,20210701,    0,    0
 11347, 73114,20210702,    0,    0
 11347, 73114,20210703,   13,    0
 11347, 73114,20210704,    0,    0
 11347, 73114,20210705,    0,    0
 11347, 73114,20210706,   17,    0
 11347, 73114,20210707,    0,    0
 11347, 73114,20210708,    1,    0
 11347, 73114,20210709,    0,    0
 11347, 73114,20210710,    0,    0
 11347, 73114,20210711,   24,    0
 11347, 73114,20210712,    4,    0
 11347, 73114,20210713,    0,    0
 11347, 73114,20210714,    0,    0
 11347, 73114,20210715,    0,    0
 11347, 73114,20210716,    0,    0
 11347, 73114,20210717,    0,    0
 11347, 73114,20210718,    0,    0
 11347, 73114,20210719,    0,    0
 11347, 73114,20210720,  175,    0
 11347, 73114,20210721,    1,    0
 11347, 73114,20210722,    0,    0
 11347, 73114,20210723,    0,    0
 11347, 73114,20210724,    0,    0
 11347, 73114,20210725,    0,    0
 11347, 73114,20210726,   19,    0
 11347, 73114,20210727,    0,    0
 11347, 73114,20210728,   32,    0
 11347, 73114,20210729,    0,    0
 11347, 73114,20210730,    0,    0
 11347, 73114,20210731,  127,    0
 11347, 73114,20210801,    2,    0
 11347, 73114,20210802,    0,    0
 11347, 73114,20210803,    0,    0
 11347, 73114,20210804,   35,    0
 11347, 73114,20210805,    0,    0
 11347, 73114,20210806,    0,    0
 11347, 73114,20210807,    0,    0
 11347, 73114,20210808,    0,    0
 11347, 73114,20210809,    0,    0
 11347, 73114,20210810,    0,    0
 11347, 73114,20210811,    0,    0
 11347, 73114,20210812,    0,    0
 11347, 73114,20210813,    0,    0
 11347, 73114,20210814,    0,    0
 11347, 73114,20210815,    0,    0
 11347, 73114,20210816,    0,    0
 11347, 73114,20210817,    0,    0
 11347, 73114,20210818,    0,    0
 11347, 73114,20210819,   22,    0
 11347, 73114,20210820,    0,    0
 11347, 73114,20210821,    0,    0
 11347, 73114,20210822,    0,    0
 11347, 73114,20210823,    4,    0
 11347, 73114,20210824,    1,    0
 11347, 73114,20210825,  161,    0
 11347, 73114,20210826,    1,    0
 11347, 73114,20210827,    0,    0
 11347, 73114,20210828,    0,    0
 11347, 73114,20210829,    0,    0
 11347, 73114,20210830,   19,    0
 11347, 73114,20210831,  139,    0
 11347, 73114,20210901,   76,    0
 11347, 73114,20210902,    2,    0
 11347, 73114,20210903,   10,    0
 11347, 73114,20210904,    1,    0
 11347, 73114,20210905,    0,    0
 11347, 73114,20210906,    2,    0
 11347, 73114,20210907,    0,    0
 11347, 73114,20210908,    1,    0
 11347, 73114,20210909,    9,    0
 11347, 73114,20210910,   56,    0
 11347, 73114,20210911,    0,    0
 11347, 73114,20210912,    0,    0
 11347, 73114,20210913,   45,    0
 11347, 73114,20210914,   51,    0
 11347, 73114,20210915,    0,    0
 11347, 73114,20210916,   61,    0
 11347, 73114,20210917,    0,    0
 11347, 73114,20210918,  145,    0
 11347, 73114,20210919,    0,    0
 11347, 73114,20210920,   20,    0
 11347, 73114,20210921,    0,    0
 11347, 73114,20210922,    0,    0
 11347, 73114,20210923,    0,    0
 11347, 73114,20210924,    0,    0
 11347, 73114,20210925,    5,    0
 11347, 73114,20210926,    1,    0
 11347, 73114,20210927,    0,    0
 11347, 73114,20210928,    0,    0
 11347, 73114,20210929,    0,    0
 11347, 73114,20210930,    0,    0
 11347, 73114,20211001,    0,    0
 11347, 73114,20211002,    0,    0
 11347, 73114,20211003,  298,    0
 11347, 73114,20211004,   94,    0
 11347, 73114,20211005,    0,    0
 11347, 73114,20211006,    0,    0
 11347, 73114,20211007,    0,    0
 11347, 73114,20211008,    0,    0
 11347, 73114,20211009,    0,    0
 11347, 73114,20211010,    0,    0
 11347, 73114,20211011,    0,    0
 11347, 73114,20211012,    0,    0
 11347, 73114,20211013,    0,    0
 11347, 73114,20211014,    0,    0
 11347, 73114,20211015,    0,    0
 11347, 73114,20211016,    0,    0
 11347, 73114,20211017,    0,    0
 11347, 73114,20211018,    0,    0
 11347, 73114,20211019,    0,    0
 11347, 73114,20211020,    0,    0
 11347, 73114,20211021,    0,    0
 11347, 73114,20211022,    0,    0
 11347, 73114,20211023,    0,    0
 11347, 73114,20211024,    0,    0
 11347, 73114,20211025,    0,    0
 11347, 73114,20211026,    0,    0
 11347, 73114,20211027,    0,    0
 11347, 73114,20211028,    0,    0
 11347, 73114,20211029,    4,    0
 11347, 73114,20211030,    7,    0
 11347, 73114,20211031,    2,    0
 11347, 73114,20211101,   63,    0
 11347, 73114,20211102,    0,    0
 11347, 73114,20211103,    6,    0
 11347, 73114,20211104,    0,    0
 11347, 73114,20211105,    0,    0
 11347, 73114,20211106,    0,    0
 11347, 73114,20211107,    0,    0
 11347, 73114,20211108,    0,    0
 11347, 73114,20211109,    0,    0
 11347, 73114,20211110,   30,    0
 11347, 73114,20211111,  136,    0
 11347, 73114,20211112,   18,    0
 11347, 73114,20211113,    0,    0
 11347, 73114,20211114,    0,    0
 11347, 73114,20211115,    0,    0
 11347, 73114,20211116,    0,    0
 11347, 73114,20211117,    0,    0
 11347, 73114,20211118,    0,    0
 11347, 73114,20211119,    0,    0
 11347, 73114,20211120,    0,    0
 11347, 73114,20211121,    0,    0
 11347, 73114,20211122,    0,    0
 11347, 73114,20211123,  199,    0
 11347, 73114,20211124,  117,    0
 11347, 73114,20211125,    1,    0
 11347, 73114,20211126,    0,    0
 11347, 73114,20211127,    0,    0
 11347, 73114,20211128,   51,    0
 11347, 73114,20211129,    3,    0
 11347, 73114,20211130,    0,    0
 11347, 73114,20211201,    0,    0
 11347, 73114,20211202,    6,    0
 11347, 73114,20211203,    0,    0
 11347, 73114,20211204,    0,    0
 11347, 73114,20211205,   40,    0
 11347, 73114,20211206,   16,    0
 11347, 73114,20211207,    3,    0
 11347, 73114,20211208,   50,    0
 11347, 73114,20211209,   77,    0
 11347, 73114,20211210,  310,    0
 11347, 73114,20211211,    8,    0
 11347, 73114,20211212,    0,    0
 11347, 73114,20211213,    0,    0
 11347, 73114,20211214,    0,    0
 11347, 73114,20211215,    0,    0
 11347, 73114,20211216,    0,    0
 11347, 73114,20211217,    0,    0
 11347, 73114,20211218,    0,    0
 11347, 73114,20211219,    0,    0
 11347, 73114,20211220,    0,    0
 11347, 73114,20211221,    0,    0
 11347, 73114,20211222,    0,    0
 11347, 73114,20211223,    0,    0
 11347, 73114,20211224,    0,    0
 11347, 73114,20211225,    0,    0
 11347, 73114,20211226,    0,    0
 11347, 73114,20211227,    4,    0
 11347, 73114,20211228,   18,    0
 11347, 73114,20211229,    1,    0
 11347, 73114,20211230,    0,    0
 11347, 73114,20211231,    0,    0
 11347, 73114,20220101,-9999,    9
 11347, 73114,20220102,-9999,    9
 11347, 73114,20220103,-9999,    9
 11347, 73114,20220104,-9999,    9
 11347, 73114,20220105,-9999,    9
 11347, 73114,20220106,-9999,    9
 11347, 73114,20220107,-9999,    9
 11347, 73114,20220108,-9999,    9
 11347, 73114,20220109,-9999,    9
 11347, 73114,20220110,-9999,    9
 11347, 73114,20220111,-9999,    9
 11347, 73114,20220112,-9999,    9
 11347, 73114,20220113,-9999,    9
 11347, 73114,20220114,-9999,    9
 11347, 73114,20220115,-9999,    9
 11347, 73114,20220116,-9999,    9
 11347, 73114,20220117,-9999,    9
 11347, 73114,20220118,-9999,    9
 11347, 73114,20220119,-9999,    9
 11347, 73114,20220120,-9999,    9
 11347, 73114,20220121,-9999,    9
 11347, 73114,20220122,-9999,    9
 11347, 73114,20220123,-9999,    9
 11347, 73114,20220124,-9999,    9
 11347, 73114,20220125,-9999,    9
 11347, 73114,20220126,-9999,    9
 11347, 73114,20220127,-9999,    9
 11347, 73114,20220128,-9999,    9
 11347, 73114,20220129,-9999,    9
 11347, 73114,20220130,-9999,    9
 11347, 73114,20220131,-9999,    9
 11347, 73114,20220201,-9999,    9
 11347, 73114,20220202,-9999,    9
 11347, 73114,20220203,-9999,    9
 11347, 73114,20220204,-9999,    9
 11347, 73114,20220205,-9999,    9
 11347, 73114,20220206,-9999,    9
 11347, 73114,20220207,-9999,    9
 11347, 73114,20220208,-9999,    9
 11347, 73114,20220209,-9999,    9
 11347, 73114,20220210,-9999,    9
 11347, 73114,20220211,-9999,    9
 11347, 73114,20220212,-9999,    9
 11347, 73114,20220213,-9999,    9
 11347, 73114,20220214,-9999,    9
 11347, 73114,20220215,-9999,    9
 11347, 73114,20220216,-9999,    9
 11347, 73114,20220217,-9999,    9
 11347, 73114,20220218,-9999,    9
 11347, 73114,20220219,-9999,    9
 11347, 73114,20220220,-9999,    9
 11347, 73114,20220221,-9999,    9
 11347, 73114,20220222,-9999,    9
 11347, 73114,20220223,-9999,    9
 11347, 73114,20220224,-9999,    9
 11347, 73114,20220225,-9999,    9
 11347, 73114,20220226,-9999,    9
 11347, 73114,20220227,-9999,    9
 11347, 73114,20220228,-9999,    9
 11347, 73114,20220301,-9999,    9
 11347, 73114,20220302,-9999,    9
 11347, 73114,20220303,-9999,    9
 11347, 73114,20220304,-9999,    9
 11347, 73114,20220305,-9999,    9
 11347, 73114,20220306,-9999,    9
 11347, 73114,20220307,-9999,    9
 11347, 73114,20220308,-9999,    9
 11347, 73114,20220309,-9999,    9
 11347, 73114,20220310,-9999,    9
 11347, 73114,20220311,-9999,    9
 11347, 73114,20220312,-9999,    9
 11347, 73114,20220313,-9999,    9
 11347, 73114,20220314,-9999,    9
 11347, 73114,20220315,-9999,    9
 11347, 73114,20220316,-9999,    9
 11347, 73114,20220317,-9999,    9
 11347, 73114,20220318,-9999,    9
 11347, 73114,20220319,-9999,    9
 11347, 73114,20220320,-9999,    9
 11347, 73114,20220321,-9999,    9
 11347, 73114,20220322,-9999,    9
 11347, 73114,20220323,-9999,    9
 11347, 73114,20220324,-9999,    9
 11347, 73114,20220325,-9999,    9
 11347, 73114,20220326,-9999,    9
 11347, 73114,20220327,-9999,    9
 11347, 73114,20220328,-9999,    9
 11347, 73114,20220329,-9999,    9
 11347, 73114,20220330,-9999,    9
 11347, 73114,20220331,-9999,    9
 11347, 73114,20220401,-9999,    9
 11347, 73114,20220402,-9999,    9
 11347, 73114,20220403,-9999,    9
 11347, 73114,20220404,-9999,    9
 11347, 73114,20220405,-9999,    9
 11347, 73114,20220406,-9999,    9
 11347, 73114,20220407,-9999,    9
 11347, 73114,20220408,-9999,    9
 11347, 73114,20220409,-9999,    9
 11347, 73114,20220410,-9999,    9
 11347, 73114,20220411,-9999,    9
 11347, 73114,20220412,-9999,    9
 11347, 73114,20220413,-9999,    9
 11347, 73114,20220414,-9999,    9
 11347, 73114,20220415,-9999,    9
 11347, 73114,20220416,-9999,    9
 11347, 73114,20220417,-9999,    9
 11347, 73114,20220418,-9999,    9
 11347, 73114,20220419,-9999,    9
 11347, 73114,20220420,-9999,    9
 11347, 73114,20220421,-9999,    9
 11347, 73114,20220422,-9999,    9
 11347, 73114,20220423,-9999,    9
 11347, 73114,20220424,-9999,    9
 11347, 73114,20220425,-9999,    9
 11347, 73114,20220426,-9999,    9
 11347, 73114,20220427,-9999,    9
 11347, 73114,20220428,-9999,    9
 11347, 73114,20220429,-9999,    9
 11347, 73114,20220430,-9999,    9
 11347, 73114,20220501,-9999,    9
 11347, 73114,20220502,-9999,    9
 11347, 73114,20220503,-9999,    9
 11347, 73114,20220504,-9999,    9
 11347, 73114,20220505,-9999,    9
 11347, 73114,20220506,-9999,    9
 11347, 73114,20220507,-9999,    9
 11347, 73114,20220508,-9999,    9
 11347, 73114,20220509,-9999,    9
 11347, 73114,20220510,-9999,    9
 11347, 73114,20220511,-9999,    9
 11347, 73114,20220512,-9999,    9
 11347, 73114,20220513,-9999,    9
 11347, 73114,20220514,-9999,    9
 11347, 73114,20220515,-9999,    9
 11347, 73114,20220516,-9999,    9
 11347, 73114,20220517,-9999,    9
 11347, 73114,20220518,-9999,    9
 11347, 73114,20220519,-9999,    9
 11347, 73114,20220520,-9999,    9
 11347, 73114,20220521,-9999,    9
 11347, 73114,20220522,-9999,    9
 11347, 73114,20220523,-9999,    9
 11347, 73114,20220524,-9999,    9
 11347, 73114,20220525,-9999,    9
 11347, 73114,20220526,-9999,    9
 11347, 73114,20220527,-9999,    9
 11347, 73114,20220528,-9999,    9
 11347, 73114,20220529,-9999,    9
 11347, 73114,20220530,-9999,    9
 11347, 73114,20220531,-9999,    9
 11347, 73114,20220601,-9999,    9
 11347, 73114,20220602,-9999,    9
 11347, 73114,20220603,-9999,    9
 11347, 73114,20220604,-9999,    9
 11347, 73114,20220605,-9999,    9
 11347, 73114,20220606,-9999,    9
 11347, 73114,20220607,-9999,    9
 11347, 73114,20220608,-9999,    9
 11347, 73114,20220609,-9999,    9
 11347, 73114,20220610,-9999,    9
 11347, 73114,20220611,-9999,    9
 11347, 73114,20220612,-9999,    9
 11347, 73114,20220613,-9999,    9
 11347, 73114,20220614,-9999,    9
 11347, 73114,20220615,-9999,    9
 11347, 73114,20220616,-9999,    9
 11347, 73114,20220617,-9999,    9
 11347, 73114,20220618,-9999,    9
 11347, 73114,20220619,-9999,    9
 11347, 73114,20220620,-9999,    9
 11347, 73114,20220621,-9999,    9
 11347, 73114,20220622,-9999,    9
 11347, 73114,20220623,-9999,    9
 11347, 73114,20220624,-9999,    9
 11347, 73114,20220625,-9999,    9
 11347, 73114,20220626,-9999,    9
 11347, 73114,20220627,-9999,    9
 11347, 73114,20220628,-9999,    9
 11347, 73114,20220629,-9999,    9
 11347, 73114,20220630,-9999,    9
 11347, 73114,20220701,-9999,    9
 11347, 73114,20220702,-9999,    9
 11347, 73114,20220703,-9999,    9
 11347, 73114,20220704,-9999,    9
 11347, 73114,20220705,-9999,    9
 11347, 73114,20220706,-9999,    9
 11347, 73114,20220707,-9999,    9
 11347, 73114,20220708,-9999,    9
 11347, 73114,20220709,-9999,    9
 11347, 73114,20220710,-9999,    9
 11347, 73114,20220711,-9999,    9
 11347, 73114,20220712,-9999,    9
 11347, 73114,20220713,-9999,    9
 11347, 73114,20220714,-9999,    9
 11347, 73114,20220715,-9999,    9
 11347, 73114,20220716,-9999,    9
 11347, 73114,20220717,-9999,    9
 11347, 73114,20220718,-9999,    9
 11347, 73114,20220719,-9999,    9
 11347, 73114,20220720,-9999,    9
 11347, 73114,20220721,-9999,    9
 11347, 73114,20220722,-9999,    9
 11347, 73114,20220723,-9999,    9
 11347, 73114,20220724,-9999,    9
 11347, 73114,20220725,-9999,    9
 11347, 73114,20220726,-9999,    9
 11347, 73114,20220727,-9999,    9
 11347, 73114,20220728,-9999,    9
 11347, 73114,20220729,-9999,    9
 11347, 73114,20220730,-9999,    9
 11347, 73114,20220731,-9999,    9
 11347, 73114,20220801,-9999,    9
 11347, 73114,20220802,-9999,    9
 11347, 73114,20220803,-9999,    9
 11347, 73114,20220804,-9999,    9
 11347, 73114,20220805,-9999,    9
 11347, 73114,20220806,-9999,    9
 11347, 73114,20220807,-9999,    9
 11347, 73114,20220808,-9999,    9
 11347, 73114,20220809,-9999,    9
 11347, 73114,20220810,-9999,    9
 11347, 73114,20220811,-9999,    9
 11347, 73114,20220812,-9999,    9
 11347, 73114,20220813,-9999,    9
 11347, 73114,20220814,-9999,    9
 11347, 73114,20220815,-9999,    9
 11347, 73114,20220816,-9999,    9
 11347, 73114,20220817,-9999,    9
 11347, 73114,20220818,-9999,    9
 11347, 73114,20220819,-9999,    9
 11347, 73114,20220820,-9999,    9
 11347, 73114,20220821,-9999,    9
 11347, 73114,20220822,-9999,    9
 11347, 73114,20220823,-9999,    9
 11347, 73114,20220824,-9999,    9
 11347, 73114,20220825,-9999,    9
 11347, 73114,20220826,-9999,    9
 11347, 73114,20220827,-9999,    9
 11347, 73114,20220828,-9999,    9
 11347, 73114,20220829,-9999,    9
 11347, 73114,20220830,-9999,    9
 11347, 73114,20220831,-9999,    9
 11347, 73114,20220901,-9999,    9
 11347, 73114,20220902,-9999,    9
 11347, 73114,20220903,-9999,    9
 11347, 73114,20220904,-9999,    9
 11347, 73114,20220905,-9999,    9
 11347, 73114,20220906,-9999,    9
 11347, 73114,20220907,-9999,    9
 11347, 73114,20220908,-9999,    9
 11347, 73114,20220909,-9999,    9
 11347, 73114,20220910,-9999,    9
 11347, 73114,20220911,-9999,    9
 11347, 73114,20220912,-9999,    9
 11347, 73114,20220913,-9999,    9
 11347, 73114,20220914,-9999,    9
 11347, 73114,20220915,-9999,    9
 11347, 73114,20220916,-9999,    9
 11347, 73114,20220917,-9999,    9
 11347, 73114,20220918,-9999,    9
 11347, 73114,20220919,-9999,    9
 11347, 73114,20220920,-9999,    9
 11347, 73114,20220921,-9999,    9
 11347, 73114,20220922,-9999,    9
 11347, 73114,20220923,-9999,    9
 11347, 73114,20220924,-9999,    9
 11347, 73114,20220925,-9999,    9
 11347, 73114,20220926,-9999,    9
 11347, 73114,20220927,-9999,    9
 11347, 73114,20220928,-9999,    9
 11347, 73114,20220929,-9999,    9
 11347, 73114,20220930,-9999,    9
 11347, 73114,20221001,-9999,    9
 11347, 73114,20221002,-9999,    9
 11347, 73114,20221003,-9999,    9
 11347, 73114,20221004,-9999,    9
 11347, 73114,20221005,-9999,    9
 11347, 73114,20221006,-9999,    9
 11347, 73114,20221007,-9999,    9
 11347, 73114,20221008,-9999,    9
 11347, 73114,20221009,-9999,    9
 11347, 73114,20221010,-9999,    9
 11347, 73114,20221011,-9999,    9
 11347, 73114,20221012,-9999,    9
 11347, 73114,20221013,-9999,    9
 11347, 73114,20221014,-9999,    9
 11347, 73114,20221015,-9999,    9
 11347, 73114,20221016,-9999,    9
 11347, 73114,20221017,-9999,    9
 11347, 73114,20221018,-9999,    9
 11347, 73114,20221019,-9999,    9
 11347, 73114,20221020,-9999,    9
 11347, 73114,20221021,-9999,    9
 11347, 73114,20221022,-9999,    9
 11347, 73114,20221023,-9999,    9
 11347, 73114,20221024,-9999,    9
 11347, 73114,20221025,-9999,    9
 11347, 73114,20221026,-9999,    9
 11347, 73114,20221027,-9999,    9
 11347, 73114,20221028,-9999,    9
 11347, 73114,20221029,-9999,    9
 11347, 73114,20221030,-9999,    9
 11347, 73114,20221031,-9999,    9
