EUROPEAN CLIMATE ASSESSMENT & DATASET (ECA&D), file created on: 16-11-2022
THESE DATA CAN BE USED FOR NON-COMMERCIAL RESEARCH AND EDUCATION PROVIDED THAT THE FOLLOWING SOURCE IS ACKNOWLEDGED: 

Klein Tank, A.M.G. and Coauthors, 2002. Daily dataset of 20th-century surface
air temperature and precipitation series for the European Climate Assessment.
Int. J. of Climatol., 22, 1441-1453.
Data and metadata available at http://www.ecad.eu

FILE FORMAT (MISSING VALUE CODE = -9999):

01-06 STAID: Station identifier
08-13 SOUID: Source identifier
15-22 DATE : Date YYYYMMDD
24-28 RR   : Precipitation amount in 0.1 mm
30-34 Q_RR : quality code for RR (0='valid'; 1='suspect'; 9='missing')

This is the blended series of station LLEIDA - LA FEMOSA, SPAIN (STAID: 16617)
Blended and updated with sources:91300 
See files sources.txt and stations.txt for more info.

STAID, SOUID,    DATE,   RR, Q_RR
 16617, 91300,20180801,-9999,    9
 16617, 91300,20180802,-9999,    9
 16617, 91300,20180803,-9999,    9
 16617, 91300,20180804,-9999,    9
 16617, 91300,20180805,-9999,    9
 16617, 91300,20180806,-9999,    9
 16617, 91300,20180807,-9999,    9
 16617, 91300,20180808,-9999,    9
 16617, 91300,20180809,-9999,    9
 16617, 91300,20180810,-9999,    9
 16617, 91300,20180811,-9999,    9
 16617, 91300,20180812,-9999,    9
 16617, 91300,20180813,-9999,    9
 16617, 91300,20180814,-9999,    9
 16617, 91300,20180815,-9999,    9
 16617, 91300,20180816,-9999,    9
 16617, 91300,20180817,-9999,    9
 16617, 91300,20180818,-9999,    9
 16617, 91300,20180819,-9999,    9
 16617, 91300,20180820,-9999,    9
 16617, 91300,20180821,    0,    0
 16617, 91300,20180822,    0,    0
 16617, 91300,20180823,    0,    0
 16617, 91300,20180824,    0,    0
 16617, 91300,20180825,    0,    0
 16617, 91300,20180826,    0,    0
 16617, 91300,20180827,    0,    0
 16617, 91300,20180828,    2,    0
 16617, 91300,20180829,    0,    0
 16617, 91300,20180830,    0,    0
 16617, 91300,20180831,    0,    0
 16617, 91300,20180901,    0,    0
 16617, 91300,20180902,    0,    0
 16617, 91300,20180903,    6,    0
 16617, 91300,20180904,   11,    0
 16617, 91300,20180905,   12,    0
 16617, 91300,20180906,    0,    0
 16617, 91300,20180907,    0,    0
 16617, 91300,20180908,    0,    0
 16617, 91300,20180909,   20,    0
 16617, 91300,20180910,    1,    0
 16617, 91300,20180911,    0,    0
 16617, 91300,20180912,    0,    0
 16617, 91300,20180913,    0,    0
 16617, 91300,20180914,    0,    0
 16617, 91300,20180915,    0,    0
 16617, 91300,20180916,    0,    0
 16617, 91300,20180917,    0,    0
 16617, 91300,20180918,    0,    0
 16617, 91300,20180919,    0,    0
 16617, 91300,20180920,    0,    0
 16617, 91300,20180921,    0,    0
 16617, 91300,20180922,    0,    0
 16617, 91300,20180923,    0,    0
 16617, 91300,20180924,    0,    0
 16617, 91300,20180925,    0,    0
 16617, 91300,20180926,    0,    0
 16617, 91300,20180927,    0,    0
 16617, 91300,20180928,    0,    0
 16617, 91300,20180929,    0,    0
 16617, 91300,20180930,    0,    0
 16617, 91300,20181001,    0,    0
 16617, 91300,20181002,    0,    0
 16617, 91300,20181003,    0,    0
 16617, 91300,20181004,    0,    0
 16617, 91300,20181005,    0,    0
 16617, 91300,20181006,    0,    0
 16617, 91300,20181007,    0,    0
 16617, 91300,20181008,    0,    0
 16617, 91300,20181009,  211,    0
 16617, 91300,20181010,   22,    0
 16617, 91300,20181011,    1,    0
 16617, 91300,20181012,    0,    0
 16617, 91300,20181013,    0,    0
 16617, 91300,20181014,  533,    0
 16617, 91300,20181015,   13,    0
 16617, 91300,20181016,    0,    0
 16617, 91300,20181017,    0,    0
 16617, 91300,20181018,    1,    0
 16617, 91300,20181019,  180,    0
 16617, 91300,20181020,    7,    0
 16617, 91300,20181021,    1,    0
 16617, 91300,20181022,    1,    0
 16617, 91300,20181023,    0,    0
 16617, 91300,20181024,    0,    0
 16617, 91300,20181025,    0,    0
 16617, 91300,20181026,   10,    0
 16617, 91300,20181027,   52,    0
 16617, 91300,20181028,    7,    0
 16617, 91300,20181029,    0,    0
 16617, 91300,20181030,   14,    0
 16617, 91300,20181031,  102,    0
 16617, 91300,20181101,    0,    0
 16617, 91300,20181102,    0,    0
 16617, 91300,20181103,    0,    0
 16617, 91300,20181104,    0,    0
 16617, 91300,20181105,  256,    0
 16617, 91300,20181106,    0,    0
 16617, 91300,20181107,    0,    0
 16617, 91300,20181108,   27,    0
 16617, 91300,20181109,   97,    0
 16617, 91300,20181110,    1,    0
 16617, 91300,20181111,    0,    0
 16617, 91300,20181112,    0,    0
 16617, 91300,20181113,    0,    0
 16617, 91300,20181114,    0,    0
 16617, 91300,20181115,   22,    0
 16617, 91300,20181116,    1,    0
 16617, 91300,20181117,    2,    0
 16617, 91300,20181118,  148,    0
 16617, 91300,20181119,    0,    0
 16617, 91300,20181120,   55,    0
 16617, 91300,20181121,    1,    0
 16617, 91300,20181122,    1,    0
 16617, 91300,20181123,   11,    0
 16617, 91300,20181124,    2,    0
 16617, 91300,20181125,   31,    0
 16617, 91300,20181126,   35,    0
 16617, 91300,20181127,    0,    0
 16617, 91300,20181128,    0,    0
 16617, 91300,20181129,    0,    0
 16617, 91300,20181130,   20,    0
 16617, 91300,20181201,    0,    0
 16617, 91300,20181202,    0,    0
 16617, 91300,20181203,    0,    0
 16617, 91300,20181204,    1,    0
 16617, 91300,20181205,    2,    0
 16617, 91300,20181206,    1,    0
 16617, 91300,20181207,    0,    0
 16617, 91300,20181208,    0,    0
 16617, 91300,20181209,    0,    0
 16617, 91300,20181210,    0,    0
 16617, 91300,20181211,    1,    0
 16617, 91300,20181212,    1,    0
 16617, 91300,20181213,  127,    0
 16617, 91300,20181214,    0,    0
 16617, 91300,20181215,    0,    0
 16617, 91300,20181216,   11,    0
 16617, 91300,20181217,    0,    0
 16617, 91300,20181218,    0,    0
 16617, 91300,20181219,    1,    0
 16617, 91300,20181220,    0,    0
 16617, 91300,20181221,    0,    0
 16617, 91300,20181222,    0,    0
 16617, 91300,20181223,    1,    0
 16617, 91300,20181224,    2,    0
 16617, 91300,20181225,    1,    0
 16617, 91300,20181226,    2,    0
 16617, 91300,20181227,    1,    0
 16617, 91300,20181228,    0,    0
 16617, 91300,20181229,    0,    0
 16617, 91300,20181230,    0,    0
 16617, 91300,20181231,    0,    0
 16617, 91300,20190101,    0,    0
 16617, 91300,20190102,   67,    0
 16617, 91300,20190103,    0,    0
 16617, 91300,20190104,    2,    0
 16617, 91300,20190105,    0,    0
 16617, 91300,20190106,    0,    0
 16617, 91300,20190107,-9999,    9
 16617, 91300,20190108,-9999,    9
 16617, 91300,20190109,-9999,    9
 16617, 91300,20190110,-9999,    9
 16617, 91300,20190111,-9999,    9
 16617, 91300,20190112,-9999,    9
 16617, 91300,20190113,-9999,    9
 16617, 91300,20190114,-9999,    9
 16617, 91300,20190115,-9999,    9
 16617, 91300,20190116,-9999,    9
 16617, 91300,20190117,-9999,    9
 16617, 91300,20190118,-9999,    9
 16617, 91300,20190119,-9999,    9
 16617, 91300,20190120,-9999,    9
 16617, 91300,20190121,-9999,    9
 16617, 91300,20190122,-9999,    9
 16617, 91300,20190123,-9999,    9
 16617, 91300,20190124,-9999,    9
 16617, 91300,20190125,-9999,    9
 16617, 91300,20190126,-9999,    9
 16617, 91300,20190127,-9999,    9
 16617, 91300,20190128,-9999,    9
 16617, 91300,20190129,-9999,    9
 16617, 91300,20190130,-9999,    9
 16617, 91300,20190131,-9999,    9
 16617, 91300,20190201,    0,    0
 16617, 91300,20190202,    0,    0
 16617, 91300,20190203,    0,    0
 16617, 91300,20190204,    0,    0
 16617, 91300,20190205,    0,    0
 16617, 91300,20190206,    0,    0
 16617, 91300,20190207,-9999,    9
 16617, 91300,20190208,-9999,    9
 16617, 91300,20190209,-9999,    9
 16617, 91300,20190210,-9999,    9
 16617, 91300,20190211,-9999,    9
 16617, 91300,20190212,-9999,    9
 16617, 91300,20190213,-9999,    9
 16617, 91300,20190214,-9999,    9
 16617, 91300,20190215,-9999,    9
 16617, 91300,20190216,-9999,    9
 16617, 91300,20190217,-9999,    9
 16617, 91300,20190218,-9999,    9
 16617, 91300,20190219,-9999,    9
 16617, 91300,20190220,-9999,    9
 16617, 91300,20190221,-9999,    9
 16617, 91300,20190222,-9999,    9
 16617, 91300,20190223,-9999,    9
 16617, 91300,20190224,-9999,    9
 16617, 91300,20190225,-9999,    9
 16617, 91300,20190226,-9999,    9
 16617, 91300,20190227,-9999,    9
 16617, 91300,20190228,-9999,    9
 16617, 91300,20190301,    0,    0
 16617, 91300,20190302,    0,    0
 16617, 91300,20190303,    0,    0
 16617, 91300,20190304,    7,    0
 16617, 91300,20190305,   26,    0
 16617, 91300,20190306,    0,    0
 16617, 91300,20190307,-9999,    9
 16617, 91300,20190308,-9999,    9
 16617, 91300,20190309,-9999,    9
 16617, 91300,20190310,-9999,    9
 16617, 91300,20190311,-9999,    9
 16617, 91300,20190312,-9999,    9
 16617, 91300,20190313,-9999,    9
 16617, 91300,20190314,-9999,    9
 16617, 91300,20190315,-9999,    9
 16617, 91300,20190316,-9999,    9
 16617, 91300,20190317,-9999,    9
 16617, 91300,20190318,-9999,    9
 16617, 91300,20190319,-9999,    9
 16617, 91300,20190320,-9999,    9
 16617, 91300,20190321,-9999,    9
 16617, 91300,20190322,-9999,    9
 16617, 91300,20190323,-9999,    9
 16617, 91300,20190324,-9999,    9
 16617, 91300,20190325,-9999,    9
 16617, 91300,20190326,-9999,    9
 16617, 91300,20190327,-9999,    9
 16617, 91300,20190328,-9999,    9
 16617, 91300,20190329,-9999,    9
 16617, 91300,20190330,-9999,    9
 16617, 91300,20190331,-9999,    9
 16617, 91300,20190401,    0,    0
 16617, 91300,20190402,    0,    0
 16617, 91300,20190403,    0,    0
 16617, 91300,20190404,    0,    0
 16617, 91300,20190405,    0,    0
 16617, 91300,20190406,    0,    0
 16617, 91300,20190407,-9999,    9
 16617, 91300,20190408,-9999,    9
 16617, 91300,20190409,-9999,    9
 16617, 91300,20190410,-9999,    9
 16617, 91300,20190411,-9999,    9
 16617, 91300,20190412,-9999,    9
 16617, 91300,20190413,-9999,    9
 16617, 91300,20190414,-9999,    9
 16617, 91300,20190415,-9999,    9
 16617, 91300,20190416,-9999,    9
 16617, 91300,20190417,-9999,    9
 16617, 91300,20190418,-9999,    9
 16617, 91300,20190419,-9999,    9
 16617, 91300,20190420,-9999,    9
 16617, 91300,20190421,-9999,    9
 16617, 91300,20190422,-9999,    9
 16617, 91300,20190423,-9999,    9
 16617, 91300,20190424,-9999,    9
 16617, 91300,20190425,-9999,    9
 16617, 91300,20190426,-9999,    9
 16617, 91300,20190427,-9999,    9
 16617, 91300,20190428,-9999,    9
 16617, 91300,20190429,-9999,    9
 16617, 91300,20190430,-9999,    9
 16617, 91300,20190501,    0,    0
 16617, 91300,20190502,    0,    0
 16617, 91300,20190503,    0,    0
 16617, 91300,20190504,   40,    0
 16617, 91300,20190505,    0,    0
 16617, 91300,20190506,    0,    0
 16617, 91300,20190507,-9999,    9
 16617, 91300,20190508,-9999,    9
 16617, 91300,20190509,-9999,    9
 16617, 91300,20190510,-9999,    9
 16617, 91300,20190511,-9999,    9
 16617, 91300,20190512,-9999,    9
 16617, 91300,20190513,-9999,    9
 16617, 91300,20190514,-9999,    9
 16617, 91300,20190515,-9999,    9
 16617, 91300,20190516,-9999,    9
 16617, 91300,20190517,-9999,    9
 16617, 91300,20190518,-9999,    9
 16617, 91300,20190519,-9999,    9
 16617, 91300,20190520,-9999,    9
 16617, 91300,20190521,-9999,    9
 16617, 91300,20190522,-9999,    9
 16617, 91300,20190523,-9999,    9
 16617, 91300,20190524,-9999,    9
 16617, 91300,20190525,-9999,    9
 16617, 91300,20190526,-9999,    9
 16617, 91300,20190527,-9999,    9
 16617, 91300,20190528,-9999,    9
 16617, 91300,20190529,-9999,    9
 16617, 91300,20190530,-9999,    9
 16617, 91300,20190531,-9999,    9
 16617, 91300,20190601,    0,    0
 16617, 91300,20190602,    0,    0
 16617, 91300,20190603,   11,    0
 16617, 91300,20190604,    5,    0
 16617, 91300,20190605,    0,    0
 16617, 91300,20190606,    0,    0
 16617, 91300,20190607,-9999,    9
 16617, 91300,20190608,-9999,    9
 16617, 91300,20190609,-9999,    9
 16617, 91300,20190610,-9999,    9
 16617, 91300,20190611,-9999,    9
 16617, 91300,20190612,-9999,    9
 16617, 91300,20190613,-9999,    9
 16617, 91300,20190614,-9999,    9
 16617, 91300,20190615,-9999,    9
 16617, 91300,20190616,-9999,    9
 16617, 91300,20190617,-9999,    9
 16617, 91300,20190618,-9999,    9
 16617, 91300,20190619,-9999,    9
 16617, 91300,20190620,-9999,    9
 16617, 91300,20190621,-9999,    9
 16617, 91300,20190622,-9999,    9
 16617, 91300,20190623,-9999,    9
 16617, 91300,20190624,-9999,    9
 16617, 91300,20190625,-9999,    9
 16617, 91300,20190626,-9999,    9
 16617, 91300,20190627,-9999,    9
 16617, 91300,20190628,-9999,    9
 16617, 91300,20190629,-9999,    9
 16617, 91300,20190630,-9999,    9
 16617, 91300,20190701,    0,    0
 16617, 91300,20190702,    0,    0
 16617, 91300,20190703,    0,    0
 16617, 91300,20190704,    0,    0
 16617, 91300,20190705,    0,    0
 16617, 91300,20190706,    0,    0
 16617, 91300,20190707,    1,    0
 16617, 91300,20190708,   45,    0
 16617, 91300,20190709,  181,    0
 16617, 91300,20190710,    0,    0
 16617, 91300,20190711,    0,    0
 16617, 91300,20190712,    0,    0
 16617, 91300,20190713,    0,    0
 16617, 91300,20190714,    0,    0
 16617, 91300,20190715,    0,    0
 16617, 91300,20190716,    0,    0
 16617, 91300,20190717,    3,    0
 16617, 91300,20190718,    0,    0
 16617, 91300,20190719,    0,    0
 16617, 91300,20190720,    0,    0
 16617, 91300,20190721,    0,    0
 16617, 91300,20190722,    0,    0
 16617, 91300,20190723,    0,    0
 16617, 91300,20190724,    0,    0
 16617, 91300,20190725,    0,    0
 16617, 91300,20190726,    2,    0
 16617, 91300,20190727,   10,    0
 16617, 91300,20190728,    0,    0
 16617, 91300,20190729,    0,    0
 16617, 91300,20190730,    0,    0
 16617, 91300,20190731,    0,    0
 16617, 91300,20190801,    0,    0
 16617, 91300,20190802,    0,    0
 16617, 91300,20190803,    0,    0
 16617, 91300,20190804,    0,    0
 16617, 91300,20190805,    0,    0
 16617, 91300,20190806,    0,    0
 16617, 91300,20190807,    0,    0
 16617, 91300,20190808,    0,    0
 16617, 91300,20190809,    0,    0
 16617, 91300,20190810,    0,    0
 16617, 91300,20190811,    0,    0
 16617, 91300,20190812,    0,    0
 16617, 91300,20190813,    0,    0
 16617, 91300,20190814,    0,    0
 16617, 91300,20190815,    0,    0
 16617, 91300,20190816,    0,    0
 16617, 91300,20190817,    0,    0
 16617, 91300,20190818,    0,    0
 16617, 91300,20190819,    0,    0
 16617, 91300,20190820,  176,    0
 16617, 91300,20190821,    0,    0
 16617, 91300,20190822,    0,    0
 16617, 91300,20190823,    0,    0
 16617, 91300,20190824,    0,    0
 16617, 91300,20190825,    0,    0
 16617, 91300,20190826,    0,    0
 16617, 91300,20190827,   36,    0
 16617, 91300,20190828,    0,    0
 16617, 91300,20190829,    0,    0
 16617, 91300,20190830,    0,    0
 16617, 91300,20190831,    0,    0
 16617, 91300,20190901,    0,    0
 16617, 91300,20190902,    0,    0
 16617, 91300,20190903,    0,    0
 16617, 91300,20190904,    0,    0
 16617, 91300,20190905,    0,    0
 16617, 91300,20190906,    0,    0
 16617, 91300,20190907,    0,    0
 16617, 91300,20190908,    0,    0
 16617, 91300,20190909,    0,    0
 16617, 91300,20190910,    0,    0
 16617, 91300,20190911,    8,    0
 16617, 91300,20190912,    0,    0
 16617, 91300,20190913,   27,    0
 16617, 91300,20190914,   16,    0
 16617, 91300,20190915,    0,    0
 16617, 91300,20190916,    0,    0
 16617, 91300,20190917,    0,    0
 16617, 91300,20190918,    0,    0
 16617, 91300,20190919,    0,    0
 16617, 91300,20190920,    0,    0
 16617, 91300,20190921,   25,    0
 16617, 91300,20190922,    0,    0
 16617, 91300,20190923,    0,    0
 16617, 91300,20190924,    0,    0
 16617, 91300,20190925,    0,    0
 16617, 91300,20190926,    0,    0
 16617, 91300,20190927,    0,    0
 16617, 91300,20190928,    0,    0
 16617, 91300,20190929,    0,    0
 16617, 91300,20190930,    0,    0
 16617, 91300,20191001,    0,    0
 16617, 91300,20191002,    0,    0
 16617, 91300,20191003,    0,    0
 16617, 91300,20191004,    0,    0
 16617, 91300,20191005,    0,    0
 16617, 91300,20191006,    0,    0
 16617, 91300,20191007,    0,    0
 16617, 91300,20191008,    0,    0
 16617, 91300,20191009,    0,    0
 16617, 91300,20191010,    0,    0
 16617, 91300,20191011,    0,    0
 16617, 91300,20191012,    0,    0
 16617, 91300,20191013,    0,    0
 16617, 91300,20191014,  101,    0
 16617, 91300,20191015,    0,    0
 16617, 91300,20191016,    0,    0
 16617, 91300,20191017,    0,    0
 16617, 91300,20191018,    2,    0
 16617, 91300,20191019,    0,    0
 16617, 91300,20191020,   27,    0
 16617, 91300,20191021,    0,    0
 16617, 91300,20191022,  703,    0
 16617, 91300,20191023,   68,    0
 16617, 91300,20191024,    1,    0
 16617, 91300,20191025,    0,    0
 16617, 91300,20191026,    0,    0
 16617, 91300,20191027,    0,    0
 16617, 91300,20191028,    0,    0
 16617, 91300,20191029,    0,    0
 16617, 91300,20191030,    2,    0
 16617, 91300,20191031,    0,    0
 16617, 91300,20191101,    3,    0
 16617, 91300,20191102,    8,    0
 16617, 91300,20191103,   22,    0
 16617, 91300,20191104,    7,    0
 16617, 91300,20191105,    0,    0
 16617, 91300,20191106,    0,    0
 16617, 91300,20191107,    0,    0
 16617, 91300,20191108,    0,    0
 16617, 91300,20191109,    0,    0
 16617, 91300,20191110,    0,    0
 16617, 91300,20191111,    0,    0
 16617, 91300,20191112,    0,    0
 16617, 91300,20191113,   36,    0
 16617, 91300,20191114,   16,    0
 16617, 91300,20191115,    0,    0
 16617, 91300,20191116,    0,    0
 16617, 91300,20191117,    0,    0
 16617, 91300,20191118,    0,    0
 16617, 91300,20191119,    0,    0
 16617, 91300,20191120,    0,    0
 16617, 91300,20191121,    0,    0
 16617, 91300,20191122,   85,    0
 16617, 91300,20191123,    0,    0
 16617, 91300,20191124,    0,    0
 16617, 91300,20191125,    0,    0
 16617, 91300,20191126,    3,    0
 16617, 91300,20191127,    0,    0
 16617, 91300,20191128,    0,    0
 16617, 91300,20191129,    0,    0
 16617, 91300,20191130,    0,    0
 16617, 91300,20191201,    0,    0
 16617, 91300,20191202,    0,    0
 16617, 91300,20191203,    0,    0
 16617, 91300,20191204,   54,    0
 16617, 91300,20191205,  113,    0
 16617, 91300,20191206,    0,    0
 16617, 91300,20191207,    2,    0
 16617, 91300,20191208,    2,    0
 16617, 91300,20191209,    1,    0
 16617, 91300,20191210,    0,    0
 16617, 91300,20191211,    0,    0
 16617, 91300,20191212,   22,    0
 16617, 91300,20191213,    2,    0
 16617, 91300,20191214,    0,    0
 16617, 91300,20191215,    0,    0
 16617, 91300,20191216,    0,    0
 16617, 91300,20191217,    0,    0
 16617, 91300,20191218,    0,    0
 16617, 91300,20191219,   19,    0
 16617, 91300,20191220,  110,    0
 16617, 91300,20191221,   25,    0
 16617, 91300,20191222,    0,    0
 16617, 91300,20191223,    0,    0
 16617, 91300,20191224,    0,    0
 16617, 91300,20191225,    1,    0
 16617, 91300,20191226,    2,    0
 16617, 91300,20191227,    0,    0
 16617, 91300,20191228,    0,    0
 16617, 91300,20191229,    1,    0
 16617, 91300,20191230,    0,    0
 16617, 91300,20191231,    0,    0
 16617, 91300,20200101,    0,    0
 16617, 91300,20200102,    1,    0
 16617, 91300,20200103,    1,    0
 16617, 91300,20200104,    0,    0
 16617, 91300,20200105,    0,    0
 16617, 91300,20200106,    1,    0
 16617, 91300,20200107,    2,    0
 16617, 91300,20200108,    0,    0
 16617, 91300,20200109,    2,    0
 16617, 91300,20200110,   16,    0
 16617, 91300,20200111,    2,    0
 16617, 91300,20200112,    1,    0
 16617, 91300,20200113,    1,    0
 16617, 91300,20200114,    0,    0
 16617, 91300,20200115,    1,    0
 16617, 91300,20200116,    1,    0
 16617, 91300,20200117,    1,    0
 16617, 91300,20200118,    4,    0
 16617, 91300,20200119,   54,    0
 16617, 91300,20200120,   19,    0
 16617, 91300,20200121,  274,    0
 16617, 91300,20200122,  272,    0
 16617, 91300,20200123,  129,    0
 16617, 91300,20200124,    0,    0
 16617, 91300,20200125,    0,    0
 16617, 91300,20200126,    7,    0
 16617, 91300,20200127,    0,    0
 16617, 91300,20200128,    0,    0
 16617, 91300,20200129,    0,    0
 16617, 91300,20200130,    0,    0
 16617, 91300,20200131,    0,    0
 16617, 91300,20200201,    0,    0
 16617, 91300,20200202,    0,    0
 16617, 91300,20200203,    0,    0
 16617, 91300,20200204,    1,    0
 16617, 91300,20200205,    0,    0
 16617, 91300,20200206,    0,    0
 16617, 91300,20200207,    0,    0
 16617, 91300,20200208,    0,    0
 16617, 91300,20200209,    0,    0
 16617, 91300,20200210,    0,    0
 16617, 91300,20200211,    0,    0
 16617, 91300,20200212,    1,    0
 16617, 91300,20200213,    0,    0
 16617, 91300,20200214,    0,    0
 16617, 91300,20200215,    0,    0
 16617, 91300,20200216,    1,    0
 16617, 91300,20200217,    1,    0
 16617, 91300,20200218,    0,    0
 16617, 91300,20200219,    0,    0
 16617, 91300,20200220,    0,    0
 16617, 91300,20200221,    0,    0
 16617, 91300,20200222,    0,    0
 16617, 91300,20200223,    0,    0
 16617, 91300,20200224,    0,    0
 16617, 91300,20200225,    0,    0
 16617, 91300,20200226,    0,    0
 16617, 91300,20200227,    0,    0
 16617, 91300,20200228,    0,    0
 16617, 91300,20200229,    0,    0
 16617, 91300,20200301,    0,    0
 16617, 91300,20200302,   31,    0
 16617, 91300,20200303,    7,    0
 16617, 91300,20200304,    0,    0
 16617, 91300,20200305,    1,    0
 16617, 91300,20200306,    0,    0
 16617, 91300,20200307,    0,    0
 16617, 91300,20200308,    0,    0
 16617, 91300,20200309,    0,    0
 16617, 91300,20200310,    0,    0
 16617, 91300,20200311,    0,    0
 16617, 91300,20200312,    0,    0
 16617, 91300,20200313,    0,    0
 16617, 91300,20200314,    0,    0
 16617, 91300,20200315,   19,    0
 16617, 91300,20200316,   69,    0
 16617, 91300,20200317,   14,    0
 16617, 91300,20200318,    0,    0
 16617, 91300,20200319,    0,    0
 16617, 91300,20200320,    0,    0
 16617, 91300,20200321,    0,    0
 16617, 91300,20200322,    0,    0
 16617, 91300,20200323,    0,    0
 16617, 91300,20200324,   12,    0
 16617, 91300,20200325,    5,    0
 16617, 91300,20200326,    0,    0
 16617, 91300,20200327,    0,    0
 16617, 91300,20200328,    0,    0
 16617, 91300,20200329,    0,    0
 16617, 91300,20200330,    0,    0
 16617, 91300,20200331,  102,    0
 16617, 91300,20200401,  132,    0
 16617, 91300,20200402,   20,    0
 16617, 91300,20200403,    0,    0
 16617, 91300,20200404,    0,    0
 16617, 91300,20200405,    0,    0
 16617, 91300,20200406,    0,    0
 16617, 91300,20200407,    6,    0
 16617, 91300,20200408,    0,    0
 16617, 91300,20200409,    0,    0
 16617, 91300,20200410,    0,    0
 16617, 91300,20200411,    1,    0
 16617, 91300,20200412,    0,    0
 16617, 91300,20200413,   23,    0
 16617, 91300,20200414,    0,    0
 16617, 91300,20200415,   19,    0
 16617, 91300,20200416,    0,    0
 16617, 91300,20200417,    0,    0
 16617, 91300,20200418,    0,    0
 16617, 91300,20200419,   22,    0
 16617, 91300,20200420,   52,    0
 16617, 91300,20200421,  225,    0
 16617, 91300,20200422,  101,    0
 16617, 91300,20200423,    7,    0
 16617, 91300,20200424,    0,    0
 16617, 91300,20200425,    0,    0
 16617, 91300,20200426,    3,    0
 16617, 91300,20200427,   88,    0
 16617, 91300,20200428,    1,    0
 16617, 91300,20200429,    0,    0
 16617, 91300,20200430,    0,    0
 16617, 91300,20200501,    3,    0
 16617, 91300,20200502,    0,    0
 16617, 91300,20200503,    0,    0
 16617, 91300,20200504,    0,    0
 16617, 91300,20200505,    0,    0
 16617, 91300,20200506,    0,    0
 16617, 91300,20200507,    0,    0
 16617, 91300,20200508,    0,    0
 16617, 91300,20200509,    0,    0
 16617, 91300,20200510,  170,    0
 16617, 91300,20200511,    0,    0
 16617, 91300,20200512,   31,    0
 16617, 91300,20200513,   56,    0
 16617, 91300,20200514,  105,    0
 16617, 91300,20200515,    7,    0
 16617, 91300,20200516,  296,    0
 16617, 91300,20200517,    0,    0
 16617, 91300,20200518,    0,    0
 16617, 91300,20200519,    0,    0
 16617, 91300,20200520,    0,    0
 16617, 91300,20200521,    0,    0
 16617, 91300,20200522,    0,    0
 16617, 91300,20200523,    0,    0
 16617, 91300,20200524,    0,    0
 16617, 91300,20200525,   43,    0
 16617, 91300,20200526,    0,    0
 16617, 91300,20200527,    1,    0
 16617, 91300,20200528,    0,    0
 16617, 91300,20200529,    9,    0
 16617, 91300,20200530,    0,    0
 16617, 91300,20200531,   30,    0
 16617, 91300,20200601,    0,    0
 16617, 91300,20200602,    0,    0
 16617, 91300,20200603,  108,    0
 16617, 91300,20200604,   27,    0
 16617, 91300,20200605,    0,    0
 16617, 91300,20200606,   12,    0
 16617, 91300,20200607,   28,    0
 16617, 91300,20200608,   18,    0
 16617, 91300,20200609,    0,    0
 16617, 91300,20200610,    0,    0
 16617, 91300,20200611,    9,    0
 16617, 91300,20200612,    0,    0
 16617, 91300,20200613,    5,    0
 16617, 91300,20200614,    0,    0
 16617, 91300,20200615,    4,    0
 16617, 91300,20200616,  190,    0
 16617, 91300,20200617,    1,    0
 16617, 91300,20200618,   65,    0
 16617, 91300,20200619,    0,    0
 16617, 91300,20200620,    0,    0
 16617, 91300,20200621,    0,    0
 16617, 91300,20200622,    0,    0
 16617, 91300,20200623,    0,    0
 16617, 91300,20200624,    0,    0
 16617, 91300,20200625,    0,    0
 16617, 91300,20200626,    0,    0
 16617, 91300,20200627,    0,    0
 16617, 91300,20200628,    0,    0
 16617, 91300,20200629,    0,    0
 16617, 91300,20200630,   45,    0
 16617, 91300,20200701,    0,    0
 16617, 91300,20200702,    0,    0
 16617, 91300,20200703,    0,    0
 16617, 91300,20200704,    0,    0
 16617, 91300,20200705,    0,    0
 16617, 91300,20200706,    0,    0
 16617, 91300,20200707,    0,    0
 16617, 91300,20200708,    0,    0
 16617, 91300,20200709,    0,    0
 16617, 91300,20200710,    0,    0
 16617, 91300,20200711,    0,    0
 16617, 91300,20200712,    0,    0
 16617, 91300,20200713,    0,    0
 16617, 91300,20200714,    0,    0
 16617, 91300,20200715,    0,    0
 16617, 91300,20200716,    0,    0
 16617, 91300,20200717,    0,    0
 16617, 91300,20200718,    0,    0
 16617, 91300,20200719,    0,    0
 16617, 91300,20200720,    0,    0
 16617, 91300,20200721,    0,    0
 16617, 91300,20200722,    0,    0
 16617, 91300,20200723,    0,    0
 16617, 91300,20200724,    0,    0
 16617, 91300,20200725,    0,    0
 16617, 91300,20200726,    0,    0
 16617, 91300,20200727,    0,    0
 16617, 91300,20200728,    0,    0
 16617, 91300,20200729,    0,    0
 16617, 91300,20200730,    0,    0
 16617, 91300,20200731,    0,    0
 16617, 91300,20200801,    0,    0
 16617, 91300,20200802,    0,    0
 16617, 91300,20200803,    0,    0
 16617, 91300,20200804,    0,    0
 16617, 91300,20200805,    0,    0
 16617, 91300,20200806,    0,    0
 16617, 91300,20200807,    0,    0
 16617, 91300,20200808,    0,    0
 16617, 91300,20200809,    0,    0
 16617, 91300,20200810,    0,    0
 16617, 91300,20200811,    0,    0
 16617, 91300,20200812,    0,    0
 16617, 91300,20200813,    0,    0
 16617, 91300,20200814,    0,    0
 16617, 91300,20200815,    0,    0
 16617, 91300,20200816,    0,    0
 16617, 91300,20200817,    0,    0
 16617, 91300,20200818,    1,    0
 16617, 91300,20200819,    0,    0
 16617, 91300,20200820,    0,    0
 16617, 91300,20200821,    0,    0
 16617, 91300,20200822,    0,    0
 16617, 91300,20200823,    0,    0
 16617, 91300,20200824,    0,    0
 16617, 91300,20200825,    0,    0
 16617, 91300,20200826,    0,    0
 16617, 91300,20200827,    0,    0
 16617, 91300,20200828,  142,    0
 16617, 91300,20200829,    0,    0
 16617, 91300,20200830,    0,    0
 16617, 91300,20200831,    0,    0
 16617, 91300,20200901,    0,    0
 16617, 91300,20200902,    0,    0
 16617, 91300,20200903,    0,    0
 16617, 91300,20200904,    0,    0
 16617, 91300,20200905,    0,    0
 16617, 91300,20200906,    0,    0
 16617, 91300,20200907,    0,    0
 16617, 91300,20200908,    0,    0
 16617, 91300,20200909,   19,    0
 16617, 91300,20200910,    0,    0
 16617, 91300,20200911,    0,    0
 16617, 91300,20200912,    0,    0
 16617, 91300,20200913,    0,    0
 16617, 91300,20200914,    0,    0
 16617, 91300,20200915,    0,    0
 16617, 91300,20200916,    0,    0
 16617, 91300,20200917,    0,    0
 16617, 91300,20200918,   22,    0
 16617, 91300,20200919,   10,    0
 16617, 91300,20200920,    0,    0
 16617, 91300,20200921,    0,    0
 16617, 91300,20200922,    0,    0
 16617, 91300,20200923,    0,    0
 16617, 91300,20200924,    0,    0
 16617, 91300,20200925,    0,    0
 16617, 91300,20200926,    0,    0
 16617, 91300,20200927,    0,    0
 16617, 91300,20200928,    0,    0
 16617, 91300,20200929,    0,    0
 16617, 91300,20200930,    0,    0
 16617, 91300,20201001,    0,    0
 16617, 91300,20201002,   62,    0
 16617, 91300,20201003,    0,    0
 16617, 91300,20201004,    0,    0
 16617, 91300,20201005,    0,    0
 16617, 91300,20201006,    0,    0
 16617, 91300,20201007,    0,    0
 16617, 91300,20201008,    0,    0
 16617, 91300,20201009,    0,    0
 16617, 91300,20201010,    0,    0
 16617, 91300,20201011,    0,    0
 16617, 91300,20201012,    0,    0
 16617, 91300,20201013,    0,    0
 16617, 91300,20201014,    5,    0
 16617, 91300,20201015,    0,    0
 16617, 91300,20201016,    0,    0
 16617, 91300,20201017,    0,    0
 16617, 91300,20201018,    0,    0
 16617, 91300,20201019,    0,    0
 16617, 91300,20201020,   11,    0
 16617, 91300,20201021,    0,    0
 16617, 91300,20201022,   36,    0
 16617, 91300,20201023,    0,    0
 16617, 91300,20201024,    0,    0
 16617, 91300,20201025,   10,    0
 16617, 91300,20201026,    1,    0
 16617, 91300,20201027,    0,    0
 16617, 91300,20201028,    0,    0
 16617, 91300,20201029,    0,    0
 16617, 91300,20201030,    0,    0
 16617, 91300,20201031,    0,    0
 16617, 91300,20201101,    0,    0
 16617, 91300,20201102,    0,    0
 16617, 91300,20201103,   39,    0
 16617, 91300,20201104,  208,    0
 16617, 91300,20201105,   28,    0
 16617, 91300,20201106,   88,    0
 16617, 91300,20201107,  177,    0
 16617, 91300,20201108,    2,    0
 16617, 91300,20201109,    3,    0
 16617, 91300,20201110,    1,    0
 16617, 91300,20201111,    2,    0
 16617, 91300,20201112,    1,    0
 16617, 91300,20201113,    0,    0
 16617, 91300,20201114,    2,    0
 16617, 91300,20201115,    1,    0
 16617, 91300,20201116,    0,    0
 16617, 91300,20201117,    0,    0
 16617, 91300,20201118,    0,    0
 16617, 91300,20201119,    1,    0
 16617, 91300,20201120,    0,    0
 16617, 91300,20201121,    0,    0
 16617, 91300,20201122,    0,    0
 16617, 91300,20201123,    1,    0
 16617, 91300,20201124,    1,    0
 16617, 91300,20201125,    0,    0
 16617, 91300,20201126,    0,    0
 16617, 91300,20201127,   19,    0
 16617, 91300,20201128,   41,    0
 16617, 91300,20201129,    1,    0
 16617, 91300,20201130,    2,    0
 16617, 91300,20201201,    2,    0
 16617, 91300,20201202,    1,    0
 16617, 91300,20201203,    0,    0
 16617, 91300,20201204,    0,    0
 16617, 91300,20201205,    3,    0
 16617, 91300,20201206,    0,    0
 16617, 91300,20201207,   68,    0
 16617, 91300,20201208,    1,    0
 16617, 91300,20201209,    0,    0
 16617, 91300,20201210,   17,    0
 16617, 91300,20201211,  115,    0
 16617, 91300,20201212,    0,    0
 16617, 91300,20201213,    0,    0
 16617, 91300,20201214,    2,    0
 16617, 91300,20201215,    1,    0
 16617, 91300,20201216,    0,    0
 16617, 91300,20201217,    2,    0
 16617, 91300,20201218,    2,    0
 16617, 91300,20201219,   32,    0
 16617, 91300,20201220,   15,    0
 16617, 91300,20201221,    1,    0
 16617, 91300,20201222,    2,    0
 16617, 91300,20201223,    2,    0
 16617, 91300,20201224,    1,    0
 16617, 91300,20201225,    0,    0
 16617, 91300,20201226,    0,    0
 16617, 91300,20201227,    0,    0
 16617, 91300,20201228,    7,    0
 16617, 91300,20201229,    0,    0
 16617, 91300,20201230,    0,    0
 16617, 91300,20201231,    0,    0
 16617, 91300,20210101,    0,    0
 16617, 91300,20210102,    0,    0
 16617, 91300,20210103,    0,    0
 16617, 91300,20210104,    0,    0
 16617, 91300,20210105,    0,    0
 16617, 91300,20210106,    0,    0
 16617, 91300,20210107,    0,    0
 16617, 91300,20210108,    0,    0
 16617, 91300,20210109,  268,    0
 16617, 91300,20210110,  127,    0
 16617, 91300,20210111,    0,    0
 16617, 91300,20210112,    0,    0
 16617, 91300,20210113,    0,    0
 16617, 91300,20210114,    0,    0
 16617, 91300,20210115,    2,    0
 16617, 91300,20210116,    0,    0
 16617, 91300,20210117,    0,    0
 16617, 91300,20210118,    0,    0
 16617, 91300,20210119,    1,    0
 16617, 91300,20210120,    4,    0
 16617, 91300,20210121,    1,    0
 16617, 91300,20210122,   50,    0
 16617, 91300,20210123,   17,    0
 16617, 91300,20210124,    1,    0
 16617, 91300,20210125,   30,    0
 16617, 91300,20210126,    0,    0
 16617, 91300,20210127,    0,    0
 16617, 91300,20210128,    0,    0
 16617, 91300,20210129,    0,    0
 16617, 91300,20210130,    4,    0
 16617, 91300,20210131,    0,    0
 16617, 91300,20210201,    0,    0
 16617, 91300,20210202,    0,    0
 16617, 91300,20210203,    0,    0
 16617, 91300,20210204,    0,    0
 16617, 91300,20210205,    0,    0
 16617, 91300,20210206,    8,    0
 16617, 91300,20210207,    0,    0
 16617, 91300,20210208,   21,    0
 16617, 91300,20210209,   24,    0
 16617, 91300,20210210,   49,    0
 16617, 91300,20210211,    0,    0
 16617, 91300,20210212,   33,    0
 16617, 91300,20210213,    0,    0
 16617, 91300,20210214,    0,    0
 16617, 91300,20210215,    0,    0
 16617, 91300,20210216,    0,    0
 16617, 91300,20210217,    0,    0
 16617, 91300,20210218,    0,    0
 16617, 91300,20210219,    0,    0
 16617, 91300,20210220,    0,    0
 16617, 91300,20210221,    0,    0
 16617, 91300,20210222,    4,    0
 16617, 91300,20210223,    0,    0
 16617, 91300,20210224,    0,    0
 16617, 91300,20210225,    0,    0
 16617, 91300,20210226,    0,    0
 16617, 91300,20210227,    0,    0
 16617, 91300,20210228,    0,    0
 16617, 91300,20210301,    0,    0
 16617, 91300,20210302,    0,    0
 16617, 91300,20210303,    0,    0
 16617, 91300,20210304,    0,    0
 16617, 91300,20210305,    0,    0
 16617, 91300,20210306,    0,    0
 16617, 91300,20210307,    0,    0
 16617, 91300,20210308,   12,    0
 16617, 91300,20210309,    0,    0
 16617, 91300,20210310,    0,    0
 16617, 91300,20210311,    0,    0
 16617, 91300,20210312,    0,    0
 16617, 91300,20210313,    0,    0
 16617, 91300,20210314,    0,    0
 16617, 91300,20210315,    0,    0
 16617, 91300,20210316,    0,    0
 16617, 91300,20210317,    0,    0
 16617, 91300,20210318,    0,    0
 16617, 91300,20210319,    0,    0
 16617, 91300,20210320,    0,    0
 16617, 91300,20210321,    0,    0
 16617, 91300,20210322,    0,    0
 16617, 91300,20210323,    0,    0
 16617, 91300,20210324,    0,    0
 16617, 91300,20210325,    0,    0
 16617, 91300,20210326,    0,    0
 16617, 91300,20210327,    0,    0
 16617, 91300,20210328,    0,    0
 16617, 91300,20210329,    0,    0
 16617, 91300,20210330,    0,    0
 16617, 91300,20210331,    0,    0
 16617, 91300,20210401,    0,    0
 16617, 91300,20210402,    0,    0
 16617, 91300,20210403,    0,    0
 16617, 91300,20210404,    0,    0
 16617, 91300,20210405,    0,    0
 16617, 91300,20210406,    0,    0
 16617, 91300,20210407,    0,    0
 16617, 91300,20210408,    0,    0
 16617, 91300,20210409,   30,    0
 16617, 91300,20210410,    0,    0
 16617, 91300,20210411,   15,    0
 16617, 91300,20210412,    0,    0
 16617, 91300,20210413,    0,    0
 16617, 91300,20210414,    0,    0
 16617, 91300,20210415,   17,    0
 16617, 91300,20210416,    5,    0
 16617, 91300,20210417,    0,    0
 16617, 91300,20210418,    0,    0
 16617, 91300,20210419,    0,    0
 16617, 91300,20210420,   65,    0
 16617, 91300,20210421,   36,    0
 16617, 91300,20210422,    0,    0
 16617, 91300,20210423,    0,    0
 16617, 91300,20210424,    0,    0
 16617, 91300,20210425,    7,    0
 16617, 91300,20210426,   60,    0
 16617, 91300,20210427,    3,    0
 16617, 91300,20210428,   19,    0
 16617, 91300,20210429,   10,    0
 16617, 91300,20210430,  175,    0
 16617, 91300,20210501,   34,    0
 16617, 91300,20210502,    0,    0
 16617, 91300,20210503,    0,    0
 16617, 91300,20210504,    0,    0
 16617, 91300,20210505,    0,    0
 16617, 91300,20210506,    0,    0
 16617, 91300,20210507,    0,    0
 16617, 91300,20210508,    0,    0
 16617, 91300,20210509,    1,    0
 16617, 91300,20210510,   11,    0
 16617, 91300,20210511,    0,    0
 16617, 91300,20210512,    0,    0
 16617, 91300,20210513,   93,    0
 16617, 91300,20210514,    0,    0
 16617, 91300,20210515,    0,    0
 16617, 91300,20210516,    0,    0
 16617, 91300,20210517,    0,    0
 16617, 91300,20210518,    0,    0
 16617, 91300,20210519,    0,    0
 16617, 91300,20210520,    0,    0
 16617, 91300,20210521,    0,    0
 16617, 91300,20210522,    0,    0
 16617, 91300,20210523,    1,    0
 16617, 91300,20210524,    0,    0
 16617, 91300,20210525,    0,    0
 16617, 91300,20210526,    0,    0
 16617, 91300,20210527,    0,    0
 16617, 91300,20210528,    0,    0
 16617, 91300,20210529,    0,    0
 16617, 91300,20210530,    0,    0
 16617, 91300,20210531,    0,    0
 16617, 91300,20210601,    8,    0
 16617, 91300,20210602,    1,    0
 16617, 91300,20210603,    0,    0
 16617, 91300,20210604,    0,    0
 16617, 91300,20210605,    0,    0
 16617, 91300,20210606,    1,    0
 16617, 91300,20210607,    0,    0
 16617, 91300,20210608,    0,    0
 16617, 91300,20210609,    0,    0
 16617, 91300,20210610,    0,    0
 16617, 91300,20210611,    0,    0
 16617, 91300,20210612,    0,    0
 16617, 91300,20210613,    0,    0
 16617, 91300,20210614,    0,    0
 16617, 91300,20210615,    0,    0
 16617, 91300,20210616,    0,    0
 16617, 91300,20210617,  217,    0
 16617, 91300,20210618,    0,    0
 16617, 91300,20210619,   16,    0
 16617, 91300,20210620,   15,    0
 16617, 91300,20210621,    0,    0
 16617, 91300,20210622,    0,    0
 16617, 91300,20210623,   10,    0
 16617, 91300,20210624,    0,    0
 16617, 91300,20210625,    0,    0
 16617, 91300,20210626,    0,    0
 16617, 91300,20210627,    0,    0
 16617, 91300,20210628,    0,    0
 16617, 91300,20210629,    0,    0
 16617, 91300,20210630,    0,    0
 16617, 91300,20210701,    0,    0
 16617, 91300,20210702,    0,    0
 16617, 91300,20210703,    0,    0
 16617, 91300,20210704,    0,    0
 16617, 91300,20210705,    0,    0
 16617, 91300,20210706,   10,    0
 16617, 91300,20210707,    0,    0
 16617, 91300,20210708,    0,    0
 16617, 91300,20210709,    0,    0
 16617, 91300,20210710,    0,    0
 16617, 91300,20210711,    8,    0
 16617, 91300,20210712,    0,    0
 16617, 91300,20210713,    0,    0
 16617, 91300,20210714,    0,    0
 16617, 91300,20210715,    0,    0
 16617, 91300,20210716,    0,    0
 16617, 91300,20210717,    0,    0
 16617, 91300,20210718,    0,    0
 16617, 91300,20210719,    0,    0
 16617, 91300,20210720,   26,    0
 16617, 91300,20210721,    1,    0
 16617, 91300,20210722,    0,    0
 16617, 91300,20210723,    0,    0
 16617, 91300,20210724,    0,    0
 16617, 91300,20210725,    0,    0
 16617, 91300,20210726,   21,    0
 16617, 91300,20210727,    0,    0
 16617, 91300,20210728,    0,    0
 16617, 91300,20210729,    0,    0
 16617, 91300,20210730,    0,    0
 16617, 91300,20210731,   42,    0
 16617, 91300,20210801,    1,    0
 16617, 91300,20210802,    0,    0
 16617, 91300,20210803,    0,    0
 16617, 91300,20210804,    0,    0
 16617, 91300,20210805,    0,    0
 16617, 91300,20210806,    0,    0
 16617, 91300,20210807,    0,    0
 16617, 91300,20210808,    0,    0
 16617, 91300,20210809,    0,    0
 16617, 91300,20210810,    0,    0
 16617, 91300,20210811,    0,    0
 16617, 91300,20210812,    0,    0
 16617, 91300,20210813,    0,    0
 16617, 91300,20210814,    0,    0
 16617, 91300,20210815,    0,    0
 16617, 91300,20210816,    0,    0
 16617, 91300,20210817,    0,    0
 16617, 91300,20210818,    0,    0
 16617, 91300,20210819,    4,    0
 16617, 91300,20210820,    0,    0
 16617, 91300,20210821,    0,    0
 16617, 91300,20210822,    0,    0
 16617, 91300,20210823,    0,    0
 16617, 91300,20210824,    0,    0
 16617, 91300,20210825,    0,    0
 16617, 91300,20210826,    0,    0
 16617, 91300,20210827,    0,    0
 16617, 91300,20210828,    0,    0
 16617, 91300,20210829,    0,    0
 16617, 91300,20210830,   55,    0
 16617, 91300,20210831,    0,    0
 16617, 91300,20210901,  145,    0
 16617, 91300,20210902,   38,    0
 16617, 91300,20210903,    0,    0
 16617, 91300,20210904,    0,    0
 16617, 91300,20210905,    0,    0
 16617, 91300,20210906,    0,    0
 16617, 91300,20210907,    0,    0
 16617, 91300,20210908,    0,    0
 16617, 91300,20210909,   14,    0
 16617, 91300,20210910,    0,    0
 16617, 91300,20210911,    0,    0
 16617, 91300,20210912,    0,    0
 16617, 91300,20210913,    0,    0
 16617, 91300,20210914,    3,    0
 16617, 91300,20210915,    0,    0
 16617, 91300,20210916,    2,    0
 16617, 91300,20210917,    0,    0
 16617, 91300,20210918,    0,    0
 16617, 91300,20210919,    0,    0
 16617, 91300,20210920,    0,    0
 16617, 91300,20210921,    0,    0
 16617, 91300,20210922,    3,    0
 16617, 91300,20210923,   12,    0
 16617, 91300,20210924,    0,    0
 16617, 91300,20210925,   43,    0
 16617, 91300,20210926,    1,    0
 16617, 91300,20210927,    0,    0
 16617, 91300,20210928,    0,    0
 16617, 91300,20210929,    0,    0
 16617, 91300,20210930,    0,    0
 16617, 91300,20211001,    0,    0
 16617, 91300,20211002,    0,    0
 16617, 91300,20211003,   82,    0
 16617, 91300,20211004,    0,    0
 16617, 91300,20211005,    0,    0
 16617, 91300,20211006,    0,    0
 16617, 91300,20211007,    0,    0
 16617, 91300,20211008,    0,    0
 16617, 91300,20211009,    0,    0
 16617, 91300,20211010,    0,    0
 16617, 91300,20211011,    0,    0
 16617, 91300,20211012,    0,    0
 16617, 91300,20211013,    0,    0
 16617, 91300,20211014,    0,    0
 16617, 91300,20211015,    0,    0
 16617, 91300,20211016,    0,    0
 16617, 91300,20211017,    0,    0
 16617, 91300,20211018,    0,    0
 16617, 91300,20211019,    0,    0
 16617, 91300,20211020,    0,    0
 16617, 91300,20211021,    0,    0
 16617, 91300,20211022,    0,    0
 16617, 91300,20211023,    0,    0
 16617, 91300,20211024,    0,    0
 16617, 91300,20211025,    0,    0
 16617, 91300,20211026,    0,    0
 16617, 91300,20211027,    0,    0
 16617, 91300,20211028,    0,    0
 16617, 91300,20211029,    9,    0
 16617, 91300,20211030,   59,    0
 16617, 91300,20211031,    4,    0
 16617, 91300,20211101,   13,    0
 16617, 91300,20211102,    0,    0
 16617, 91300,20211103,    0,    0
 16617, 91300,20211104,    0,    0
 16617, 91300,20211105,    0,    0
 16617, 91300,20211106,    0,    0
 16617, 91300,20211107,    0,    0
 16617, 91300,20211108,    0,    0
 16617, 91300,20211109,    0,    0
 16617, 91300,20211110,   13,    0
 16617, 91300,20211111,    4,    0
 16617, 91300,20211112,    1,    0
 16617, 91300,20211113,    0,    0
 16617, 91300,20211114,    0,    0
 16617, 91300,20211115,    0,    0
 16617, 91300,20211116,    0,    0
 16617, 91300,20211117,    0,    0
 16617, 91300,20211118,    0,    0
 16617, 91300,20211119,    0,    0
 16617, 91300,20211120,    0,    0
 16617, 91300,20211121,    0,    0
 16617, 91300,20211122,    0,    0
 16617, 91300,20211123,  360,    0
 16617, 91300,20211124,  120,    0
 16617, 91300,20211125,    3,    0
 16617, 91300,20211126,    0,    0
 16617, 91300,20211127,    0,    0
 16617, 91300,20211128,    0,    0
 16617, 91300,20211129,    0,    0
 16617, 91300,20211130,    0,    0
 16617, 91300,20211201,    1,    0
 16617, 91300,20211202,    0,    0
 16617, 91300,20211203,    0,    0
 16617, 91300,20211204,    0,    0
 16617, 91300,20211205,    0,    0
 16617, 91300,20211206,    0,    0
 16617, 91300,20211207,    2,    0
 16617, 91300,20211208,    9,    0
 16617, 91300,20211209,    7,    0
 16617, 91300,20211210,    1,    0
 16617, 91300,20211211,    0,    0
 16617, 91300,20211212,    0,    0
 16617, 91300,20211213,    2,    0
 16617, 91300,20211214,    3,    0
 16617, 91300,20211215,    0,    0
 16617, 91300,20211216,    1,    0
 16617, 91300,20211217,    0,    0
 16617, 91300,20211218,    2,    0
 16617, 91300,20211219,    0,    0
 16617, 91300,20211220,    1,    0
 16617, 91300,20211221,    0,    0
 16617, 91300,20211222,    2,    0
 16617, 91300,20211223,    0,    0
 16617, 91300,20211224,    6,    0
 16617, 91300,20211225,    1,    0
 16617, 91300,20211226,    3,    0
 16617, 91300,20211227,    0,    0
 16617, 91300,20211228,    0,    0
 16617, 91300,20211229,    0,    0
 16617, 91300,20211230,    0,    0
 16617, 91300,20211231,    2,    0
 16617, 91300,20220101,-9999,    9
 16617, 91300,20220102,-9999,    9
 16617, 91300,20220103,-9999,    9
 16617, 91300,20220104,-9999,    9
 16617, 91300,20220105,-9999,    9
 16617, 91300,20220106,-9999,    9
 16617, 91300,20220107,-9999,    9
 16617, 91300,20220108,-9999,    9
 16617, 91300,20220109,-9999,    9
 16617, 91300,20220110,-9999,    9
 16617, 91300,20220111,-9999,    9
 16617, 91300,20220112,-9999,    9
 16617, 91300,20220113,-9999,    9
 16617, 91300,20220114,-9999,    9
 16617, 91300,20220115,-9999,    9
 16617, 91300,20220116,-9999,    9
 16617, 91300,20220117,-9999,    9
 16617, 91300,20220118,-9999,    9
 16617, 91300,20220119,-9999,    9
 16617, 91300,20220120,-9999,    9
 16617, 91300,20220121,-9999,    9
 16617, 91300,20220122,-9999,    9
 16617, 91300,20220123,-9999,    9
 16617, 91300,20220124,-9999,    9
 16617, 91300,20220125,-9999,    9
 16617, 91300,20220126,-9999,    9
 16617, 91300,20220127,-9999,    9
 16617, 91300,20220128,-9999,    9
 16617, 91300,20220129,-9999,    9
 16617, 91300,20220130,-9999,    9
 16617, 91300,20220131,-9999,    9
 16617, 91300,20220201,-9999,    9
 16617, 91300,20220202,-9999,    9
 16617, 91300,20220203,-9999,    9
 16617, 91300,20220204,-9999,    9
 16617, 91300,20220205,-9999,    9
 16617, 91300,20220206,-9999,    9
 16617, 91300,20220207,-9999,    9
 16617, 91300,20220208,-9999,    9
 16617, 91300,20220209,-9999,    9
 16617, 91300,20220210,-9999,    9
 16617, 91300,20220211,-9999,    9
 16617, 91300,20220212,-9999,    9
 16617, 91300,20220213,-9999,    9
 16617, 91300,20220214,-9999,    9
 16617, 91300,20220215,-9999,    9
 16617, 91300,20220216,-9999,    9
 16617, 91300,20220217,-9999,    9
 16617, 91300,20220218,-9999,    9
 16617, 91300,20220219,-9999,    9
 16617, 91300,20220220,-9999,    9
 16617, 91300,20220221,-9999,    9
 16617, 91300,20220222,-9999,    9
 16617, 91300,20220223,-9999,    9
 16617, 91300,20220224,-9999,    9
 16617, 91300,20220225,-9999,    9
 16617, 91300,20220226,-9999,    9
 16617, 91300,20220227,-9999,    9
 16617, 91300,20220228,-9999,    9
 16617, 91300,20220301,-9999,    9
 16617, 91300,20220302,-9999,    9
 16617, 91300,20220303,-9999,    9
 16617, 91300,20220304,-9999,    9
 16617, 91300,20220305,-9999,    9
 16617, 91300,20220306,-9999,    9
 16617, 91300,20220307,-9999,    9
 16617, 91300,20220308,-9999,    9
 16617, 91300,20220309,-9999,    9
 16617, 91300,20220310,-9999,    9
 16617, 91300,20220311,-9999,    9
 16617, 91300,20220312,-9999,    9
 16617, 91300,20220313,-9999,    9
 16617, 91300,20220314,-9999,    9
 16617, 91300,20220315,-9999,    9
 16617, 91300,20220316,-9999,    9
 16617, 91300,20220317,-9999,    9
 16617, 91300,20220318,-9999,    9
 16617, 91300,20220319,-9999,    9
 16617, 91300,20220320,-9999,    9
 16617, 91300,20220321,-9999,    9
 16617, 91300,20220322,-9999,    9
 16617, 91300,20220323,-9999,    9
 16617, 91300,20220324,-9999,    9
 16617, 91300,20220325,-9999,    9
 16617, 91300,20220326,-9999,    9
 16617, 91300,20220327,-9999,    9
 16617, 91300,20220328,-9999,    9
 16617, 91300,20220329,-9999,    9
 16617, 91300,20220330,-9999,    9
 16617, 91300,20220331,-9999,    9
 16617, 91300,20220401,-9999,    9
 16617, 91300,20220402,-9999,    9
 16617, 91300,20220403,-9999,    9
 16617, 91300,20220404,-9999,    9
 16617, 91300,20220405,-9999,    9
 16617, 91300,20220406,-9999,    9
 16617, 91300,20220407,-9999,    9
 16617, 91300,20220408,-9999,    9
 16617, 91300,20220409,-9999,    9
 16617, 91300,20220410,-9999,    9
 16617, 91300,20220411,-9999,    9
 16617, 91300,20220412,-9999,    9
 16617, 91300,20220413,-9999,    9
 16617, 91300,20220414,-9999,    9
 16617, 91300,20220415,-9999,    9
 16617, 91300,20220416,-9999,    9
 16617, 91300,20220417,-9999,    9
 16617, 91300,20220418,-9999,    9
 16617, 91300,20220419,-9999,    9
 16617, 91300,20220420,-9999,    9
 16617, 91300,20220421,-9999,    9
 16617, 91300,20220422,-9999,    9
 16617, 91300,20220423,-9999,    9
 16617, 91300,20220424,-9999,    9
 16617, 91300,20220425,-9999,    9
 16617, 91300,20220426,-9999,    9
 16617, 91300,20220427,-9999,    9
 16617, 91300,20220428,-9999,    9
 16617, 91300,20220429,-9999,    9
 16617, 91300,20220430,-9999,    9
 16617, 91300,20220501,-9999,    9
 16617, 91300,20220502,-9999,    9
 16617, 91300,20220503,-9999,    9
 16617, 91300,20220504,-9999,    9
 16617, 91300,20220505,-9999,    9
 16617, 91300,20220506,-9999,    9
 16617, 91300,20220507,-9999,    9
 16617, 91300,20220508,-9999,    9
 16617, 91300,20220509,-9999,    9
 16617, 91300,20220510,-9999,    9
 16617, 91300,20220511,-9999,    9
 16617, 91300,20220512,-9999,    9
 16617, 91300,20220513,-9999,    9
 16617, 91300,20220514,-9999,    9
 16617, 91300,20220515,-9999,    9
 16617, 91300,20220516,-9999,    9
 16617, 91300,20220517,-9999,    9
 16617, 91300,20220518,-9999,    9
 16617, 91300,20220519,-9999,    9
 16617, 91300,20220520,-9999,    9
 16617, 91300,20220521,-9999,    9
 16617, 91300,20220522,-9999,    9
 16617, 91300,20220523,-9999,    9
 16617, 91300,20220524,-9999,    9
 16617, 91300,20220525,-9999,    9
 16617, 91300,20220526,-9999,    9
 16617, 91300,20220527,-9999,    9
 16617, 91300,20220528,-9999,    9
 16617, 91300,20220529,-9999,    9
 16617, 91300,20220530,-9999,    9
 16617, 91300,20220531,-9999,    9
 16617, 91300,20220601,-9999,    9
 16617, 91300,20220602,-9999,    9
 16617, 91300,20220603,-9999,    9
 16617, 91300,20220604,-9999,    9
 16617, 91300,20220605,-9999,    9
 16617, 91300,20220606,-9999,    9
 16617, 91300,20220607,-9999,    9
 16617, 91300,20220608,-9999,    9
 16617, 91300,20220609,-9999,    9
 16617, 91300,20220610,-9999,    9
 16617, 91300,20220611,-9999,    9
 16617, 91300,20220612,-9999,    9
 16617, 91300,20220613,-9999,    9
 16617, 91300,20220614,-9999,    9
 16617, 91300,20220615,-9999,    9
 16617, 91300,20220616,-9999,    9
 16617, 91300,20220617,-9999,    9
 16617, 91300,20220618,-9999,    9
 16617, 91300,20220619,-9999,    9
 16617, 91300,20220620,-9999,    9
 16617, 91300,20220621,-9999,    9
 16617, 91300,20220622,-9999,    9
 16617, 91300,20220623,-9999,    9
 16617, 91300,20220624,-9999,    9
 16617, 91300,20220625,-9999,    9
 16617, 91300,20220626,-9999,    9
 16617, 91300,20220627,-9999,    9
 16617, 91300,20220628,-9999,    9
 16617, 91300,20220629,-9999,    9
 16617, 91300,20220630,-9999,    9
 16617, 91300,20220701,-9999,    9
 16617, 91300,20220702,-9999,    9
 16617, 91300,20220703,-9999,    9
 16617, 91300,20220704,-9999,    9
 16617, 91300,20220705,-9999,    9
 16617, 91300,20220706,-9999,    9
 16617, 91300,20220707,-9999,    9
 16617, 91300,20220708,-9999,    9
 16617, 91300,20220709,-9999,    9
 16617, 91300,20220710,-9999,    9
 16617, 91300,20220711,-9999,    9
 16617, 91300,20220712,-9999,    9
 16617, 91300,20220713,-9999,    9
 16617, 91300,20220714,-9999,    9
 16617, 91300,20220715,-9999,    9
 16617, 91300,20220716,-9999,    9
 16617, 91300,20220717,-9999,    9
 16617, 91300,20220718,-9999,    9
 16617, 91300,20220719,-9999,    9
 16617, 91300,20220720,-9999,    9
 16617, 91300,20220721,-9999,    9
 16617, 91300,20220722,-9999,    9
 16617, 91300,20220723,-9999,    9
 16617, 91300,20220724,-9999,    9
 16617, 91300,20220725,-9999,    9
 16617, 91300,20220726,-9999,    9
 16617, 91300,20220727,-9999,    9
 16617, 91300,20220728,-9999,    9
 16617, 91300,20220729,-9999,    9
 16617, 91300,20220730,-9999,    9
 16617, 91300,20220731,-9999,    9
 16617, 91300,20220801,-9999,    9
 16617, 91300,20220802,-9999,    9
 16617, 91300,20220803,-9999,    9
 16617, 91300,20220804,-9999,    9
 16617, 91300,20220805,-9999,    9
 16617, 91300,20220806,-9999,    9
 16617, 91300,20220807,-9999,    9
 16617, 91300,20220808,-9999,    9
 16617, 91300,20220809,-9999,    9
 16617, 91300,20220810,-9999,    9
 16617, 91300,20220811,-9999,    9
 16617, 91300,20220812,-9999,    9
 16617, 91300,20220813,-9999,    9
 16617, 91300,20220814,-9999,    9
 16617, 91300,20220815,-9999,    9
 16617, 91300,20220816,-9999,    9
 16617, 91300,20220817,-9999,    9
 16617, 91300,20220818,-9999,    9
 16617, 91300,20220819,-9999,    9
 16617, 91300,20220820,-9999,    9
 16617, 91300,20220821,-9999,    9
 16617, 91300,20220822,-9999,    9
 16617, 91300,20220823,-9999,    9
 16617, 91300,20220824,-9999,    9
 16617, 91300,20220825,-9999,    9
 16617, 91300,20220826,-9999,    9
 16617, 91300,20220827,-9999,    9
 16617, 91300,20220828,-9999,    9
 16617, 91300,20220829,-9999,    9
 16617, 91300,20220830,-9999,    9
 16617, 91300,20220831,-9999,    9
 16617, 91300,20220901,-9999,    9
 16617, 91300,20220902,-9999,    9
 16617, 91300,20220903,-9999,    9
 16617, 91300,20220904,-9999,    9
 16617, 91300,20220905,-9999,    9
 16617, 91300,20220906,-9999,    9
 16617, 91300,20220907,-9999,    9
 16617, 91300,20220908,-9999,    9
 16617, 91300,20220909,-9999,    9
 16617, 91300,20220910,-9999,    9
 16617, 91300,20220911,-9999,    9
 16617, 91300,20220912,-9999,    9
 16617, 91300,20220913,-9999,    9
 16617, 91300,20220914,-9999,    9
 16617, 91300,20220915,-9999,    9
 16617, 91300,20220916,-9999,    9
 16617, 91300,20220917,-9999,    9
 16617, 91300,20220918,-9999,    9
 16617, 91300,20220919,-9999,    9
 16617, 91300,20220920,-9999,    9
 16617, 91300,20220921,-9999,    9
 16617, 91300,20220922,-9999,    9
 16617, 91300,20220923,-9999,    9
 16617, 91300,20220924,-9999,    9
 16617, 91300,20220925,-9999,    9
 16617, 91300,20220926,-9999,    9
 16617, 91300,20220927,-9999,    9
 16617, 91300,20220928,-9999,    9
 16617, 91300,20220929,-9999,    9
 16617, 91300,20220930,-9999,    9
 16617, 91300,20221001,-9999,    9
 16617, 91300,20221002,-9999,    9
 16617, 91300,20221003,-9999,    9
 16617, 91300,20221004,-9999,    9
 16617, 91300,20221005,-9999,    9
 16617, 91300,20221006,-9999,    9
 16617, 91300,20221007,-9999,    9
 16617, 91300,20221008,-9999,    9
 16617, 91300,20221009,-9999,    9
 16617, 91300,20221010,-9999,    9
 16617, 91300,20221011,-9999,    9
 16617, 91300,20221012,-9999,    9
 16617, 91300,20221013,-9999,    9
 16617, 91300,20221014,-9999,    9
 16617, 91300,20221015,-9999,    9
 16617, 91300,20221016,-9999,    9
 16617, 91300,20221017,-9999,    9
 16617, 91300,20221018,-9999,    9
 16617, 91300,20221019,-9999,    9
 16617, 91300,20221020,-9999,    9
 16617, 91300,20221021,-9999,    9
 16617, 91300,20221022,-9999,    9
 16617, 91300,20221023,-9999,    9
 16617, 91300,20221024,-9999,    9
 16617, 91300,20221025,-9999,    9
 16617, 91300,20221026,-9999,    9
 16617, 91300,20221027,-9999,    9
 16617, 91300,20221028,-9999,    9
 16617, 91300,20221029,-9999,    9
 16617, 91300,20221030,-9999,    9
 16617, 91300,20221031,-9999,    9
