EUROPEAN CLIMATE ASSESSMENT & DATASET (ECA&D), file created on: 16-11-2022
THESE DATA CAN BE USED FOR NON-COMMERCIAL RESEARCH AND EDUCATION PROVIDED THAT THE FOLLOWING SOURCE IS ACKNOWLEDGED: 

Klein Tank, A.M.G. and Coauthors, 2002. Daily dataset of 20th-century surface
air temperature and precipitation series for the European Climate Assessment.
Int. J. of Climatol., 22, 1441-1453.
Data and metadata available at http://www.ecad.eu

FILE FORMAT (MISSING VALUE CODE = -9999):

01-06 STAID: Station identifier
08-13 SOUID: Source identifier
15-22 DATE : Date YYYYMMDD
24-28 RR   : Precipitation amount in 0.1 mm
30-34 Q_RR : quality code for RR (0='valid'; 1='suspect'; 9='missing')

This is the blended series of station KROISEGG, AUSTRIA (STAID: 24638)
Blended and updated with sources:133885 
See files sources.txt and stations.txt for more info.

STAID, SOUID,    DATE,   RR, Q_RR
 24638,133885,20160601,    0,    0
 24638,133885,20160602,    0,    0
 24638,133885,20160603,    0,    0
 24638,133885,20160604,    0,    0
 24638,133885,20160605,    0,    0
 24638,133885,20160606,    0,    0
 24638,133885,20160607,    0,    0
 24638,133885,20160608,    1,    0
 24638,133885,20160609,   17,    0
 24638,133885,20160610,    0,    0
 24638,133885,20160611,  189,    0
 24638,133885,20160612,   99,    0
 24638,133885,20160613,    6,    0
 24638,133885,20160614,   32,    0
 24638,133885,20160615,  172,    0
 24638,133885,20160616,    0,    0
 24638,133885,20160617,    0,    0
 24638,133885,20160618,   92,    0
 24638,133885,20160619,   64,    0
 24638,133885,20160620,   72,    0
 24638,133885,20160621,    0,    0
 24638,133885,20160622,    0,    0
 24638,133885,20160623,    0,    0
 24638,133885,20160624,    0,    0
 24638,133885,20160625,  375,    0
 24638,133885,20160626,  197,    0
 24638,133885,20160627,    0,    0
 24638,133885,20160628,    0,    0
 24638,133885,20160629,    0,    0
 24638,133885,20160630,    5,    0
 24638,133885,20160701,    0,    0
 24638,133885,20160702,  427,    0
 24638,133885,20160703,    4,    0
 24638,133885,20160704,    0,    0
 24638,133885,20160705,   28,    0
 24638,133885,20160706,    0,    0
 24638,133885,20160707,    0,    0
 24638,133885,20160708,    0,    0
 24638,133885,20160709,    0,    0
 24638,133885,20160710,    0,    0
 24638,133885,20160711,    0,    0
 24638,133885,20160712,  253,    0
 24638,133885,20160713,  257,    0
 24638,133885,20160714,    0,    0
 24638,133885,20160715,    0,    0
 24638,133885,20160716,   20,    0
 24638,133885,20160717,    0,    0
 24638,133885,20160718,    0,    0
 24638,133885,20160719,    0,    0
 24638,133885,20160720,    0,    0
 24638,133885,20160721,  193,    0
 24638,133885,20160722,   21,    0
 24638,133885,20160723,   59,    0
 24638,133885,20160724,    6,    0
 24638,133885,20160725,   13,    0
 24638,133885,20160726,    0,    0
 24638,133885,20160727,  158,    0
 24638,133885,20160728,   89,    0
 24638,133885,20160729,    5,    0
 24638,133885,20160730,    1,    0
 24638,133885,20160731,  266,    0
 24638,133885,20160801,    3,    0
 24638,133885,20160802,    0,    0
 24638,133885,20160803,    0,    0
 24638,133885,20160804,    0,    0
 24638,133885,20160805,  267,    0
 24638,133885,20160806,    0,    0
 24638,133885,20160807,    0,    0
 24638,133885,20160808,    0,    0
 24638,133885,20160809,  200,    0
 24638,133885,20160810,   78,    0
 24638,133885,20160811,    0,    0
 24638,133885,20160812,    0,    0
 24638,133885,20160813,    0,    0
 24638,133885,20160814,    0,    0
 24638,133885,20160815,  241,    0
 24638,133885,20160816,   76,    0
 24638,133885,20160817,    0,    0
 24638,133885,20160818,   29,    0
 24638,133885,20160819,  131,    0
 24638,133885,20160820,    3,    0
 24638,133885,20160821,  315,    0
 24638,133885,20160822,    0,    0
 24638,133885,20160823,    0,    0
 24638,133885,20160824,    0,    0
 24638,133885,20160825,    0,    0
 24638,133885,20160826,    0,    0
 24638,133885,20160827,    0,    0
 24638,133885,20160828,    0,    0
 24638,133885,20160829,  158,    0
 24638,133885,20160830,    0,    0
 24638,133885,20160831,    0,    0
 24638,133885,20160901,    0,    0
 24638,133885,20160902,    0,    0
 24638,133885,20160903,    0,    0
 24638,133885,20160904,  104,    0
 24638,133885,20160905,    5,    0
 24638,133885,20160906,   43,    0
 24638,133885,20160907,    0,    0
 24638,133885,20160908,    0,    0
 24638,133885,20160909,    0,    0
 24638,133885,20160910,    0,    0
 24638,133885,20160911,    0,    0
 24638,133885,20160912,    0,    0
 24638,133885,20160913,    0,    0
 24638,133885,20160914,   37,    0
 24638,133885,20160915,    0,    0
 24638,133885,20160916,   12,    0
 24638,133885,20160917,   11,    0
 24638,133885,20160918,    0,    0
 24638,133885,20160919,    0,    0
 24638,133885,20160920,    0,    0
 24638,133885,20160921,    0,    0
 24638,133885,20160922,    0,    0
 24638,133885,20160923,    0,    0
 24638,133885,20160924,    0,    0
 24638,133885,20160925,    0,    0
 24638,133885,20160926,    0,    0
 24638,133885,20160927,    0,    0
 24638,133885,20160928,    0,    0
 24638,133885,20160929,    0,    0
 24638,133885,20160930,    0,    0
 24638,133885,20161001,    0,    0
 24638,133885,20161002,   31,    0
 24638,133885,20161003,    0,    0
 24638,133885,20161004,    5,    0
 24638,133885,20161005,    0,    0
 24638,133885,20161006,    8,    0
 24638,133885,20161007,    4,    0
 24638,133885,20161008,    7,    0
 24638,133885,20161009,    0,    0
 24638,133885,20161010,   44,    0
 24638,133885,20161011,    0,    0
 24638,133885,20161012,    0,    0
 24638,133885,20161013,    0,    0
 24638,133885,20161014,    0,    0
 24638,133885,20161015,    0,    0
 24638,133885,20161016,    0,    0
 24638,133885,20161017,   27,    0
 24638,133885,20161018,    8,    0
 24638,133885,20161019,  300,    0
 24638,133885,20161020,   24,    0
 24638,133885,20161021,    4,    0
 24638,133885,20161022,    0,    0
 24638,133885,20161023,    0,    0
 24638,133885,20161024,    0,    0
 24638,133885,20161025,  169,    0
 24638,133885,20161026,    3,    0
 24638,133885,20161027,    0,    0
 24638,133885,20161028,    0,    0
 24638,133885,20161029,    0,    0
 24638,133885,20161030,    0,    0
 24638,133885,20161031,    0,    0
 24638,133885,20161101,    0,    0
 24638,133885,20161102,    1,    0
 24638,133885,20161103,    0,    0
 24638,133885,20161104,    0,    0
 24638,133885,20161105,   13,    0
 24638,133885,20161106,  379,    0
 24638,133885,20161107,   10,    0
 24638,133885,20161108,   36,    0
 24638,133885,20161109,    0,    0
 24638,133885,20161110,    0,    0
 24638,133885,20161111,   17,    0
 24638,133885,20161112,    3,    0
 24638,133885,20161113,    0,    0
 24638,133885,20161114,    0,    0
 24638,133885,20161115,    2,    0
 24638,133885,20161116,   26,    0
 24638,133885,20161117,    7,    0
 24638,133885,20161118,   32,    0
 24638,133885,20161119,   60,    0
 24638,133885,20161120,    0,    0
 24638,133885,20161121,    0,    0
 24638,133885,20161122,    0,    0
 24638,133885,20161123,    0,    0
 24638,133885,20161124,    0,    0
 24638,133885,20161125,    0,    0
 24638,133885,20161126,    0,    0
 24638,133885,20161127,    0,    0
 24638,133885,20161128,    0,    0
 24638,133885,20161129,    0,    0
 24638,133885,20161130,    0,    0
 24638,133885,20161201,    0,    0
 24638,133885,20161202,    0,    0
 24638,133885,20161203,    0,    0
 24638,133885,20161204,    0,    0
 24638,133885,20161205,    0,    0
 24638,133885,20161206,    0,    0
 24638,133885,20161207,    0,    0
 24638,133885,20161208,    0,    0
 24638,133885,20161209,    0,    0
 24638,133885,20161210,    0,    0
 24638,133885,20161211,    0,    0
 24638,133885,20161212,    5,    0
 24638,133885,20161213,    0,    0
 24638,133885,20161214,    1,    0
 24638,133885,20161215,    0,    0
 24638,133885,20161216,    0,    0
 24638,133885,20161217,    0,    0
 24638,133885,20161218,    0,    0
 24638,133885,20161219,    0,    0
 24638,133885,20161220,    0,    0
 24638,133885,20161221,    0,    0
 24638,133885,20161222,    0,    0
 24638,133885,20161223,    0,    0
 24638,133885,20161224,    0,    0
 24638,133885,20161225,    0,    0
 24638,133885,20161226,    0,    0
 24638,133885,20161227,    1,    0
 24638,133885,20161228,   62,    0
 24638,133885,20161229,    0,    0
 24638,133885,20161230,    0,    0
 24638,133885,20161231,    0,    0
 24638,133885,20170101,    0,    0
 24638,133885,20170102,    0,    0
 24638,133885,20170103,    0,    0
 24638,133885,20170104,   21,    0
 24638,133885,20170105,    0,    0
 24638,133885,20170106,    0,    0
 24638,133885,20170107,   15,    0
 24638,133885,20170108,    1,    0
 24638,133885,20170109,    0,    0
 24638,133885,20170110,    0,    0
 24638,133885,20170111,    0,    0
 24638,133885,20170112,    0,    0
 24638,133885,20170113,   85,    0
 24638,133885,20170114,    0,    0
 24638,133885,20170115,    0,    0
 24638,133885,20170116,    0,    0
 24638,133885,20170117,    0,    0
 24638,133885,20170118,    0,    0
 24638,133885,20170119,    0,    0
 24638,133885,20170120,    0,    0
 24638,133885,20170121,    0,    0
 24638,133885,20170122,    0,    0
 24638,133885,20170123,    0,    0
 24638,133885,20170124,    0,    0
 24638,133885,20170125,    0,    0
 24638,133885,20170126,    0,    0
 24638,133885,20170127,    0,    0
 24638,133885,20170128,    0,    0
 24638,133885,20170129,    0,    0
 24638,133885,20170130,    0,    0
 24638,133885,20170131,    6,    0
 24638,133885,20170201,    0,    0
 24638,133885,20170202,    0,    0
 24638,133885,20170203,    0,    0
 24638,133885,20170204,    0,    0
 24638,133885,20170205,  130,    0
 24638,133885,20170206,   39,    0
 24638,133885,20170207,    0,    0
 24638,133885,20170208,    0,    0
 24638,133885,20170209,    3,    0
 24638,133885,20170210,    0,    0
 24638,133885,20170211,    0,    0
 24638,133885,20170212,    3,    0
 24638,133885,20170213,    0,    0
 24638,133885,20170214,    0,    0
 24638,133885,20170215,    0,    0
 24638,133885,20170216,    0,    0
 24638,133885,20170217,    2,    0
 24638,133885,20170218,    0,    0
 24638,133885,20170219,    0,    0
 24638,133885,20170220,    0,    0
 24638,133885,20170221,    6,    0
 24638,133885,20170222,    0,    0
 24638,133885,20170223,    0,    0
 24638,133885,20170224,    0,    0
 24638,133885,20170225,    0,    0
 24638,133885,20170226,    0,    0
 24638,133885,20170227,    0,    0
 24638,133885,20170228,   60,    0
 24638,133885,20170301,    0,    0
 24638,133885,20170302,    0,    0
 24638,133885,20170303,    0,    0
 24638,133885,20170304,    0,    0
 24638,133885,20170305,    0,    0
 24638,133885,20170306,    0,    0
 24638,133885,20170307,    0,    0
 24638,133885,20170308,    0,    0
 24638,133885,20170309,   39,    0
 24638,133885,20170310,   10,    0
 24638,133885,20170311,    0,    0
 24638,133885,20170312,    0,    0
 24638,133885,20170313,    0,    0
 24638,133885,20170314,    0,    0
 24638,133885,20170315,    0,    0
 24638,133885,20170316,    0,    0
 24638,133885,20170317,    0,    0
 24638,133885,20170318,    1,    0
 24638,133885,20170319,   15,    0
 24638,133885,20170320,    0,    0
 24638,133885,20170321,    0,    0
 24638,133885,20170322,    0,    0
 24638,133885,20170323,    0,    0
 24638,133885,20170324,    0,    0
 24638,133885,20170325,    0,    0
 24638,133885,20170326,    0,    0
 24638,133885,20170327,    0,    0
 24638,133885,20170328,    0,    0
 24638,133885,20170329,    0,    0
 24638,133885,20170330,    0,    0
 24638,133885,20170331,    0,    0
 24638,133885,20170401,    0,    0
 24638,133885,20170402,    0,    0
 24638,133885,20170403,    0,    0
 24638,133885,20170404,    4,    0
 24638,133885,20170405,   28,    0
 24638,133885,20170406,    0,    0
 24638,133885,20170407,    0,    0
 24638,133885,20170408,    0,    0
 24638,133885,20170409,    0,    0
 24638,133885,20170410,   12,    0
 24638,133885,20170411,    0,    0
 24638,133885,20170412,    0,    0
 24638,133885,20170413,    0,    0
 24638,133885,20170414,    1,    0
 24638,133885,20170415,    0,    0
 24638,133885,20170416,    0,    0
 24638,133885,20170417,   12,    0
 24638,133885,20170418,    0,    0
 24638,133885,20170419,   10,    0
 24638,133885,20170420,    0,    0
 24638,133885,20170421,    0,    0
 24638,133885,20170422,    0,    0
 24638,133885,20170423,    0,    0
 24638,133885,20170424,    0,    0
 24638,133885,20170425,    0,    0
 24638,133885,20170426,   39,    0
 24638,133885,20170427,  187,    0
 24638,133885,20170428,  112,    0
 24638,133885,20170429,    0,    0
 24638,133885,20170430,    0,    0
 24638,133885,20170501,   14,    0
 24638,133885,20170502,    0,    0
 24638,133885,20170503,   87,    0
 24638,133885,20170504,   10,    0
 24638,133885,20170505,    0,    0
 24638,133885,20170506,    0,    0
 24638,133885,20170507,    1,    0
 24638,133885,20170508,    2,    0
 24638,133885,20170509,    0,    0
 24638,133885,20170510,    0,    0
 24638,133885,20170511,    0,    0
 24638,133885,20170512,   48,    0
 24638,133885,20170513,    0,    0
 24638,133885,20170514,   69,    0
 24638,133885,20170515,    0,    0
 24638,133885,20170516,    0,    0
 24638,133885,20170517,    0,    0
 24638,133885,20170518,    0,    0
 24638,133885,20170519,    0,    0
 24638,133885,20170520,   24,    0
 24638,133885,20170521,    0,    0
 24638,133885,20170522,   57,    0
 24638,133885,20170523,   10,    0
 24638,133885,20170524,   79,    0
 24638,133885,20170525,    0,    0
 24638,133885,20170526,    0,    0
 24638,133885,20170527,    0,    0
 24638,133885,20170528,    0,    0
 24638,133885,20170529,    0,    0
 24638,133885,20170530,    0,    0
 24638,133885,20170531,   97,    0
 24638,133885,20170601,   14,    0
 24638,133885,20170602,    0,    0
 24638,133885,20170603,    0,    0
 24638,133885,20170604,   66,    0
 24638,133885,20170605,    0,    0
 24638,133885,20170606,    4,    0
 24638,133885,20170607,   56,    0
 24638,133885,20170608,    0,    0
 24638,133885,20170609,    5,    0
 24638,133885,20170610,   24,    0
 24638,133885,20170611,    0,    0
 24638,133885,20170612,   18,    0
 24638,133885,20170613,    0,    0
 24638,133885,20170614,    0,    0
 24638,133885,20170615,    3,    0
 24638,133885,20170616,   57,    0
 24638,133885,20170617,    0,    0
 24638,133885,20170618,    0,    0
 24638,133885,20170619,    0,    0
 24638,133885,20170620,    0,    0
 24638,133885,20170621,  136,    0
 24638,133885,20170622,    0,    0
 24638,133885,20170623,    0,    0
 24638,133885,20170624,    7,    0
 24638,133885,20170625,  123,    0
 24638,133885,20170626,    0,    0
 24638,133885,20170627,    0,    0
 24638,133885,20170628,   79,    0
 24638,133885,20170629,   14,    0
 24638,133885,20170630,    9,    0
 24638,133885,20170701,   56,    0
 24638,133885,20170702,    1,    0
 24638,133885,20170703,    2,    0
 24638,133885,20170704,    0,    0
 24638,133885,20170705,  245,    0
 24638,133885,20170706,   16,    0
 24638,133885,20170707,    9,    0
 24638,133885,20170708,   11,    0
 24638,133885,20170709,  628,    0
 24638,133885,20170710,    0,    0
 24638,133885,20170711,  105,    0
 24638,133885,20170712,   11,    0
 24638,133885,20170713,    0,    0
 24638,133885,20170714,    2,    0
 24638,133885,20170715,    0,    0
 24638,133885,20170716,    0,    0
 24638,133885,20170717,    0,    0
 24638,133885,20170718,    0,    0
 24638,133885,20170719,   31,    0
 24638,133885,20170720,  208,    0
 24638,133885,20170721,    0,    0
 24638,133885,20170722,   23,    0
 24638,133885,20170723,  247,    0
 24638,133885,20170724,  141,    0
 24638,133885,20170725,    0,    0
 24638,133885,20170726,    8,    0
 24638,133885,20170727,    1,    0
 24638,133885,20170728,    4,    0
 24638,133885,20170729,    0,    0
 24638,133885,20170730,    0,    0
 24638,133885,20170731,    0,    0
 24638,133885,20170801,    0,    0
 24638,133885,20170802,    7,    0
 24638,133885,20170803,    0,    0
 24638,133885,20170804,  174,    0
 24638,133885,20170805,   62,    0
 24638,133885,20170806,  131,    0
 24638,133885,20170807,    0,    0
 24638,133885,20170808,    0,    0
 24638,133885,20170809,    0,    0
 24638,133885,20170810,  351,    0
 24638,133885,20170811,   56,    0
 24638,133885,20170812,    0,    0
 24638,133885,20170813,    0,    0
 24638,133885,20170814,    0,    0
 24638,133885,20170815,    0,    0
 24638,133885,20170816,    6,    0
 24638,133885,20170817,    0,    0
 24638,133885,20170818,    0,    0
 24638,133885,20170819,  144,    0
 24638,133885,20170820,    0,    0
 24638,133885,20170821,    0,    0
 24638,133885,20170822,    0,    0
 24638,133885,20170823,    0,    0
 24638,133885,20170824,    0,    0
 24638,133885,20170825,    0,    0
 24638,133885,20170826,    0,    0
 24638,133885,20170827,   15,    0
 24638,133885,20170828,   30,    0
 24638,133885,20170829,    0,    0
 24638,133885,20170830,    0,    0
 24638,133885,20170831,    0,    0
 24638,133885,20170901,  193,    0
 24638,133885,20170902,   57,    0
 24638,133885,20170903,    3,    0
 24638,133885,20170904,    0,    0
 24638,133885,20170905,    0,    0
 24638,133885,20170906,    2,    0
 24638,133885,20170907,    0,    0
 24638,133885,20170908,    0,    0
 24638,133885,20170909,    0,    0
 24638,133885,20170910,    0,    0
 24638,133885,20170911,  129,    0
 24638,133885,20170912,   10,    0
 24638,133885,20170913,    0,    0
 24638,133885,20170914,   87,    0
 24638,133885,20170915,  124,    0
 24638,133885,20170916,   34,    0
 24638,133885,20170917,  153,    0
 24638,133885,20170918,  107,    0
 24638,133885,20170919,  128,    0
 24638,133885,20170920,    0,    0
 24638,133885,20170921,    0,    0
 24638,133885,20170922,    0,    0
 24638,133885,20170923,    0,    0
 24638,133885,20170924,    0,    0
 24638,133885,20170925,   17,    0
 24638,133885,20170926,    1,    0
 24638,133885,20170927,    0,    0
 24638,133885,20170928,    0,    0
 24638,133885,20170929,    0,    0
 24638,133885,20170930,    0,    0
 24638,133885,20171001,    0,    0
 24638,133885,20171002,    2,    0
 24638,133885,20171003,   40,    0
 24638,133885,20171004,    0,    0
 24638,133885,20171005,    0,    0
 24638,133885,20171006,    0,    0
 24638,133885,20171007,    2,    0
 24638,133885,20171008,    0,    0
 24638,133885,20171009,    0,    0
 24638,133885,20171010,    4,    0
 24638,133885,20171011,    0,    0
 24638,133885,20171012,    0,    0
 24638,133885,20171013,    0,    0
 24638,133885,20171014,    0,    0
 24638,133885,20171015,    0,    0
 24638,133885,20171016,    0,    0
 24638,133885,20171017,    0,    0
 24638,133885,20171018,    0,    0
 24638,133885,20171019,    0,    0
 24638,133885,20171020,    0,    0
 24638,133885,20171021,    0,    0
 24638,133885,20171022,   48,    0
 24638,133885,20171023,    6,    0
 24638,133885,20171024,    0,    0
 24638,133885,20171025,    0,    0
 24638,133885,20171026,    0,    0
 24638,133885,20171027,    5,    0
 24638,133885,20171028,    0,    0
 24638,133885,20171029,   76,    0
 24638,133885,20171030,    0,    0
 24638,133885,20171031,    0,    0
 24638,133885,20171101,    0,    0
 24638,133885,20171102,    4,    0
 24638,133885,20171103,    1,    0
 24638,133885,20171104,    0,    0
 24638,133885,20171105,    8,    0
 24638,133885,20171106,   41,    0
 24638,133885,20171107,   41,    0
 24638,133885,20171108,   51,    0
 24638,133885,20171109,    0,    0
 24638,133885,20171110,    0,    0
 24638,133885,20171111,    0,    0
 24638,133885,20171112,   13,    0
 24638,133885,20171113,    0,    0
 24638,133885,20171114,    0,    0
 24638,133885,20171115,    0,    0
 24638,133885,20171116,    0,    0
 24638,133885,20171117,   27,    0
 24638,133885,20171118,    0,    0
 24638,133885,20171119,    1,    0
 24638,133885,20171120,    0,    0
 24638,133885,20171121,    0,    0
 24638,133885,20171122,    0,    0
 24638,133885,20171123,    0,    0
 24638,133885,20171124,    0,    0
 24638,133885,20171125,   87,    0
 24638,133885,20171126,    0,    0
 24638,133885,20171127,    0,    0
 24638,133885,20171128,    0,    0
 24638,133885,20171129,  140,    0
 24638,133885,20171130,    1,    0
 24638,133885,20171201,    0,    0
 24638,133885,20171202,    0,    0
 24638,133885,20171203,    0,    0
 24638,133885,20171204,    0,    0
 24638,133885,20171205,    0,    0
 24638,133885,20171206,    0,    0
 24638,133885,20171207,    0,    0
 24638,133885,20171208,   18,    0
 24638,133885,20171209,    0,    0
 24638,133885,20171210,    0,    0
 24638,133885,20171211,   79,    0
 24638,133885,20171212,  126,    0
 24638,133885,20171213,    0,    0
 24638,133885,20171214,    0,    0
 24638,133885,20171215,    0,    0
 24638,133885,20171216,    1,    0
 24638,133885,20171217,    0,    0
 24638,133885,20171218,    0,    0
 24638,133885,20171219,    1,    0
 24638,133885,20171220,    0,    0
 24638,133885,20171221,    0,    0
 24638,133885,20171222,    0,    0
 24638,133885,20171223,    0,    0
 24638,133885,20171224,    0,    0
 24638,133885,20171225,    0,    0
 24638,133885,20171226,    0,    0
 24638,133885,20171227,   30,    0
 24638,133885,20171228,   55,    0
 24638,133885,20171229,    0,    0
 24638,133885,20171230,    0,    0
 24638,133885,20171231,    0,    0
 24638,133885,20180101,   16,    0
 24638,133885,20180102,    0,    0
 24638,133885,20180103,    4,    0
 24638,133885,20180104,    2,    0
 24638,133885,20180105,    0,    0
 24638,133885,20180106,    0,    0
 24638,133885,20180107,    0,    0
 24638,133885,20180108,    0,    0
 24638,133885,20180109,   54,    0
 24638,133885,20180110,   31,    0
 24638,133885,20180111,    0,    0
 24638,133885,20180112,    6,    0
 24638,133885,20180113,   54,    0
 24638,133885,20180114,   91,    0
 24638,133885,20180115,    0,    0
 24638,133885,20180116,    2,    0
 24638,133885,20180117,    4,    0
 24638,133885,20180118,    1,    0
 24638,133885,20180119,    0,    0
 24638,133885,20180120,    0,    0
 24638,133885,20180121,    0,    0
 24638,133885,20180122,    2,    0
 24638,133885,20180123,    0,    0
 24638,133885,20180124,    0,    0
 24638,133885,20180125,    0,    0
 24638,133885,20180126,    0,    0
 24638,133885,20180127,    0,    0
 24638,133885,20180128,    0,    0
 24638,133885,20180129,    0,    0
 24638,133885,20180130,    0,    0
 24638,133885,20180131,    0,    0
 24638,133885,20180201,  136,    0
 24638,133885,20180202,   37,    0
 24638,133885,20180203,    0,    0
 24638,133885,20180204,    0,    0
 24638,133885,20180205,    0,    0
 24638,133885,20180206,   21,    0
 24638,133885,20180207,   75,    0
 24638,133885,20180208,    0,    0
 24638,133885,20180209,    0,    0
 24638,133885,20180210,    0,    0
 24638,133885,20180211,   17,    0
 24638,133885,20180212,   37,    0
 24638,133885,20180213,    0,    0
 24638,133885,20180214,    0,    0
 24638,133885,20180215,    2,    0
 24638,133885,20180216,    0,    0
 24638,133885,20180217,    4,    0
 24638,133885,20180218,    0,    0
 24638,133885,20180219,   25,    0
 24638,133885,20180220,    5,    0
 24638,133885,20180221,    0,    0
 24638,133885,20180222,    0,    0
 24638,133885,20180223,   22,    0
 24638,133885,20180224,    0,    0
 24638,133885,20180225,    0,    0
 24638,133885,20180226,    0,    0
 24638,133885,20180227,    0,    0
 24638,133885,20180228,    0,    0
 24638,133885,20180301,    0,    0
 24638,133885,20180302,    3,    0
 24638,133885,20180303,    0,    0
 24638,133885,20180304,    0,    0
 24638,133885,20180305,   71,    0
 24638,133885,20180306,   28,    0
 24638,133885,20180307,    0,    0
 24638,133885,20180308,    0,    0
 24638,133885,20180309,    0,    0
 24638,133885,20180310,    0,    0
 24638,133885,20180311,    0,    0
 24638,133885,20180312,   10,    0
 24638,133885,20180313,    5,    0
 24638,133885,20180314,    4,    0
 24638,133885,20180315,   24,    0
 24638,133885,20180316,   59,    0
 24638,133885,20180317,   93,    0
 24638,133885,20180318,   32,    0
 24638,133885,20180319,    8,    0
 24638,133885,20180320,    0,    0
 24638,133885,20180321,    0,    0
 24638,133885,20180322,    0,    0
 24638,133885,20180323,    0,    0
 24638,133885,20180324,    0,    0
 24638,133885,20180325,    0,    0
 24638,133885,20180326,    8,    0
 24638,133885,20180327,   17,    0
 24638,133885,20180328,    2,    0
 24638,133885,20180329,  149,    0
 24638,133885,20180330,    0,    0
 24638,133885,20180331,   70,    0
 24638,133885,20180401,    0,    0
 24638,133885,20180402,    0,    0
 24638,133885,20180403,    1,    0
 24638,133885,20180404,    0,    0
 24638,133885,20180405,    4,    0
 24638,133885,20180406,    0,    0
 24638,133885,20180407,    5,    0
 24638,133885,20180408,    0,    0
 24638,133885,20180409,    0,    0
 24638,133885,20180410,    9,    0
 24638,133885,20180411,    0,    0
 24638,133885,20180412,   50,    0
 24638,133885,20180413,    0,    0
 24638,133885,20180414,    0,    0
 24638,133885,20180415,    3,    0
 24638,133885,20180416,    7,    0
 24638,133885,20180417,    0,    0
 24638,133885,20180418,    0,    0
 24638,133885,20180419,    0,    0
 24638,133885,20180420,    0,    0
 24638,133885,20180421,    0,    0
 24638,133885,20180422,    5,    0
 24638,133885,20180423,   49,    0
 24638,133885,20180424,    0,    0
 24638,133885,20180425,    0,    0
 24638,133885,20180426,  183,    0
 24638,133885,20180427,    0,    0
 24638,133885,20180428,    0,    0
 24638,133885,20180429,    0,    0
 24638,133885,20180430,    0,    0
 24638,133885,20180501,    0,    0
 24638,133885,20180502,   55,    0
 24638,133885,20180503,    0,    0
 24638,133885,20180504,  115,    0
 24638,133885,20180505,    0,    0
 24638,133885,20180506,    0,    0
 24638,133885,20180507,    0,    0
 24638,133885,20180508,   32,    0
 24638,133885,20180509,    0,    0
 24638,133885,20180510,    1,    0
 24638,133885,20180511,    2,    0
 24638,133885,20180512,    2,    0
 24638,133885,20180513,   25,    0
 24638,133885,20180514,  335,    0
 24638,133885,20180515,  109,    0
 24638,133885,20180516,  196,    0
 24638,133885,20180517,    0,    0
 24638,133885,20180518,    0,    0
 24638,133885,20180519,    0,    0
 24638,133885,20180520,    0,    0
 24638,133885,20180521,    0,    0
 24638,133885,20180522,  168,    0
 24638,133885,20180523,   38,    0
 24638,133885,20180524,    5,    0
 24638,133885,20180525,  109,    0
 24638,133885,20180526,    0,    0
 24638,133885,20180527,    2,    0
 24638,133885,20180528,   12,    0
 24638,133885,20180529,  438,    0
 24638,133885,20180530,    0,    0
 24638,133885,20180531,    0,    0
 24638,133885,20180601,  452,    0
 24638,133885,20180602,   81,    0
 24638,133885,20180603,    9,    0
 24638,133885,20180604,    2,    0
 24638,133885,20180605,   18,    0
 24638,133885,20180606,   41,    0
 24638,133885,20180607,    1,    0
 24638,133885,20180608,  113,    0
 24638,133885,20180609,    0,    0
 24638,133885,20180610,    1,    0
 24638,133885,20180611,    0,    0
 24638,133885,20180612,   99,    0
 24638,133885,20180613,    6,    0
 24638,133885,20180614,   48,    0
 24638,133885,20180615,    0,    0
 24638,133885,20180616,    0,    0
 24638,133885,20180617,    0,    0
 24638,133885,20180618,    0,    0
 24638,133885,20180619,    0,    0
 24638,133885,20180620,    0,    0
 24638,133885,20180621,  157,    0
 24638,133885,20180622,    0,    0
 24638,133885,20180623,    0,    0
 24638,133885,20180624,   20,    0
 24638,133885,20180625,   12,    0
 24638,133885,20180626,   24,    0
 24638,133885,20180627,   17,    0
 24638,133885,20180628,    0,    0
 24638,133885,20180629,    0,    0
 24638,133885,20180630,    1,    0
 24638,133885,20180701,    0,    0
 24638,133885,20180702,    0,    0
 24638,133885,20180703,    0,    0
 24638,133885,20180704,    0,    0
 24638,133885,20180705,   57,    0
 24638,133885,20180706,   18,    0
 24638,133885,20180707,    0,    0
 24638,133885,20180708,    0,    0
 24638,133885,20180709,    0,    0
 24638,133885,20180710,  142,    0
 24638,133885,20180711,    3,    0
 24638,133885,20180712,    0,    0
 24638,133885,20180713,    0,    0
 24638,133885,20180714,  286,    0
 24638,133885,20180715,   25,    0
 24638,133885,20180716,    0,    0
 24638,133885,20180717,    0,    0
 24638,133885,20180718,    0,    0
 24638,133885,20180719,    0,    0
 24638,133885,20180720,    0,    0
 24638,133885,20180721,   59,    0
 24638,133885,20180722,  114,    0
 24638,133885,20180723,   26,    0
 24638,133885,20180724,    0,    0
 24638,133885,20180725,    2,    0
 24638,133885,20180726,    2,    0
 24638,133885,20180727,   13,    0
 24638,133885,20180728,    0,    0
 24638,133885,20180729,    1,    0
 24638,133885,20180730,    0,    0
 24638,133885,20180731,    0,    0
 24638,133885,20180801,    1,    0
 24638,133885,20180802,   40,    0
 24638,133885,20180803,    0,    0
 24638,133885,20180804,    0,    0
 24638,133885,20180805,    1,    0
 24638,133885,20180806,    0,    0
 24638,133885,20180807,   67,    0
 24638,133885,20180808,    0,    0
 24638,133885,20180809,    0,    0
 24638,133885,20180810,  181,    0
 24638,133885,20180811,   12,    0
 24638,133885,20180812,    0,    0
 24638,133885,20180813,    0,    0
 24638,133885,20180814,  239,    0
 24638,133885,20180815,    0,    0
 24638,133885,20180816,    0,    0
 24638,133885,20180817,    0,    0
 24638,133885,20180818,    0,    0
 24638,133885,20180819,    2,    0
 24638,133885,20180820,    0,    0
 24638,133885,20180821,    0,    0
 24638,133885,20180822,    0,    0
 24638,133885,20180823,    0,    0
 24638,133885,20180824,   92,    0
 24638,133885,20180825,  152,    0
 24638,133885,20180826,   28,    0
 24638,133885,20180827,    0,    0
 24638,133885,20180828,    0,    0
 24638,133885,20180829,    0,    0
 24638,133885,20180830,   11,    0
 24638,133885,20180831,  189,    0
 24638,133885,20180901,  139,    0
 24638,133885,20180902,   57,    0
 24638,133885,20180903,   17,    0
 24638,133885,20180904,   34,    0
 24638,133885,20180905,    0,    0
 24638,133885,20180906,    0,    0
 24638,133885,20180907,   14,    0
 24638,133885,20180908,    0,    0
 24638,133885,20180909,    0,    0
 24638,133885,20180910,    0,    0
 24638,133885,20180911,    0,    0
 24638,133885,20180912,    0,    0
 24638,133885,20180913,    0,    0
 24638,133885,20180914,  101,    0
 24638,133885,20180915,    0,    0
 24638,133885,20180916,    0,    0
 24638,133885,20180917,    0,    0
 24638,133885,20180918,    0,    0
 24638,133885,20180919,    3,    0
 24638,133885,20180920,    0,    0
 24638,133885,20180921,   42,    0
 24638,133885,20180922,   72,    0
 24638,133885,20180923,    4,    0
 24638,133885,20180924,    2,    0
 24638,133885,20180925,    0,    0
 24638,133885,20180926,    0,    0
 24638,133885,20180927,    0,    0
 24638,133885,20180928,    0,    0
 24638,133885,20180929,    0,    0
 24638,133885,20180930,    0,    0
 24638,133885,20181001,   16,    0
 24638,133885,20181002,    0,    0
 24638,133885,20181003,    0,    0
 24638,133885,20181004,    0,    0
 24638,133885,20181005,    0,    0
 24638,133885,20181006,    0,    0
 24638,133885,20181007,    9,    0
 24638,133885,20181008,    0,    0
 24638,133885,20181009,    0,    0
 24638,133885,20181010,    0,    0
 24638,133885,20181011,    0,    0
 24638,133885,20181012,    0,    0
 24638,133885,20181013,    0,    0
 24638,133885,20181014,    0,    0
 24638,133885,20181015,    0,    0
 24638,133885,20181016,    0,    0
 24638,133885,20181017,   13,    0
 24638,133885,20181018,    0,    0
 24638,133885,20181019,    0,    0
 24638,133885,20181020,    0,    0
 24638,133885,20181021,    0,    0
 24638,133885,20181022,    0,    0
 24638,133885,20181023,    0,    0
 24638,133885,20181024,   72,    0
 24638,133885,20181025,    0,    0
 24638,133885,20181026,    0,    0
 24638,133885,20181027,  236,    0
 24638,133885,20181028,   25,    0
 24638,133885,20181029,   22,    0
 24638,133885,20181030,    0,    0
 24638,133885,20181031,    0,    0
 24638,133885,20181101,    0,    0
 24638,133885,20181102,   40,    0
 24638,133885,20181103,    0,    0
 24638,133885,20181104,    5,    0
 24638,133885,20181105,    0,    0
 24638,133885,20181106,    0,    0
 24638,133885,20181107,    0,    0
 24638,133885,20181108,    0,    0
 24638,133885,20181109,    0,    0
 24638,133885,20181110,    0,    0
 24638,133885,20181111,    0,    0
 24638,133885,20181112,    0,    0
 24638,133885,20181113,    0,    0
 24638,133885,20181114,    0,    0
 24638,133885,20181115,    0,    0
 24638,133885,20181116,    0,    0
 24638,133885,20181117,    0,    0
 24638,133885,20181118,    9,    0
 24638,133885,20181119,   24,    0
 24638,133885,20181120,   60,    0
 24638,133885,20181121,    5,    0
 24638,133885,20181122,   11,    0
 24638,133885,20181123,    6,    0
 24638,133885,20181124,    2,    0
 24638,133885,20181125,  121,    0
 24638,133885,20181126,  141,    0
 24638,133885,20181127,    0,    0
 24638,133885,20181128,    0,    0
 24638,133885,20181129,    0,    0
 24638,133885,20181130,    5,    0
 24638,133885,20181201,    0,    0
 24638,133885,20181202,    6,    0
 24638,133885,20181203,   10,    0
 24638,133885,20181204,    0,    0
 24638,133885,20181205,    0,    0
 24638,133885,20181206,    0,    0
 24638,133885,20181207,   32,    0
 24638,133885,20181208,    0,    0
 24638,133885,20181209,    2,    0
 24638,133885,20181210,   25,    0
 24638,133885,20181211,    0,    0
 24638,133885,20181212,    0,    0
 24638,133885,20181213,    0,    0
 24638,133885,20181214,   14,    0
 24638,133885,20181215,    0,    0
 24638,133885,20181216,    0,    0
 24638,133885,20181217,    0,    0
 24638,133885,20181218,    0,    0
 24638,133885,20181219,    0,    0
 24638,133885,20181220,    5,    0
 24638,133885,20181221,    0,    0
 24638,133885,20181222,    0,    0
 24638,133885,20181223,   16,    0
 24638,133885,20181224,    0,    0
 24638,133885,20181225,    0,    0
 24638,133885,20181226,    0,    0
 24638,133885,20181227,    0,    0
 24638,133885,20181228,    0,    0
 24638,133885,20181229,    0,    0
 24638,133885,20181230,    4,    0
 24638,133885,20181231,    0,    0
 24638,133885,20190101,    5,    0
 24638,133885,20190102,   24,    0
 24638,133885,20190103,   19,    0
 24638,133885,20190104,    0,    0
 24638,133885,20190105,    0,    0
 24638,133885,20190106,    0,    0
 24638,133885,20190107,   26,    0
 24638,133885,20190108,    4,    0
 24638,133885,20190109,    1,    0
 24638,133885,20190110,   11,    0
 24638,133885,20190111,    0,    0
 24638,133885,20190112,    0,    0
 24638,133885,20190113,   13,    0
 24638,133885,20190114,   22,    0
 24638,133885,20190115,    0,    0
 24638,133885,20190116,    0,    0
 24638,133885,20190117,    3,    0
 24638,133885,20190118,    0,    0
 24638,133885,20190119,    0,    0
 24638,133885,20190120,    0,    0
 24638,133885,20190121,    0,    0
 24638,133885,20190122,   23,    0
 24638,133885,20190123,   13,    0
 24638,133885,20190124,    0,    0
 24638,133885,20190125,    0,    0
 24638,133885,20190126,    0,    0
 24638,133885,20190127,    7,    0
 24638,133885,20190128,    0,    0
 24638,133885,20190129,   10,    0
 24638,133885,20190130,    0,    0
 24638,133885,20190131,    2,    0
 24638,133885,20190201,    5,    0
 24638,133885,20190202,   20,    0
 24638,133885,20190203,  143,    0
 24638,133885,20190204,    0,    0
 24638,133885,20190205,    0,    0
 24638,133885,20190206,    0,    0
 24638,133885,20190207,    0,    0
 24638,133885,20190208,    0,    0
 24638,133885,20190209,    0,    0
 24638,133885,20190210,   13,    0
 24638,133885,20190211,    1,    0
 24638,133885,20190212,    0,    0
 24638,133885,20190213,    0,    0
 24638,133885,20190214,    0,    0
 24638,133885,20190215,    0,    0
 24638,133885,20190216,    0,    0
 24638,133885,20190217,    0,    0
 24638,133885,20190218,    0,    0
 24638,133885,20190219,    0,    0
 24638,133885,20190220,    0,    0
 24638,133885,20190221,    7,    0
 24638,133885,20190222,    3,    0
 24638,133885,20190223,    0,    0
 24638,133885,20190224,    0,    0
 24638,133885,20190225,    0,    0
 24638,133885,20190226,    0,    0
 24638,133885,20190227,    0,    0
 24638,133885,20190228,    0,    0
 24638,133885,20190301,    5,    0
 24638,133885,20190302,    3,    0
 24638,133885,20190303,    0,    0
 24638,133885,20190304,    0,    0
 24638,133885,20190305,    0,    0
 24638,133885,20190306,    0,    0
 24638,133885,20190307,    0,    0
 24638,133885,20190308,   76,    0
 24638,133885,20190309,    0,    0
 24638,133885,20190310,    0,    0
 24638,133885,20190311,    0,    0
 24638,133885,20190312,    0,    0
 24638,133885,20190313,   38,    0
 24638,133885,20190314,    0,    0
 24638,133885,20190315,   11,    0
 24638,133885,20190316,   19,    0
 24638,133885,20190317,    5,    0
 24638,133885,20190318,    7,    0
 24638,133885,20190319,    0,    0
 24638,133885,20190320,    0,    0
 24638,133885,20190321,    0,    0
 24638,133885,20190322,    0,    0
 24638,133885,20190323,    0,    0
 24638,133885,20190324,    0,    0
 24638,133885,20190325,    0,    0
 24638,133885,20190326,    0,    0
 24638,133885,20190327,    0,    0
 24638,133885,20190328,    0,    0
 24638,133885,20190329,    0,    0
 24638,133885,20190330,    0,    0
 24638,133885,20190331,    0,    0
 24638,133885,20190401,    0,    0
 24638,133885,20190402,    0,    0
 24638,133885,20190403,    0,    0
 24638,133885,20190404,    8,    0
 24638,133885,20190405,  129,    0
 24638,133885,20190406,    0,    0
 24638,133885,20190407,    0,    0
 24638,133885,20190408,    0,    0
 24638,133885,20190409,    0,    0
 24638,133885,20190410,   52,    0
 24638,133885,20190411,   17,    0
 24638,133885,20190412,    0,    0
 24638,133885,20190413,    1,    0
 24638,133885,20190414,   84,    0
 24638,133885,20190415,    0,    0
 24638,133885,20190416,    0,    0
 24638,133885,20190417,    0,    0
 24638,133885,20190418,    0,    0
 24638,133885,20190419,    0,    0
 24638,133885,20190420,    0,    0
 24638,133885,20190421,    0,    0
 24638,133885,20190422,    0,    0
 24638,133885,20190423,   63,    0
 24638,133885,20190424,    0,    0
 24638,133885,20190425,    0,    0
 24638,133885,20190426,   14,    0
 24638,133885,20190427,    0,    0
 24638,133885,20190428,    0,    0
 24638,133885,20190429,    0,    0
 24638,133885,20190430,   81,    0
 24638,133885,20190501,    0,    0
 24638,133885,20190502,    0,    0
 24638,133885,20190503,  157,    0
 24638,133885,20190504,   29,    0
 24638,133885,20190505,    0,    0
 24638,133885,20190506,    0,    0
 24638,133885,20190507,    0,    0
 24638,133885,20190508,   13,    0
 24638,133885,20190509,   68,    0
 24638,133885,20190510,   14,    0
 24638,133885,20190511,  141,    0
 24638,133885,20190512,   12,    0
 24638,133885,20190513,    0,    0
 24638,133885,20190514,    0,    0
 24638,133885,20190515,   12,    0
 24638,133885,20190516,    6,    0
 24638,133885,20190517,    0,    0
 24638,133885,20190518,    0,    0
 24638,133885,20190519,   54,    0
 24638,133885,20190520,  114,    0
 24638,133885,20190521,    0,    0
 24638,133885,20190522,    4,    0
 24638,133885,20190523,    0,    0
 24638,133885,20190524,    0,    0
 24638,133885,20190525,    0,    0
 24638,133885,20190526,   55,    0
 24638,133885,20190527,  123,    0
 24638,133885,20190528,  124,    0
 24638,133885,20190529,   37,    0
 24638,133885,20190530,    5,    0
 24638,133885,20190531,    0,    0
 24638,133885,20190601,    1,    0
 24638,133885,20190602,    0,    0
 24638,133885,20190603,    0,    0
 24638,133885,20190604,   47,    0
 24638,133885,20190605,   14,    0
 24638,133885,20190606,    5,    0
 24638,133885,20190607,    0,    0
 24638,133885,20190608,    0,    0
 24638,133885,20190609,    0,    0
 24638,133885,20190610,    0,    0
 24638,133885,20190611,    0,    0
 24638,133885,20190612,    0,    0
 24638,133885,20190613,    0,    0
 24638,133885,20190614,    0,    0
 24638,133885,20190615,    0,    0
 24638,133885,20190616,    4,    0
 24638,133885,20190617,    0,    0
 24638,133885,20190618,    0,    0
 24638,133885,20190619,   52,    0
 24638,133885,20190620,  316,    0
 24638,133885,20190621,  258,    0
 24638,133885,20190622,  202,    0
 24638,133885,20190623,  172,    0
 24638,133885,20190624,    0,    0
 24638,133885,20190625,    0,    0
 24638,133885,20190626,    0,    0
 24638,133885,20190627,    0,    0
 24638,133885,20190628,    0,    0
 24638,133885,20190629,    0,    0
 24638,133885,20190630,    0,    0
 24638,133885,20190701,    0,    0
 24638,133885,20190702,    1,    0
 24638,133885,20190703,    0,    0
 24638,133885,20190704,    0,    0
 24638,133885,20190705,    0,    0
 24638,133885,20190706,  217,    0
 24638,133885,20190707,   18,    0
 24638,133885,20190708,    1,    0
 24638,133885,20190709,   36,    0
 24638,133885,20190710,    0,    0
 24638,133885,20190711,   36,    0
 24638,133885,20190712,   22,    0
 24638,133885,20190713,    0,    0
 24638,133885,20190714,    3,    0
 24638,133885,20190715,    0,    0
 24638,133885,20190716,    0,    0
 24638,133885,20190717,   33,    0
 24638,133885,20190718,    7,    0
 24638,133885,20190719,   77,    0
 24638,133885,20190720,    0,    0
 24638,133885,20190721,    0,    0
 24638,133885,20190722,    0,    0
 24638,133885,20190723,    0,    0
 24638,133885,20190724,    0,    0
 24638,133885,20190725,    0,    0
 24638,133885,20190726,    1,    0
 24638,133885,20190727,  397,    0
 24638,133885,20190728,   16,    0
 24638,133885,20190729,    0,    0
 24638,133885,20190730,    2,    0
 24638,133885,20190731,  247,    0
 24638,133885,20190801,    1,    0
 24638,133885,20190802,   22,    0
 24638,133885,20190803,    0,    0
 24638,133885,20190804,    0,    0
 24638,133885,20190805,    1,    0
 24638,133885,20190806,    0,    0
 24638,133885,20190807,    0,    0
 24638,133885,20190808,    4,    0
 24638,133885,20190809,    0,    0
 24638,133885,20190810,    1,    0
 24638,133885,20190811,    0,    0
 24638,133885,20190812,   13,    0
 24638,133885,20190813,  121,    0
 24638,133885,20190814,    0,    0
 24638,133885,20190815,    0,    0
 24638,133885,20190816,    0,    0
 24638,133885,20190817,    0,    0
 24638,133885,20190818,    0,    0
 24638,133885,20190819,    4,    0
 24638,133885,20190820,    0,    0
 24638,133885,20190821,   10,    0
 24638,133885,20190822,    7,    0
 24638,133885,20190823,    0,    0
 24638,133885,20190824,  174,    0
 24638,133885,20190825,    0,    0
 24638,133885,20190826,    0,    0
 24638,133885,20190827,    0,    0
 24638,133885,20190828,    0,    0
 24638,133885,20190829,    0,    0
 24638,133885,20190830,   26,    0
 24638,133885,20190831,    0,    0
 24638,133885,20190901,  327,    0
 24638,133885,20190902,  116,    0
 24638,133885,20190903,    0,    0
 24638,133885,20190904,    0,    0
 24638,133885,20190905,    0,    0
 24638,133885,20190906,  165,    0
 24638,133885,20190907,  249,    0
 24638,133885,20190908,  269,    0
 24638,133885,20190909,    0,    0
 24638,133885,20190910,    0,    0
 24638,133885,20190911,    0,    0
 24638,133885,20190912,    0,    0
 24638,133885,20190913,    0,    0
 24638,133885,20190914,    0,    0
 24638,133885,20190915,    0,    0
 24638,133885,20190916,   18,    0
 24638,133885,20190917,    0,    0
 24638,133885,20190918,    0,    0
 24638,133885,20190919,    0,    0
 24638,133885,20190920,    0,    0
 24638,133885,20190921,    0,    0
 24638,133885,20190922,    0,    0
 24638,133885,20190923,    0,    0
 24638,133885,20190924,    0,    0
 24638,133885,20190925,   38,    0
 24638,133885,20190926,    1,    0
 24638,133885,20190927,    0,    0
 24638,133885,20190928,   90,    0
 24638,133885,20190929,    0,    0
 24638,133885,20190930,    0,    0
 24638,133885,20191001,    0,    0
 24638,133885,20191002,  146,    0
 24638,133885,20191003,    0,    0
 24638,133885,20191004,    0,    0
 24638,133885,20191005,    6,    0
 24638,133885,20191006,   17,    0
 24638,133885,20191007,    3,    0
 24638,133885,20191008,    0,    0
 24638,133885,20191009,    8,    0
 24638,133885,20191010,   54,    0
 24638,133885,20191011,    0,    0
 24638,133885,20191012,    0,    0
 24638,133885,20191013,    0,    0
 24638,133885,20191014,    0,    0
 24638,133885,20191015,    0,    0
 24638,133885,20191016,   16,    0
 24638,133885,20191017,    0,    0
 24638,133885,20191018,    0,    0
 24638,133885,20191019,    0,    0
 24638,133885,20191020,    0,    0
 24638,133885,20191021,    0,    0
 24638,133885,20191022,    0,    0
 24638,133885,20191023,    0,    0
 24638,133885,20191024,    0,    0
 24638,133885,20191025,    0,    0
 24638,133885,20191026,    0,    0
 24638,133885,20191027,    0,    0
 24638,133885,20191028,   41,    0
 24638,133885,20191029,   36,    0
 24638,133885,20191030,   48,    0
 24638,133885,20191031,    1,    0
 24638,133885,20191101,    0,    0
 24638,133885,20191102,    0,    0
 24638,133885,20191103,   82,    0
 24638,133885,20191104,   59,    0
 24638,133885,20191105,  277,    0
 24638,133885,20191106,   58,    0
 24638,133885,20191107,    0,    0
 24638,133885,20191108,   33,    0
 24638,133885,20191109,   37,    0
 24638,133885,20191110,    0,    0
 24638,133885,20191111,    5,    0
 24638,133885,20191112,  192,    0
 24638,133885,20191113,  214,    0
 24638,133885,20191114,    5,    0
 24638,133885,20191115,   75,    0
 24638,133885,20191116,    3,    0
 24638,133885,20191117,   80,    0
 24638,133885,20191118,   24,    0
 24638,133885,20191119,    0,    0
 24638,133885,20191120,  133,    0
 24638,133885,20191121,    0,    0
 24638,133885,20191122,    4,    0
 24638,133885,20191123,    0,    0
 24638,133885,20191124,    0,    0
 24638,133885,20191125,    2,    0
 24638,133885,20191126,    0,    0
 24638,133885,20191127,   27,    0
 24638,133885,20191128,   17,    0
 24638,133885,20191129,    0,    0
 24638,133885,20191130,    0,    0
 24638,133885,20191201,  115,    0
 24638,133885,20191202,   14,    0
 24638,133885,20191203,    0,    0
 24638,133885,20191204,    0,    0
 24638,133885,20191205,    0,    0
 24638,133885,20191206,    0,    0
 24638,133885,20191207,    0,    0
 24638,133885,20191208,    0,    0
 24638,133885,20191209,   14,    0
 24638,133885,20191210,    0,    0
 24638,133885,20191211,    0,    0
 24638,133885,20191212,    3,    0
 24638,133885,20191213,   17,    0
 24638,133885,20191214,    0,    0
 24638,133885,20191215,    0,    0
 24638,133885,20191216,    0,    0
 24638,133885,20191217,    0,    0
 24638,133885,20191218,    0,    0
 24638,133885,20191219,    2,    0
 24638,133885,20191220,    2,    0
 24638,133885,20191221,  273,    0
 24638,133885,20191222,    5,    0
 24638,133885,20191223,    0,    0
 24638,133885,20191224,    7,    0
 24638,133885,20191225,    2,    0
 24638,133885,20191226,    0,    0
 24638,133885,20191227,    5,    0
 24638,133885,20191228,    0,    0
 24638,133885,20191229,    0,    0
 24638,133885,20191230,    0,    0
 24638,133885,20191231,    0,    0
 24638,133885,20200101,    0,    0
 24638,133885,20200102,    0,    0
 24638,133885,20200103,    0,    0
 24638,133885,20200104,   10,    0
 24638,133885,20200105,    0,    0
 24638,133885,20200106,    0,    0
 24638,133885,20200107,    0,    0
 24638,133885,20200108,    2,    0
 24638,133885,20200109,    0,    0
 24638,133885,20200110,    0,    0
 24638,133885,20200111,    0,    0
 24638,133885,20200112,    0,    0
 24638,133885,20200113,    0,    0
 24638,133885,20200114,    0,    0
 24638,133885,20200115,    0,    0
 24638,133885,20200116,    0,    0
 24638,133885,20200117,    0,    0
 24638,133885,20200118,    0,    0
 24638,133885,20200119,    0,    0
 24638,133885,20200120,    0,    0
 24638,133885,20200121,    0,    0
 24638,133885,20200122,    0,    0
 24638,133885,20200123,    0,    0
 24638,133885,20200124,    0,    0
 24638,133885,20200125,    0,    0
 24638,133885,20200126,    0,    0
 24638,133885,20200127,    0,    0
 24638,133885,20200128,   35,    0
 24638,133885,20200129,    0,    0
 24638,133885,20200130,    0,    0
 24638,133885,20200131,    0,    0
 24638,133885,20200201,    0,    0
 24638,133885,20200202,    0,    0
 24638,133885,20200203,    1,    0
 24638,133885,20200204,    9,    0
 24638,133885,20200205,    0,    0
 24638,133885,20200206,    0,    0
 24638,133885,20200207,    0,    0
 24638,133885,20200208,    0,    0
 24638,133885,20200209,    0,    0
 24638,133885,20200210,   21,    0
 24638,133885,20200211,    0,    0
 24638,133885,20200212,    0,    0
 24638,133885,20200213,    0,    0
 24638,133885,20200214,    0,    0
 24638,133885,20200215,    0,    0
 24638,133885,20200216,    0,    0
 24638,133885,20200217,    0,    0
 24638,133885,20200218,    0,    0
 24638,133885,20200219,    6,    0
 24638,133885,20200220,    0,    0
 24638,133885,20200221,    5,    0
 24638,133885,20200222,    0,    0
 24638,133885,20200223,    0,    0
 24638,133885,20200224,    0,    0
 24638,133885,20200225,   36,    0
 24638,133885,20200226,   10,    0
 24638,133885,20200227,    3,    0
 24638,133885,20200228,    0,    0
 24638,133885,20200229,    0,    0
 24638,133885,20200301,   87,    0
 24638,133885,20200302,    4,    0
 24638,133885,20200303,   15,    0
 24638,133885,20200304,    0,    0
 24638,133885,20200305,   23,    0
 24638,133885,20200306,   82,    0
 24638,133885,20200307,    0,    0
 24638,133885,20200308,    0,    0
 24638,133885,20200309,    1,    0
 24638,133885,20200310,    0,    0
 24638,133885,20200311,    0,    0
 24638,133885,20200312,    0,    0
 24638,133885,20200313,   25,    0
 24638,133885,20200314,    0,    0
 24638,133885,20200315,    0,    0
 24638,133885,20200316,    0,    0
 24638,133885,20200317,    2,    0
 24638,133885,20200318,    0,    0
 24638,133885,20200319,    0,    0
 24638,133885,20200320,    0,    0
 24638,133885,20200321,    6,    0
 24638,133885,20200322,    0,    0
 24638,133885,20200323,    0,    0
 24638,133885,20200324,    0,    0
 24638,133885,20200325,   11,    0
 24638,133885,20200326,    7,    0
 24638,133885,20200327,    0,    0
 24638,133885,20200328,    0,    0
 24638,133885,20200329,    0,    0
 24638,133885,20200330,    0,    0
 24638,133885,20200331,    0,    0
 24638,133885,20200401,    0,    0
 24638,133885,20200402,    0,    0
 24638,133885,20200403,    0,    0
 24638,133885,20200404,    0,    0
 24638,133885,20200405,    0,    0
 24638,133885,20200406,    0,    0
 24638,133885,20200407,    0,    0
 24638,133885,20200408,    0,    0
 24638,133885,20200409,    0,    0
 24638,133885,20200410,    0,    0
 24638,133885,20200411,    0,    0
 24638,133885,20200412,    0,    0
 24638,133885,20200413,   18,    0
 24638,133885,20200414,    0,    0
 24638,133885,20200415,    0,    0
 24638,133885,20200416,    0,    0
 24638,133885,20200417,    0,    0
 24638,133885,20200418,   47,    0
 24638,133885,20200419,    3,    0
 24638,133885,20200420,    0,    0
 24638,133885,20200421,    0,    0
 24638,133885,20200422,    0,    0
 24638,133885,20200423,    0,    0
 24638,133885,20200424,    0,    0
 24638,133885,20200425,    0,    0
 24638,133885,20200426,    0,    0
 24638,133885,20200427,   21,    0
 24638,133885,20200428,    0,    0
 24638,133885,20200429,  269,    0
 24638,133885,20200430,   40,    0
 24638,133885,20200501,   34,    0
 24638,133885,20200502,   34,    0
 24638,133885,20200503,    0,    0
 24638,133885,20200504,    3,    0
 24638,133885,20200505,   25,    0
 24638,133885,20200506,    0,    0
 24638,133885,20200507,    0,    0
 24638,133885,20200508,    0,    0
 24638,133885,20200509,   16,    0
 24638,133885,20200510,    0,    0
 24638,133885,20200511,   11,    0
 24638,133885,20200512,    0,    0
 24638,133885,20200513,    0,    0
 24638,133885,20200514,   30,    0
 24638,133885,20200515,    0,    0
 24638,133885,20200516,    7,    0
 24638,133885,20200517,    3,    0
 24638,133885,20200518,    0,    0
 24638,133885,20200519,   41,    0
 24638,133885,20200520,    0,    0
 24638,133885,20200521,    0,    0
 24638,133885,20200522,    5,    0
 24638,133885,20200523,   51,    0
 24638,133885,20200524,    0,    0
 24638,133885,20200525,   27,    0
 24638,133885,20200526,   12,    0
 24638,133885,20200527,    0,    0
 24638,133885,20200528,    0,    0
 24638,133885,20200529,    0,    0
 24638,133885,20200530,    0,    0
 24638,133885,20200531,    8,    0
 24638,133885,20200601,    0,    0
 24638,133885,20200602,   14,    0
 24638,133885,20200603,    1,    0
 24638,133885,20200604,   47,    0
 24638,133885,20200605,   23,    0
 24638,133885,20200606,    0,    0
 24638,133885,20200607,   11,    0
 24638,133885,20200608,    4,    0
 24638,133885,20200609,   61,    0
 24638,133885,20200610,  210,    0
 24638,133885,20200611,    0,    0
 24638,133885,20200612,    0,    0
 24638,133885,20200613,    0,    0
 24638,133885,20200614,  302,    0
 24638,133885,20200615,    4,    0
 24638,133885,20200616,   14,    0
 24638,133885,20200617,   71,    0
 24638,133885,20200618,    0,    0
 24638,133885,20200619,   48,    0
 24638,133885,20200620,   49,    0
 24638,133885,20200621,    3,    0
 24638,133885,20200622,    0,    0
 24638,133885,20200623,    0,    0
 24638,133885,20200624,  177,    0
 24638,133885,20200625,   19,    0
 24638,133885,20200626,    0,    0
 24638,133885,20200627,   14,    0
 24638,133885,20200628,    0,    0
 24638,133885,20200629,  219,    0
 24638,133885,20200630,    0,    0
 24638,133885,20200701,  129,    0
 24638,133885,20200702,   33,    0
 24638,133885,20200703,   13,    0
 24638,133885,20200704,    0,    0
 24638,133885,20200705,    0,    0
 24638,133885,20200706,  165,    0
 24638,133885,20200707,    0,    0
 24638,133885,20200708,    0,    0
 24638,133885,20200709,    0,    0
 24638,133885,20200710,    0,    0
 24638,133885,20200711,  146,    0
 24638,133885,20200712,    0,    0
 24638,133885,20200713,    0,    0
 24638,133885,20200714,    0,    0
 24638,133885,20200715,   46,    0
 24638,133885,20200716,   57,    0
 24638,133885,20200717,    0,    0
 24638,133885,20200718,    1,    0
 24638,133885,20200719,    0,    0
 24638,133885,20200720,   33,    0
 24638,133885,20200721,   97,    0
 24638,133885,20200722,   15,    0
 24638,133885,20200723,    0,    0
 24638,133885,20200724,   57,    0
 24638,133885,20200725,    3,    0
 24638,133885,20200726,   17,    0
 24638,133885,20200727,    0,    0
 24638,133885,20200728,   77,    0
 24638,133885,20200729,    2,    0
 24638,133885,20200730,    0,    0
 24638,133885,20200731,    0,    0
 24638,133885,20200801,    0,    0
 24638,133885,20200802,   44,    0
 24638,133885,20200803,  129,    0
 24638,133885,20200804,  100,    0
 24638,133885,20200805,    9,    0
 24638,133885,20200806,    0,    0
 24638,133885,20200807,    0,    0
 24638,133885,20200808,    0,    0
 24638,133885,20200809,    0,    0
 24638,133885,20200810,    0,    0
 24638,133885,20200811,  196,    0
 24638,133885,20200812,    0,    0
 24638,133885,20200813,  548,    0
 24638,133885,20200814,   33,    0
 24638,133885,20200815,  487,    0
 24638,133885,20200816,  150,    0
 24638,133885,20200817,  120,    0
 24638,133885,20200818,   34,    0
 24638,133885,20200819,    0,    0
 24638,133885,20200820,    0,    0
 24638,133885,20200821,    0,    0
 24638,133885,20200822,   28,    0
 24638,133885,20200823,    4,    0
 24638,133885,20200824,    0,    0
 24638,133885,20200825,    0,    0
 24638,133885,20200826,    0,    0
 24638,133885,20200827,    0,    0
 24638,133885,20200828,    0,    0
 24638,133885,20200829,  179,    0
 24638,133885,20200830,  105,    0
 24638,133885,20200831,  165,    0
 24638,133885,20200901,    1,    0
 24638,133885,20200902,   76,    0
 24638,133885,20200903,    0,    0
 24638,133885,20200904,    0,    0
 24638,133885,20200905,    0,    0
 24638,133885,20200906,  190,    0
 24638,133885,20200907,    0,    0
 24638,133885,20200908,    0,    0
 24638,133885,20200909,    0,    0
 24638,133885,20200910,    0,    0
 24638,133885,20200911,    0,    0
 24638,133885,20200912,    0,    0
 24638,133885,20200913,    0,    0
 24638,133885,20200914,    0,    0
 24638,133885,20200915,    0,    0
 24638,133885,20200916,    0,    0
 24638,133885,20200917,    0,    0
 24638,133885,20200918,    0,    0
 24638,133885,20200919,    0,    0
 24638,133885,20200920,    0,    0
 24638,133885,20200921,    0,    0
 24638,133885,20200922,    0,    0
 24638,133885,20200923,  100,    0
 24638,133885,20200924,   44,    0
 24638,133885,20200925,  384,    0
 24638,133885,20200926,    3,    0
 24638,133885,20200927,  221,    0
 24638,133885,20200928,   84,    0
 24638,133885,20200929,    0,    0
 24638,133885,20200930,    0,    0
 24638,133885,20201001,    0,    0
 24638,133885,20201002,    0,    0
 24638,133885,20201003,  266,    0
 24638,133885,20201004,    0,    0
 24638,133885,20201005,    1,    0
 24638,133885,20201006,   14,    0
 24638,133885,20201007,    0,    0
 24638,133885,20201008,    0,    0
 24638,133885,20201009,    0,    0
 24638,133885,20201010,   57,    0
 24638,133885,20201011,  199,    0
 24638,133885,20201012,    2,    0
 24638,133885,20201013,    1,    0
 24638,133885,20201014,    0,    0
 24638,133885,20201015,   99,    0
 24638,133885,20201016,   54,    0
 24638,133885,20201017,    1,    0
 24638,133885,20201018,    0,    0
 24638,133885,20201019,    0,    0
 24638,133885,20201020,    0,    0
 24638,133885,20201021,    0,    0
 24638,133885,20201022,    0,    0
 24638,133885,20201023,    0,    0
 24638,133885,20201024,    1,    0
 24638,133885,20201025,    0,    0
 24638,133885,20201026,    0,    0
 24638,133885,20201027,   55,    0
 24638,133885,20201028,    0,    0
 24638,133885,20201029,    4,    0
 24638,133885,20201030,    0,    0
 24638,133885,20201031,    0,    0
 24638,133885,20201101,    7,    0
 24638,133885,20201102,    1,    0
 24638,133885,20201103,    0,    0
 24638,133885,20201104,    7,    0
 24638,133885,20201105,    0,    0
 24638,133885,20201106,    0,    0
 24638,133885,20201107,    0,    0
 24638,133885,20201108,    0,    0
 24638,133885,20201109,    1,    0
 24638,133885,20201110,    0,    0
 24638,133885,20201111,    0,    0
 24638,133885,20201112,    0,    0
 24638,133885,20201113,    0,    0
 24638,133885,20201114,    0,    0
 24638,133885,20201115,    0,    0
 24638,133885,20201116,   63,    0
 24638,133885,20201117,    0,    0
 24638,133885,20201118,    0,    0
 24638,133885,20201119,   11,    0
 24638,133885,20201120,    6,    0
 24638,133885,20201121,    0,    0
 24638,133885,20201122,    0,    0
 24638,133885,20201123,    0,    0
 24638,133885,20201124,    0,    0
 24638,133885,20201125,    0,    0
 24638,133885,20201126,    0,    0
 24638,133885,20201127,    0,    0
 24638,133885,20201128,    0,    0
 24638,133885,20201129,    0,    0
 24638,133885,20201130,    0,    0
 24638,133885,20201201,    0,    0
 24638,133885,20201202,   68,    0
 24638,133885,20201203,   26,    0
 24638,133885,20201204,    0,    0
 24638,133885,20201205,    0,    0
 24638,133885,20201206,  114,    0
 24638,133885,20201207,    7,    0
 24638,133885,20201208,   35,    0
 24638,133885,20201209,  207,    0
 24638,133885,20201210,   25,    0
 24638,133885,20201211,    8,    0
 24638,133885,20201212,    0,    0
 24638,133885,20201213,    0,    0
 24638,133885,20201214,    0,    0
 24638,133885,20201215,    0,    0
 24638,133885,20201216,    1,    0
 24638,133885,20201217,    0,    0
 24638,133885,20201218,    0,    0
 24638,133885,20201219,    2,    0
 24638,133885,20201220,    0,    0
 24638,133885,20201221,    0,    0
 24638,133885,20201222,    2,    0
 24638,133885,20201223,    0,    0
 24638,133885,20201224,   13,    0
 24638,133885,20201225,   21,    0
 24638,133885,20201226,    0,    0
 24638,133885,20201227,    2,    0
 24638,133885,20201228,   95,    0
 24638,133885,20201229,    4,    0
 24638,133885,20201230,    9,    0
 24638,133885,20201231,    0,    0
 24638,133885,20210101,    1,    0
 24638,133885,20210102,  111,    0
 24638,133885,20210103,    2,    0
 24638,133885,20210104,    9,    0
 24638,133885,20210105,   80,    0
 24638,133885,20210106,    5,    0
 24638,133885,20210107,    0,    0
 24638,133885,20210108,    0,    0
 24638,133885,20210109,    0,    0
 24638,133885,20210110,    0,    0
 24638,133885,20210111,    0,    0
 24638,133885,20210112,    0,    0
 24638,133885,20210113,    2,    0
 24638,133885,20210114,   17,    0
 24638,133885,20210115,    3,    0
 24638,133885,20210116,   11,    0
 24638,133885,20210117,    6,    0
 24638,133885,20210118,    4,    0
 24638,133885,20210119,    0,    0
 24638,133885,20210120,    0,    0
 24638,133885,20210121,    0,    0
 24638,133885,20210122,    1,    0
 24638,133885,20210123,  144,    0
 24638,133885,20210124,    3,    0
 24638,133885,20210125,    0,    0
 24638,133885,20210126,    0,    0
 24638,133885,20210127,    0,    0
 24638,133885,20210128,   12,    0
 24638,133885,20210129,   10,    0
 24638,133885,20210130,    6,    0
 24638,133885,20210131,    1,    0
 24638,133885,20210201,    0,    0
 24638,133885,20210202,    0,    0
 24638,133885,20210203,    0,    0
 24638,133885,20210204,    0,    0
 24638,133885,20210205,    0,    0
 24638,133885,20210206,    0,    0
 24638,133885,20210207,  111,    0
 24638,133885,20210208,  108,    0
 24638,133885,20210209,   66,    0
 24638,133885,20210210,    1,    0
 24638,133885,20210211,    1,    0
 24638,133885,20210212,    0,    0
 24638,133885,20210213,    0,    0
 24638,133885,20210214,    0,    0
 24638,133885,20210215,    2,    0
 24638,133885,20210216,    0,    0
 24638,133885,20210217,    0,    0
 24638,133885,20210218,    0,    0
 24638,133885,20210219,    0,    0
 24638,133885,20210220,    0,    0
 24638,133885,20210221,    0,    0
 24638,133885,20210222,    0,    0
 24638,133885,20210223,    0,    0
 24638,133885,20210224,    0,    0
 24638,133885,20210225,    0,    0
 24638,133885,20210226,    0,    0
 24638,133885,20210227,    0,    0
 24638,133885,20210228,    0,    0
 24638,133885,20210301,    0,    0
 24638,133885,20210302,    0,    0
 24638,133885,20210303,    0,    0
 24638,133885,20210304,    0,    0
 24638,133885,20210305,    0,    0
 24638,133885,20210306,    0,    0
 24638,133885,20210307,    0,    0
 24638,133885,20210308,    0,    0
 24638,133885,20210309,    0,    0
 24638,133885,20210310,    9,    0
 24638,133885,20210311,    0,    0
 24638,133885,20210312,  117,    0
 24638,133885,20210313,    1,    0
 24638,133885,20210314,    0,    0
 24638,133885,20210315,    0,    0
 24638,133885,20210316,    5,    0
 24638,133885,20210317,    0,    0
 24638,133885,20210318,    0,    0
 24638,133885,20210319,   15,    0
 24638,133885,20210320,    0,    0
 24638,133885,20210321,    0,    0
 24638,133885,20210322,    1,    0
 24638,133885,20210323,    0,    0
 24638,133885,20210324,    0,    0
 24638,133885,20210325,    0,    0
 24638,133885,20210326,    0,    0
 24638,133885,20210327,   28,    0
 24638,133885,20210328,    0,    0
 24638,133885,20210329,    0,    0
 24638,133885,20210330,    0,    0
 24638,133885,20210331,    0,    0
 24638,133885,20210401,    1,    0
 24638,133885,20210402,    0,    0
 24638,133885,20210403,   11,    0
 24638,133885,20210404,    0,    0
 24638,133885,20210405,    9,    0
 24638,133885,20210406,    0,    0
 24638,133885,20210407,    0,    0
 24638,133885,20210408,    0,    0
 24638,133885,20210409,    0,    0
 24638,133885,20210410,    0,    0
 24638,133885,20210411,    0,    0
 24638,133885,20210412,  220,    0
 24638,133885,20210413,    0,    0
 24638,133885,20210414,    0,    0
 24638,133885,20210415,    0,    0
 24638,133885,20210416,    0,    0
 24638,133885,20210417,    0,    0
 24638,133885,20210418,    1,    0
 24638,133885,20210419,    0,    0
 24638,133885,20210420,    0,    0
 24638,133885,20210421,    1,    0
 24638,133885,20210422,    0,    0
 24638,133885,20210423,    0,    0
 24638,133885,20210424,    0,    0
 24638,133885,20210425,    0,    0
 24638,133885,20210426,    1,    0
 24638,133885,20210427,    0,    0
 24638,133885,20210428,    0,    0
 24638,133885,20210429,   21,    0
 24638,133885,20210430,    0,    0
 24638,133885,20210501,  111,    0
 24638,133885,20210502,    4,    0
 24638,133885,20210503,    0,    0
 24638,133885,20210504,    0,    0
 24638,133885,20210505,   38,    0
 24638,133885,20210506,    0,    0
 24638,133885,20210507,   48,    0
 24638,133885,20210508,    0,    0
 24638,133885,20210509,    0,    0
 24638,133885,20210510,    0,    0
 24638,133885,20210511,   10,    0
 24638,133885,20210512,   57,    0
 24638,133885,20210513,   10,    0
 24638,133885,20210514,   64,    0
 24638,133885,20210515,  112,    0
 24638,133885,20210516,  146,    0
 24638,133885,20210517,   22,    0
 24638,133885,20210518,    3,    0
 24638,133885,20210519,    4,    0
 24638,133885,20210520,    0,    0
 24638,133885,20210521,    0,    0
 24638,133885,20210522,   38,    0
 24638,133885,20210523,   66,    0
 24638,133885,20210524,   75,    0
 24638,133885,20210525,   11,    0
 24638,133885,20210526,    0,    0
 24638,133885,20210527,   92,    0
 24638,133885,20210528,    0,    0
 24638,133885,20210529,    0,    0
 24638,133885,20210530,    0,    0
 24638,133885,20210531,    0,    0
 24638,133885,20210601,    0,    0
 24638,133885,20210602,    0,    0
 24638,133885,20210603,    0,    0
 24638,133885,20210604,    0,    0
 24638,133885,20210605,   31,    0
 24638,133885,20210606,  249,    0
 24638,133885,20210607,    0,    0
 24638,133885,20210608,    0,    0
 24638,133885,20210609,   33,    0
 24638,133885,20210610,   10,    0
 24638,133885,20210611,    0,    0
 24638,133885,20210612,   34,    0
 24638,133885,20210613,    0,    0
 24638,133885,20210614,    0,    0
 24638,133885,20210615,    0,    0
 24638,133885,20210616,    0,    0
 24638,133885,20210617,    0,    0
 24638,133885,20210618,    0,    0
 24638,133885,20210619,   35,    0
 24638,133885,20210620,    2,    0
 24638,133885,20210621,    5,    0
 24638,133885,20210622,    0,    0
 24638,133885,20210623,    0,    0
 24638,133885,20210624,    0,    0
 24638,133885,20210625,   22,    0
 24638,133885,20210626,   37,    0
 24638,133885,20210627,   26,    0
 24638,133885,20210628,    0,    0
 24638,133885,20210629,    0,    0
 24638,133885,20210630,   31,    0
 24638,133885,20210701,    0,    0
 24638,133885,20210702,    7,    0
 24638,133885,20210703,    0,    0
 24638,133885,20210704,    1,    0
 24638,133885,20210705,    0,    0
 24638,133885,20210706,    0,    0
 24638,133885,20210707,    0,    0
 24638,133885,20210708,    0,    0
 24638,133885,20210709,  230,    0
 24638,133885,20210710,    0,    0
 24638,133885,20210711,   36,    0
 24638,133885,20210712,    0,    0
 24638,133885,20210713,   32,    0
 24638,133885,20210714,   37,    0
 24638,133885,20210715,    0,    0
 24638,133885,20210716,   59,    0
 24638,133885,20210717,  278,    0
 24638,133885,20210718,    0,    0
 24638,133885,20210719,    0,    0
 24638,133885,20210720,    0,    0
 24638,133885,20210721,    0,    0
 24638,133885,20210722,    0,    0
 24638,133885,20210723,    0,    0
 24638,133885,20210724,   10,    0
 24638,133885,20210725,    0,    0
 24638,133885,20210726,    1,    0
 24638,133885,20210727,    0,    0
 24638,133885,20210728,   80,    0
 24638,133885,20210729,    0,    0
 24638,133885,20210730,   59,    0
 24638,133885,20210731,  179,    0
 24638,133885,20210801,  105,    0
 24638,133885,20210802,    1,    0
 24638,133885,20210803,  473,    0
 24638,133885,20210804,  161,    0
 24638,133885,20210805,   19,    0
 24638,133885,20210806,    0,    0
 24638,133885,20210807,    0,    0
 24638,133885,20210808,    3,    0
 24638,133885,20210809,    0,    0
 24638,133885,20210810,    1,    0
 24638,133885,20210811,    0,    0
 24638,133885,20210812,    0,    0
 24638,133885,20210813,   85,    0
 24638,133885,20210814,   17,    0
 24638,133885,20210815,   92,    0
 24638,133885,20210816,  216,    0
 24638,133885,20210817,    0,    0
 24638,133885,20210818,    0,    0
 24638,133885,20210819,    0,    0
 24638,133885,20210820,    1,    0
 24638,133885,20210821,    0,    0
 24638,133885,20210822,  446,    0
 24638,133885,20210823,    7,    0
 24638,133885,20210824,    2,    0
 24638,133885,20210825,    0,    0
 24638,133885,20210826,   45,    0
 24638,133885,20210827,    0,    0
 24638,133885,20210828,   60,    0
 24638,133885,20210829,    2,    0
 24638,133885,20210830,    3,    0
 24638,133885,20210831,    1,    0
 24638,133885,20210901,    0,    0
 24638,133885,20210902,    0,    0
 24638,133885,20210903,    0,    0
 24638,133885,20210904,    0,    0
 24638,133885,20210905,    0,    0
 24638,133885,20210906,    0,    0
 24638,133885,20210907,    0,    0
 24638,133885,20210908,    0,    0
 24638,133885,20210909,    0,    0
 24638,133885,20210910,    0,    0
 24638,133885,20210911,    0,    0
 24638,133885,20210912,    2,    0
 24638,133885,20210913,    0,    0
 24638,133885,20210914,    0,    0
 24638,133885,20210915,    0,    0
 24638,133885,20210916,   68,    0
 24638,133885,20210917,    4,    0
 24638,133885,20210918,    0,    0
 24638,133885,20210919,   47,    0
 24638,133885,20210920,    0,    0
 24638,133885,20210921,    0,    0
 24638,133885,20210922,    0,    0
 24638,133885,20210923,    0,    0
 24638,133885,20210924,    0,    0
 24638,133885,20210925,    0,    0
 24638,133885,20210926,    7,    0
 24638,133885,20210927,   12,    0
 24638,133885,20210928,    0,    0
 24638,133885,20210929,   44,    0
 24638,133885,20210930,    0,    0
 24638,133885,20211001,    0,    0
 24638,133885,20211002,    0,    0
 24638,133885,20211003,    0,    0
 24638,133885,20211004,    0,    0
 24638,133885,20211005,    0,    0
 24638,133885,20211006,   40,    0
 24638,133885,20211007,   24,    0
 24638,133885,20211008,    0,    0
 24638,133885,20211009,    0,    0
 24638,133885,20211010,    1,    0
 24638,133885,20211011,    0,    0
 24638,133885,20211012,    6,    0
 24638,133885,20211013,    6,    0
 24638,133885,20211014,    0,    0
 24638,133885,20211015,    0,    0
 24638,133885,20211016,    0,    0
 24638,133885,20211017,    0,    0
 24638,133885,20211018,    0,    0
 24638,133885,20211019,    0,    0
 24638,133885,20211020,    0,    0
 24638,133885,20211021,   20,    0
 24638,133885,20211022,    0,    0
 24638,133885,20211023,    0,    0
 24638,133885,20211024,    0,    0
 24638,133885,20211025,    0,    0
 24638,133885,20211026,    0,    0
 24638,133885,20211027,    0,    0
 24638,133885,20211028,    0,    0
 24638,133885,20211029,    0,    0
 24638,133885,20211030,    0,    0
 24638,133885,20211031,    0,    0
 24638,133885,20211101,  177,    0
 24638,133885,20211102,   10,    0
 24638,133885,20211103,   85,    0
 24638,133885,20211104,    0,    0
 24638,133885,20211105,    0,    0
 24638,133885,20211106,    0,    0
 24638,133885,20211107,    0,    0
 24638,133885,20211108,    0,    0
 24638,133885,20211109,    0,    0
 24638,133885,20211110,    0,    0
 24638,133885,20211111,    0,    0
 24638,133885,20211112,    2,    0
 24638,133885,20211113,    0,    0
 24638,133885,20211114,    4,    0
 24638,133885,20211115,    0,    0
 24638,133885,20211116,    0,    0
 24638,133885,20211117,    0,    0
 24638,133885,20211118,    0,    0
 24638,133885,20211119,    0,    0
 24638,133885,20211120,    0,    0
 24638,133885,20211121,    0,    0
 24638,133885,20211122,    1,    0
 24638,133885,20211123,    0,    0
 24638,133885,20211124,    0,    0
 24638,133885,20211125,   38,    0
 24638,133885,20211126,  160,    0
 24638,133885,20211127,   70,    0
 24638,133885,20211128,   83,    0
 24638,133885,20211129,    0,    0
 24638,133885,20211130,    8,    0
 24638,133885,20211201,    1,    0
 24638,133885,20211202,   36,    0
 24638,133885,20211203,    0,    0
 24638,133885,20211204,   58,    0
 24638,133885,20211205,   27,    0
 24638,133885,20211206,    0,    0
 24638,133885,20211207,    0,    0
 24638,133885,20211208,  131,    0
 24638,133885,20211209,   78,    0
 24638,133885,20211210,    0,    0
 24638,133885,20211211,    0,    0
 24638,133885,20211212,    0,    0
 24638,133885,20211213,    0,    0
 24638,133885,20211214,    1,    0
 24638,133885,20211215,    0,    0
 24638,133885,20211216,    0,    0
 24638,133885,20211217,    0,    0
 24638,133885,20211218,    1,    0
 24638,133885,20211219,    0,    0
 24638,133885,20211220,    0,    0
 24638,133885,20211221,    0,    0
 24638,133885,20211222,    0,    0
 24638,133885,20211223,    1,    0
 24638,133885,20211224,    0,    0
 24638,133885,20211225,   15,    0
 24638,133885,20211226,    0,    0
 24638,133885,20211227,    0,    0
 24638,133885,20211228,    9,    0
 24638,133885,20211229,   11,    0
 24638,133885,20211230,    0,    0
 24638,133885,20211231,    0,    0
 24638,133885,20220101,-9999,    9
 24638,133885,20220102,-9999,    9
 24638,133885,20220103,-9999,    9
 24638,133885,20220104,-9999,    9
 24638,133885,20220105,-9999,    9
 24638,133885,20220106,-9999,    9
 24638,133885,20220107,-9999,    9
 24638,133885,20220108,-9999,    9
 24638,133885,20220109,-9999,    9
 24638,133885,20220110,-9999,    9
 24638,133885,20220111,-9999,    9
 24638,133885,20220112,-9999,    9
 24638,133885,20220113,-9999,    9
 24638,133885,20220114,-9999,    9
 24638,133885,20220115,-9999,    9
 24638,133885,20220116,-9999,    9
 24638,133885,20220117,-9999,    9
 24638,133885,20220118,-9999,    9
 24638,133885,20220119,-9999,    9
 24638,133885,20220120,-9999,    9
 24638,133885,20220121,-9999,    9
 24638,133885,20220122,-9999,    9
 24638,133885,20220123,-9999,    9
 24638,133885,20220124,-9999,    9
 24638,133885,20220125,-9999,    9
 24638,133885,20220126,-9999,    9
 24638,133885,20220127,-9999,    9
 24638,133885,20220128,-9999,    9
 24638,133885,20220129,-9999,    9
 24638,133885,20220130,-9999,    9
 24638,133885,20220131,-9999,    9
 24638,133885,20220201,-9999,    9
 24638,133885,20220202,-9999,    9
 24638,133885,20220203,-9999,    9
 24638,133885,20220204,-9999,    9
 24638,133885,20220205,-9999,    9
 24638,133885,20220206,-9999,    9
 24638,133885,20220207,-9999,    9
 24638,133885,20220208,-9999,    9
 24638,133885,20220209,-9999,    9
 24638,133885,20220210,-9999,    9
 24638,133885,20220211,-9999,    9
 24638,133885,20220212,-9999,    9
 24638,133885,20220213,-9999,    9
 24638,133885,20220214,-9999,    9
 24638,133885,20220215,-9999,    9
 24638,133885,20220216,-9999,    9
 24638,133885,20220217,-9999,    9
 24638,133885,20220218,-9999,    9
 24638,133885,20220219,-9999,    9
 24638,133885,20220220,-9999,    9
 24638,133885,20220221,-9999,    9
 24638,133885,20220222,-9999,    9
 24638,133885,20220223,-9999,    9
 24638,133885,20220224,-9999,    9
 24638,133885,20220225,-9999,    9
 24638,133885,20220226,-9999,    9
 24638,133885,20220227,-9999,    9
 24638,133885,20220228,-9999,    9
 24638,133885,20220301,-9999,    9
 24638,133885,20220302,-9999,    9
 24638,133885,20220303,-9999,    9
 24638,133885,20220304,-9999,    9
 24638,133885,20220305,-9999,    9
 24638,133885,20220306,-9999,    9
 24638,133885,20220307,-9999,    9
 24638,133885,20220308,-9999,    9
 24638,133885,20220309,-9999,    9
 24638,133885,20220310,-9999,    9
 24638,133885,20220311,-9999,    9
 24638,133885,20220312,-9999,    9
 24638,133885,20220313,-9999,    9
 24638,133885,20220314,-9999,    9
 24638,133885,20220315,-9999,    9
 24638,133885,20220316,-9999,    9
 24638,133885,20220317,-9999,    9
 24638,133885,20220318,-9999,    9
 24638,133885,20220319,-9999,    9
 24638,133885,20220320,-9999,    9
 24638,133885,20220321,-9999,    9
 24638,133885,20220322,-9999,    9
 24638,133885,20220323,-9999,    9
 24638,133885,20220324,-9999,    9
 24638,133885,20220325,-9999,    9
 24638,133885,20220326,-9999,    9
 24638,133885,20220327,-9999,    9
 24638,133885,20220328,-9999,    9
 24638,133885,20220329,-9999,    9
 24638,133885,20220330,-9999,    9
 24638,133885,20220331,-9999,    9
 24638,133885,20220401,-9999,    9
 24638,133885,20220402,-9999,    9
 24638,133885,20220403,-9999,    9
 24638,133885,20220404,-9999,    9
 24638,133885,20220405,-9999,    9
 24638,133885,20220406,-9999,    9
 24638,133885,20220407,-9999,    9
 24638,133885,20220408,-9999,    9
 24638,133885,20220409,-9999,    9
 24638,133885,20220410,-9999,    9
 24638,133885,20220411,-9999,    9
 24638,133885,20220412,-9999,    9
 24638,133885,20220413,-9999,    9
 24638,133885,20220414,-9999,    9
 24638,133885,20220415,-9999,    9
 24638,133885,20220416,-9999,    9
 24638,133885,20220417,-9999,    9
 24638,133885,20220418,-9999,    9
 24638,133885,20220419,-9999,    9
 24638,133885,20220420,-9999,    9
 24638,133885,20220421,-9999,    9
 24638,133885,20220422,-9999,    9
 24638,133885,20220423,-9999,    9
 24638,133885,20220424,-9999,    9
 24638,133885,20220425,-9999,    9
 24638,133885,20220426,-9999,    9
 24638,133885,20220427,-9999,    9
 24638,133885,20220428,-9999,    9
 24638,133885,20220429,-9999,    9
 24638,133885,20220430,-9999,    9
 24638,133885,20220501,-9999,    9
 24638,133885,20220502,-9999,    9
 24638,133885,20220503,-9999,    9
 24638,133885,20220504,-9999,    9
 24638,133885,20220505,-9999,    9
 24638,133885,20220506,-9999,    9
 24638,133885,20220507,-9999,    9
 24638,133885,20220508,-9999,    9
 24638,133885,20220509,-9999,    9
 24638,133885,20220510,-9999,    9
 24638,133885,20220511,-9999,    9
 24638,133885,20220512,-9999,    9
 24638,133885,20220513,-9999,    9
 24638,133885,20220514,-9999,    9
 24638,133885,20220515,-9999,    9
 24638,133885,20220516,-9999,    9
 24638,133885,20220517,-9999,    9
 24638,133885,20220518,-9999,    9
 24638,133885,20220519,-9999,    9
 24638,133885,20220520,-9999,    9
 24638,133885,20220521,-9999,    9
 24638,133885,20220522,-9999,    9
 24638,133885,20220523,-9999,    9
 24638,133885,20220524,-9999,    9
 24638,133885,20220525,-9999,    9
 24638,133885,20220526,-9999,    9
 24638,133885,20220527,-9999,    9
 24638,133885,20220528,-9999,    9
 24638,133885,20220529,-9999,    9
 24638,133885,20220530,-9999,    9
 24638,133885,20220531,-9999,    9
 24638,133885,20220601,-9999,    9
 24638,133885,20220602,-9999,    9
 24638,133885,20220603,-9999,    9
 24638,133885,20220604,-9999,    9
 24638,133885,20220605,-9999,    9
 24638,133885,20220606,-9999,    9
 24638,133885,20220607,-9999,    9
 24638,133885,20220608,-9999,    9
 24638,133885,20220609,-9999,    9
 24638,133885,20220610,-9999,    9
 24638,133885,20220611,-9999,    9
 24638,133885,20220612,-9999,    9
 24638,133885,20220613,-9999,    9
 24638,133885,20220614,-9999,    9
 24638,133885,20220615,-9999,    9
 24638,133885,20220616,-9999,    9
 24638,133885,20220617,-9999,    9
 24638,133885,20220618,-9999,    9
 24638,133885,20220619,-9999,    9
 24638,133885,20220620,-9999,    9
 24638,133885,20220621,-9999,    9
 24638,133885,20220622,-9999,    9
 24638,133885,20220623,-9999,    9
 24638,133885,20220624,-9999,    9
 24638,133885,20220625,-9999,    9
 24638,133885,20220626,-9999,    9
 24638,133885,20220627,-9999,    9
 24638,133885,20220628,-9999,    9
 24638,133885,20220629,-9999,    9
 24638,133885,20220630,-9999,    9
 24638,133885,20220701,-9999,    9
 24638,133885,20220702,-9999,    9
 24638,133885,20220703,-9999,    9
 24638,133885,20220704,-9999,    9
 24638,133885,20220705,-9999,    9
 24638,133885,20220706,-9999,    9
 24638,133885,20220707,-9999,    9
 24638,133885,20220708,-9999,    9
 24638,133885,20220709,-9999,    9
 24638,133885,20220710,-9999,    9
 24638,133885,20220711,-9999,    9
 24638,133885,20220712,-9999,    9
 24638,133885,20220713,-9999,    9
 24638,133885,20220714,-9999,    9
 24638,133885,20220715,-9999,    9
 24638,133885,20220716,-9999,    9
 24638,133885,20220717,-9999,    9
 24638,133885,20220718,-9999,    9
 24638,133885,20220719,-9999,    9
 24638,133885,20220720,-9999,    9
 24638,133885,20220721,-9999,    9
 24638,133885,20220722,-9999,    9
 24638,133885,20220723,-9999,    9
 24638,133885,20220724,-9999,    9
 24638,133885,20220725,-9999,    9
 24638,133885,20220726,-9999,    9
 24638,133885,20220727,-9999,    9
 24638,133885,20220728,-9999,    9
 24638,133885,20220729,-9999,    9
 24638,133885,20220730,-9999,    9
 24638,133885,20220731,-9999,    9
 24638,133885,20220801,-9999,    9
 24638,133885,20220802,-9999,    9
 24638,133885,20220803,-9999,    9
 24638,133885,20220804,-9999,    9
 24638,133885,20220805,-9999,    9
 24638,133885,20220806,-9999,    9
 24638,133885,20220807,-9999,    9
 24638,133885,20220808,-9999,    9
 24638,133885,20220809,-9999,    9
 24638,133885,20220810,-9999,    9
 24638,133885,20220811,-9999,    9
 24638,133885,20220812,-9999,    9
 24638,133885,20220813,-9999,    9
 24638,133885,20220814,-9999,    9
 24638,133885,20220815,-9999,    9
 24638,133885,20220816,-9999,    9
 24638,133885,20220817,-9999,    9
 24638,133885,20220818,-9999,    9
 24638,133885,20220819,-9999,    9
 24638,133885,20220820,-9999,    9
 24638,133885,20220821,-9999,    9
 24638,133885,20220822,-9999,    9
 24638,133885,20220823,-9999,    9
 24638,133885,20220824,-9999,    9
 24638,133885,20220825,-9999,    9
 24638,133885,20220826,-9999,    9
 24638,133885,20220827,-9999,    9
 24638,133885,20220828,-9999,    9
 24638,133885,20220829,-9999,    9
 24638,133885,20220830,-9999,    9
 24638,133885,20220831,-9999,    9
 24638,133885,20220901,-9999,    9
 24638,133885,20220902,-9999,    9
 24638,133885,20220903,-9999,    9
 24638,133885,20220904,-9999,    9
 24638,133885,20220905,-9999,    9
 24638,133885,20220906,-9999,    9
 24638,133885,20220907,-9999,    9
 24638,133885,20220908,-9999,    9
 24638,133885,20220909,-9999,    9
 24638,133885,20220910,-9999,    9
 24638,133885,20220911,-9999,    9
 24638,133885,20220912,-9999,    9
 24638,133885,20220913,-9999,    9
 24638,133885,20220914,-9999,    9
 24638,133885,20220915,-9999,    9
 24638,133885,20220916,-9999,    9
 24638,133885,20220917,-9999,    9
 24638,133885,20220918,-9999,    9
 24638,133885,20220919,-9999,    9
 24638,133885,20220920,-9999,    9
 24638,133885,20220921,-9999,    9
 24638,133885,20220922,-9999,    9
 24638,133885,20220923,-9999,    9
 24638,133885,20220924,-9999,    9
 24638,133885,20220925,-9999,    9
 24638,133885,20220926,-9999,    9
 24638,133885,20220927,-9999,    9
 24638,133885,20220928,-9999,    9
 24638,133885,20220929,-9999,    9
 24638,133885,20220930,-9999,    9
 24638,133885,20221001,-9999,    9
 24638,133885,20221002,-9999,    9
 24638,133885,20221003,-9999,    9
 24638,133885,20221004,-9999,    9
 24638,133885,20221005,-9999,    9
 24638,133885,20221006,-9999,    9
 24638,133885,20221007,-9999,    9
 24638,133885,20221008,-9999,    9
 24638,133885,20221009,-9999,    9
 24638,133885,20221010,-9999,    9
 24638,133885,20221011,-9999,    9
 24638,133885,20221012,-9999,    9
 24638,133885,20221013,-9999,    9
 24638,133885,20221014,-9999,    9
 24638,133885,20221015,-9999,    9
 24638,133885,20221016,-9999,    9
 24638,133885,20221017,-9999,    9
 24638,133885,20221018,-9999,    9
 24638,133885,20221019,-9999,    9
 24638,133885,20221020,-9999,    9
 24638,133885,20221021,-9999,    9
 24638,133885,20221022,-9999,    9
 24638,133885,20221023,-9999,    9
 24638,133885,20221024,-9999,    9
 24638,133885,20221025,-9999,    9
 24638,133885,20221026,-9999,    9
 24638,133885,20221027,-9999,    9
 24638,133885,20221028,-9999,    9
 24638,133885,20221029,-9999,    9
 24638,133885,20221030,-9999,    9
 24638,133885,20221031,-9999,    9
