EUROPEAN CLIMATE ASSESSMENT & DATASET (ECA&D), file created on: 16-11-2022
THESE DATA CAN BE USED FOR NON-COMMERCIAL RESEARCH AND EDUCATION PROVIDED THAT THE FOLLOWING SOURCE IS ACKNOWLEDGED: 

Klein Tank, A.M.G. and Coauthors, 2002. Daily dataset of 20th-century surface
air temperature and precipitation series for the European Climate Assessment.
Int. J. of Climatol., 22, 1441-1453.
Data and metadata available at http://www.ecad.eu

FILE FORMAT (MISSING VALUE CODE = -9999):

01-06 STAID: Station identifier
08-13 SOUID: Source identifier
15-22 DATE : Date YYYYMMDD
24-28 RR   : Precipitation amount in 0.1 mm
30-34 Q_RR : quality code for RR (0='valid'; 1='suspect'; 9='missing')

This is the blended series of station ODDA - JORDAL, NORWAY (STAID: 18276)
Blended and updated with sources:102178 
See files sources.txt and stations.txt for more info.

STAID, SOUID,    DATE,   RR, Q_RR
 18276,102178,20180920,  188,    0
 18276,102178,20180921,  361,    0
 18276,102178,20180922,  169,    0
 18276,102178,20180923,   53,    0
 18276,102178,20180924,   10,    0
 18276,102178,20180925,  510,    0
 18276,102178,20180926,   89,    0
 18276,102178,20180927,  201,    0
 18276,102178,20180928,   19,    0
 18276,102178,20180929,  161,    0
 18276,102178,20180930,   75,    0
 18276,102178,20181001,   19,    0
 18276,102178,20181002,  123,    0
 18276,102178,20181003,   21,    0
 18276,102178,20181004,  131,    0
 18276,102178,20181005,   25,    0
 18276,102178,20181006,    5,    0
 18276,102178,20181007,  205,    0
 18276,102178,20181008,  263,    0
 18276,102178,20181009,  426,    0
 18276,102178,20181010,    0,    0
 18276,102178,20181011,    0,    0
 18276,102178,20181012,  399,    0
 18276,102178,20181013,  451,    0
 18276,102178,20181014,  527,    0
 18276,102178,20181015,    0,    0
 18276,102178,20181016,    6,    0
 18276,102178,20181017,   24,    0
 18276,102178,20181018,    7,    0
 18276,102178,20181019,   14,    0
 18276,102178,20181020,    3,    0
 18276,102178,20181021,  104,    0
 18276,102178,20181022,  485,    0
 18276,102178,20181023,   32,    0
 18276,102178,20181024,   47,    0
 18276,102178,20181025,   11,    0
 18276,102178,20181026,    0,    0
 18276,102178,20181027,    0,    0
 18276,102178,20181028,    0,    0
 18276,102178,20181029,    0,    0
 18276,102178,20181030,   31,    0
 18276,102178,20181031,    8,    0
 18276,102178,20181101,  168,    0
 18276,102178,20181102,   26,    0
 18276,102178,20181103,   16,    0
 18276,102178,20181104,    0,    0
 18276,102178,20181105,    0,    0
 18276,102178,20181106,    0,    0
 18276,102178,20181107,    0,    0
 18276,102178,20181108,   79,    0
 18276,102178,20181109,    0,    0
 18276,102178,20181110,   57,    0
 18276,102178,20181111,  114,    0
 18276,102178,20181112,   58,    0
 18276,102178,20181113,   52,    0
 18276,102178,20181114,   19,    0
 18276,102178,20181115,    0,    0
 18276,102178,20181116,    0,    0
 18276,102178,20181117,    0,    0
 18276,102178,20181118,    0,    0
 18276,102178,20181119,    0,    0
 18276,102178,20181120,    0,    0
 18276,102178,20181121,    0,    0
 18276,102178,20181122,    0,    0
 18276,102178,20181123,    0,    0
 18276,102178,20181124,    0,    0
 18276,102178,20181125,    0,    0
 18276,102178,20181126,    0,    0
 18276,102178,20181127,    0,    0
 18276,102178,20181128,   72,    0
 18276,102178,20181129,  181,    0
 18276,102178,20181130,  296,    0
 18276,102178,20181201,  115,    0
 18276,102178,20181202,  124,    0
 18276,102178,20181203,  183,    0
 18276,102178,20181204,   19,    0
 18276,102178,20181205,    0,    0
 18276,102178,20181206,  226,    0
 18276,102178,20181207,  175,    0
 18276,102178,20181208,    0,    0
 18276,102178,20181209,    0,    0
 18276,102178,20181210,    0,    0
 18276,102178,20181211,    0,    0
 18276,102178,20181212,    0,    0
 18276,102178,20181213,    0,    0
 18276,102178,20181214,    0,    0
 18276,102178,20181215,    0,    0
 18276,102178,20181216,    0,    0
 18276,102178,20181217,    0,    0
 18276,102178,20181218,    0,    0
 18276,102178,20181219,    0,    0
 18276,102178,20181220,    0,    0
 18276,102178,20181221,    1,    0
 18276,102178,20181222,    0,    0
 18276,102178,20181223,    0,    0
 18276,102178,20181224,   93,    0
 18276,102178,20181225,    1,    0
 18276,102178,20181226,   65,    0
 18276,102178,20181227,   64,    0
 18276,102178,20181228,    3,    0
 18276,102178,20181229,   14,    0
 18276,102178,20181230,  102,    0
 18276,102178,20181231,  362,    0
 18276,102178,20190101,   59,    0
 18276,102178,20190102,    0,    0
 18276,102178,20190103,    0,    0
 18276,102178,20190104,    0,    0
 18276,102178,20190105,    0,    0
 18276,102178,20190106,    0,    0
 18276,102178,20190107,  128,    0
 18276,102178,20190108,    0,    0
 18276,102178,20190109,    0,    0
 18276,102178,20190110,   20,    0
 18276,102178,20190111,    0,    0
 18276,102178,20190112,   13,    0
 18276,102178,20190113,   30,    0
 18276,102178,20190114,   13,    0
 18276,102178,20190115,  136,    0
 18276,102178,20190116,  102,    0
 18276,102178,20190117,    0,    0
 18276,102178,20190118,   18,    0
 18276,102178,20190119,    1,    0
 18276,102178,20190120,   32,    0
 18276,102178,20190121,    0,    0
 18276,102178,20190122,    0,    0
 18276,102178,20190123,    1,    0
 18276,102178,20190124,    0,    0
 18276,102178,20190125,   73,    0
 18276,102178,20190126,    0,    0
 18276,102178,20190127,    0,    0
 18276,102178,20190128,    0,    0
 18276,102178,20190129,    0,    0
 18276,102178,20190130,    0,    0
 18276,102178,20190131,    0,    0
 18276,102178,20190201,    0,    0
 18276,102178,20190202,    0,    0
 18276,102178,20190203,   15,    0
 18276,102178,20190204,  101,    0
 18276,102178,20190205,    0,    0
 18276,102178,20190206,  114,    0
 18276,102178,20190207,   27,    0
 18276,102178,20190208,   64,    0
 18276,102178,20190209,  167,    0
 18276,102178,20190210,   64,    0
 18276,102178,20190211,    1,    0
 18276,102178,20190212,  215,    0
 18276,102178,20190213,    0,    0
 18276,102178,20190214,    8,    0
 18276,102178,20190215,    0,    0
 18276,102178,20190216,   68,    0
 18276,102178,20190217,    1,    0
 18276,102178,20190218,  138,    0
 18276,102178,20190219,   51,    0
 18276,102178,20190220,  135,    0
 18276,102178,20190221,    0,    0
 18276,102178,20190222,    0,    0
 18276,102178,20190223,    9,    0
 18276,102178,20190224,    0,    0
 18276,102178,20190225,   11,    0
 18276,102178,20190226,    0,    0
 18276,102178,20190227,   15,    0
 18276,102178,20190228,    0,    0
 18276,102178,20190301,    0,    0
 18276,102178,20190302,   86,    0
 18276,102178,20190303,   80,    0
 18276,102178,20190304,   29,    0
 18276,102178,20190305,   39,    0
 18276,102178,20190306,  287,    0
 18276,102178,20190307,   84,    0
 18276,102178,20190308,   40,    0
 18276,102178,20190309,    1,    0
 18276,102178,20190310,    0,    0
 18276,102178,20190311,    0,    0
 18276,102178,20190312,  188,    0
 18276,102178,20190313,    1,    0
 18276,102178,20190314,    1,    0
 18276,102178,20190315,   54,    0
 18276,102178,20190316,   30,    0
 18276,102178,20190317,    0,    0
 18276,102178,20190318,    0,    0
 18276,102178,20190319,   50,    0
 18276,102178,20190320,  288,    0
 18276,102178,20190321,   84,    0
 18276,102178,20190322,  135,    0
 18276,102178,20190323,  127,    0
 18276,102178,20190324,  135,    0
 18276,102178,20190325,    1,    0
 18276,102178,20190326,   12,    0
 18276,102178,20190327,    6,    0
 18276,102178,20190328,    2,    0
 18276,102178,20190329,    2,    0
 18276,102178,20190330,   43,    0
 18276,102178,20190331,    0,    0
 18276,102178,20190401,    0,    0
 18276,102178,20190402,    2,    0
 18276,102178,20190403,   32,    0
 18276,102178,20190404,    0,    0
 18276,102178,20190405,    0,    0
 18276,102178,20190406,    0,    0
 18276,102178,20190407,    0,    0
 18276,102178,20190408,    0,    0
 18276,102178,20190409,    0,    0
 18276,102178,20190410,    0,    0
 18276,102178,20190411,    0,    0
 18276,102178,20190412,    0,    0
 18276,102178,20190413,    0,    0
 18276,102178,20190414,    0,    0
 18276,102178,20190415,    0,    0
 18276,102178,20190416,    0,    0
 18276,102178,20190417,    0,    0
 18276,102178,20190418,    0,    0
 18276,102178,20190419,    0,    0
 18276,102178,20190420,    0,    0
 18276,102178,20190421,    0,    0
 18276,102178,20190422,    0,    0
 18276,102178,20190423,    0,    0
 18276,102178,20190424,   41,    0
 18276,102178,20190425,    5,    0
 18276,102178,20190426,   33,    0
 18276,102178,20190427,   85,    0
 18276,102178,20190428,    0,    0
 18276,102178,20190429,    0,    0
 18276,102178,20190430,    0,    0
 18276,102178,20190501,    5,    0
 18276,102178,20190502,    1,    0
 18276,102178,20190503,    1,    0
 18276,102178,20190504,    0,    0
 18276,102178,20190505,   50,    0
 18276,102178,20190506,    0,    0
 18276,102178,20190507,   22,    0
 18276,102178,20190508,    0,    0
 18276,102178,20190509,  175,    0
 18276,102178,20190510,  117,    0
 18276,102178,20190511,   13,    0
 18276,102178,20190512,    1,    0
 18276,102178,20190513,    0,    0
 18276,102178,20190514,    0,    0
 18276,102178,20190515,    0,    0
 18276,102178,20190516,    0,    0
 18276,102178,20190517,    0,    0
 18276,102178,20190518,    0,    0
 18276,102178,20190519,    0,    0
 18276,102178,20190520,    0,    0
 18276,102178,20190521,   73,    0
 18276,102178,20190522,  101,    0
 18276,102178,20190523,   77,    0
 18276,102178,20190524,    4,    0
 18276,102178,20190525,   13,    0
 18276,102178,20190526,    0,    0
 18276,102178,20190527,    0,    0
 18276,102178,20190528,   32,    0
 18276,102178,20190529,  152,    0
 18276,102178,20190530,   42,    0
 18276,102178,20190531,  185,    0
 18276,102178,20190601,   20,    0
 18276,102178,20190602,  303,    0
 18276,102178,20190603,   48,    0
 18276,102178,20190604,   12,    0
 18276,102178,20190605,   30,    0
 18276,102178,20190606,   70,    0
 18276,102178,20190607,    0,    0
 18276,102178,20190608,  100,    0
 18276,102178,20190609,  131,    0
 18276,102178,20190610,    0,    0
 18276,102178,20190611,    1,    0
 18276,102178,20190612,   28,    0
 18276,102178,20190613,   20,    0
 18276,102178,20190614,   13,    0
 18276,102178,20190615,   43,    0
 18276,102178,20190616,   12,    0
 18276,102178,20190617,   72,    0
 18276,102178,20190618,    3,    0
 18276,102178,20190619,    8,    0
 18276,102178,20190620,   10,    0
 18276,102178,20190621,   70,    0
 18276,102178,20190622,    3,    0
 18276,102178,20190623,    0,    0
 18276,102178,20190624,  391,    0
 18276,102178,20190625,   55,    0
 18276,102178,20190626,    0,    0
 18276,102178,20190627,    0,    0
 18276,102178,20190628,    0,    0
 18276,102178,20190629,    0,    0
 18276,102178,20190630,   95,    0
 18276,102178,20190701,   23,    0
 18276,102178,20190702,   81,    0
 18276,102178,20190703,   64,    0
 18276,102178,20190704,   26,    0
 18276,102178,20190705,    1,    0
 18276,102178,20190706,    6,    0
 18276,102178,20190707,    1,    0
 18276,102178,20190708,    0,    0
 18276,102178,20190709,    0,    0
 18276,102178,20190710,    2,    0
 18276,102178,20190711,    0,    0
 18276,102178,20190712,    0,    0
 18276,102178,20190713,    0,    0
 18276,102178,20190714,    0,    0
 18276,102178,20190715,    0,    0
 18276,102178,20190716,    0,    0
 18276,102178,20190717,    0,    0
 18276,102178,20190718,  176,    0
 18276,102178,20190719,    0,    0
 18276,102178,20190720,  333,    0
 18276,102178,20190721,   58,    0
 18276,102178,20190722,    2,    0
 18276,102178,20190723,    0,    0
 18276,102178,20190724,    0,    0
 18276,102178,20190725,    0,    0
 18276,102178,20190726,    0,    0
 18276,102178,20190727,    0,    0
 18276,102178,20190728,   64,    0
 18276,102178,20190729,    0,    0
 18276,102178,20190730,  227,    0
 18276,102178,20190731,    6,    0
 18276,102178,20190801,    0,    0
 18276,102178,20190802,    0,    0
 18276,102178,20190803,    0,    0
 18276,102178,20190804,    0,    0
 18276,102178,20190805,    0,    0
 18276,102178,20190806,   83,    0
 18276,102178,20190807,   19,    0
 18276,102178,20190808,    1,    0
 18276,102178,20190809,   38,    0
 18276,102178,20190810,   58,    0
 18276,102178,20190811,   46,    0
 18276,102178,20190812,  112,    0
 18276,102178,20190813,    1,    0
 18276,102178,20190814,    0,    0
 18276,102178,20190815,  132,    0
 18276,102178,20190816,   99,    0
 18276,102178,20190817,  236,    0
 18276,102178,20190818,  198,    0
 18276,102178,20190819,  183,    0
 18276,102178,20190820,   24,    0
 18276,102178,20190821,   39,    0
 18276,102178,20190822,  391,    0
 18276,102178,20190823,    5,    0
 18276,102178,20190824,    0,    0
 18276,102178,20190825,    0,    0
 18276,102178,20190826,    0,    0
 18276,102178,20190827,   23,    0
 18276,102178,20190828,   76,    0
 18276,102178,20190829,  162,    0
 18276,102178,20190830,  362,    0
 18276,102178,20190831,   71,    0
 18276,102178,20190901,   28,    0
 18276,102178,20190902,  122,    0
 18276,102178,20190903,    7,    0
 18276,102178,20190904,  362,    0
 18276,102178,20190905,   23,    0
 18276,102178,20190906,    6,    0
 18276,102178,20190907,    4,    0
 18276,102178,20190908,    0,    0
 18276,102178,20190909,    5,    0
 18276,102178,20190910,    2,    0
 18276,102178,20190911,   72,    0
 18276,102178,20190912,   48,    0
 18276,102178,20190913,   47,    0
 18276,102178,20190914,  550,    0
 18276,102178,20190915,  210,    0
 18276,102178,20190916,  259,    0
 18276,102178,20190917,    2,    0
 18276,102178,20190918,    2,    0
 18276,102178,20190919,    0,    0
 18276,102178,20190920,    0,    0
 18276,102178,20190921,    0,    0
 18276,102178,20190922,    0,    0
 18276,102178,20190923,    0,    0
 18276,102178,20190924,    0,    0
 18276,102178,20190925,    0,    0
 18276,102178,20190926,   31,    0
 18276,102178,20190927,   49,    0
 18276,102178,20190928,    0,    0
 18276,102178,20190929,    5,    0
 18276,102178,20190930,   38,    0
 18276,102178,20191001,   14,    0
 18276,102178,20191002,    0,    0
 18276,102178,20191003,    0,    0
 18276,102178,20191004,    0,    0
 18276,102178,20191005,    0,    0
 18276,102178,20191006,    0,    0
 18276,102178,20191007,  184,    0
 18276,102178,20191008,  132,    0
 18276,102178,20191009,   72,    0
 18276,102178,20191010,  120,    0
 18276,102178,20191011,  217,    0
 18276,102178,20191012,  137,    0
 18276,102178,20191013,   65,    0
 18276,102178,20191014,    4,    0
 18276,102178,20191015,   32,    0
 18276,102178,20191016,    0,    0
 18276,102178,20191017,   58,    0
 18276,102178,20191018,   20,    0
 18276,102178,20191019,    2,    0
 18276,102178,20191020,    0,    0
 18276,102178,20191021,   13,    0
 18276,102178,20191022,   14,    0
 18276,102178,20191023,    0,    0
 18276,102178,20191024,  377,    0
 18276,102178,20191025,   73,    0
 18276,102178,20191026,   24,    0
 18276,102178,20191027,    0,    0
 18276,102178,20191028,    0,    0
 18276,102178,20191029,    0,    0
 18276,102178,20191030,    1,    0
 18276,102178,20191031,    0,    0
 18276,102178,20191101,    0,    0
 18276,102178,20191102,    0,    0
 18276,102178,20191103,    0,    0
 18276,102178,20191104,    0,    0
 18276,102178,20191105,    0,    0
 18276,102178,20191106,    0,    0
 18276,102178,20191107,    0,    0
 18276,102178,20191108,    0,    0
 18276,102178,20191109,    0,    0
 18276,102178,20191110,    0,    0
 18276,102178,20191111,    0,    0
 18276,102178,20191112,   42,    0
 18276,102178,20191113,    0,    0
 18276,102178,20191114,    0,    0
 18276,102178,20191115,    0,    0
 18276,102178,20191116,   17,    0
 18276,102178,20191117,    0,    0
 18276,102178,20191118,  100,    0
 18276,102178,20191119,    0,    0
 18276,102178,20191120,    0,    0
 18276,102178,20191121,    0,    0
 18276,102178,20191122,   22,    0
 18276,102178,20191123,    0,    0
 18276,102178,20191124,    0,    0
 18276,102178,20191125,   25,    0
 18276,102178,20191126,   11,    0
 18276,102178,20191127,    6,    0
 18276,102178,20191128,    0,    0
 18276,102178,20191129,    1,    0
 18276,102178,20191130,    1,    0
 18276,102178,20191201,   16,    0
 18276,102178,20191202,   12,    0
 18276,102178,20191203,   16,    0
 18276,102178,20191204,  117,    0
 18276,102178,20191205,  279,    0
 18276,102178,20191206,   36,    0
 18276,102178,20191207,  280,    0
 18276,102178,20191208,  294,    0
 18276,102178,20191209,   28,    0
 18276,102178,20191210,  350,    0
 18276,102178,20191211,  276,    0
 18276,102178,20191212,   10,    0
 18276,102178,20191213,    0,    0
 18276,102178,20191214,   23,    0
 18276,102178,20191215,  144,    0
 18276,102178,20191216,   24,    0
 18276,102178,20191217,    9,    0
 18276,102178,20191218,    0,    0
 18276,102178,20191219,  278,    0
 18276,102178,20191220,   26,    0
 18276,102178,20191221,    0,    0
 18276,102178,20191222,    0,    0
 18276,102178,20191223,   51,    0
 18276,102178,20191224,    1,    0
 18276,102178,20191225,    0,    0
 18276,102178,20191226,    0,    0
 18276,102178,20191227,   30,    0
 18276,102178,20191228,  193,    0
 18276,102178,20191229,  704,    0
 18276,102178,20191230,  188,    0
 18276,102178,20191231,    0,    0
 18276,102178,20200101,    0,    0
 18276,102178,20200102,  264,    0
 18276,102178,20200103,   90,    0
 18276,102178,20200104,    7,    0
 18276,102178,20200105,  157,    0
 18276,102178,20200106,   21,    0
 18276,102178,20200107,  424,    0
 18276,102178,20200108,  123,    0
 18276,102178,20200109,    1,    0
 18276,102178,20200110,   41,    0
 18276,102178,20200111,  360,    0
 18276,102178,20200112,   68,    0
 18276,102178,20200113,  144,    0
 18276,102178,20200114,  149,    0
 18276,102178,20200115,  197,    0
 18276,102178,20200116,  196,    0
 18276,102178,20200117,  115,    0
 18276,102178,20200118,   71,    0
 18276,102178,20200119,    4,    0
 18276,102178,20200120,   91,    0
 18276,102178,20200121,   37,    0
 18276,102178,20200122,    0,    0
 18276,102178,20200123,   63,    0
 18276,102178,20200124,    7,    0
 18276,102178,20200125,    1,    0
 18276,102178,20200126,   27,    0
 18276,102178,20200127,   26,    0
 18276,102178,20200128,    0,    0
 18276,102178,20200129,    1,    0
 18276,102178,20200130,  121,    0
 18276,102178,20200131,  104,    0
 18276,102178,20200201,   90,    0
 18276,102178,20200202,    3,    0
 18276,102178,20200203,  167,    0
 18276,102178,20200204,    2,    0
 18276,102178,20200205,   37,    0
 18276,102178,20200206,    0,    0
 18276,102178,20200207,    0,    0
 18276,102178,20200208,   95,    0
 18276,102178,20200209,  534,    0
 18276,102178,20200210,  233,    0
 18276,102178,20200211,   85,    0
 18276,102178,20200212,   25,    0
 18276,102178,20200213,    0,    0
 18276,102178,20200214,   54,    0
 18276,102178,20200215,  340,    0
 18276,102178,20200216,  341,    0
 18276,102178,20200217,  330,    0
 18276,102178,20200218,  137,    0
 18276,102178,20200219,   26,    0
 18276,102178,20200220,  184,    0
 18276,102178,20200221,  304,    0
 18276,102178,20200222,  220,    0
 18276,102178,20200223,    5,    0
 18276,102178,20200224,    4,    0
 18276,102178,20200225,    0,    0
 18276,102178,20200226,   11,    0
 18276,102178,20200227,   50,    0
 18276,102178,20200228,   30,    0
 18276,102178,20200229,   59,    0
 18276,102178,20200301,  136,    0
 18276,102178,20200302,   11,    0
 18276,102178,20200303,   20,    0
 18276,102178,20200304,    1,    0
 18276,102178,20200305,    0,    0
 18276,102178,20200306,    0,    0
 18276,102178,20200307,  199,    0
 18276,102178,20200308,  253,    0
 18276,102178,20200309,   23,    0
 18276,102178,20200310,  217,    0
 18276,102178,20200311,   83,    0
 18276,102178,20200312,   40,    0
 18276,102178,20200313,    0,    0
 18276,102178,20200314,   96,    0
 18276,102178,20200315,  200,    0
 18276,102178,20200316,   84,    0
 18276,102178,20200317,  129,    0
 18276,102178,20200318,   65,    0
 18276,102178,20200319,   18,    0
 18276,102178,20200320,    0,    0
 18276,102178,20200321,    0,    0
 18276,102178,20200322,    0,    0
 18276,102178,20200323,    0,    0
 18276,102178,20200324,    0,    0
 18276,102178,20200325,   56,    0
 18276,102178,20200326,    1,    0
 18276,102178,20200327,    1,    0
 18276,102178,20200328,    0,    0
 18276,102178,20200329,    3,    0
 18276,102178,20200330,    0,    0
 18276,102178,20200331,    0,    0
 18276,102178,20200401,  117,    0
 18276,102178,20200402,  127,    0
 18276,102178,20200403,   35,    0
 18276,102178,20200404,   42,    0
 18276,102178,20200405,    1,    0
 18276,102178,20200406,   12,    0
 18276,102178,20200407,    0,    0
 18276,102178,20200408,    6,    0
 18276,102178,20200409,    3,    0
 18276,102178,20200410,    0,    0
 18276,102178,20200411,   78,    0
 18276,102178,20200412,   12,    0
 18276,102178,20200413,    0,    0
 18276,102178,20200414,   85,    0
 18276,102178,20200415,   43,    0
 18276,102178,20200416,    0,    0
 18276,102178,20200417,    0,    0
 18276,102178,20200418,    0,    0
 18276,102178,20200419,    0,    0
 18276,102178,20200420,    0,    0
 18276,102178,20200421,    0,    0
 18276,102178,20200422,    0,    0
 18276,102178,20200423,    0,    0
 18276,102178,20200424,    0,    0
 18276,102178,20200425,    0,    0
 18276,102178,20200426,   62,    0
 18276,102178,20200427,   53,    0
 18276,102178,20200428,    0,    0
 18276,102178,20200429,    0,    0
 18276,102178,20200430,   23,    0
 18276,102178,20200501,    0,    0
 18276,102178,20200502,   16,    0
 18276,102178,20200503,   17,    0
 18276,102178,20200504,    0,    0
 18276,102178,20200505,    0,    0
 18276,102178,20200506,    9,    0
 18276,102178,20200507,    0,    0
 18276,102178,20200508,    0,    0
 18276,102178,20200509,   66,    0
 18276,102178,20200510,    4,    0
 18276,102178,20200511,   21,    0
 18276,102178,20200512,    0,    0
 18276,102178,20200513,    1,    0
 18276,102178,20200514,    1,    0
 18276,102178,20200515,   25,    0
 18276,102178,20200516,   66,    0
 18276,102178,20200517,   33,    0
 18276,102178,20200518,    4,    0
 18276,102178,20200519,    0,    0
 18276,102178,20200520,    0,    0
 18276,102178,20200521,    0,    0
 18276,102178,20200522,  156,    0
 18276,102178,20200523,  222,    0
 18276,102178,20200524,   27,    0
 18276,102178,20200525,    0,    0
 18276,102178,20200526,    1,    0
 18276,102178,20200527,   15,    0
 18276,102178,20200528,    0,    0
 18276,102178,20200529,    0,    0
 18276,102178,20200530,    0,    0
 18276,102178,20200531,    0,    0
 18276,102178,20200601,    0,    0
 18276,102178,20200602,    0,    0
 18276,102178,20200603,    6,    0
 18276,102178,20200604,   67,    0
 18276,102178,20200605,   10,    0
 18276,102178,20200606,   33,    0
 18276,102178,20200607,    1,    0
 18276,102178,20200608,    0,    0
 18276,102178,20200609,    0,    0
 18276,102178,20200610,    0,    0
 18276,102178,20200611,    0,    0
 18276,102178,20200612,    0,    0
 18276,102178,20200613,   31,    0
 18276,102178,20200614,    0,    0
 18276,102178,20200615,    0,    0
 18276,102178,20200616,    0,    0
 18276,102178,20200617,    0,    0
 18276,102178,20200618,    0,    0
 18276,102178,20200619,   12,    0
 18276,102178,20200620,   81,    0
 18276,102178,20200621,  119,    0
 18276,102178,20200622,    0,    0
 18276,102178,20200623,    0,    0
 18276,102178,20200624,    0,    0
 18276,102178,20200625,    0,    0
 18276,102178,20200626,    0,    0
 18276,102178,20200627,    5,    0
 18276,102178,20200628,   19,    0
 18276,102178,20200629,    9,    0
 18276,102178,20200630,   36,    0
 18276,102178,20200701,    3,    0
 18276,102178,20200702,  110,    0
 18276,102178,20200703,   67,    0
 18276,102178,20200704,   26,    0
 18276,102178,20200705,  275,    0
 18276,102178,20200706,  133,    0
 18276,102178,20200707,   27,    0
 18276,102178,20200708,    2,    0
 18276,102178,20200709,    0,    0
 18276,102178,20200710,   21,    0
 18276,102178,20200711,   12,    0
 18276,102178,20200712,    1,    0
 18276,102178,20200713,   23,    0
 18276,102178,20200714,   31,    0
 18276,102178,20200715,    1,    0
 18276,102178,20200716,    0,    0
 18276,102178,20200717,  101,    0
 18276,102178,20200718,  148,    0
 18276,102178,20200719,    6,    0
 18276,102178,20200720,    6,    0
 18276,102178,20200721,   21,    0
 18276,102178,20200722,    0,    0
 18276,102178,20200723,    0,    0
 18276,102178,20200724,    0,    0
 18276,102178,20200725,   67,    0
 18276,102178,20200726,  339,    0
 18276,102178,20200727,   36,    0
 18276,102178,20200728,   71,    0
 18276,102178,20200729,   13,    0
 18276,102178,20200730,   11,    0
 18276,102178,20200731,    0,    0
 18276,102178,20200801,   21,    0
 18276,102178,20200802,   37,    0
 18276,102178,20200803,    2,    0
 18276,102178,20200804,  120,    0
 18276,102178,20200805,   31,    0
 18276,102178,20200806,    2,    0
 18276,102178,20200807,    0,    0
 18276,102178,20200808,   43,    0
 18276,102178,20200809,    0,    0
 18276,102178,20200810,    0,    0
 18276,102178,20200811,    0,    0
 18276,102178,20200812,    0,    0
 18276,102178,20200813,    0,    0
 18276,102178,20200814,    0,    0
 18276,102178,20200815,    0,    0
 18276,102178,20200816,    0,    0
 18276,102178,20200817,    0,    0
 18276,102178,20200818,  112,    0
 18276,102178,20200819,   19,    0
 18276,102178,20200820,   11,    0
 18276,102178,20200821,  258,    0
 18276,102178,20200822,  342,    0
 18276,102178,20200823,   35,    0
 18276,102178,20200824,  275,    0
 18276,102178,20200825,    0,    0
 18276,102178,20200826,    0,    0
 18276,102178,20200827,    0,    0
 18276,102178,20200828,    3,    0
 18276,102178,20200829,    0,    0
 18276,102178,20200830,    0,    0
 18276,102178,20200831,    0,    0
 18276,102178,20200901,    0,    0
 18276,102178,20200902,    0,    0
 18276,102178,20200903,  120,    0
 18276,102178,20200904,  228,    0
 18276,102178,20200905,  209,    0
 18276,102178,20200906,   27,    0
 18276,102178,20200907,   98,    0
 18276,102178,20200908,   56,    0
 18276,102178,20200909,   85,    0
 18276,102178,20200910,    2,    0
 18276,102178,20200911,  243,    0
 18276,102178,20200912,   98,    0
 18276,102178,20200913,   49,    0
 18276,102178,20200914,    0,    0
 18276,102178,20200915,   33,    0
 18276,102178,20200916,    0,    0
 18276,102178,20200917,    0,    0
 18276,102178,20200918,    4,    0
 18276,102178,20200919,    0,    0
 18276,102178,20200920,    0,    0
 18276,102178,20200921,    0,    0
 18276,102178,20200922,   27,    0
 18276,102178,20200923,  128,    0
 18276,102178,20200924,  186,    0
 18276,102178,20200925,   16,    0
 18276,102178,20200926,    0,    0
 18276,102178,20200927,    0,    0
 18276,102178,20200928,    1,    0
 18276,102178,20200929,   90,    0
 18276,102178,20200930,    2,    0
 18276,102178,20201001,    0,    0
 18276,102178,20201002,    0,    0
 18276,102178,20201003,    0,    0
 18276,102178,20201004,   49,    0
 18276,102178,20201005,    0,    0
 18276,102178,20201006,    3,    0
 18276,102178,20201007,   25,    0
 18276,102178,20201008,  109,    0
 18276,102178,20201009,   51,    0
 18276,102178,20201010,    0,    0
 18276,102178,20201011,    0,    0
 18276,102178,20201012,    0,    0
 18276,102178,20201013,    0,    0
 18276,102178,20201014,    0,    0
 18276,102178,20201015,    0,    0
 18276,102178,20201016,    0,    0
 18276,102178,20201017,   12,    0
 18276,102178,20201018,    0,    0
 18276,102178,20201019,  286,    0
 18276,102178,20201020,  333,    0
 18276,102178,20201021,  130,    0
 18276,102178,20201022,    3,    0
 18276,102178,20201023,   49,    0
 18276,102178,20201024,  365,    0
 18276,102178,20201025,   54,    0
 18276,102178,20201026,    5,    0
 18276,102178,20201027,   21,    0
 18276,102178,20201028,  283,    0
 18276,102178,20201029,    0,    0
 18276,102178,20201030,   69,    0
 18276,102178,20201031,   73,    0
 18276,102178,20201101,  385,    0
 18276,102178,20201102,   74,    0
 18276,102178,20201103,   73,    0
 18276,102178,20201104,   37,    0
 18276,102178,20201105,   15,    0
 18276,102178,20201106,    0,    0
 18276,102178,20201107,    0,    0
 18276,102178,20201108,    0,    0
 18276,102178,20201109,    0,    0
 18276,102178,20201110,   39,    0
 18276,102178,20201111,    4,    0
 18276,102178,20201112,    0,    0
 18276,102178,20201113,   51,    0
 18276,102178,20201114,  168,    0
 18276,102178,20201115,  138,    0
 18276,102178,20201116,   75,    0
 18276,102178,20201117,  187,    0
 18276,102178,20201118,  587,    0
 18276,102178,20201119,   62,    0
 18276,102178,20201120,  234,    0
 18276,102178,20201121,  261,    0
 18276,102178,20201122,  227,    0
 18276,102178,20201123,  134,    0
 18276,102178,20201124,  276,    0
 18276,102178,20201125,  140,    0
 18276,102178,20201126,    0,    0
 18276,102178,20201127,    0,    0
 18276,102178,20201128,    0,    0
 18276,102178,20201129,   16,    0
 18276,102178,20201130,   49,    0
 18276,102178,20201201,    0,    0
 18276,102178,20201202,   59,    0
 18276,102178,20201203,   55,    0
 18276,102178,20201204,    0,    0
 18276,102178,20201205,    8,    0
 18276,102178,20201206,   28,    0
 18276,102178,20201207,   10,    0
 18276,102178,20201208,   40,    0
 18276,102178,20201209,    0,    0
 18276,102178,20201210,    0,    0
 18276,102178,20201211,    0,    0
 18276,102178,20201212,    0,    0
 18276,102178,20201213,    0,    0
 18276,102178,20201214,   87,    0
 18276,102178,20201215,   87,    0
 18276,102178,20201216,    5,    0
 18276,102178,20201217,   38,    0
 18276,102178,20201218,   51,    0
 18276,102178,20201219,   94,    0
 18276,102178,20201220,   64,    0
 18276,102178,20201221,   73,    0
 18276,102178,20201222,  147,    0
 18276,102178,20201223,   27,    0
 18276,102178,20201224,    0,    0
 18276,102178,20201225,   31,    0
 18276,102178,20201226,   62,    0
 18276,102178,20201227,   69,    0
 18276,102178,20201228,   10,    0
 18276,102178,20201229,    0,    0
 18276,102178,20201230,    0,    0
 18276,102178,20201231,    0,    0
 18276,102178,20210101,    0,    0
 18276,102178,20210102,    0,    0
 18276,102178,20210103,    0,    0
 18276,102178,20210104,    0,    0
 18276,102178,20210105,    0,    0
 18276,102178,20210106,    0,    0
 18276,102178,20210107,    0,    0
 18276,102178,20210108,    0,    0
 18276,102178,20210109,   57,    0
 18276,102178,20210110,   33,    0
 18276,102178,20210111,    2,    0
 18276,102178,20210112,   10,    0
 18276,102178,20210113,    0,    0
 18276,102178,20210114,    0,    0
 18276,102178,20210115,    0,    0
 18276,102178,20210116,    0,    0
 18276,102178,20210117,    5,    0
 18276,102178,20210118,   32,    0
 18276,102178,20210119,   13,    0
 18276,102178,20210120,  318,    0
 18276,102178,20210121,   57,    0
 18276,102178,20210122,   60,    0
 18276,102178,20210123,    5,    0
 18276,102178,20210124,    0,    0
 18276,102178,20210125,    0,    0
 18276,102178,20210126,    0,    0
 18276,102178,20210127,    0,    0
 18276,102178,20210128,    0,    0
 18276,102178,20210129,    0,    0
 18276,102178,20210130,    0,    0
 18276,102178,20210131,   12,    0
 18276,102178,20210201,    0,    0
 18276,102178,20210202,    0,    0
 18276,102178,20210203,    0,    0
 18276,102178,20210204,    0,    0
 18276,102178,20210205,    0,    0
 18276,102178,20210206,    0,    0
 18276,102178,20210207,    0,    0
 18276,102178,20210208,    0,    0
 18276,102178,20210209,    0,    0
 18276,102178,20210210,    0,    0
 18276,102178,20210211,    0,    0
 18276,102178,20210212,    0,    0
 18276,102178,20210213,    0,    0
 18276,102178,20210214,    2,    0
 18276,102178,20210215,    2,    0
 18276,102178,20210216,   53,    0
 18276,102178,20210217,   43,    0
 18276,102178,20210218,   32,    0
 18276,102178,20210219,   62,    0
 18276,102178,20210220,  169,    0
 18276,102178,20210221,   10,    0
 18276,102178,20210222,   41,    0
 18276,102178,20210223,  350,    0
 18276,102178,20210224,  144,    0
 18276,102178,20210225,  184,    0
 18276,102178,20210226,    4,    0
 18276,102178,20210227,    0,    0
 18276,102178,20210228,    0,    0
 18276,102178,20210301,    0,    0
 18276,102178,20210302,    0,    0
 18276,102178,20210303,    0,    0
 18276,102178,20210304,    0,    0
 18276,102178,20210305,    0,    0
 18276,102178,20210306,   21,    0
 18276,102178,20210307,    0,    0
 18276,102178,20210308,    0,    0
 18276,102178,20210309,    0,    0
 18276,102178,20210310,   40,    0
 18276,102178,20210311,   96,    0
 18276,102178,20210312,  177,    0
 18276,102178,20210313,    1,    0
 18276,102178,20210314,   95,    0
 18276,102178,20210315,    0,    0
 18276,102178,20210316,    0,    0
 18276,102178,20210317,    0,    0
 18276,102178,20210318,    0,    0
 18276,102178,20210319,    0,    0
 18276,102178,20210320,    8,    0
 18276,102178,20210321,    0,    0
 18276,102178,20210322,    0,    0
 18276,102178,20210323,    4,    0
 18276,102178,20210324,   79,    0
 18276,102178,20210325,   57,    0
 18276,102178,20210326,  107,    0
 18276,102178,20210327,   13,    0
 18276,102178,20210328,  129,    0
 18276,102178,20210329,  251,    0
 18276,102178,20210330,  318,    0
 18276,102178,20210331,    1,    0
 18276,102178,20210401,    1,    0
 18276,102178,20210402,    0,    0
 18276,102178,20210403,    0,    0
 18276,102178,20210404,  148,    0
 18276,102178,20210405,   12,    0
 18276,102178,20210406,    1,    0
 18276,102178,20210407,    1,    0
 18276,102178,20210408,  251,    0
 18276,102178,20210409,   29,    0
 18276,102178,20210410,   27,    0
 18276,102178,20210411,    0,    0
 18276,102178,20210412,    0,    0
 18276,102178,20210413,    0,    0
 18276,102178,20210414,    0,    0
 18276,102178,20210415,    0,    0
 18276,102178,20210416,    0,    0
 18276,102178,20210417,    0,    0
 18276,102178,20210418,    0,    0
 18276,102178,20210419,    0,    0
 18276,102178,20210420,   34,    0
 18276,102178,20210421,    2,    0
 18276,102178,20210422,    0,    0
 18276,102178,20210423,    0,    0
 18276,102178,20210424,    0,    0
 18276,102178,20210425,    0,    0
 18276,102178,20210426,    0,    0
 18276,102178,20210427,    0,    0
 18276,102178,20210428,    0,    0
 18276,102178,20210429,    0,    0
 18276,102178,20210430,    0,    0
 18276,102178,20210501,    0,    0
 18276,102178,20210502,    0,    0
 18276,102178,20210503,    0,    0
 18276,102178,20210504,    0,    0
 18276,102178,20210505,    0,    0
 18276,102178,20210506,    7,    0
 18276,102178,20210507,    2,    0
 18276,102178,20210508,   11,    0
 18276,102178,20210509,   77,    0
 18276,102178,20210510,   86,    0
 18276,102178,20210511,    0,    0
 18276,102178,20210512,    0,    0
 18276,102178,20210513,    0,    0
 18276,102178,20210514,   18,    0
 18276,102178,20210515,    0,    0
 18276,102178,20210516,    8,    0
 18276,102178,20210517,    0,    0
 18276,102178,20210518,    0,    0
 18276,102178,20210519,    4,    0
 18276,102178,20210520,    0,    0
 18276,102178,20210521,    0,    0
 18276,102178,20210522,    7,    0
 18276,102178,20210523,   12,    0
 18276,102178,20210524,    9,    0
 18276,102178,20210525,    0,    0
 18276,102178,20210526,    0,    0
 18276,102178,20210527,    0,    0
 18276,102178,20210528,    0,    0
 18276,102178,20210529,    0,    0
 18276,102178,20210530,    0,    0
 18276,102178,20210531,    0,    0
 18276,102178,20210601,    0,    0
 18276,102178,20210602,    0,    0
 18276,102178,20210603,    0,    0
 18276,102178,20210604,    0,    0
 18276,102178,20210605,   14,    0
 18276,102178,20210606,    0,    0
 18276,102178,20210607,    0,    0
 18276,102178,20210608,    0,    0
 18276,102178,20210609,   16,    0
 18276,102178,20210610,    1,    0
 18276,102178,20210611,   33,    0
 18276,102178,20210612,   21,    0
 18276,102178,20210613,   77,    0
 18276,102178,20210614,  173,    0
 18276,102178,20210615,    4,    0
 18276,102178,20210616,    9,    0
 18276,102178,20210617,  108,    0
 18276,102178,20210618,   14,    0
 18276,102178,20210619,   51,    0
 18276,102178,20210620,   84,    0
 18276,102178,20210621,    0,    0
 18276,102178,20210622,    0,    0
 18276,102178,20210623,    0,    0
 18276,102178,20210624,    2,    0
 18276,102178,20210625,    0,    0
 18276,102178,20210626,    0,    0
 18276,102178,20210627,    0,    0
 18276,102178,20210628,    0,    0
 18276,102178,20210629,    0,    0
 18276,102178,20210630,    0,    0
 18276,102178,20210701,    0,    0
 18276,102178,20210702,    0,    0
 18276,102178,20210703,   18,    0
 18276,102178,20210704,   26,    0
 18276,102178,20210705,  105,    0
 18276,102178,20210706,   24,    0
 18276,102178,20210707,   34,    0
 18276,102178,20210708,  257,    0
 18276,102178,20210709,   18,    0
 18276,102178,20210710,    0,    0
 18276,102178,20210711,    0,    0
 18276,102178,20210712,    0,    0
 18276,102178,20210713,    0,    0
 18276,102178,20210714,   53,    0
 18276,102178,20210715,    0,    0
 18276,102178,20210716,    0,    0
 18276,102178,20210717,    1,    0
 18276,102178,20210718,    0,    0
 18276,102178,20210719,    0,    0
 18276,102178,20210720,    0,    0
 18276,102178,20210721,    0,    0
 18276,102178,20210722,    0,    0
 18276,102178,20210723,    0,    0
 18276,102178,20210724,    0,    0
 18276,102178,20210725,    0,    0
 18276,102178,20210726,   34,    0
 18276,102178,20210727,   51,    0
 18276,102178,20210728,  127,    0
 18276,102178,20210729,   29,    0
 18276,102178,20210730,    0,    0
 18276,102178,20210731,    6,    0
 18276,102178,20210801,    0,    0
 18276,102178,20210802,    0,    0
 18276,102178,20210803,    0,    0
 18276,102178,20210804,    0,    0
 18276,102178,20210805,   26,    0
 18276,102178,20210806,    0,    0
 18276,102178,20210807,    1,    0
 18276,102178,20210808,   13,    0
 18276,102178,20210809,  103,    0
 18276,102178,20210810,    0,    0
 18276,102178,20210811,    0,    0
 18276,102178,20210812,    4,    0
 18276,102178,20210813,   51,    0
 18276,102178,20210814,   12,    0
 18276,102178,20210815,    3,    0
 18276,102178,20210816,    0,    0
 18276,102178,20210817,    0,    0
 18276,102178,20210818,   10,    0
 18276,102178,20210819,    3,    0
 18276,102178,20210820,    0,    0
 18276,102178,20210821,    0,    0
 18276,102178,20210822,    0,    0
 18276,102178,20210823,    0,    0
 18276,102178,20210824,    0,    0
 18276,102178,20210825,    0,    0
 18276,102178,20210826,    0,    0
 18276,102178,20210827,    0,    0
 18276,102178,20210828,    0,    0
 18276,102178,20210829,    0,    0
 18276,102178,20210830,    0,    0
 18276,102178,20210831,    0,    0
 18276,102178,20210901,    0,    0
 18276,102178,20210902,    0,    0
 18276,102178,20210903,    0,    0
 18276,102178,20210904,    0,    0
 18276,102178,20210905,    0,    0
 18276,102178,20210906,    0,    0
 18276,102178,20210907,    0,    0
 18276,102178,20210908,    0,    0
 18276,102178,20210909,    0,    0
 18276,102178,20210910,   29,    0
 18276,102178,20210911,  296,    0
 18276,102178,20210912,    0,    0
 18276,102178,20210913,    0,    0
 18276,102178,20210914,    1,    0
 18276,102178,20210915,   10,    0
 18276,102178,20210916,    1,    0
 18276,102178,20210917,    0,    0
 18276,102178,20210918,    0,    0
 18276,102178,20210919,    5,    0
 18276,102178,20210920,   43,    0
 18276,102178,20210921,    8,    0
 18276,102178,20210922,  173,    0
 18276,102178,20210923,  124,    0
 18276,102178,20210924,  203,    0
 18276,102178,20210925,    0,    0
 18276,102178,20210926,   13,    0
 18276,102178,20210927,  144,    0
 18276,102178,20210928,    0,    0
 18276,102178,20210929,   41,    0
 18276,102178,20210930,  127,    0
 18276,102178,20211001,  208,    0
 18276,102178,20211002,   24,    0
 18276,102178,20211003,  219,    0
 18276,102178,20211004,  220,    0
 18276,102178,20211005,   16,    0
 18276,102178,20211006,    5,    0
 18276,102178,20211007,   83,    0
 18276,102178,20211008,   38,    0
 18276,102178,20211009,   11,    0
 18276,102178,20211010,  169,    0
 18276,102178,20211011,    7,    0
 18276,102178,20211012,    0,    0
 18276,102178,20211013,   22,    0
 18276,102178,20211014,  198,    0
 18276,102178,20211015,  132,    0
 18276,102178,20211016,   18,    0
 18276,102178,20211017,    0,    0
 18276,102178,20211018,   86,    0
 18276,102178,20211019,   96,    0
 18276,102178,20211020,   74,    0
 18276,102178,20211021,   42,    0
 18276,102178,20211022,    6,    0
 18276,102178,20211023,    0,    0
 18276,102178,20211024,  152,    0
 18276,102178,20211025,  163,    0
 18276,102178,20211026,  247,    0
 18276,102178,20211027,  164,    0
 18276,102178,20211028,  148,    0
 18276,102178,20211029,   36,    0
 18276,102178,20211030,   34,    0
 18276,102178,20211031,   12,    0
 18276,102178,20211101,   26,    0
 18276,102178,20211102,   56,    0
 18276,102178,20211103,    0,    0
 18276,102178,20211104,    0,    0
 18276,102178,20211105,   96,    0
 18276,102178,20211106,  195,    0
 18276,102178,20211107,    2,    0
 18276,102178,20211108,  115,    0
 18276,102178,20211109,   52,    0
 18276,102178,20211110,  106,    0
 18276,102178,20211111,   51,    0
 18276,102178,20211112,    0,    0
 18276,102178,20211113,    0,    0
 18276,102178,20211114,    0,    0
 18276,102178,20211115,   25,    0
 18276,102178,20211116,  188,    0
 18276,102178,20211117,  108,    0
 18276,102178,20211118,  164,    0
 18276,102178,20211119,   15,    0
 18276,102178,20211120,   78,    0
 18276,102178,20211121,    0,    0
 18276,102178,20211122,   14,    0
 18276,102178,20211123,   15,    0
 18276,102178,20211124,  101,    0
 18276,102178,20211125,    0,    0
 18276,102178,20211126,   12,    0
 18276,102178,20211127,    7,    0
 18276,102178,20211128,    0,    0
 18276,102178,20211129,   50,    0
 18276,102178,20211130,    0,    0
 18276,102178,20211201,    0,    0
 18276,102178,20211202,    0,    0
 18276,102178,20211203,    8,    0
 18276,102178,20211204,    1,    0
 18276,102178,20211205,    0,    0
 18276,102178,20211206,    0,    0
 18276,102178,20211207,    0,    0
 18276,102178,20211208,    0,    0
 18276,102178,20211209,    0,    0
 18276,102178,20211210,    0,    0
 18276,102178,20211211,   21,    0
 18276,102178,20211212,   22,    0
 18276,102178,20211213,   48,    0
 18276,102178,20211214,  281,    0
 18276,102178,20211215,  158,    0
 18276,102178,20211216,   17,    0
 18276,102178,20211217,    1,    0
 18276,102178,20211218,    0,    0
 18276,102178,20211219,    0,    0
 18276,102178,20211220,    0,    0
 18276,102178,20211221,    0,    0
 18276,102178,20211222,    0,    0
 18276,102178,20211223,    2,    0
 18276,102178,20211224,    0,    0
 18276,102178,20211225,    0,    0
 18276,102178,20211226,    0,    0
 18276,102178,20211227,   27,    0
 18276,102178,20211228,    0,    0
 18276,102178,20211229,   71,    0
 18276,102178,20211230,  108,    0
 18276,102178,20211231,    2,    0
 18276,102178,20220101,  250,    0
 18276,102178,20220102,   36,    0
 18276,102178,20220103,  160,    0
 18276,102178,20220104,   92,    0
 18276,102178,20220105,    0,    0
 18276,102178,20220106,   36,    0
 18276,102178,20220107,   11,    0
 18276,102178,20220108,    0,    0
 18276,102178,20220109,    0,    0
 18276,102178,20220110,   18,    0
 18276,102178,20220111,   92,    0
 18276,102178,20220112,   62,    0
 18276,102178,20220113,  233,    0
 18276,102178,20220114,    1,    0
 18276,102178,20220115,   14,    0
 18276,102178,20220116,  137,    0
 18276,102178,20220117,    0,    0
 18276,102178,20220118,   52,    0
 18276,102178,20220119,   99,    0
 18276,102178,20220120,    0,    0
 18276,102178,20220121,    1,    0
 18276,102178,20220122,    0,    0
 18276,102178,20220123,    7,    0
 18276,102178,20220124,   64,    0
 18276,102178,20220125,   56,    0
 18276,102178,20220126,  131,    0
 18276,102178,20220127,   80,    0
 18276,102178,20220128,  228,    0
 18276,102178,20220129,  283,    0
 18276,102178,20220130,    1,    0
 18276,102178,20220131,    6,    0
 18276,102178,20220201,   73,    0
 18276,102178,20220202,   13,    0
 18276,102178,20220203,  165,    0
 18276,102178,20220204,   95,    0
 18276,102178,20220205,  190,    0
 18276,102178,20220206,   60,    0
 18276,102178,20220207,   85,    0
 18276,102178,20220208,  182,    0
 18276,102178,20220209,   95,    0
 18276,102178,20220210,   37,    0
 18276,102178,20220211,   41,    0
 18276,102178,20220212,  176,    0
 18276,102178,20220213,  131,    0
 18276,102178,20220214,   17,    0
 18276,102178,20220215,   99,    0
 18276,102178,20220216,   86,    0
 18276,102178,20220217,   59,    0
 18276,102178,20220218,    7,    0
 18276,102178,20220219,    0,    0
 18276,102178,20220220,  110,    0
 18276,102178,20220221,    2,    0
 18276,102178,20220222,   68,    0
 18276,102178,20220223,  351,    0
 18276,102178,20220224,  110,    0
 18276,102178,20220225,    9,    0
 18276,102178,20220226,    5,    0
 18276,102178,20220227,    0,    0
 18276,102178,20220228,  120,    0
 18276,102178,20220301,    1,    0
 18276,102178,20220302,    1,    0
 18276,102178,20220303,    0,    0
 18276,102178,20220304,    0,    0
 18276,102178,20220305,    0,    0
 18276,102178,20220306,    0,    0
 18276,102178,20220307,    0,    0
 18276,102178,20220308,    0,    0
 18276,102178,20220309,    0,    0
 18276,102178,20220310,    0,    0
 18276,102178,20220311,    0,    0
 18276,102178,20220312,    0,    0
 18276,102178,20220313,    0,    0
 18276,102178,20220314,    0,    0
 18276,102178,20220315,    0,    0
 18276,102178,20220316,   21,    0
 18276,102178,20220317,   75,    0
 18276,102178,20220318,   41,    0
 18276,102178,20220319,    0,    0
 18276,102178,20220320,    0,    0
 18276,102178,20220321,   13,    0
 18276,102178,20220322,    0,    0
 18276,102178,20220323,    5,    0
 18276,102178,20220324,   17,    0
 18276,102178,20220325,   12,    0
 18276,102178,20220326,    0,    0
 18276,102178,20220327,    0,    0
 18276,102178,20220328,    0,    0
 18276,102178,20220329,    0,    0
 18276,102178,20220330,    0,    0
 18276,102178,20220331,    0,    0
 18276,102178,20220401,    0,    0
 18276,102178,20220402,    0,    0
 18276,102178,20220403,   23,    0
 18276,102178,20220404,   24,    0
 18276,102178,20220405,   11,    0
 18276,102178,20220406,    0,    0
 18276,102178,20220407,    0,    0
 18276,102178,20220408,    0,    0
 18276,102178,20220409,   16,    0
 18276,102178,20220410,    1,    0
 18276,102178,20220411,    0,    0
 18276,102178,20220412,    0,    0
 18276,102178,20220413,   94,    0
 18276,102178,20220414,    0,    0
 18276,102178,20220415,    0,    0
 18276,102178,20220416,    0,    0
 18276,102178,20220417,    0,    0
 18276,102178,20220418,    0,    0
 18276,102178,20220419,    0,    0
 18276,102178,20220420,    0,    0
 18276,102178,20220421,    0,    0
 18276,102178,20220422,    0,    0
 18276,102178,20220423,    0,    0
 18276,102178,20220424,    0,    0
 18276,102178,20220425,    0,    0
 18276,102178,20220426,    0,    0
 18276,102178,20220427,    0,    0
 18276,102178,20220428,    7,    0
 18276,102178,20220429,    5,    0
 18276,102178,20220430,    0,    0
 18276,102178,20220501,    0,    0
 18276,102178,20220502,    0,    0
 18276,102178,20220503,    0,    0
 18276,102178,20220504,    1,    0
 18276,102178,20220505,    0,    0
 18276,102178,20220506,   40,    0
 18276,102178,20220507,    0,    0
 18276,102178,20220508,    0,    0
 18276,102178,20220509,   83,    0
 18276,102178,20220510,  231,    0
 18276,102178,20220511,  201,    0
 18276,102178,20220512,   11,    0
 18276,102178,20220513,  157,    0
 18276,102178,20220514,   22,    0
 18276,102178,20220515,    0,    0
 18276,102178,20220516,    0,    0
 18276,102178,20220517,    0,    0
 18276,102178,20220518,   48,    0
 18276,102178,20220519,    0,    0
 18276,102178,20220520,    7,    0
 18276,102178,20220521,    6,    0
 18276,102178,20220522,    7,    0
 18276,102178,20220523,  126,    0
 18276,102178,20220524,   61,    0
 18276,102178,20220525,   89,    0
 18276,102178,20220526,   33,    0
 18276,102178,20220527,    2,    0
 18276,102178,20220528,    0,    0
 18276,102178,20220529,    0,    0
 18276,102178,20220530,    0,    0
 18276,102178,20220531,    2,    0
 18276,102178,20220601,   70,    0
 18276,102178,20220602,   12,    0
 18276,102178,20220603,    0,    0
 18276,102178,20220604,    0,    0
 18276,102178,20220605,    0,    0
 18276,102178,20220606,    0,    0
 18276,102178,20220607,    0,    0
 18276,102178,20220608,    2,    0
 18276,102178,20220609,    0,    0
 18276,102178,20220610,   28,    0
 18276,102178,20220611,  149,    0
 18276,102178,20220612,   35,    0
 18276,102178,20220613,    9,    0
 18276,102178,20220614,    0,    0
 18276,102178,20220615,    0,    0
 18276,102178,20220616,    0,    0
 18276,102178,20220617,  155,    0
 18276,102178,20220618,   99,    0
 18276,102178,20220619,   29,    0
 18276,102178,20220620,    0,    0
 18276,102178,20220621,    0,    0
 18276,102178,20220622,    2,    0
 18276,102178,20220623,    0,    0
 18276,102178,20220624,   49,    0
 18276,102178,20220625,    0,    0
 18276,102178,20220626,  116,    0
 18276,102178,20220627,   22,    0
 18276,102178,20220628,    0,    0
 18276,102178,20220629,    0,    0
 18276,102178,20220630,    0,    0
 18276,102178,20220701,   55,    0
 18276,102178,20220702,  165,    0
 18276,102178,20220703,  221,    0
 18276,102178,20220704,   54,    0
 18276,102178,20220705,    4,    0
 18276,102178,20220706,   20,    0
 18276,102178,20220707,    0,    0
 18276,102178,20220708,    7,    0
 18276,102178,20220709,    3,    0
 18276,102178,20220710,    0,    0
 18276,102178,20220711,    0,    0
 18276,102178,20220712,    4,    0
 18276,102178,20220713,   22,    0
 18276,102178,20220714,    5,    0
 18276,102178,20220715,   12,    0
 18276,102178,20220716,    0,    0
 18276,102178,20220717,   80,    0
 18276,102178,20220718,    2,    0
 18276,102178,20220719,    0,    0
 18276,102178,20220720,   40,    0
 18276,102178,20220721,    0,    0
 18276,102178,20220722,    0,    0
 18276,102178,20220723,    0,    0
 18276,102178,20220724,  195,    0
 18276,102178,20220725,   81,    0
 18276,102178,20220726,    7,    0
 18276,102178,20220727,    0,    0
 18276,102178,20220728,    0,    0
 18276,102178,20220729,    0,    0
 18276,102178,20220730,    1,    0
 18276,102178,20220731,   17,    0
 18276,102178,20220801,    0,    0
 18276,102178,20220802,  155,    0
 18276,102178,20220803,   51,    0
 18276,102178,20220804,  104,    0
 18276,102178,20220805,    8,    0
 18276,102178,20220806,    7,    0
 18276,102178,20220807,    1,    0
 18276,102178,20220808,    0,    0
 18276,102178,20220809,    0,    0
 18276,102178,20220810,    0,    0
 18276,102178,20220811,    0,    0
 18276,102178,20220812,    0,    0
 18276,102178,20220813,    0,    0
 18276,102178,20220814,    5,    0
 18276,102178,20220815,    1,    0
 18276,102178,20220816,   56,    0
 18276,102178,20220817,    0,    0
 18276,102178,20220818,    0,    0
 18276,102178,20220819,  147,    0
 18276,102178,20220820,  210,    0
 18276,102178,20220821,   68,    0
 18276,102178,20220822,    0,    0
 18276,102178,20220823,    0,    0
 18276,102178,20220824,   17,    0
 18276,102178,20220825,  250,    0
 18276,102178,20220826,  234,    0
 18276,102178,20220827,    0,    0
 18276,102178,20220828,    0,    0
 18276,102178,20220829,    0,    0
 18276,102178,20220830,    0,    0
 18276,102178,20220831,    0,    0
 18276,102178,20220901,    0,    0
 18276,102178,20220902,    0,    0
 18276,102178,20220903,    0,    0
 18276,102178,20220904,    0,    0
 18276,102178,20220905,    0,    0
 18276,102178,20220906,    0,    0
 18276,102178,20220907,    0,    0
 18276,102178,20220908,    0,    0
 18276,102178,20220909,    0,    0
 18276,102178,20220910,    0,    0
 18276,102178,20220911,    1,    0
 18276,102178,20220912,  317,    0
 18276,102178,20220913,   20,    0
 18276,102178,20220914,   70,    0
 18276,102178,20220915,    5,    0
 18276,102178,20220916,    1,    0
 18276,102178,20220917,    7,    0
 18276,102178,20220918,    0,    0
 18276,102178,20220919,    0,    0
 18276,102178,20220920,    0,    0
 18276,102178,20220921,    0,    0
 18276,102178,20220922,  177,    0
 18276,102178,20220923,    7,    0
 18276,102178,20220924,    0,    0
 18276,102178,20220925,  128,    0
 18276,102178,20220926,   56,    0
 18276,102178,20220927,   14,    0
 18276,102178,20220928,    0,    0
 18276,102178,20220929,    0,    0
 18276,102178,20220930,    0,    0
 18276,102178,20221001,    0,    0
 18276,102178,20221002,    0,    0
 18276,102178,20221003,-9999,    9
 18276,102178,20221004,-9999,    9
 18276,102178,20221005,-9999,    9
 18276,102178,20221006,-9999,    9
 18276,102178,20221007,-9999,    9
 18276,102178,20221008,-9999,    9
 18276,102178,20221009,-9999,    9
 18276,102178,20221010,-9999,    9
 18276,102178,20221011,-9999,    9
 18276,102178,20221012,-9999,    9
 18276,102178,20221013,-9999,    9
 18276,102178,20221014,-9999,    9
 18276,102178,20221015,-9999,    9
 18276,102178,20221016,-9999,    9
 18276,102178,20221017,  202,    0
 18276,102178,20221018,    2,    0
 18276,102178,20221019,    0,    0
 18276,102178,20221020,    0,    0
 18276,102178,20221021,    0,    0
 18276,102178,20221022,   10,    0
 18276,102178,20221023,    9,    0
 18276,102178,20221024,   14,    0
 18276,102178,20221025,   10,    0
 18276,102178,20221026,  116,    0
 18276,102178,20221027,   24,    0
 18276,102178,20221028,  104,    0
 18276,102178,20221029,   13,    0
 18276,102178,20221030,  131,    0
 18276,102178,20221031,-9999,    9
