EUROPEAN CLIMATE ASSESSMENT & DATASET (ECA&D), file created on: 16-11-2022
THESE DATA CAN BE USED FOR NON-COMMERCIAL RESEARCH AND EDUCATION PROVIDED THAT THE FOLLOWING SOURCE IS ACKNOWLEDGED: 

Klein Tank, A.M.G. and Coauthors, 2002. Daily dataset of 20th-century surface
air temperature and precipitation series for the European Climate Assessment.
Int. J. of Climatol., 22, 1441-1453.
Data and metadata available at http://www.ecad.eu

FILE FORMAT (MISSING VALUE CODE = -9999):

01-06 STAID: Station identifier
08-13 SOUID: Source identifier
15-22 DATE : Date YYYYMMDD
24-28 RR   : Precipitation amount in 0.1 mm
30-34 Q_RR : quality code for RR (0='valid'; 1='suspect'; 9='missing')

This is the blended series of station VALE, NORWAY (STAID: 23867)
Blended and updated with sources:101101 124146 
See files sources.txt and stations.txt for more info.

STAID, SOUID,    DATE,   RR, Q_RR
 23867,101101,20150531,-9999,    9
 23867,101101,20150601,    2,    0
 23867,101101,20150602,  358,    0
 23867,101101,20150603,    0,    0
 23867,101101,20150604,    0,    0
 23867,101101,20150605,   35,    0
 23867,101101,20150606,   98,    0
 23867,101101,20150607,    0,    0
 23867,101101,20150608,    0,    0
 23867,101101,20150609,    0,    0
 23867,101101,20150610,    0,    0
 23867,101101,20150611,    0,    0
 23867,101101,20150612,    0,    0
 23867,101101,20150613,    0,    0
 23867,101101,20150614,    0,    0
 23867,101101,20150615,    0,    0
 23867,101101,20150616,    0,    0
 23867,101101,20150617,  118,    0
 23867,101101,20150618,   14,    0
 23867,101101,20150619,    0,    0
 23867,101101,20150620,    0,    0
 23867,101101,20150621,    0,    0
 23867,101101,20150622,  113,    0
 23867,101101,20150623,    0,    0
 23867,101101,20150624,    0,    0
 23867,101101,20150625,    0,    0
 23867,101101,20150626,    0,    0
 23867,101101,20150627,    0,    0
 23867,101101,20150628,    7,    0
 23867,101101,20150629,  104,    0
 23867,101101,20150630,    0,    0
 23867,101101,20150701,    0,    0
 23867,101101,20150702,    0,    0
 23867,101101,20150703,    0,    0
 23867,101101,20150704,    0,    0
 23867,101101,20150705,  142,    0
 23867,101101,20150706,   36,    0
 23867,101101,20150707,   84,    0
 23867,101101,20150708,  134,    0
 23867,101101,20150709,    0,    0
 23867,101101,20150710,    0,    0
 23867,101101,20150711,    0,    0
 23867,101101,20150712,    0,    0
 23867,101101,20150713,    0,    0
 23867,101101,20150714,    0,    0
 23867,101101,20150715,   47,    0
 23867,101101,20150716,    0,    0
 23867,101101,20150717,   80,    0
 23867,101101,20150718,    0,    0
 23867,101101,20150719,    0,    0
 23867,101101,20150720,    3,    0
 23867,101101,20150721,   40,    0
 23867,101101,20150722,    0,    0
 23867,101101,20150723,    0,    0
 23867,101101,20150724,    0,    0
 23867,101101,20150725,  158,    0
 23867,101101,20150726,  120,    0
 23867,101101,20150727,   27,    0
 23867,101101,20150728,  330,    0
 23867,101101,20150729,  310,    0
 23867,101101,20150730,    2,    0
 23867,101101,20150731,    0,    0
 23867,101101,20150801,   36,    0
 23867,101101,20150802,   14,    0
 23867,101101,20150803,    0,    0
 23867,101101,20150804,  350,    0
 23867,101101,20150805,   12,    0
 23867,101101,20150806,   55,    0
 23867,101101,20150807,  112,    0
 23867,101101,20150808,    0,    0
 23867,101101,20150809,    0,    0
 23867,101101,20150810,    5,    0
 23867,101101,20150811,    0,    0
 23867,101101,20150812,    0,    0
 23867,101101,20150813,    0,    0
 23867,101101,20150814,    0,    0
 23867,101101,20150815,    0,    0
 23867,101101,20150816,    0,    0
 23867,101101,20150817,    0,    0
 23867,101101,20150818,    0,    0
 23867,101101,20150819,    0,    0
 23867,101101,20150820,    0,    0
 23867,101101,20150821,    0,    0
 23867,101101,20150822,    0,    0
 23867,101101,20150823,    0,    0
 23867,101101,20150824,  223,    0
 23867,101101,20150825,  235,    0
 23867,101101,20150826,  239,    0
 23867,101101,20150827,  110,    0
 23867,101101,20150828,    0,    0
 23867,101101,20150829,    0,    0
 23867,101101,20150830,    0,    0
 23867,101101,20150831,    0,    0
 23867,101101,20150901,  644,    0
 23867,101101,20150902,  821,    0
 23867,101101,20150903,  226,    0
 23867,101101,20150904,  104,    0
 23867,101101,20150905,   37,    0
 23867,101101,20150906,    0,    0
 23867,101101,20150907,    0,    0
 23867,101101,20150908,    0,    0
 23867,101101,20150909,    0,    0
 23867,101101,20150910,    0,    0
 23867,101101,20150911,    0,    0
 23867,101101,20150912,    9,    0
 23867,101101,20150913,   95,    0
 23867,101101,20150914,  201,    0
 23867,101101,20150915,  246,    0
 23867,101101,20150916,  311,    0
 23867,101101,20150917,  369,    0
 23867,101101,20150918,    0,    0
 23867,101101,20150919,   41,    0
 23867,101101,20150920,    0,    0
 23867,101101,20150921,   36,    0
 23867,101101,20150922,   73,    0
 23867,101101,20150923,   88,    0
 23867,101101,20150924,  144,    0
 23867,101101,20150925,    4,    0
 23867,101101,20150926,    3,    0
 23867,101101,20150927,    0,    0
 23867,101101,20150928,    0,    0
 23867,101101,20150929,    0,    0
 23867,101101,20150930,    0,    0
 23867,101101,20151001,    0,    0
 23867,101101,20151002,    0,    0
 23867,101101,20151003,    0,    0
 23867,101101,20151004,    1,    0
 23867,101101,20151005,    0,    0
 23867,101101,20151006,    0,    0
 23867,101101,20151007,    0,    0
 23867,101101,20151008,    3,    0
 23867,101101,20151009,    0,    0
 23867,101101,20151010,    0,    0
 23867,101101,20151011,   22,    0
 23867,101101,20151012,    0,    0
 23867,101101,20151013,    0,    0
 23867,101101,20151014,    0,    0
 23867,101101,20151015,    0,    0
 23867,101101,20151016,    0,    0
 23867,101101,20151017,    0,    0
 23867,101101,20151018,    0,    0
 23867,101101,20151019,    0,    0
 23867,101101,20151020,    5,    0
 23867,101101,20151021,   41,    0
 23867,101101,20151022,    3,    0
 23867,101101,20151023,    0,    0
 23867,101101,20151024,   20,    0
 23867,101101,20151025,    0,    0
 23867,101101,20151026,    0,    0
 23867,101101,20151027,    0,    0
 23867,101101,20151028,    0,    0
 23867,101101,20151029,    0,    0
 23867,101101,20151030,   20,    0
 23867,101101,20151031,    0,    0
 23867,101101,20151101,    0,    0
 23867,101101,20151102,    0,    0
 23867,101101,20151103,    1,    0
 23867,101101,20151104,    3,    0
 23867,101101,20151105,   28,    0
 23867,101101,20151106,  192,    0
 23867,101101,20151107,  151,    0
 23867,101101,20151108,  108,    0
 23867,101101,20151109,    0,    0
 23867,101101,20151110,    0,    0
 23867,101101,20151111,   10,    0
 23867,101101,20151112,   47,    0
 23867,101101,20151113,   11,    0
 23867,101101,20151114,    0,    0
 23867,101101,20151115,    0,    0
 23867,101101,20151116,  105,    0
 23867,101101,20151117,    0,    0
 23867,101101,20151118,   89,    0
 23867,101101,20151119,   10,    0
 23867,101101,20151120,    0,    0
 23867,101101,20151121,    0,    0
 23867,101101,20151122,    0,    0
 23867,101101,20151123,    3,    0
 23867,101101,20151124,   24,    0
 23867,101101,20151125,    0,    0
 23867,101101,20151126,    0,    0
 23867,101101,20151127,   99,    0
 23867,101101,20151128,   47,    0
 23867,101101,20151129,    6,    0
 23867,101101,20151130,    0,    0
 23867,101101,20151201,    0,    0
 23867,101101,20151202,   16,    0
 23867,101101,20151203,  165,    0
 23867,101101,20151204,  108,    0
 23867,101101,20151205,    0,    0
 23867,101101,20151206,    1,    0
 23867,101101,20151207,    0,    0
 23867,101101,20151208,   74,    0
 23867,101101,20151209,    8,    0
 23867,101101,20151210,    1,    0
 23867,101101,20151211,    0,    0
 23867,101101,20151212,    0,    0
 23867,101101,20151213,    0,    0
 23867,101101,20151214,    0,    0
 23867,101101,20151215,    0,    0
 23867,101101,20151216,   64,    0
 23867,101101,20151217,   76,    0
 23867,101101,20151218,    1,    0
 23867,101101,20151219,    9,    0
 23867,101101,20151220,    0,    0
 23867,101101,20151221,    0,    0
 23867,101101,20151222,   30,    0
 23867,101101,20151223,    0,    0
 23867,101101,20151224,   69,    0
 23867,101101,20151225,    0,    0
 23867,101101,20151226,    0,    0
 23867,101101,20151227,   32,    0
 23867,101101,20151228,    3,    0
 23867,101101,20151229,   16,    0
 23867,101101,20151230,  137,    0
 23867,101101,20151231,  239,    0
 23867,101101,20160101,   43,    0
 23867,101101,20160102,    1,    0
 23867,101101,20160103,    2,    0
 23867,101101,20160104,    0,    0
 23867,101101,20160105,    0,    0
 23867,101101,20160106,    0,    0
 23867,101101,20160107,   20,    0
 23867,101101,20160108,   23,    0
 23867,101101,20160109,   79,    0
 23867,101101,20160110,  416,    0
 23867,101101,20160111,   23,    0
 23867,101101,20160112,    4,    0
 23867,101101,20160113,    0,    0
 23867,101101,20160114,    0,    0
 23867,101101,20160115,   44,    0
 23867,101101,20160116,    1,    0
 23867,101101,20160117,    0,    0
 23867,101101,20160118,    0,    0
 23867,101101,20160119,    0,    0
 23867,101101,20160120,    0,    0
 23867,101101,20160121,    0,    0
 23867,101101,20160122,   31,    0
 23867,101101,20160123,    2,    0
 23867,101101,20160124,    0,    0
 23867,101101,20160125,    5,    0
 23867,101101,20160126,   45,    0
 23867,101101,20160127,   55,    0
 23867,101101,20160128,    0,    0
 23867,101101,20160129,   14,    0
 23867,101101,20160130,    0,    0
 23867,101101,20160131,    0,    0
 23867,101101,20160201,   27,    0
 23867,101101,20160202,    9,    0
 23867,101101,20160203,    0,    0
 23867,101101,20160204,    0,    0
 23867,101101,20160205,   46,    0
 23867,101101,20160206,   94,    0
 23867,101101,20160207,   80,    0
 23867,101101,20160208,  237,    0
 23867,101101,20160209,    1,    0
 23867,101101,20160210,    7,    0
 23867,101101,20160211,    0,    0
 23867,101101,20160212,   17,    0
 23867,101101,20160213,    0,    0
 23867,101101,20160214,    0,    0
 23867,101101,20160215,    0,    0
 23867,101101,20160216,    6,    0
 23867,101101,20160217,    0,    0
 23867,101101,20160218,    1,    0
 23867,101101,20160219,   51,    0
 23867,101101,20160220,  118,    0
 23867,101101,20160221,    0,    0
 23867,101101,20160222,    0,    0
 23867,101101,20160223,    0,    0
 23867,101101,20160224,    0,    0
 23867,101101,20160225,    0,    0
 23867,101101,20160226,    0,    0
 23867,101101,20160227,    0,    0
 23867,101101,20160228,    0,    0
 23867,101101,20160229,    0,    0
 23867,101101,20160301,   27,    0
 23867,101101,20160302,   91,    0
 23867,101101,20160303,   55,    0
 23867,101101,20160304,   52,    0
 23867,101101,20160305,   44,    0
 23867,101101,20160306,   22,    0
 23867,101101,20160307,    7,    0
 23867,101101,20160308,    0,    0
 23867,101101,20160309,    0,    0
 23867,101101,20160310,    0,    0
 23867,101101,20160311,    0,    0
 23867,101101,20160312,    0,    0
 23867,101101,20160313,    1,    0
 23867,101101,20160314,    0,    0
 23867,101101,20160315,    0,    0
 23867,101101,20160316,    1,    0
 23867,101101,20160317,    0,    0
 23867,101101,20160318,    0,    0
 23867,101101,20160319,    0,    0
 23867,101101,20160320,    0,    0
 23867,101101,20160321,    0,    0
 23867,101101,20160322,    0,    0
 23867,101101,20160323,    0,    0
 23867,101101,20160324,    0,    0
 23867,101101,20160325,    4,    0
 23867,101101,20160326,   44,    0
 23867,101101,20160327,  126,    0
 23867,101101,20160328,  153,    0
 23867,101101,20160329,   10,    0
 23867,101101,20160330,    2,    0
 23867,101101,20160331,    0,    0
 23867,101101,20160401,   13,    0
 23867,101101,20160402,   10,    0
 23867,101101,20160403,   31,    0
 23867,101101,20160404,  113,    0
 23867,101101,20160405,   18,    0
 23867,101101,20160406,    7,    0
 23867,101101,20160407,    2,    0
 23867,101101,20160408,    7,    0
 23867,101101,20160409,    0,    0
 23867,101101,20160410,    0,    0
 23867,101101,20160411,    0,    0
 23867,101101,20160412,    0,    0
 23867,101101,20160413,    0,    0
 23867,101101,20160414,    0,    0
 23867,101101,20160415,    9,    0
 23867,101101,20160416,  216,    0
 23867,101101,20160417,    1,    0
 23867,101101,20160418,    0,    0
 23867,101101,20160419,    0,    0
 23867,101101,20160420,    0,    0
 23867,101101,20160421,    1,    0
 23867,101101,20160422,    0,    0
 23867,101101,20160423,    0,    0
 23867,101101,20160424,    6,    0
 23867,101101,20160425,    5,    0
 23867,101101,20160426,    0,    0
 23867,101101,20160427,    0,    0
 23867,101101,20160428,   15,    0
 23867,101101,20160429,  143,    0
 23867,101101,20160430,  235,    0
 23867,101101,20160501,    0,    0
 23867,101101,20160502,   32,    0
 23867,101101,20160503,   39,    0
 23867,101101,20160504,    0,    0
 23867,101101,20160505,    0,    0
 23867,101101,20160506,    0,    0
 23867,101101,20160507,    0,    0
 23867,101101,20160508,    0,    0
 23867,101101,20160509,    0,    0
 23867,101101,20160510,    0,    0
 23867,101101,20160511,    0,    0
 23867,101101,20160512,    0,    0
 23867,101101,20160513,    0,    0
 23867,101101,20160514,    0,    0
 23867,101101,20160515,    0,    0
 23867,101101,20160516,    0,    0
 23867,101101,20160517,    0,    0
 23867,101101,20160518,    0,    0
 23867,101101,20160519,    9,    0
 23867,101101,20160520,   30,    0
 23867,101101,20160521,   31,    0
 23867,101101,20160522,   46,    0
 23867,101101,20160523,   73,    0
 23867,101101,20160524,   63,    0
 23867,101101,20160525,    0,    0
 23867,101101,20160526,    0,    0
 23867,101101,20160527,    0,    0
 23867,101101,20160528,   73,    0
 23867,101101,20160529,  136,    0
 23867,101101,20160530,    0,    0
 23867,101101,20160531,    0,    0
 23867,101101,20160601,    0,    0
 23867,101101,20160602,    0,    0
 23867,101101,20160603,    0,    0
 23867,101101,20160604,    0,    0
 23867,101101,20160605,    0,    0
 23867,101101,20160606,    4,    0
 23867,101101,20160607,    0,    0
 23867,101101,20160608,    0,    0
 23867,101101,20160609,    5,    0
 23867,101101,20160610,    0,    0
 23867,101101,20160611,    0,    0
 23867,101101,20160612,    0,    0
 23867,101101,20160613,    0,    0
 23867,101101,20160614,   22,    0
 23867,101101,20160615,  139,    0
 23867,101101,20160616,    0,    0
 23867,101101,20160617,  113,    0
 23867,101101,20160618,   38,    0
 23867,101101,20160619,   25,    0
 23867,101101,20160620,  196,    0
 23867,101101,20160621,    0,    0
 23867,101101,20160622,    0,    0
 23867,101101,20160623,   15,    0
 23867,101101,20160624,    3,    0
 23867,101101,20160625,   89,    0
 23867,101101,20160626,  120,    0
 23867,101101,20160627,  188,    0
 23867,101101,20160628,    0,    0
 23867,101101,20160629,   49,    0
 23867,101101,20160630,   81,    0
 23867,101101,20160701,  101,    0
 23867,101101,20160702,   80,    0
 23867,101101,20160703,    0,    0
 23867,101101,20160704,   19,    0
 23867,101101,20160705,    0,    0
 23867,101101,20160706,    0,    0
 23867,101101,20160707,    0,    0
 23867,101101,20160708,    0,    0
 23867,101101,20160709,    0,    0
 23867,101101,20160710,    0,    0
 23867,101101,20160711,   19,    0
 23867,101101,20160712,   69,    0
 23867,101101,20160713,    8,    0
 23867,101101,20160714,    8,    0
 23867,101101,20160715,    3,    0
 23867,101101,20160716,    0,    0
 23867,101101,20160717,    0,    0
 23867,101101,20160718,    0,    0
 23867,101101,20160719,    0,    0
 23867,101101,20160720,    0,    0
 23867,101101,20160721,    1,    0
 23867,101101,20160722,    0,    0
 23867,101101,20160723,    0,    0
 23867,101101,20160724,    0,    0
 23867,101101,20160725,  150,    0
 23867,101101,20160726,    0,    0
 23867,101101,20160727,  131,    0
 23867,101101,20160728,    0,    0
 23867,101101,20160729,   25,    0
 23867,101101,20160730,   65,    0
 23867,101101,20160731,    1,    0
 23867,101101,20160801,    3,    0
 23867,101101,20160802,    2,    0
 23867,101101,20160803,   97,    0
 23867,101101,20160804,  100,    0
 23867,101101,20160805,    1,    0
 23867,101101,20160806,  164,    0
 23867,101101,20160807,   44,    0
 23867,101101,20160808,   38,    0
 23867,101101,20160809,  263,    0
 23867,101101,20160810,    3,    0
 23867,101101,20160811,    0,    0
 23867,101101,20160812,   55,    0
 23867,101101,20160813,    5,    0
 23867,101101,20160814,    0,    0
 23867,101101,20160815,    0,    0
 23867,101101,20160816,    0,    0
 23867,101101,20160817,    0,    0
 23867,101101,20160818,    0,    0
 23867,101101,20160819,    3,    0
 23867,101101,20160820,   99,    0
 23867,101101,20160821,   11,    0
 23867,101101,20160822,  330,    0
 23867,101101,20160823,    0,    0
 23867,101101,20160824,    1,    0
 23867,101101,20160825,  198,    0
 23867,101101,20160826,   12,    0
 23867,101101,20160827,    0,    0
 23867,101101,20160828,   60,    0
 23867,101101,20160829,    4,    0
 23867,101101,20160830,    0,    0
 23867,101101,20160831,    0,    0
 23867,101101,20160901,    0,    0
 23867,101101,20160902,    0,    0
 23867,101101,20160903,    0,    0
 23867,101101,20160904,    0,    0
 23867,101101,20160905,    0,    0
 23867,101101,20160906,    0,    0
 23867,101101,20160907,    0,    0
 23867,101101,20160908,    0,    0
 23867,101101,20160909,    0,    0
 23867,101101,20160910,   42,    0
 23867,101101,20160911,    1,    0
 23867,101101,20160912,    0,    0
 23867,101101,20160913,    0,    0
 23867,101101,20160914,    3,    0
 23867,101101,20160915,    1,    0
 23867,101101,20160916,    0,    0
 23867,101101,20160917,    0,    0
 23867,101101,20160918,    0,    0
 23867,101101,20160919,    0,    0
 23867,101101,20160920,    0,    0
 23867,101101,20160921,   54,    0
 23867,101101,20160922,    0,    0
 23867,101101,20160923,  207,    0
 23867,101101,20160924,    0,    0
 23867,101101,20160925,    5,    0
 23867,101101,20160926,   13,    0
 23867,101101,20160927,   98,    0
 23867,101101,20160928,   19,    0
 23867,101101,20160929,    0,    0
 23867,101101,20160930,    0,    0
 23867,101101,20161001,    0,    0
 23867,101101,20161002,    0,    0
 23867,101101,20161003,    0,    0
 23867,101101,20161004,    0,    0
 23867,101101,20161005,    0,    0
 23867,101101,20161006,    0,    0
 23867,101101,20161007,    0,    0
 23867,101101,20161008,    0,    0
 23867,101101,20161009,   17,    0
 23867,101101,20161010,    0,    0
 23867,101101,20161011,    0,    0
 23867,101101,20161012,    0,    0
 23867,101101,20161013,    0,    0
 23867,101101,20161014,    0,    0
 23867,101101,20161015,    0,    0
 23867,101101,20161016,   56,    0
 23867,101101,20161017,   29,    0
 23867,101101,20161018,   16,    0
 23867,101101,20161019,   13,    0
 23867,101101,20161020,   48,    0
 23867,101101,20161021,    8,    0
 23867,101101,20161022,   28,    0
 23867,101101,20161023,   11,    0
 23867,101101,20161024,   99,    0
 23867,101101,20161025,    0,    0
 23867,101101,20161026,    4,    0
 23867,101101,20161027,    5,    0
 23867,101101,20161028,    0,    0
 23867,101101,20161029,    0,    0
 23867,101101,20161030,    0,    0
 23867,101101,20161031,   97,    0
 23867,101101,20161101,    3,    0
 23867,101101,20161102,    0,    0
 23867,101101,20161103,    0,    0
 23867,101101,20161104,   57,    0
 23867,101101,20161105,   49,    0
 23867,101101,20161106,    0,    0
 23867,101101,20161107,    0,    0
 23867,101101,20161108,    0,    0
 23867,101101,20161109,    0,    0
 23867,101101,20161110,    0,    0
 23867,101101,20161111,    0,    0
 23867,101101,20161112,    3,    0
 23867,101101,20161113,    0,    0
 23867,101101,20161114,  164,    0
 23867,101101,20161115,    1,    0
 23867,101101,20161116,   79,    0
 23867,101101,20161117,  154,    0
 23867,101101,20161118,   22,    0
 23867,101101,20161119,   53,    0
 23867,101101,20161120,   90,    0
 23867,101101,20161121,   35,    0
 23867,101101,20161122,   47,    0
 23867,101101,20161123,    0,    0
 23867,101101,20161124,   14,    0
 23867,101101,20161125,    0,    0
 23867,101101,20161126,    0,    0
 23867,101101,20161127,    0,    0
 23867,101101,20161128,    0,    0
 23867,101101,20161129,    0,    0
 23867,101101,20161130,    1,    0
 23867,101101,20161201,    0,    0
 23867,101101,20161202,    0,    0
 23867,101101,20161203,    0,    0
 23867,101101,20161204,    0,    0
 23867,101101,20161205,    0,    0
 23867,101101,20161206,    0,    0
 23867,101101,20161207,  128,    0
 23867,101101,20161208,    0,    0
 23867,101101,20161209,   14,    0
 23867,101101,20161210,    3,    0
 23867,101101,20161211,    0,    0
 23867,101101,20161212,    0,    0
 23867,101101,20161213,    0,    0
 23867,101101,20161214,    0,    0
 23867,101101,20161215,    0,    0
 23867,101101,20161216,    0,    0
 23867,101101,20161217,    0,    0
 23867,101101,20161218,    0,    0
 23867,101101,20161219,    1,    0
 23867,101101,20161220,    0,    0
 23867,101101,20161221,   11,    0
 23867,101101,20161222,    0,    0
 23867,101101,20161223,   65,    0
 23867,101101,20161224,    0,    0
 23867,101101,20161225,    0,    0
 23867,101101,20161226,    0,    0
 23867,101101,20161227,    0,    0
 23867,101101,20161228,    0,    0
 23867,101101,20161229,    0,    0
 23867,101101,20161230,    0,    0
 23867,101101,20161231,    0,    0
 23867,101101,20170101,    0,    0
 23867,101101,20170102,    0,    0
 23867,101101,20170103,    0,    0
 23867,101101,20170104,    0,    0
 23867,101101,20170105,    0,    0
 23867,101101,20170106,   22,    0
 23867,101101,20170107,    0,    0
 23867,101101,20170108,    0,    0
 23867,101101,20170109,   90,    0
 23867,101101,20170110,  183,    0
 23867,101101,20170111,  106,    0
 23867,101101,20170112,    0,    0
 23867,101101,20170113,    0,    0
 23867,101101,20170114,    0,    0
 23867,101101,20170115,    0,    0
 23867,101101,20170116,    0,    0
 23867,101101,20170117,   20,    0
 23867,101101,20170118,    0,    0
 23867,101101,20170119,    0,    0
 23867,101101,20170120,    0,    0
 23867,101101,20170121,    0,    0
 23867,101101,20170122,    0,    0
 23867,101101,20170123,    0,    0
 23867,101101,20170124,    0,    0
 23867,101101,20170125,    0,    0
 23867,101101,20170126,    0,    0
 23867,101101,20170127,    0,    0
 23867,101101,20170128,    0,    0
 23867,101101,20170129,    8,    0
 23867,101101,20170130,    0,    0
 23867,101101,20170131,    0,    0
 23867,101101,20170201,   29,    0
 23867,101101,20170202,   38,    0
 23867,101101,20170203,    3,    0
 23867,101101,20170204,   23,    0
 23867,101101,20170205,   27,    0
 23867,101101,20170206,    0,    0
 23867,101101,20170207,    0,    0
 23867,101101,20170208,    0,    0
 23867,101101,20170209,    2,    0
 23867,101101,20170210,    0,    0
 23867,101101,20170211,    0,    0
 23867,101101,20170212,    0,    0
 23867,101101,20170213,    0,    0
 23867,101101,20170214,    0,    0
 23867,101101,20170215,    0,    0
 23867,101101,20170216,  145,    0
 23867,101101,20170217,    0,    0
 23867,101101,20170218,    2,    0
 23867,101101,20170219,    2,    0
 23867,101101,20170220,    0,    0
 23867,101101,20170221,   77,    0
 23867,101101,20170222,    0,    0
 23867,101101,20170223,    0,    0
 23867,101101,20170224,    0,    0
 23867,101101,20170225,   48,    0
 23867,101101,20170226,   34,    0
 23867,101101,20170227,  264,    0
 23867,101101,20170228,   97,    0
 23867,101101,20170301,    0,    0
 23867,101101,20170302,    5,    0
 23867,101101,20170303,    8,    0
 23867,101101,20170304,    9,    0
 23867,101101,20170305,   14,    0
 23867,101101,20170306,    0,    0
 23867,101101,20170307,    0,    0
 23867,101101,20170308,   71,    0
 23867,101101,20170309,    0,    0
 23867,101101,20170310,    0,    0
 23867,101101,20170311,   17,    0
 23867,101101,20170312,    0,    0
 23867,101101,20170313,   12,    0
 23867,101101,20170314,    0,    0
 23867,101101,20170315,    0,    0
 23867,101101,20170316,    0,    0
 23867,101101,20170317,    0,    0
 23867,101101,20170318,    0,    0
 23867,101101,20170319,   32,    0
 23867,101101,20170320,   68,    0
 23867,101101,20170321,    0,    0
 23867,101101,20170322,    0,    0
 23867,101101,20170323,    0,    0
 23867,101101,20170324,    0,    0
 23867,101101,20170325,    0,    0
 23867,101101,20170326,    0,    0
 23867,101101,20170327,    0,    0
 23867,101101,20170328,    0,    0
 23867,101101,20170329,    0,    0
 23867,101101,20170330,   71,    0
 23867,101101,20170331,  163,    0
 23867,101101,20170401,    0,    0
 23867,101101,20170402,    2,    0
 23867,101101,20170403,    0,    0
 23867,101101,20170404,    0,    0
 23867,101101,20170405,    0,    0
 23867,101101,20170406,    0,    0
 23867,101101,20170407,    0,    0
 23867,101101,20170408,    0,    0
 23867,101101,20170409,    6,    0
 23867,101101,20170410,    0,    0
 23867,101101,20170411,   13,    0
 23867,101101,20170412,   39,    0
 23867,101101,20170413,   45,    0
 23867,101101,20170414,    0,    0
 23867,101101,20170415,    0,    0
 23867,101101,20170416,    0,    0
 23867,101101,20170417,    0,    0
 23867,101101,20170418,    0,    0
 23867,101101,20170419,    0,    0
 23867,101101,20170420,    0,    0
 23867,101101,20170421,    2,    0
 23867,101101,20170422,    0,    0
 23867,101101,20170423,   81,    0
 23867,101101,20170424,   41,    0
 23867,101101,20170425,    0,    0
 23867,101101,20170426,    0,    0
 23867,101101,20170427,    4,    0
 23867,101101,20170428,  155,    0
 23867,101101,20170429,    0,    0
 23867,101101,20170430,    0,    0
 23867,101101,20170501,    0,    0
 23867,101101,20170502,    0,    0
 23867,101101,20170503,    0,    0
 23867,101101,20170504,    0,    0
 23867,101101,20170505,    0,    0
 23867,101101,20170506,    0,    0
 23867,101101,20170507,   41,    0
 23867,101101,20170508,    0,    0
 23867,101101,20170509,   90,    0
 23867,101101,20170510,  194,    0
 23867,101101,20170511,   19,    0
 23867,101101,20170512,    6,    0
 23867,101101,20170513,   50,    0
 23867,101101,20170514,   30,    0
 23867,101101,20170515,   11,    0
 23867,101101,20170516,  174,    0
 23867,101101,20170517,  179,    0
 23867,101101,20170518,   43,    0
 23867,101101,20170519,    0,    0
 23867,101101,20170520,    0,    0
 23867,101101,20170521,    0,    0
 23867,101101,20170522,    0,    0
 23867,101101,20170523,    0,    0
 23867,101101,20170524,    0,    0
 23867,101101,20170525,    0,    0
 23867,101101,20170526,    0,    0
 23867,101101,20170527,    0,    0
 23867,101101,20170528,    9,    0
 23867,101101,20170529,    4,    0
 23867,101101,20170530,   14,    0
 23867,101101,20170531,    1,    0
 23867,101101,20170601,    0,    0
 23867,101101,20170602,   34,    0
 23867,101101,20170603,   33,    0
 23867,101101,20170604,   41,    0
 23867,101101,20170605,   11,    0
 23867,101101,20170606,    8,    0
 23867,101101,20170607,  224,    0
 23867,101101,20170608,   54,    0
 23867,101101,20170609,  391,    0
 23867,101101,20170610,    2,    0
 23867,101101,20170611,   23,    0
 23867,101101,20170612,   20,    0
 23867,101101,20170613,    1,    0
 23867,101101,20170614,    0,    0
 23867,101101,20170615,   45,    0
 23867,101101,20170616,    4,    0
 23867,101101,20170617,    0,    0
 23867,101101,20170618,    0,    0
 23867,101101,20170619,    4,    0
 23867,101101,20170620,    0,    0
 23867,101101,20170621,    0,    0
 23867,101101,20170622,    0,    0
 23867,101101,20170623,   53,    0
 23867,101101,20170624,    0,    0
 23867,101101,20170625,    0,    0
 23867,101101,20170626,    5,    0
 23867,101101,20170627,    0,    0
 23867,101101,20170628,    0,    0
 23867,101101,20170629,    0,    0
 23867,101101,20170630,    0,    0
 23867,101101,20170701,    0,    0
 23867,101101,20170702,    0,    0
 23867,101101,20170703,   22,    0
 23867,101101,20170704,   11,    0
 23867,101101,20170705,    0,    0
 23867,101101,20170706,    0,    0
 23867,101101,20170707,    4,    0
 23867,101101,20170708,   25,    0
 23867,101101,20170709,    0,    0
 23867,101101,20170710,    4,    0
 23867,101101,20170711,    2,    0
 23867,101101,20170712,   23,    0
 23867,101101,20170713,    0,    0
 23867,101101,20170714,    0,    0
 23867,101101,20170715,   65,    0
 23867,101101,20170716,   30,    0
 23867,101101,20170717,    0,    0
 23867,101101,20170718,    0,    0
 23867,101101,20170719,    0,    0
 23867,101101,20170720,    0,    0
 23867,101101,20170721,   30,    0
 23867,101101,20170722,    0,    0
 23867,101101,20170723,    0,    0
 23867,101101,20170724,    0,    0
 23867,101101,20170725,    3,    0
 23867,101101,20170726,    0,    0
 23867,101101,20170727,   46,    0
 23867,101101,20170728,    2,    0
 23867,101101,20170729,   13,    0
 23867,101101,20170730,  125,    0
 23867,101101,20170731,   61,    0
 23867,101101,20170801,   33,    0
 23867,101101,20170802,    2,    0
 23867,101101,20170803,   80,    0
 23867,101101,20170804,   63,    0
 23867,101101,20170805,   93,    0
 23867,101101,20170806,    0,    0
 23867,101101,20170807,   25,    0
 23867,101101,20170808,  144,    0
 23867,101101,20170809,  411,    0
 23867,101101,20170810,    0,    0
 23867,101101,20170811,    2,    0
 23867,101101,20170812,    0,    0
 23867,101101,20170813,    0,    0
 23867,101101,20170814,    0,    0
 23867,101101,20170815,  310,    0
 23867,101101,20170816,    0,    0
 23867,101101,20170817,  114,    0
 23867,101101,20170818,   43,    0
 23867,101101,20170819,    0,    0
 23867,101101,20170820,    0,    0
 23867,101101,20170821,    9,    0
 23867,101101,20170822,    0,    0
 23867,101101,20170823,    0,    0
 23867,101101,20170824,   79,    0
 23867,101101,20170825,    0,    0
 23867,101101,20170826,    0,    0
 23867,101101,20170827,    0,    0
 23867,101101,20170828,    5,    0
 23867,101101,20170829,    1,    0
 23867,101101,20170830,    0,    0
 23867,101101,20170831,   14,    0
 23867,101101,20170901,    0,    0
 23867,101101,20170902,   24,    0
 23867,101101,20170903,    0,    0
 23867,101101,20170904,   33,    0
 23867,101101,20170905,   55,    0
 23867,101101,20170906,  380,    0
 23867,101101,20170907,    2,    0
 23867,101101,20170908,  135,    0
 23867,101101,20170909,   55,    0
 23867,101101,20170910,  157,    0
 23867,101101,20170911,  321,    0
 23867,101101,20170912,   16,    0
 23867,101101,20170913,    0,    0
 23867,101101,20170914,    1,    0
 23867,101101,20170915,    0,    0
 23867,101101,20170916,    0,    0
 23867,101101,20170917,    0,    0
 23867,101101,20170918,   18,    0
 23867,101101,20170919,    4,    0
 23867,101101,20170920,   40,    0
 23867,101101,20170921,    0,    0
 23867,101101,20170922,   68,    0
 23867,101101,20170923,    4,    0
 23867,101101,20170924,    0,    0
 23867,101101,20170925,    0,    0
 23867,101101,20170926,   25,    0
 23867,101101,20170927,    0,    0
 23867,101101,20170928,    0,    0
 23867,101101,20170929,    0,    0
 23867,101101,20170930,    0,    0
 23867,101101,20171001,  396,    0
 23867,101101,20171002,  239,    0
 23867,101101,20171003,    5,    0
 23867,101101,20171004,    4,    0
 23867,101101,20171005,    0,    0
 23867,101101,20171006,    0,    0
 23867,101101,20171007,    0,    0
 23867,101101,20171008,    0,    0
 23867,101101,20171009,    0,    0
 23867,101101,20171010,   24,    0
 23867,101101,20171011,  170,    0
 23867,101101,20171012,    0,    0
 23867,101101,20171013,   29,    0
 23867,101101,20171014,    0,    0
 23867,101101,20171015,    4,    0
 23867,101101,20171016,   69,    0
 23867,101101,20171017,   45,    0
 23867,101101,20171018,    0,    0
 23867,101101,20171019,   40,    0
 23867,101101,20171020,   23,    0
 23867,101101,20171021,  176,    0
 23867,101101,20171022,  258,    0
 23867,101101,20171023,    1,    0
 23867,101101,20171024,  389,    0
 23867,101101,20171025,    6,    0
 23867,101101,20171026,    3,    0
 23867,101101,20171027,    0,    0
 23867,101101,20171028,    7,    0
 23867,101101,20171029,    0,    0
 23867,101101,20171030,    0,    0
 23867,101101,20171031,    0,    0
 23867,101101,20171101,    4,    0
 23867,101101,20171102,    0,    0
 23867,101101,20171103,    0,    0
 23867,101101,20171104,  116,    0
 23867,101101,20171105,   31,    0
 23867,101101,20171106,    0,    0
 23867,101101,20171107,   14,    0
 23867,101101,20171108,   57,    0
 23867,101101,20171109,   26,    0
 23867,101101,20171110,  156,    0
 23867,101101,20171111,    0,    0
 23867,101101,20171112,    0,    0
 23867,101101,20171113,    0,    0
 23867,101101,20171114,   42,    0
 23867,101101,20171115,    0,    0
 23867,101101,20171116,   53,    0
 23867,101101,20171117,    0,    0
 23867,101101,20171118,    2,    0
 23867,101101,20171119,    0,    0
 23867,101101,20171120,    0,    0
 23867,101101,20171121,   33,    0
 23867,101101,20171122,  239,    0
 23867,101101,20171123,  108,    0
 23867,101101,20171124,    0,    0
 23867,101101,20171125,   14,    0
 23867,101101,20171126,    3,    0
 23867,101101,20171127,   44,    0
 23867,101101,20171128,    6,    0
 23867,101101,20171129,    0,    0
 23867,101101,20171130,    8,    0
 23867,101101,20171201,    0,    0
 23867,101101,20171202,    0,    0
 23867,101101,20171203,    0,    0
 23867,101101,20171204,    0,    0
 23867,101101,20171205,   25,    0
 23867,101101,20171206,    3,    0
 23867,101101,20171207,   11,    0
 23867,101101,20171208,    0,    0
 23867,101101,20171209,    0,    0
 23867,101101,20171210,    2,    0
 23867,101101,20171211,    0,    0
 23867,101101,20171212,    0,    0
 23867,101101,20171213,   73,    0
 23867,101101,20171214,   22,    0
 23867,101101,20171215,    1,    0
 23867,101101,20171216,    0,    0
 23867,101101,20171217,    3,    0
 23867,101101,20171218,    1,    0
 23867,101101,20171219,    0,    0
 23867,101101,20171220,    0,    0
 23867,101101,20171221,    0,    0
 23867,101101,20171222,    0,    0
 23867,101101,20171223,    4,    0
 23867,101101,20171224,    0,    0
 23867,101101,20171225,   61,    0
 23867,101101,20171226,  198,    0
 23867,101101,20171227,  143,    0
 23867,101101,20171228,   61,    0
 23867,101101,20171229,    0,    0
 23867,101101,20171230,    0,    0
 23867,101101,20171231,  106,    0
 23867,101101,20180101,   22,    0
 23867,101101,20180102,   30,    0
 23867,101101,20180103,   24,    0
 23867,101101,20180104,    4,    0
 23867,101101,20180105,    0,    0
 23867,101101,20180106,    0,    0
 23867,101101,20180107,    0,    0
 23867,101101,20180108,    0,    0
 23867,101101,20180109,    0,    0
 23867,101101,20180110,   63,    0
 23867,101101,20180111,   21,    0
 23867,101101,20180112,    9,    0
 23867,101101,20180113,    1,    0
 23867,101101,20180114,    3,    0
 23867,101101,20180115,  325,    0
 23867,101101,20180116,   49,    0
 23867,101101,20180117,    0,    0
 23867,101101,20180118,    0,    0
 23867,101101,20180119,    8,    0
 23867,101101,20180120,   79,    0
 23867,101101,20180121,    0,    0
 23867,101101,20180122,   22,    0
 23867,101101,20180123,   76,    0
 23867,101101,20180124,   70,    0
 23867,101101,20180125,    0,    0
 23867,101101,20180126,    0,    0
 23867,101101,20180127,  103,    0
 23867,101101,20180128,    0,    0
 23867,101101,20180129,   19,    0
 23867,101101,20180130,   19,    0
 23867,101101,20180131,  269,    0
 23867,101101,20180201,   25,    0
 23867,101101,20180202,    0,    0
 23867,101101,20180203,    0,    0
 23867,101101,20180204,    0,    0
 23867,101101,20180205,    0,    0
 23867,101101,20180206,    0,    0
 23867,101101,20180207,    0,    0
 23867,101101,20180208,   15,    0
 23867,101101,20180209,    0,    0
 23867,101101,20180210,   50,    0
 23867,101101,20180211,   66,    0
 23867,101101,20180212,   49,    0
 23867,101101,20180213,   29,    0
 23867,101101,20180214,    0,    0
 23867,101101,20180215,   57,    0
 23867,101101,20180216,    1,    0
 23867,101101,20180217,    4,    0
 23867,101101,20180218,   28,    0
 23867,101101,20180219,    0,    0
 23867,101101,20180220,    0,    0
 23867,101101,20180221,    0,    0
 23867,101101,20180222,    0,    0
 23867,101101,20180223,    0,    0
 23867,101101,20180224,   18,    0
 23867,101101,20180225,    0,    0
 23867,101101,20180226,    0,    0
 23867,101101,20180227,    0,    0
 23867,101101,20180228,    0,    0
 23867,101101,20180301,    0,    0
 23867,101101,20180302,    0,    0
 23867,101101,20180303,    0,    0
 23867,101101,20180304,    0,    0
 23867,101101,20180305,    7,    0
 23867,101101,20180306,    0,    0
 23867,101101,20180307,    0,    0
 23867,101101,20180308,   17,    0
 23867,101101,20180309,    0,    0
 23867,101101,20180310,    0,    0
 23867,101101,20180311,   66,    0
 23867,101101,20180312,    6,    0
 23867,101101,20180313,    0,    0
 23867,101101,20180314,    0,    0
 23867,101101,20180315,    0,    0
 23867,101101,20180316,    0,    0
 23867,101101,20180317,    0,    0
 23867,101101,20180318,    0,    0
 23867,101101,20180319,    3,    0
 23867,101101,20180320,    0,    0
 23867,101101,20180321,    0,    0
 23867,101101,20180322,    0,    0
 23867,101101,20180323,   19,    0
 23867,101101,20180324,    0,    0
 23867,101101,20180325,    0,    0
 23867,101101,20180326,    0,    0
 23867,101101,20180327,    0,    0
 23867,101101,20180328,    0,    0
 23867,101101,20180329,    0,    0
 23867,101101,20180330,    0,    0
 23867,101101,20180331,    0,    0
 23867,101101,20180401,    0,    0
 23867,101101,20180402,    0,    0
 23867,101101,20180403,   84,    0
 23867,101101,20180404,   78,    0
 23867,101101,20180405,   27,    0
 23867,101101,20180406,    0,    0
 23867,101101,20180407,    0,    0
 23867,101101,20180408,   50,    0
 23867,101101,20180409,    6,    0
 23867,101101,20180410,    0,    0
 23867,101101,20180411,    0,    0
 23867,101101,20180412,    0,    0
 23867,101101,20180413,    0,    0
 23867,101101,20180414,    0,    0
 23867,101101,20180415,    0,    0
 23867,101101,20180416,   19,    0
 23867,101101,20180417,    7,    0
 23867,101101,20180418,    0,    0
 23867,101101,20180419,    2,    0
 23867,101101,20180420,    0,    0
 23867,101101,20180421,    0,    0
 23867,101101,20180422,    1,    0
 23867,101101,20180423,   44,    0
 23867,101101,20180424,    0,    0
 23867,101101,20180425,    0,    0
 23867,101101,20180426,    0,    0
 23867,101101,20180427,   22,    0
 23867,101101,20180428,    0,    0
 23867,101101,20180429,    0,    0
 23867,101101,20180430,  165,    0
 23867,101101,20180501,   95,    0
 23867,101101,20180502,    0,    0
 23867,101101,20180503,  100,    0
 23867,101101,20180504,    0,    0
 23867,101101,20180505,    0,    0
 23867,101101,20180506,    0,    0
 23867,101101,20180507,    0,    0
 23867,101101,20180508,    0,    0
 23867,101101,20180509,    0,    0
 23867,101101,20180510,   36,    0
 23867,101101,20180511,    0,    0
 23867,101101,20180512,    0,    0
 23867,101101,20180513,    0,    0
 23867,101101,20180514,    0,    0
 23867,101101,20180515,    0,    0
 23867,101101,20180516,    0,    0
 23867,101101,20180517,    0,    0
 23867,101101,20180518,    0,    0
 23867,101101,20180519,    0,    0
 23867,101101,20180520,    0,    0
 23867,101101,20180521,    0,    0
 23867,101101,20180522,    0,    0
 23867,101101,20180523,    0,    0
 23867,101101,20180524,    0,    0
 23867,101101,20180525,    0,    0
 23867,101101,20180526,    0,    0
 23867,101101,20180527,    0,    0
 23867,101101,20180528,   39,    0
 23867,101101,20180529,    0,    0
 23867,101101,20180530,    0,    0
 23867,101101,20180531,    0,    0
 23867,101101,20180601,    0,    0
 23867,101101,20180602,    0,    0
 23867,101101,20180603,    0,    0
 23867,101101,20180604,    0,    0
 23867,101101,20180605,    0,    0
 23867,101101,20180606,    0,    0
 23867,101101,20180607,    0,    0
 23867,101101,20180608,    0,    0
 23867,101101,20180609,    0,    0
 23867,101101,20180610,    6,    0
 23867,101101,20180611,   66,    0
 23867,101101,20180612,   37,    0
 23867,101101,20180613,   19,    0
 23867,101101,20180614,   62,    0
 23867,101101,20180615,    0,    0
 23867,101101,20180616,  119,    0
 23867,101101,20180617,  287,    0
 23867,101101,20180618,    3,    0
 23867,101101,20180619,    0,    0
 23867,101101,20180620,    6,    0
 23867,101101,20180621,    9,    0
 23867,101101,20180622,    1,    0
 23867,101101,20180623,    0,    0
 23867,101101,20180624,    0,    0
 23867,101101,20180625,    0,    0
 23867,101101,20180626,    0,    0
 23867,101101,20180627,    0,    0
 23867,101101,20180628,    0,    0
 23867,101101,20180629,    0,    0
 23867,101101,20180630,    0,    0
 23867,101101,20180701,    0,    0
 23867,101101,20180702,    0,    0
 23867,101101,20180703,    0,    0
 23867,101101,20180704,    0,    0
 23867,101101,20180705,    0,    0
 23867,101101,20180706,    0,    0
 23867,101101,20180707,    0,    0
 23867,101101,20180708,    0,    0
 23867,101101,20180709,    0,    0
 23867,101101,20180710,    0,    0
 23867,101101,20180711,    0,    0
 23867,101101,20180712,    0,    0
 23867,101101,20180713,    0,    0
 23867,101101,20180714,    0,    0
 23867,101101,20180715,    0,    0
 23867,101101,20180716,    0,    0
 23867,101101,20180717,   18,    0
 23867,101101,20180718,    0,    0
 23867,101101,20180719,    0,    0
 23867,101101,20180720,    0,    0
 23867,101101,20180721,    0,    0
 23867,101101,20180722,    0,    0
 23867,101101,20180723,    0,    0
 23867,101101,20180724,    0,    0
 23867,101101,20180725,    0,    0
 23867,101101,20180726,    0,    0
 23867,101101,20180727,    0,    0
 23867,101101,20180728,    0,    0
 23867,101101,20180729,    0,    0
 23867,101101,20180730,   16,    0
 23867,101101,20180731,   92,    0
 23867,101101,20180801,    0,    0
 23867,101101,20180802,    0,    0
 23867,101101,20180803,    0,    0
 23867,101101,20180804,  149,    0
 23867,101101,20180805,    0,    0
 23867,101101,20180806,    0,    0
 23867,101101,20180807,    0,    0
 23867,101101,20180808,  226,    0
 23867,101101,20180809,   97,    0
 23867,101101,20180810,   10,    0
 23867,101101,20180811,    6,    0
 23867,101101,20180812,    0,    0
 23867,101101,20180813,    0,    0
 23867,101101,20180814,    0,    0
 23867,101101,20180815,   10,    0
 23867,101101,20180816,   38,    0
 23867,101101,20180817,    3,    0
 23867,101101,20180818,   21,    0
 23867,101101,20180819,    0,    0
 23867,101101,20180820,    0,    0
 23867,101101,20180821,    0,    0
 23867,101101,20180822,   16,    0
 23867,101101,20180823,    2,    0
 23867,101101,20180824,    0,    0
 23867,101101,20180825,    0,    0
 23867,101101,20180826,    0,    0
 23867,101101,20180827,    0,    0
 23867,101101,20180828,    0,    0
 23867,101101,20180829,   28,    0
 23867,101101,20180830,    6,    0
 23867,101101,20180831,    0,    0
 23867,101101,20180901,    0,    0
 23867,101101,20180902,    0,    0
 23867,101101,20180903,    0,    0
 23867,101101,20180904,    0,    0
 23867,101101,20180905,   45,    0
 23867,101101,20180906,    9,    0
 23867,101101,20180907,  191,    0
 23867,101101,20180908,  424,    0
 23867,101101,20180909,  326,    0
 23867,101101,20180910,    0,    0
 23867,101101,20180911,  183,    0
 23867,101101,20180912,    0,    0
 23867,101101,20180913,    0,    0
 23867,101101,20180914,    0,    0
 23867,101101,20180915,    0,    0
 23867,101101,20180916,   70,    0
 23867,101101,20180917,    9,    0
 23867,101101,20180918,    0,    0
 23867,101101,20180919,    8,    0
 23867,101101,20180920,   41,    0
 23867,101101,20180921,  184,    0
 23867,101101,20180922,    0,    0
 23867,101101,20180923,    0,    0
 23867,101101,20180924,    0,    0
 23867,101101,20180925,    0,    0
 23867,101101,20180926,    0,    0
 23867,101101,20180927,   21,    0
 23867,101101,20180928,    0,    0
 23867,101101,20180929,    2,    0
 23867,101101,20180930,    0,    0
 23867,101101,20181001,    0,    0
 23867,101101,20181002,   56,    0
 23867,101101,20181003,    0,    0
 23867,101101,20181004,    0,    0
 23867,101101,20181005,    0,    0
 23867,101101,20181006,    0,    0
 23867,101101,20181007,   36,    0
 23867,101101,20181008,    0,    0
 23867,101101,20181009,    0,    0
 23867,101101,20181010,    0,    0
 23867,101101,20181011,    0,    0
 23867,101101,20181012,    0,    0
 23867,101101,20181013,    0,    0
 23867,101101,20181014,    0,    0
 23867,101101,20181015,   55,    0
 23867,101101,20181016,    7,    0
 23867,101101,20181017,    0,    0
 23867,101101,20181018,    1,    0
 23867,101101,20181019,    0,    0
 23867,101101,20181020,    0,    0
 23867,101101,20181021,    0,    0
 23867,101101,20181022,    0,    0
 23867,101101,20181023,    0,    0
 23867,101101,20181024,    0,    0
 23867,101101,20181025,    5,    0
 23867,101101,20181026,    0,    0
 23867,101101,20181027,    0,    0
 23867,101101,20181028,    0,    0
 23867,101101,20181029,   40,    0
 23867,101101,20181030,  367,    0
 23867,101101,20181031,   23,    0
 23867,101101,20181101,    6,    0
 23867,101101,20181102,   67,    0
 23867,101101,20181103,    2,    0
 23867,101101,20181104,    0,    0
 23867,101101,20181105,   15,    0
 23867,101101,20181106,    3,    0
 23867,101101,20181107,   17,    0
 23867,101101,20181108,   37,    0
 23867,101101,20181109,  147,    0
 23867,101101,20181110,  394,    0
 23867,101101,20181111,  351,    0
 23867,101101,20181112,   39,    0
 23867,101101,20181113,   80,    0
 23867,101101,20181114,   24,    0
 23867,101101,20181115,    1,    0
 23867,101101,20181116,    0,    0
 23867,101101,20181117,    0,    0
 23867,101101,20181118,    0,    0
 23867,101101,20181119,    0,    0
 23867,101101,20181120,    0,    0
 23867,101101,20181121,    0,    0
 23867,101101,20181122,    0,    0
 23867,101101,20181123,    0,    0
 23867,101101,20181124,    0,    0
 23867,101101,20181125,    0,    0
 23867,101101,20181126,    0,    0
 23867,101101,20181127,    0,    0
 23867,101101,20181128,   90,    0
 23867,101101,20181129,  285,    0
 23867,101101,20181130,  116,    0
 23867,101101,20181201,   10,    0
 23867,101101,20181202,  230,    0
 23867,101101,20181203,   82,    0
 23867,101101,20181204,    0,    0
 23867,101101,20181205,    0,    0
 23867,101101,20181206,   97,    0
 23867,101101,20181207,  135,    0
 23867,101101,20181208,    5,    0
 23867,101101,20181209,    0,    0
 23867,101101,20181210,    0,    0
 23867,101101,20181211,    0,    0
 23867,101101,20181212,    0,    0
 23867,101101,20181213,    0,    0
 23867,101101,20181214,    0,    0
 23867,101101,20181215,    7,    0
 23867,101101,20181216,   11,    0
 23867,101101,20181217,    0,    0
 23867,101101,20181218,   30,    0
 23867,101101,20181219,   16,    0
 23867,101101,20181220,    1,    0
 23867,101101,20181221,    0,    0
 23867,101101,20181222,    0,    0
 23867,101101,20181223,    0,    0
 23867,101101,20181224,    0,    0
 23867,101101,20181225,    0,    0
 23867,101101,20181226,    0,    0
 23867,101101,20181227,    0,    0
 23867,101101,20181228,    0,    0
 23867,101101,20181229,    0,    0
 23867,101101,20181230,    0,    0
 23867,101101,20181231,-9999,    9
 23867,101101,20190101,-9999,    9
 23867,101101,20190102,-9999,    9
 23867,101101,20190103,-9999,    9
 23867,101101,20190104,-9999,    9
 23867,101101,20190105,-9999,    9
 23867,101101,20190106,-9999,    9
 23867,101101,20190107,-9999,    9
 23867,101101,20190108,-9999,    9
 23867,101101,20190109,-9999,    9
 23867,101101,20190110,-9999,    9
 23867,101101,20190111,-9999,    9
 23867,101101,20190112,-9999,    9
 23867,101101,20190113,-9999,    9
 23867,101101,20190114,-9999,    9
 23867,101101,20190115,-9999,    9
 23867,101101,20190116,-9999,    9
 23867,101101,20190117,-9999,    9
 23867,101101,20190118,-9999,    9
 23867,101101,20190119,-9999,    9
 23867,101101,20190120,    9,    0
 23867,101101,20190121,    0,    0
 23867,101101,20190122,   33,    0
 23867,101101,20190123,    4,    0
 23867,101101,20190124,    1,    0
 23867,101101,20190125,   51,    0
 23867,101101,20190126,    4,    0
 23867,101101,20190127,   60,    0
 23867,101101,20190128,   23,    0
 23867,101101,20190129,    0,    0
 23867,101101,20190130,    7,    0
 23867,101101,20190131,   59,    0
 23867,101101,20190201,   77,    0
 23867,101101,20190202,   28,    0
 23867,101101,20190203,    0,    0
 23867,101101,20190204,  100,    0
 23867,101101,20190205,    3,    0
 23867,101101,20190206,   42,    0
 23867,101101,20190207,  176,    0
 23867,101101,20190208,  150,    0
 23867,101101,20190209,   81,    0
 23867,101101,20190210,   14,    0
 23867,101101,20190211,    0,    0
 23867,101101,20190212,   13,    0
 23867,101101,20190213,    0,    0
 23867,101101,20190214,    0,    0
 23867,101101,20190215,    0,    0
 23867,101101,20190216,    0,    0
 23867,101101,20190217,    6,    0
 23867,101101,20190218,    2,    0
 23867,101101,20190219,    0,    0
 23867,101101,20190220,   88,    0
 23867,101101,20190221,   16,    0
 23867,101101,20190222,   16,    0
 23867,101101,20190223,    0,    0
 23867,101101,20190224,    0,    0
 23867,101101,20190225,    0,    0
 23867,101101,20190226,    0,    0
 23867,101101,20190227,    0,    0
 23867,101101,20190228,    0,    0
 23867,101101,20190301,    0,    0
 23867,101101,20190302,   58,    0
 23867,101101,20190303,   37,    0
 23867,101101,20190304,   28,    0
 23867,101101,20190305,   29,    0
 23867,101101,20190306,  107,    0
 23867,101101,20190307,  208,    0
 23867,101101,20190308,   54,    0
 23867,101101,20190309,   71,    0
 23867,101101,20190310,    0,    0
 23867,101101,20190311,    0,    0
 23867,101101,20190312,  394,    0
 23867,101101,20190313,    6,    0
 23867,101101,20190314,    1,    0
 23867,101101,20190315,   19,    0
 23867,101101,20190316,   88,    0
 23867,101101,20190317,   60,    0
 23867,101101,20190318,    0,    0
 23867,101101,20190319,    0,    0
 23867,101101,20190320,    0,    0
 23867,101101,20190321,    0,    0
 23867,101101,20190322,    6,    0
 23867,101101,20190323,    0,    0
 23867,101101,20190324,    0,    0
 23867,101101,20190325,    0,    0
 23867,101101,20190326,    0,    0
 23867,101101,20190327,    0,    0
 23867,101101,20190328,    0,    0
 23867,101101,20190329,    0,    0
 23867,101101,20190330,   13,    0
 23867,101101,20190331,    0,    0
 23867,101101,20190401,    0,    0
 23867,101101,20190402,    0,    0
 23867,101101,20190403,    4,    0
 23867,101101,20190404,    0,    0
 23867,101101,20190405,    0,    0
 23867,101101,20190406,    0,    0
 23867,101101,20190407,    0,    0
 23867,101101,20190408,    0,    0
 23867,101101,20190409,    0,    0
 23867,101101,20190410,    0,    0
 23867,101101,20190411,    0,    0
 23867,101101,20190412,    0,    0
 23867,101101,20190413,    0,    0
 23867,101101,20190414,    0,    0
 23867,101101,20190415,    0,    0
 23867,101101,20190416,    0,    0
 23867,101101,20190417,    0,    0
 23867,101101,20190418,    0,    0
 23867,101101,20190419,    0,    0
 23867,101101,20190420,    0,    0
 23867,101101,20190421,    0,    0
 23867,101101,20190422,    0,    0
 23867,101101,20190423,    0,    0
 23867,101101,20190424,    0,    0
 23867,101101,20190425,   21,    0
 23867,101101,20190426,    0,    0
 23867,101101,20190427,  221,    0
 23867,101101,20190428,    0,    0
 23867,101101,20190429,    0,    0
 23867,101101,20190430,    0,    0
 23867,101101,20190501,    5,    0
 23867,101101,20190502,    0,    0
 23867,101101,20190503,    0,    0
 23867,101101,20190504,    0,    0
 23867,101101,20190505,    0,    0
 23867,101101,20190506,    0,    0
 23867,101101,20190507,    0,    0
 23867,101101,20190508,   28,    0
 23867,101101,20190509,  181,    0
 23867,101101,20190510,   33,    0
 23867,101101,20190511,    2,    0
 23867,101101,20190512,    0,    0
 23867,101101,20190513,    0,    0
 23867,101101,20190514,    0,    0
 23867,101101,20190515,    0,    0
 23867,101101,20190516,    0,    0
 23867,101101,20190517,   53,    0
 23867,101101,20190518,  130,    0
 23867,101101,20190519,    0,    0
 23867,101101,20190520,   61,    0
 23867,101101,20190521,  175,    0
 23867,101101,20190522,   13,    0
 23867,101101,20190523,  146,    0
 23867,101101,20190524,   38,    0
 23867,101101,20190525,    0,    0
 23867,101101,20190526,    0,    0
 23867,101101,20190527,   32,    0
 23867,101101,20190528,    0,    0
 23867,101101,20190529,    4,    0
 23867,101101,20190530,   50,    0
 23867,101101,20190531,   13,    0
 23867,101101,20190601,    0,    0
 23867,101101,20190602,   48,    0
 23867,101101,20190603,    1,    0
 23867,101101,20190604,    5,    0
 23867,101101,20190605,   53,    0
 23867,101101,20190606,  139,    0
 23867,101101,20190607,    0,    0
 23867,101101,20190608,  127,    0
 23867,101101,20190609,    4,    0
 23867,101101,20190610,    0,    0
 23867,101101,20190611,  276,    0
 23867,101101,20190612,  131,    0
 23867,101101,20190613,   23,    0
 23867,101101,20190614,   36,    0
 23867,101101,20190615,    2,    0
 23867,101101,20190616,    2,    0
 23867,101101,20190617,    0,    0
 23867,101101,20190618,    0,    0
 23867,101101,20190619,  115,    0
 23867,101101,20190620,    8,    0
 23867,101101,20190621,    3,    0
 23867,101101,20190622,    0,    0
 23867,101101,20190623,    0,    0
 23867,101101,20190624,    0,    0
 23867,101101,20190625,   48,    0
 23867,101101,20190626,    0,    0
 23867,101101,20190627,    0,    0
 23867,101101,20190628,    0,    0
 23867,101101,20190629,    0,    0
 23867,101101,20190630,    2,    0
 23867,101101,20190701,   27,    0
 23867,101101,20190702,    0,    0
 23867,101101,20190703,    0,    0
 23867,101101,20190704,    1,    0
 23867,101101,20190705,    0,    0
 23867,101101,20190706,   83,    0
 23867,101101,20190707,   11,    0
 23867,101101,20190708,    0,    0
 23867,101101,20190709,    0,    0
 23867,101101,20190710,    0,    0
 23867,101101,20190711,    0,    0
 23867,101101,20190712,    0,    0
 23867,101101,20190713,    0,    0
 23867,101101,20190714,    0,    0
 23867,101101,20190715,   25,    0
 23867,101101,20190716,    0,    0
 23867,101101,20190717,    0,    0
 23867,101101,20190718,   11,    0
 23867,101101,20190719,   33,    0
 23867,101101,20190720,  224,    0
 23867,101101,20190721,   63,    0
 23867,101101,20190722,    8,    0
 23867,101101,20190723,    0,    0
 23867,101101,20190724,    0,    0
 23867,101101,20190725,    0,    0
 23867,101101,20190726,    0,    0
 23867,101101,20190727,    0,    0
 23867,101101,20190728,    0,    0
 23867,101101,20190729,    0,    0
 23867,101101,20190730,    1,    0
 23867,101101,20190731,    0,    0
 23867,101101,20190801,    0,    0
 23867,101101,20190802,    0,    0
 23867,101101,20190803,    0,    0
 23867,101101,20190804,    0,    0
 23867,101101,20190805,    0,    0
 23867,101101,20190806,   13,    0
 23867,101101,20190807,    0,    0
 23867,101101,20190808,    0,    0
 23867,101101,20190809,   48,    0
 23867,101101,20190810,  157,    0
 23867,101101,20190811,   32,    0
 23867,101101,20190812,    0,    0
 23867,101101,20190813,    1,    0
 23867,101101,20190814,  225,    0
 23867,101101,20190815,   97,    0
 23867,101101,20190816,   30,    0
 23867,101101,20190817,  306,    0
 23867,101101,20190818,    8,    0
 23867,101101,20190819,    0,    0
 23867,101101,20190820,   14,    0
 23867,101101,20190821,    0,    0
 23867,101101,20190822,  145,    0
 23867,101101,20190823,    0,    0
 23867,101101,20190824,    0,    0
 23867,101101,20190825,    0,    0
 23867,101101,20190826,    0,    0
 23867,101101,20190827,    1,    0
 23867,101101,20190828,   94,    0
 23867,101101,20190829,    4,    0
 23867,101101,20190830,    0,    0
 23867,101101,20190831,  184,    0
 23867,101101,20190901,    0,    0
 23867,101101,20190902,   23,    0
 23867,101101,20190903,   66,    0
 23867,101101,20190904,  331,    0
 23867,101101,20190905,    9,    0
 23867,101101,20190906,  147,    0
 23867,101101,20190907,   49,    0
 23867,101101,20190908,    3,    0
 23867,101101,20190909,   51,    0
 23867,101101,20190910,   89,    0
 23867,101101,20190911,   43,    0
 23867,101101,20190912,    0,    0
 23867,101101,20190913,    0,    0
 23867,101101,20190914,    0,    0
 23867,101101,20190915,    0,    0
 23867,101101,20190916,    0,    0
 23867,101101,20190917,    0,    0
 23867,101101,20190918,    0,    0
 23867,101101,20190919,    0,    0
 23867,101101,20190920,    0,    0
 23867,101101,20190921,    0,    0
 23867,101101,20190922,    0,    0
 23867,101101,20190923,    0,    0
 23867,101101,20190924,    0,    0
 23867,101101,20190925,    0,    0
 23867,101101,20190926,  146,    0
 23867,101101,20190927,  254,    0
 23867,101101,20190928,  307,    0
 23867,101101,20190929,    2,    0
 23867,101101,20190930,   20,    0
 23867,101101,20191001,    7,    0
 23867,101101,20191002,    6,    0
 23867,101101,20191003,  102,    0
 23867,101101,20191004,    0,    0
 23867,101101,20191005,    0,    0
 23867,101101,20191006,    0,    0
 23867,101101,20191007,   28,    0
 23867,101101,20191008,   64,    0
 23867,101101,20191009,   26,    0
 23867,101101,20191010,   15,    0
 23867,101101,20191011,   41,    0
 23867,101101,20191012,    1,    0
 23867,101101,20191013,  114,    0
 23867,101101,20191014,    4,    0
 23867,101101,20191015,  235,    0
 23867,101101,20191016,  177,    0
 23867,101101,20191017,-9999,    9
 23867,101101,20191018,-9999,    9
 23867,101101,20191019,-9999,    9
 23867,101101,20191020,-9999,    9
 23867,101101,20191021,-9999,    9
 23867,101101,20191022,    4,    0
 23867,101101,20191023,    0,    0
 23867,101101,20191024,   83,    0
 23867,101101,20191025,   78,    0
 23867,101101,20191026,    4,    0
 23867,101101,20191027,    0,    0
 23867,101101,20191028,    0,    0
 23867,101101,20191029,    0,    0
 23867,101101,20191030,    0,    0
 23867,101101,20191031,    0,    0
 23867,101101,20191101,    0,    0
 23867,101101,20191102,    0,    0
 23867,101101,20191103,    0,    0
 23867,101101,20191104,    0,    0
 23867,101101,20191105,    0,    0
 23867,101101,20191106,    0,    0
 23867,101101,20191107,    0,    0
 23867,101101,20191108,   66,    0
 23867,101101,20191109,    0,    0
 23867,101101,20191110,   63,    0
 23867,101101,20191111,   33,    0
 23867,101101,20191112,  181,    0
 23867,101101,20191113,   77,    0
 23867,101101,20191114,   39,    0
 23867,101101,20191115,    6,    0
 23867,101101,20191116,  146,    0
 23867,101101,20191117,   20,    0
 23867,101101,20191118,  408,    0
 23867,101101,20191119,   98,    0
 23867,101101,20191120,   21,    0
 23867,101101,20191121,  207,    0
 23867,101101,20191122,  230,    0
 23867,101101,20191123,   21,    0
 23867,101101,20191124,    8,    0
 23867,101101,20191125,   61,    0
 23867,101101,20191126,   84,    0
 23867,101101,20191127,  175,    0
 23867,101101,20191128,  103,    0
 23867,101101,20191129,    0,    0
 23867,101101,20191130,    0,    0
 23867,101101,20191201,    0,    0
 23867,101101,20191202,    0,    0
 23867,101101,20191203,   47,    0
 23867,101101,20191204,    0,    0
 23867,101101,20191205,   10,    0
 23867,101101,20191206,   39,    0
 23867,101101,20191207,   31,    0
 23867,101101,20191208,   42,    0
 23867,101101,20191209,    1,    0
 23867,101101,20191210,  124,    0
 23867,101101,20191211,   31,    0
 23867,101101,20191212,   49,    0
 23867,101101,20191213,   14,    0
 23867,101101,20191214,   35,    0
 23867,101101,20191215,    8,    0
 23867,101101,20191216,    6,    0
 23867,101101,20191217,    0,    0
 23867,101101,20191218,    0,    0
 23867,101101,20191219,   69,    0
 23867,101101,20191220,   26,    0
 23867,101101,20191221,   39,    0
 23867,101101,20191222,   16,    0
 23867,101101,20191223,   61,    0
 23867,101101,20191224,    6,    0
 23867,101101,20191225,    0,    0
 23867,101101,20191226,    0,    0
 23867,101101,20191227,    0,    0
 23867,101101,20191228,   27,    0
 23867,101101,20191229,    0,    0
 23867,101101,20191230,    0,    0
 23867,101101,20191231,    0,    0
 23867,101101,20200101,    0,    0
 23867,101101,20200102,    0,    0
 23867,101101,20200103,    1,    0
 23867,101101,20200104,    0,    0
 23867,101101,20200105,    0,    0
 23867,101101,20200106,    1,    0
 23867,101101,20200107,    6,    0
 23867,101101,20200108,    0,    0
 23867,101101,20200109,   35,    0
 23867,101101,20200110,    0,    0
 23867,101101,20200111,   27,    0
 23867,101101,20200112,    0,    0
 23867,101101,20200113,  146,    0
 23867,101101,20200114,  122,    0
 23867,101101,20200115,    0,    0
 23867,101101,20200116,   20,    0
 23867,101101,20200117,  103,    0
 23867,101101,20200118,    8,    0
 23867,101101,20200119,    0,    0
 23867,101101,20200120,    0,    0
 23867,101101,20200121,    0,    0
 23867,101101,20200122,    0,    0
 23867,101101,20200123,    0,    0
 23867,101101,20200124,    0,    0
 23867,101101,20200125,    0,    0
 23867,101101,20200126,    7,    0
 23867,101101,20200127,   70,    0
 23867,101101,20200128,  119,    0
 23867,101101,20200129,   16,    0
 23867,101101,20200130,  127,    0
 23867,101101,20200131,   13,    0
 23867,101101,20200201,    0,    0
 23867,101101,20200202,    0,    0
 23867,101101,20200203,   28,    0
 23867,101101,20200204,    2,    0
 23867,101101,20200205,    0,    0
 23867,101101,20200206,    0,    0
 23867,101101,20200207,    0,    0
 23867,101101,20200208,   18,    0
 23867,101101,20200209,  258,    0
 23867,101101,20200210,    0,    0
 23867,101101,20200211,    0,    0
 23867,101101,20200212,    0,    0
 23867,101101,20200213,    0,    0
 23867,101101,20200214,    9,    0
 23867,101101,20200215,  233,    0
 23867,101101,20200216,   83,    0
 23867,101101,20200217,    0,    0
 23867,101101,20200218,    0,    0
 23867,101101,20200219,    0,    0
 23867,101101,20200220,  145,    0
 23867,101101,20200221,   16,    0
 23867,101101,20200222,    2,    0
 23867,101101,20200223,    0,    0
 23867,101101,20200224,    0,    0
 23867,101101,20200225,    0,    0
 23867,101101,20200226,    0,    0
 23867,101101,20200227,    0,    0
 23867,101101,20200228,    7,    0
 23867,101101,20200229,  316,    0
 23867,101101,20200301,   78,    0
 23867,101101,20200302,   50,    0
 23867,101101,20200303,  108,    0
 23867,101101,20200304,   44,    0
 23867,101101,20200305,    0,    0
 23867,101101,20200306,    0,    0
 23867,101101,20200307,   46,    0
 23867,101101,20200308,   98,    0
 23867,101101,20200309,    2,    0
 23867,101101,20200310,   95,    0
 23867,101101,20200311,    0,    0
 23867,101101,20200312,    0,    0
 23867,101101,20200313,    7,    0
 23867,101101,20200314,   27,    0
 23867,101101,20200315,   67,    0
 23867,101101,20200316,    0,    0
 23867,101101,20200317,    0,    0
 23867,101101,20200318,    0,    0
 23867,101101,20200319,    0,    0
 23867,101101,20200320,    0,    0
 23867,101101,20200321,    0,    0
 23867,101101,20200322,    0,    0
 23867,101101,20200323,    0,    0
 23867,101101,20200324,    0,    0
 23867,101101,20200325,    0,    0
 23867,101101,20200326,    0,    0
 23867,101101,20200327,    0,    0
 23867,101101,20200328,    0,    0
 23867,101101,20200329,    0,    0
 23867,101101,20200330,    0,    0
 23867,101101,20200331,    0,    0
 23867,101101,20200401,    0,    0
 23867,101101,20200402,    4,    0
 23867,101101,20200403,    0,    0
 23867,101101,20200404,    5,    0
 23867,101101,20200405,    5,    0
 23867,101101,20200406,    6,    0
 23867,101101,20200407,    0,    0
 23867,101101,20200408,    0,    0
 23867,101101,20200409,    0,    0
 23867,101101,20200410,    0,    0
 23867,101101,20200411,   67,    0
 23867,101101,20200412,    0,    0
 23867,101101,20200413,    0,    0
 23867,101101,20200414,    3,    0
 23867,101101,20200415,    0,    0
 23867,101101,20200416,    0,    0
 23867,101101,20200417,    0,    0
 23867,101101,20200418,    0,    0
 23867,101101,20200419,    0,    0
 23867,101101,20200420,    0,    0
 23867,101101,20200421,    0,    0
 23867,101101,20200422,    0,    0
 23867,101101,20200423,    0,    0
 23867,101101,20200424,    0,    0
 23867,101101,20200425,    0,    0
 23867,101101,20200426,   64,    0
 23867,101101,20200427,  156,    0
 23867,101101,20200428,    5,    0
 23867,101101,20200429,    0,    0
 23867,101101,20200430,  208,    0
 23867,101101,20200501,    1,    0
 23867,101101,20200502,    1,    0
 23867,101101,20200503,   12,    0
 23867,101101,20200504,    0,    0
 23867,101101,20200505,    0,    0
 23867,101101,20200506,    0,    0
 23867,101101,20200507,    0,    0
 23867,101101,20200508,    0,    0
 23867,101101,20200509,  111,    0
 23867,101101,20200510,   19,    0
 23867,101101,20200511,    0,    0
 23867,101101,20200512,    5,    0
 23867,101101,20200513,    0,    0
 23867,101101,20200514,    0,    0
 23867,101101,20200515,    0,    0
 23867,101101,20200516,    0,    0
 23867,101101,20200517,    0,    0
 23867,101101,20200518,    0,    0
 23867,101101,20200519,    0,    0
 23867,101101,20200520,    0,    0
 23867,101101,20200521,    0,    0
 23867,101101,20200522,  181,    0
 23867,101101,20200523,    8,    0
 23867,101101,20200524,   21,    0
 23867,101101,20200525,    0,    0
 23867,101101,20200526,    0,    0
 23867,101101,20200527,    0,    0
 23867,101101,20200528,    0,    0
 23867,101101,20200529,    0,    0
 23867,101101,20200530,    0,    0
 23867,101101,20200531,    0,    0
 23867,101101,20200601,    0,    0
 23867,101101,20200602,    0,    0
 23867,101101,20200603,   28,    0
 23867,101101,20200604,   57,    0
 23867,101101,20200605,  170,    0
 23867,101101,20200606,   59,    0
 23867,101101,20200607,    1,    0
 23867,101101,20200608,    0,    0
 23867,101101,20200609,    0,    0
 23867,101101,20200610,    0,    0
 23867,101101,20200611,    0,    0
 23867,101101,20200612,    0,    0
 23867,101101,20200613,    0,    0
 23867,101101,20200614,    0,    0
 23867,101101,20200615,    0,    0
 23867,101101,20200616,    6,    0
 23867,101101,20200617,    0,    0
 23867,101101,20200618,    0,    0
 23867,101101,20200619,    0,    0
 23867,101101,20200620,  112,    0
 23867,101101,20200621,  124,    0
 23867,101101,20200622,    0,    0
 23867,101101,20200623,    0,    0
 23867,101101,20200624,    0,    0
 23867,101101,20200625,    0,    0
 23867,101101,20200626,    2,    0
 23867,101101,20200627,  147,    0
 23867,101101,20200628,   80,    0
 23867,101101,20200629,   70,    0
 23867,101101,20200630,    5,    0
 23867,101101,20200701,    0,    0
 23867,101101,20200702,   39,    0
 23867,101101,20200703,   48,    0
 23867,101101,20200704,   44,    0
 23867,101101,20200705,  202,    0
 23867,101101,20200706,   26,    0
 23867,101101,20200707,  217,    0
 23867,101101,20200708,    5,    0
 23867,101101,20200709,    0,    0
 23867,101101,20200710,   15,    0
 23867,101101,20200711,    1,    0
 23867,101101,20200712,    0,    0
 23867,101101,20200713,   14,    0
 23867,101101,20200714,   85,    0
 23867,101101,20200715,    2,    0
 23867,101101,20200716,    0,    0
 23867,101101,20200717,    3,    0
 23867,101101,20200718,   46,    0
 23867,101101,20200719,   42,    0
 23867,101101,20200720,    2,    0
 23867,101101,20200721,   14,    0
 23867,101101,20200722,    0,    0
 23867,101101,20200723,    0,    0
 23867,101101,20200724,    0,    0
 23867,101101,20200725,  175,    0
 23867,101101,20200726,  139,    0
 23867,101101,20200727,   29,    0
 23867,101101,20200728,  167,    0
 23867,101101,20200729,   43,    0
 23867,101101,20200730,    0,    0
 23867,101101,20200731,    0,    0
 23867,101101,20200801,    0,    0
 23867,101101,20200802,   14,    0
 23867,101101,20200803,    3,    0
 23867,101101,20200804,   44,    0
 23867,101101,20200805,   53,    0
 23867,101101,20200806,    0,    0
 23867,101101,20200807,    0,    0
 23867,101101,20200808,    0,    0
 23867,101101,20200809,   68,    0
 23867,101101,20200810,    0,    0
 23867,101101,20200811,    0,    0
 23867,101101,20200812,    0,    0
 23867,101101,20200813,    0,    0
 23867,101101,20200814,    0,    0
 23867,101101,20200815,    0,    0
 23867,101101,20200816,    1,    0
 23867,101101,20200817,    0,    0
 23867,101101,20200818,    0,    0
 23867,101101,20200819,    0,    0
 23867,101101,20200820,   18,    0
 23867,101101,20200821,  205,    0
 23867,101101,20200822,    0,    0
 23867,101101,20200823,   34,    0
 23867,101101,20200824,    0,    0
 23867,101101,20200825,    0,    0
 23867,101101,20200826,    0,    0
 23867,101101,20200827,    0,    0
 23867,101101,20200828,   14,    0
 23867,101101,20200829,    0,    0
 23867,101101,20200830,    7,    0
 23867,101101,20200831,    0,    0
 23867,101101,20200901,    0,    0
 23867,101101,20200902,    0,    0
 23867,101101,20200903,   64,    0
 23867,101101,20200904,    0,    0
 23867,101101,20200905,  123,    0
 23867,101101,20200906,   12,    0
 23867,101101,20200907,   13,    0
 23867,101101,20200908,   96,    0
 23867,101101,20200909,    7,    0
 23867,101101,20200910,    0,    0
 23867,101101,20200911,    3,    0
 23867,101101,20200912,    1,    0
 23867,101101,20200913,    0,    0
 23867,101101,20200914,    0,    0
 23867,101101,20200915,    0,    0
 23867,101101,20200916,    0,    0
 23867,101101,20200917,    0,    0
 23867,101101,20200918,    0,    0
 23867,101101,20200919,    1,    0
 23867,101101,20200920,    0,    0
 23867,101101,20200921,    0,    0
 23867,101101,20200922,    0,    0
 23867,101101,20200923,   58,    0
 23867,101101,20200924,  106,    0
 23867,101101,20200925,  391,    0
 23867,101101,20200926,   34,    0
 23867,101101,20200927,    1,    0
 23867,101101,20200928,   29,    0
 23867,101101,20200929,   29,    0
 23867,101101,20200930,    1,    0
 23867,101101,20201001,   18,    0
 23867,101101,20201002,    0,    0
 23867,101101,20201003,    1,    0
 23867,101101,20201004,  156,    0
 23867,101101,20201005,    3,    0
 23867,101101,20201006,  143,    0
 23867,101101,20201007,  126,    0
 23867,101101,20201008,    8,    0
 23867,101101,20201009,  172,    0
 23867,101101,20201010,   45,    0
 23867,101101,20201011,    0,    0
 23867,101101,20201012,    0,    0
 23867,101101,20201013,    0,    0
 23867,101101,20201014,    0,    0
 23867,101101,20201015,    0,    0
 23867,101101,20201016,    0,    0
 23867,101101,20201017,    0,    0
 23867,101101,20201018,    0,    0
 23867,101101,20201019,   72,    0
 23867,101101,20201020,  168,    0
 23867,101101,20201021,   78,    0
 23867,101101,20201022,   40,    0
 23867,101101,20201023,-9999,    9
 23867,101101,20201024,-9999,    9
 23867,101101,20201025,-9999,    9
 23867,101101,20201026,-9999,    9
 23867,101101,20201027,  111,    0
 23867,101101,20201028,   69,    0
 23867,101101,20201029,    1,    0
 23867,101101,20201030,   61,    0
 23867,101101,20201031,  128,    0
 23867,101101,20201101,  168,    0
 23867,101101,20201102,   24,    0
 23867,101101,20201103,    0,    0
 23867,101101,20201104,    6,    0
 23867,101101,20201105,    0,    0
 23867,101101,20201106,    0,    0
 23867,101101,20201107,    3,    0
 23867,101101,20201108,    1,    0
 23867,101101,20201109,    0,    0
 23867,101101,20201110,    7,    0
 23867,101101,20201111,   94,    0
 23867,101101,20201112,   25,    0
 23867,101101,20201113,  115,    0
 23867,101101,20201114,  109,    0
 23867,101101,20201115,  283,    0
 23867,101101,20201116,   59,    0
 23867,101101,20201117,   26,    0
 23867,101101,20201118,   12,    0
 23867,101101,20201119,    4,    0
 23867,101101,20201120,   45,    0
 23867,101101,20201121,    4,    0
 23867,101101,20201122,    0,    0
 23867,101101,20201123,    0,    0
 23867,101101,20201124,    0,    0
 23867,101101,20201125,    0,    0
 23867,101101,20201126,    0,    0
 23867,101101,20201127,    0,    0
 23867,101101,20201128,    0,    0
 23867,101101,20201129,    0,    0
 23867,101101,20201130,   89,    0
 23867,101101,20201201,    0,    0
 23867,101101,20201202,  208,    0
 23867,101101,20201203,  162,    0
 23867,101101,20201204,    7,    0
 23867,101101,20201205,   15,    0
 23867,101101,20201206,   79,    0
 23867,101101,20201207,  108,    0
 23867,101101,20201208,  151,    0
 23867,101101,20201209,   96,    0
 23867,101101,20201210,   32,    0
 23867,101101,20201211,    6,    0
 23867,101101,20201212,    2,    0
 23867,101101,20201213,   98,    0
 23867,101101,20201214,  196,    0
 23867,101101,20201215,  219,    0
 23867,101101,20201216,    6,    0
 23867,101101,20201217,  236,    0
 23867,101101,20201218,   61,    0
 23867,101101,20201219,   82,    0
 23867,101101,20201220,   89,    0
 23867,101101,20201221,   42,    0
 23867,101101,20201222,   43,    0
 23867,101101,20201223,    1,    0
 23867,101101,20201224,    0,    0
 23867,101101,20201225,    1,    0
 23867,101101,20201226,  205,    0
 23867,101101,20201227,  485,    0
 23867,101101,20201228,  124,    0
 23867,101101,20201229,   77,    0
 23867,101101,20201230,   50,    0
 23867,101101,20201231,   12,    0
 23867,101101,20210101,   63,    0
 23867,101101,20210102,    0,    0
 23867,101101,20210103,    0,    0
 23867,101101,20210104,    0,    0
 23867,101101,20210105,    0,    0
 23867,101101,20210106,    0,    0
 23867,101101,20210107,    0,    0
 23867,101101,20210108,    0,    0
 23867,101101,20210109,   12,    0
 23867,101101,20210110,    0,    0
 23867,101101,20210111,   33,    0
 23867,101101,20210112,    0,    0
 23867,101101,20210113,    1,    0
 23867,101101,20210114,    0,    0
 23867,101101,20210115,    0,    0
 23867,101101,20210116,    0,    0
 23867,101101,20210117,    4,    0
 23867,101101,20210118,   71,    0
 23867,101101,20210119,   98,    0
 23867,101101,20210120,  138,    0
 23867,101101,20210121,  262,    0
 23867,101101,20210122,   42,    0
 23867,101101,20210123,   40,    0
 23867,101101,20210124,    6,    0
 23867,101101,20210125,    0,    0
 23867,101101,20210126,    0,    0
 23867,101101,20210127,    0,    0
 23867,101101,20210128,    0,    0
 23867,101101,20210129,    0,    0
 23867,101101,20210130,    0,    0
 23867,101101,20210131,    8,    0
 23867,101101,20210201,    0,    0
 23867,101101,20210202,    0,    0
 23867,101101,20210203,    0,    0
 23867,101101,20210204,    0,    0
 23867,101101,20210205,    0,    0
 23867,101101,20210206,    0,    0
 23867,101101,20210207,    0,    0
 23867,101101,20210208,    0,    0
 23867,101101,20210209,    0,    0
 23867,101101,20210210,    0,    0
 23867,101101,20210211,    0,    0
 23867,101101,20210212,    0,    0
 23867,101101,20210213,    0,    0
 23867,101101,20210214,    0,    0
 23867,101101,20210215,   70,    0
 23867,101101,20210216,   65,    0
 23867,101101,20210217,   75,    0
 23867,101101,20210218,  162,    0
 23867,101101,20210219,   21,    0
 23867,101101,20210220,   15,    0
 23867,101101,20210221,    0,    0
 23867,101101,20210222,    4,    0
 23867,101101,20210223,    5,    0
 23867,101101,20210224,    2,    0
 23867,101101,20210225,    1,    0
 23867,101101,20210226,    0,    0
 23867,101101,20210227,    0,    0
 23867,101101,20210228,    0,    0
 23867,101101,20210301,    0,    0
 23867,101101,20210302,    0,    0
 23867,101101,20210303,    0,    0
 23867,101101,20210304,    0,    0
 23867,101101,20210305,    0,    0
 23867,101101,20210306,    0,    0
 23867,101101,20210307,    0,    0
 23867,101101,20210308,    0,    0
 23867,101101,20210309,    0,    0
 23867,101101,20210310,  153,    0
 23867,101101,20210311,  333,    0
 23867,101101,20210312,    0,    0
 23867,101101,20210313,   11,    0
 23867,101101,20210314,   15,    0
 23867,101101,20210315,    0,    0
 23867,101101,20210316,    0,    0
 23867,101101,20210317,    0,    0
 23867,101101,20210318,    0,    0
 23867,101101,20210319,    0,    0
 23867,101101,20210320,    0,    0
 23867,101101,20210321,    0,    0
 23867,101101,20210322,    0,    0
 23867,101101,20210323,    0,    0
 23867,101101,20210324,    0,    0
 23867,101101,20210325,    0,    0
 23867,101101,20210326,   52,    0
 23867,101101,20210327,    6,    0
 23867,101101,20210328,    3,    0
 23867,101101,20210329,    0,    0
 23867,101101,20210330,    0,    0
 23867,101101,20210331,   15,    0
 23867,101101,20210401,    0,    0
 23867,101101,20210402,    0,    0
 23867,101101,20210403,    0,    0
 23867,101101,20210404,    1,    0
 23867,101101,20210405,    0,    0
 23867,101101,20210406,    0,    0
 23867,101101,20210407,    0,    0
 23867,101101,20210408,   22,    0
 23867,101101,20210409,    0,    0
 23867,101101,20210410,    0,    0
 23867,101101,20210411,   54,    0
 23867,101101,20210412,   49,    0
 23867,101101,20210413,    0,    0
 23867,101101,20210414,    0,    0
 23867,101101,20210415,    0,    0
 23867,101101,20210416,    0,    0
 23867,101101,20210417,    0,    0
 23867,101101,20210418,    0,    0
 23867,101101,20210419,    0,    0
 23867,101101,20210420,    0,    0
 23867,101101,20210421,    2,    0
 23867,101101,20210422,    0,    0
 23867,101101,20210423,    0,    0
 23867,101101,20210424,    0,    0
 23867,101101,20210425,    0,    0
 23867,101101,20210426,    0,    0
 23867,101101,20210427,    0,    0
 23867,101101,20210428,    0,    0
 23867,101101,20210429,    0,    0
 23867,101101,20210430,    0,    0
 23867,101101,20210501,    0,    0
 23867,101101,20210502,    0,    0
 23867,101101,20210503,   74,    0
 23867,101101,20210504,   24,    0
 23867,101101,20210505,   31,    0
 23867,101101,20210506,    0,    0
 23867,101101,20210507,    0,    0
 23867,101101,20210508,    7,    0
 23867,101101,20210509,  133,    0
 23867,101101,20210510,  105,    0
 23867,101101,20210511,   47,    0
 23867,101101,20210512,  146,    0
 23867,101101,20210513,    8,    0
 23867,101101,20210514,    3,    0
 23867,101101,20210515,   27,    0
 23867,101101,20210516,   17,    0
 23867,101101,20210517,   55,    0
 23867,101101,20210518,    0,    0
 23867,101101,20210519,    0,    0
 23867,101101,20210520,    0,    0
 23867,101101,20210521,    0,    0
 23867,101101,20210522,   21,    0
 23867,101101,20210523,   87,    0
 23867,101101,20210524,    2,    0
 23867,101101,20210525,   30,    0
 23867,101101,20210526,   22,    0
 23867,101101,20210527,    0,    0
 23867,101101,20210528,    0,    0
 23867,101101,20210529,    0,    0
 23867,101101,20210530,    0,    0
 23867,101101,20210531,    0,    0
 23867,101101,20210601,    0,    0
 23867,101101,20210602,    0,    0
 23867,101101,20210603,    0,    0
 23867,101101,20210604,    0,    0
 23867,101101,20210605,    0,    0
 23867,101101,20210606,    0,    0
 23867,101101,20210607,   67,    0
 23867,101101,20210608,    0,    0
 23867,101101,20210609,    0,    0
 23867,101101,20210610,    0,    0
 23867,101101,20210611,    0,    0
 23867,101101,20210612,    0,    0
 23867,101101,20210613,    0,    0
 23867,101101,20210614,   64,    0
 23867,101101,20210615,    0,    0
 23867,101101,20210616,    0,    0
 23867,101101,20210617,  118,    0
 23867,101101,20210618,    1,    0
 23867,101101,20210619,    1,    0
 23867,101101,20210620,   60,    0
 23867,101101,20210621,   15,    0
 23867,101101,20210622,   27,    0
 23867,101101,20210623,    0,    0
 23867,101101,20210624,    0,    0
 23867,101101,20210625,    0,    0
 23867,101101,20210626,    0,    0
 23867,101101,20210627,    2,    0
 23867,101101,20210628,    5,    0
 23867,101101,20210629,    0,    0
 23867,101101,20210630,    0,    0
 23867,101101,20210701,    9,    0
 23867,101101,20210702,    0,    0
 23867,101101,20210703,    0,    0
 23867,101101,20210704,   36,    0
 23867,101101,20210705,   28,    0
 23867,101101,20210706,   73,    0
 23867,101101,20210707,    1,    0
 23867,101101,20210708,    1,    0
 23867,101101,20210709,   27,    0
 23867,101101,20210710,  152,    0
 23867,101101,20210711,    0,    0
 23867,101101,20210712,    0,    0
 23867,101101,20210713,    6,    0
 23867,101101,20210714,  131,    0
 23867,101101,20210715,    0,    0
 23867,101101,20210716,    0,    0
 23867,101101,20210717,    0,    0
 23867,101101,20210718,    0,    0
 23867,101101,20210719,    0,    0
 23867,101101,20210720,    0,    0
 23867,101101,20210721,    0,    0
 23867,101101,20210722,    0,    0
 23867,101101,20210723,    0,    0
 23867,101101,20210724,    0,    0
 23867,101101,20210725,    0,    0
 23867,101101,20210726,  156,    0
 23867,101101,20210727,  112,    0
 23867,101101,20210728,  121,    0
 23867,101101,20210729,  140,    0
 23867,101101,20210730,    0,    0
 23867,101101,20210731,    0,    0
 23867,101101,20210801,    9,    0
 23867,101101,20210802,    0,    0
 23867,101101,20210803,    0,    0
 23867,101101,20210804,   11,    0
 23867,101101,20210805,    0,    0
 23867,101101,20210806,    0,    0
 23867,101101,20210807,   30,    0
 23867,101101,20210808,    0,    0
 23867,101101,20210809,  212,    0
 23867,101101,20210810,    0,    0
 23867,101101,20210811,    0,    0
 23867,101101,20210812,    0,    0
 23867,101101,20210813,   30,    0
 23867,101101,20210814,   17,    0
 23867,101101,20210815,    0,    0
 23867,101101,20210816,    2,    0
 23867,101101,20210817,    0,    0
 23867,101101,20210818,    0,    0
 23867,101101,20210819,    0,    0
 23867,101101,20210820,    0,    0
 23867,101101,20210821,    0,    0
 23867,101101,20210822,    0,    0
 23867,101101,20210823,    0,    0
 23867,101101,20210824,    0,    0
 23867,101101,20210825,    0,    0
 23867,101101,20210826,    0,    0
 23867,101101,20210827,    0,    0
 23867,101101,20210828,    0,    0
 23867,101101,20210829,    0,    0
 23867,101101,20210830,    0,    0
 23867,101101,20210831,    0,    0
 23867,101101,20210901,    0,    0
 23867,101101,20210902,    0,    0
 23867,101101,20210903,    0,    0
 23867,101101,20210904,    0,    0
 23867,101101,20210905,    0,    0
 23867,101101,20210906,    0,    0
 23867,101101,20210907,    0,    0
 23867,101101,20210908,    0,    0
 23867,101101,20210909,    0,    0
 23867,101101,20210910,    2,    0
 23867,101101,20210911,   29,    0
 23867,101101,20210912,   44,    0
 23867,101101,20210913,    0,    0
 23867,101101,20210914,    0,    0
 23867,101101,20210915,   75,    0
 23867,101101,20210916,   10,    0
 23867,101101,20210917,    0,    0
 23867,101101,20210918,    0,    0
 23867,101101,20210919,    0,    0
 23867,101101,20210920,   27,    0
 23867,101101,20210921,    5,    0
 23867,101101,20210922,   95,    0
 23867,101101,20210923,   43,    0
 23867,101101,20210924,    5,    0
 23867,101101,20210925,    0,    0
 23867,101101,20210926,   15,    0
 23867,101101,20210927,  343,    0
 23867,101101,20210928,    0,    0
 23867,101101,20210929,  168,    0
 23867,101101,20210930,  154,    0
 23867,101101,20211001,  387,    0
 23867,101101,20211002,  115,    0
 23867,101101,20211003,  311,    0
 23867,101101,20211004,  109,    0
 23867,101101,20211005,   37,    0
 23867,101101,20211006,    0,    0
 23867,101101,20211007,    1,    0
 23867,101101,20211008,   35,    0
 23867,101101,20211009,    0,    0
 23867,101101,20211010,   21,    0
 23867,101101,20211011,    0,    0
 23867,101101,20211012,    0,    0
 23867,101101,20211013,    0,    0
 23867,101101,20211014,    0,    0
 23867,101101,20211015,    0,    0
 23867,101101,20211016,    0,    0
 23867,101101,20211017,    0,    0
 23867,101101,20211018,   54,    0
 23867,101101,20211019,   61,    0
 23867,101101,20211020,    1,    0
 23867,101101,20211021,    0,    0
 23867,101101,20211022,    0,    0
 23867,101101,20211023,    0,    0
 23867,101101,20211024,   19,    0
 23867,101101,20211025,   11,    0
 23867,124146,20211026,   29,    0
 23867,124146,20211027,    1,    0
 23867,124146,20211028,    0,    0
 23867,124146,20211029,    0,    0
 23867,124146,20211030,  242,    0
 23867,124146,20211031,  213,    0
 23867,124146,20211101,   13,    0
 23867,124146,20211102,  145,    0
 23867,124146,20211103,    0,    0
 23867,124146,20211104,    0,    0
 23867,124146,20211105,    0,    0
 23867,124146,20211106,   74,    0
 23867,124146,20211107,   13,    0
 23867,124146,20211108,   16,    0
 23867,124146,20211109,   23,    0
 23867,124146,20211110,    0,    0
 23867,124146,20211111,    0,    0
 23867,124146,20211112,  117,    0
 23867,124146,20211113,    8,    0
 23867,124146,20211114,    1,    0
 23867,124146,20211115,    2,    0
 23867,124146,20211116,   24,    0
 23867,124146,20211117,   15,    0
 23867,124146,20211118,    0,    0
 23867,124146,20211119,    0,    0
 23867,124146,20211120,    0,    0
 23867,124146,20211121,    0,    0
 23867,124146,20211122,    0,    0
 23867,124146,20211123,    0,    0
 23867,124146,20211124,    0,    0
 23867,124146,20211125,    0,    0
 23867,124146,20211126,    0,    0
 23867,124146,20211127,   12,    0
 23867,124146,20211128,    0,    0
 23867,124146,20211129,   55,    0
 23867,124146,20211130,    3,    0
 23867,124146,20211201,    0,    0
 23867,124146,20211202,    0,    0
 23867,124146,20211203,   10,    0
 23867,124146,20211204,    0,    0
 23867,124146,20211205,    0,    0
 23867,124146,20211206,    2,    0
 23867,124146,20211207,    3,    0
 23867,124146,20211208,   24,    0
 23867,124146,20211209,   30,    0
 23867,124146,20211210,   90,    0
 23867,124146,20211211,    6,    0
 23867,124146,20211212,   19,    0
 23867,124146,20211213,   19,    0
 23867,124146,20211214,    0,    0
 23867,124146,20211215,    0,    0
 23867,124146,20211216,    0,    0
 23867,124146,20211217,    0,    0
 23867,124146,20211218,    0,    0
 23867,124146,20211219,    0,    0
 23867,124146,20211220,    0,    0
 23867,124146,20211221,   18,    0
 23867,124146,20211222,    0,    0
 23867,124146,20211223,    0,    0
 23867,124146,20211224,    0,    0
 23867,124146,20211225,    0,    0
 23867,124146,20211226,    0,    0
 23867,124146,20211227,   45,    0
 23867,124146,20211228,    9,    0
 23867,124146,20211229,   29,    0
 23867,124146,20211230,    0,    0
 23867,124146,20211231,    0,    0
 23867,124146,20220101,   50,    0
 23867,124146,20220102,    0,    0
 23867,124146,20220103,    2,    0
 23867,124146,20220104,    0,    0
 23867,124146,20220105,    0,    0
 23867,124146,20220106,   12,    0
 23867,124146,20220107,   22,    0
 23867,124146,20220108,    0,    0
 23867,124146,20220109,    6,    0
 23867,124146,20220110,    1,    0
 23867,124146,20220111,   17,    0
 23867,124146,20220112,    0,    0
 23867,124146,20220113,    0,    0
 23867,124146,20220114,    0,    0
 23867,124146,20220115,    0,    0
 23867,124146,20220116,    0,    0
 23867,124146,20220117,    0,    0
 23867,124146,20220118,    0,    0
 23867,124146,20220119,    0,    0
 23867,124146,20220120,    0,    0
 23867,124146,20220121,    0,    0
 23867,124146,20220122,    0,    0
 23867,124146,20220123,    0,    0
 23867,124146,20220124,    0,    0
 23867,124146,20220125,    0,    0
 23867,124146,20220126,    0,    0
 23867,124146,20220127,    0,    0
 23867,124146,20220128,    5,    0
 23867,124146,20220129,    0,    0
 23867,124146,20220130,    0,    0
 23867,124146,20220131,    0,    0
 23867,124146,20220201,   39,    0
 23867,124146,20220202,    0,    0
 23867,124146,20220203,   33,    0
 23867,124146,20220204,    7,    0
 23867,124146,20220205,    0,    0
 23867,124146,20220206,    0,    0
 23867,124146,20220207,    0,    0
 23867,124146,20220208,    0,    0
 23867,124146,20220209,    0,    0
 23867,124146,20220210,    0,    0
 23867,124146,20220211,    0,    0
 23867,124146,20220212,    6,    0
 23867,124146,20220213,   80,    0
 23867,124146,20220214,  304,    0
 23867,124146,20220215,   54,    0
 23867,124146,20220216,    2,    0
 23867,124146,20220217,    0,    0
 23867,124146,20220218,   11,    0
 23867,124146,20220219,    0,    0
 23867,124146,20220220,  117,    0
 23867,124146,20220221,    0,    0
 23867,124146,20220222,   26,    0
 23867,124146,20220223,   13,    0
 23867,124146,20220224,    0,    0
 23867,124146,20220225,    0,    0
 23867,124146,20220226,    0,    0
 23867,124146,20220227,    0,    0
 23867,124146,20220228,   16,    0
 23867,124146,20220301,    1,    0
 23867,124146,20220302,    0,    0
 23867,124146,20220303,    0,    0
 23867,124146,20220304,    0,    0
 23867,124146,20220305,    0,    0
 23867,124146,20220306,    0,    0
 23867,124146,20220307,    0,    0
 23867,124146,20220308,    0,    0
 23867,124146,20220309,    0,    0
 23867,124146,20220310,    0,    0
 23867,124146,20220311,    0,    0
 23867,124146,20220312,    0,    0
 23867,124146,20220313,    0,    0
 23867,124146,20220314,    0,    0
 23867,124146,20220315,    0,    0
 23867,124146,20220316,    0,    0
 23867,124146,20220317,  133,    0
 23867,124146,20220318,    0,    0
 23867,124146,20220319,    0,    0
 23867,124146,20220320,    0,    0
 23867,124146,20220321,    0,    0
 23867,124146,20220322,    0,    0
 23867,124146,20220323,    0,    0
 23867,124146,20220324,    0,    0
 23867,124146,20220325,    0,    0
 23867,124146,20220326,    0,    0
 23867,124146,20220327,    0,    0
 23867,124146,20220328,    0,    0
 23867,124146,20220329,    0,    0
 23867,124146,20220330,    0,    0
 23867,124146,20220331,    0,    0
 23867,124146,20220401,   17,    0
 23867,124146,20220402,    0,    0
 23867,124146,20220403,   13,    0
 23867,124146,20220404,   56,    0
 23867,124146,20220405,    0,    0
 23867,124146,20220406,    0,    0
 23867,124146,20220407,    1,    0
 23867,124146,20220408,    0,    0
 23867,124146,20220409,    0,    0
 23867,124146,20220410,    0,    0
 23867,124146,20220411,    0,    0
 23867,124146,20220412,   10,    0
 23867,124146,20220413,   52,    0
 23867,124146,20220414,    4,    0
 23867,124146,20220415,    0,    0
 23867,124146,20220416,    0,    0
 23867,124146,20220417,    0,    0
 23867,124146,20220418,    0,    0
 23867,124146,20220419,    0,    0
 23867,124146,20220420,    0,    0
 23867,124146,20220421,    0,    0
 23867,124146,20220422,    0,    0
 23867,124146,20220423,    0,    0
 23867,124146,20220424,    0,    0
 23867,124146,20220425,    0,    0
 23867,124146,20220426,    0,    0
 23867,124146,20220427,    0,    0
 23867,124146,20220428,    0,    0
 23867,124146,20220429,    0,    0
 23867,124146,20220430,    0,    0
 23867,124146,20220501,    0,    0
 23867,124146,20220502,    0,    0
 23867,124146,20220503,    0,    0
 23867,124146,20220504,    0,    0
 23867,124146,20220505,    0,    0
 23867,124146,20220506,    2,    0
 23867,124146,20220507,    0,    0
 23867,124146,20220508,    0,    0
 23867,124146,20220509,    9,    0
 23867,124146,20220510,   17,    0
 23867,124146,20220511,    3,    0
 23867,124146,20220512,    0,    0
 23867,124146,20220513,    6,    0
 23867,124146,20220514,    0,    0
 23867,124146,20220515,    0,    0
 23867,124146,20220516,    0,    0
 23867,124146,20220517,    0,    0
 23867,124146,20220518,    6,    0
 23867,124146,20220519,    0,    0
 23867,124146,20220520,    0,    0
 23867,124146,20220521,   19,    0
 23867,124146,20220522,    0,    0
 23867,124146,20220523,    0,    0
 23867,124146,20220524,  152,    0
 23867,124146,20220525,  179,    0
 23867,124146,20220526,    1,    0
 23867,124146,20220527,    3,    0
 23867,124146,20220528,    0,    0
 23867,124146,20220529,    0,    0
 23867,124146,20220530,    1,    0
 23867,124146,20220531,   17,    0
 23867,124146,20220601,  240,    0
 23867,124146,20220602,   38,    0
 23867,124146,20220603,    2,    0
 23867,124146,20220604,    0,    0
 23867,124146,20220605,    0,    0
 23867,124146,20220606,    0,    0
 23867,124146,20220607,  203,    0
 23867,124146,20220608,    7,    0
 23867,124146,20220609,    3,    0
 23867,124146,20220610,    0,    0
 23867,124146,20220611,    0,    0
 23867,124146,20220612,    4,    0
 23867,124146,20220613,    1,    0
 23867,101101,20220614,    0,    0
 23867,101101,20220615,    0,    0
 23867,101101,20220616,    1,    0
 23867,101101,20220617,   16,    0
 23867,101101,20220618,    0,    0
 23867,101101,20220619,    0,    0
 23867,101101,20220620,    0,    0
 23867,101101,20220621,    0,    0
 23867,101101,20220622,    0,    0
 23867,101101,20220623,    0,    0
 23867,101101,20220624,    0,    0
 23867,101101,20220625,    5,    0
 23867,101101,20220626,  142,    0
 23867,101101,20220627,  147,    0
 23867,101101,20220628,    0,    0
 23867,101101,20220629,    0,    0
 23867,124146,20220630,    0,    0
 23867,124146,20220701,   35,    0
 23867,124146,20220702,   39,    0
 23867,124146,20220703,   23,    0
 23867,124146,20220704,    0,    0
 23867,124146,20220705,    4,    0
 23867,124146,20220706,   99,    0
 23867,124146,20220707,    0,    0
 23867,124146,20220708,    0,    0
 23867,124146,20220709,    0,    0
 23867,124146,20220710,    0,    0
 23867,124146,20220711,    0,    0
 23867,124146,20220712,    0,    0
 23867,124146,20220713,  148,    0
 23867,124146,20220714,   25,    0
 23867,124146,20220715,    0,    0
 23867,124146,20220716,    0,    0
 23867,124146,20220717,   14,    0
 23867,124146,20220718,    0,    0
 23867,124146,20220719,    0,    0
 23867,124146,20220720,    4,    0
 23867,124146,20220721,    1,    0
 23867,124146,20220722,  224,    0
 23867,124146,20220723,    1,    0
 23867,124146,20220724,   12,    0
 23867,124146,20220725,   34,    0
 23867,124146,20220726,    2,    0
 23867,124146,20220727,    0,    0
 23867,124146,20220728,    0,    0
 23867,124146,20220729,    0,    0
 23867,124146,20220730,    0,    0
 23867,124146,20220731,   28,    0
 23867,124146,20220801,    0,    0
 23867,124146,20220802,   34,    0
 23867,124146,20220803,    6,    0
 23867,124146,20220804,   33,    0
 23867,124146,20220805,    0,    0
 23867,124146,20220806,    5,    0
 23867,124146,20220807,    6,    0
 23867,124146,20220808,    0,    0
 23867,124146,20220809,    0,    0
 23867,124146,20220810,    0,    0
 23867,124146,20220811,    1,    0
 23867,124146,20220812,    1,    0
 23867,124146,20220813,    0,    0
 23867,124146,20220814,    0,    0
 23867,124146,20220815,   17,    0
 23867,124146,20220816,   22,    0
 23867,124146,20220817,   26,    0
 23867,124146,20220818,   17,    0
 23867,124146,20220819,    0,    0
 23867,124146,20220820,    0,    0
 23867,124146,20220821,   30,    0
 23867,124146,20220822,    0,    0
 23867,124146,20220823,    0,    0
 23867,124146,20220824,    0,    0
 23867,124146,20220825,    0,    0
 23867,124146,20220826,   33,    0
 23867,124146,20220827,    0,    0
 23867,124146,20220828,    0,    0
 23867,124146,20220829,    0,    0
 23867,124146,20220830,    0,    0
 23867,124146,20220831,    0,    0
 23867,124146,20220901,    0,    0
 23867,124146,20220902,   49,    0
 23867,124146,20220903,   14,    0
 23867,124146,20220904,    3,    0
 23867,124146,20220905,    0,    0
 23867,124146,20220906,    0,    0
 23867,124146,20220907,    0,    0
 23867,124146,20220908,    0,    0
 23867,124146,20220909,   47,    0
 23867,124146,20220910,   61,    0
 23867,124146,20220911,    0,    0
 23867,124146,20220912,  270,    0
 23867,124146,20220913,   22,    0
 23867,124146,20220914,    1,    0
 23867,124146,20220915,    0,    0
 23867,124146,20220916,    0,    0
 23867,124146,20220917,    0,    0
 23867,124146,20220918,    0,    0
 23867,124146,20220919,    0,    0
 23867,124146,20220920,    0,    0
 23867,124146,20220921,    0,    0
 23867,124146,20220922,    7,    0
 23867,124146,20220923,   61,    0
 23867,124146,20220924,    0,    0
 23867,124146,20220925,   63,    0
 23867,124146,20220926,  448,    0
 23867,124146,20220927,  109,    0
 23867,124146,20220928,   15,    0
 23867,124146,20220929,    0,    0
 23867,124146,20220930,  188,    0
 23867,124146,20221001,  305,    0
 23867,124146,20221002,    0,    0
 23867,124146,20221003,    0,    0
 23867,124146,20221004,    2,    0
 23867,124146,20221005,   96,    0
 23867,124146,20221006,    3,    0
 23867,124146,20221007,   18,    0
 23867,124146,20221008,    0,    0
 23867,124146,20221009,    6,    0
 23867,124146,20221010,   25,    0
 23867,124146,20221011,    0,    0
 23867,124146,20221012,   28,    0
 23867,124146,20221013,   36,    0
 23867,124146,20221014,   78,    0
 23867,124146,20221015,   54,    0
 23867,124146,20221016,  161,    0
 23867,124146,20221017,   34,    0
 23867,124146,20221018,    3,    0
 23867,124146,20221019,    0,    0
 23867,124146,20221020,    0,    0
 23867,124146,20221021,    0,    0
 23867,124146,20221022,    0,    0
 23867,124146,20221023,   24,    0
 23867,124146,20221024,  284,    0
 23867,124146,20221025,   20,    0
 23867,124146,20221026,   12,    0
 23867,124146,20221027,    5,    0
 23867,124146,20221028,   75,    0
 23867,124146,20221029,    0,    0
 23867,124146,20221030,   10,    0
 23867,124146,20221031,-9999,    9
