EUROPEAN CLIMATE ASSESSMENT & DATASET (ECA&D), file created on: 16-11-2022
THESE DATA CAN BE USED FOR NON-COMMERCIAL RESEARCH AND EDUCATION PROVIDED THAT THE FOLLOWING SOURCE IS ACKNOWLEDGED: 

Klein Tank, A.M.G. and Coauthors, 2002. Daily dataset of 20th-century surface
air temperature and precipitation series for the European Climate Assessment.
Int. J. of Climatol., 22, 1441-1453.
Data and metadata available at http://www.ecad.eu

FILE FORMAT (MISSING VALUE CODE = -9999):

01-06 STAID: Station identifier
08-13 SOUID: Source identifier
15-22 DATE : Date YYYYMMDD
24-28 RR   : Precipitation amount in 0.1 mm
30-34 Q_RR : quality code for RR (0='valid'; 1='suspect'; 9='missing')

This is the blended series of station CONCA_2, ITALY (STAID: 17599)
Blended and updated with sources:95035 
See files sources.txt and stations.txt for more info.

STAID, SOUID,    DATE,   RR, Q_RR
 17599, 95035,20161201,-9999,    9
 17599, 95035,20161202,-9999,    9
 17599, 95035,20161203,-9999,    9
 17599, 95035,20161204,-9999,    9
 17599, 95035,20161205,-9999,    9
 17599, 95035,20161206,-9999,    9
 17599, 95035,20161207,-9999,    9
 17599, 95035,20161208,-9999,    9
 17599, 95035,20161209,-9999,    9
 17599, 95035,20161210,-9999,    9
 17599, 95035,20161211,-9999,    9
 17599, 95035,20161212,-9999,    9
 17599, 95035,20161213,-9999,    9
 17599, 95035,20161214,-9999,    9
 17599, 95035,20161215,-9999,    9
 17599, 95035,20161216,-9999,    9
 17599, 95035,20161217,-9999,    9
 17599, 95035,20161218,-9999,    9
 17599, 95035,20161219,-9999,    9
 17599, 95035,20161220,-9999,    9
 17599, 95035,20161221,-9999,    9
 17599, 95035,20161222,-9999,    9
 17599, 95035,20161223,-9999,    9
 17599, 95035,20161224,-9999,    9
 17599, 95035,20161225,-9999,    9
 17599, 95035,20161226,-9999,    9
 17599, 95035,20161227,-9999,    9
 17599, 95035,20161228,-9999,    9
 17599, 95035,20161229,-9999,    9
 17599, 95035,20161230,-9999,    9
 17599, 95035,20161231,    0,    1
 17599, 95035,20170101,    0,    1
 17599, 95035,20170102,    0,    1
 17599, 95035,20170103,   78,    0
 17599, 95035,20170104,    2,    0
 17599, 95035,20170105,   14,    1
 17599, 95035,20170106,    0,    1
 17599, 95035,20170107,    0,    1
 17599, 95035,20170108,    0,    1
 17599, 95035,20170109,    0,    1
 17599, 95035,20170110,    0,    1
 17599, 95035,20170111,    0,    1
 17599, 95035,20170112,    0,    1
 17599, 95035,20170113,   36,    0
 17599, 95035,20170114,    2,    0
 17599, 95035,20170115,   42,    0
 17599, 95035,20170116,   60,    0
 17599, 95035,20170117,  262,    0
 17599, 95035,20170118,   34,    0
 17599, 95035,20170119,   10,    1
 17599, 95035,20170120,    0,    1
 17599, 95035,20170121,    0,    1
 17599, 95035,20170122,    2,    0
 17599, 95035,20170123,    6,    1
 17599, 95035,20170124,    0,    1
 17599, 95035,20170125,    0,    1
 17599, 95035,20170126,    2,    1
 17599, 95035,20170127,    0,    1
 17599, 95035,20170128,    2,    1
 17599, 95035,20170129,    0,    1
 17599, 95035,20170130,    2,    1
 17599, 95035,20170131,    0,    1
 17599, 95035,20170201,    0,    1
 17599, 95035,20170202,-9999,    9
 17599, 95035,20170203,-9999,    9
 17599, 95035,20170204,-9999,    9
 17599, 95035,20170205,-9999,    9
 17599, 95035,20170206,-9999,    9
 17599, 95035,20170207,-9999,    9
 17599, 95035,20170208,-9999,    9
 17599, 95035,20170209,-9999,    9
 17599, 95035,20170210,-9999,    9
 17599, 95035,20170211,-9999,    9
 17599, 95035,20170212,-9999,    9
 17599, 95035,20170213,-9999,    9
 17599, 95035,20170214,-9999,    9
 17599, 95035,20170215,-9999,    9
 17599, 95035,20170216,-9999,    9
 17599, 95035,20170217,-9999,    9
 17599, 95035,20170218,-9999,    9
 17599, 95035,20170219,-9999,    9
 17599, 95035,20170220,-9999,    9
 17599, 95035,20170221,-9999,    9
 17599, 95035,20170222,-9999,    9
 17599, 95035,20170223,-9999,    9
 17599, 95035,20170224,-9999,    9
 17599, 95035,20170225,-9999,    9
 17599, 95035,20170226,-9999,    9
 17599, 95035,20170227,-9999,    9
 17599, 95035,20170228,-9999,    9
 17599, 95035,20170301,-9999,    9
 17599, 95035,20170302,-9999,    9
 17599, 95035,20170303,-9999,    9
 17599, 95035,20170304,-9999,    9
 17599, 95035,20170305,-9999,    9
 17599, 95035,20170306,-9999,    9
 17599, 95035,20170307,-9999,    9
 17599, 95035,20170308,-9999,    9
 17599, 95035,20170309,    0,    1
 17599, 95035,20170310,    0,    1
 17599, 95035,20170311,    0,    1
 17599, 95035,20170312,    0,    1
 17599, 95035,20170313,    0,    1
 17599, 95035,20170314,    0,    1
 17599, 95035,20170315,    0,    1
 17599, 95035,20170316,    0,    1
 17599, 95035,20170317,    0,    1
 17599, 95035,20170318,    0,    1
 17599, 95035,20170319,    0,    1
 17599, 95035,20170320,    0,    1
 17599, 95035,20170321,    0,    1
 17599, 95035,20170322,    2,    1
 17599, 95035,20170323,    0,    1
 17599, 95035,20170324,    0,    1
 17599, 95035,20170325,   28,    0
 17599, 95035,20170326,   28,    1
 17599, 95035,20170327,    0,    1
 17599, 95035,20170328,    0,    1
 17599, 95035,20170329,    0,    1
 17599, 95035,20170330,    0,    1
 17599, 95035,20170331,    0,    1
 17599, 95035,20170401,    0,    1
 17599, 95035,20170402,    0,    1
 17599, 95035,20170403,    0,    1
 17599, 95035,20170404,    0,    1
 17599, 95035,20170405,    0,    1
 17599, 95035,20170406,   24,    0
 17599, 95035,20170407,    2,    1
 17599, 95035,20170408,    0,    1
 17599, 95035,20170409,    0,    1
 17599, 95035,20170410,    0,    1
 17599, 95035,20170411,    0,    1
 17599, 95035,20170412,    0,    1
 17599, 95035,20170413,    0,    1
 17599, 95035,20170414,    0,    1
 17599, 95035,20170415,   28,    0
 17599, 95035,20170416,  206,    0
 17599, 95035,20170417,   28,    0
 17599, 95035,20170418,  284,    0
 17599, 95035,20170419,   84,    0
 17599, 95035,20170420,   16,    0
 17599, 95035,20170421,    2,    1
 17599, 95035,20170422,    0,    1
 17599, 95035,20170423,    0,    1
 17599, 95035,20170424,    0,    1
 17599, 95035,20170425,    0,    1
 17599, 95035,20170426,    0,    1
 17599, 95035,20170427,   60,    0
 17599, 95035,20170428,    4,    1
 17599, 95035,20170429,    0,    1
 17599, 95035,20170430,    2,    0
 17599, 95035,20170501,    2,    1
 17599, 95035,20170502,    0,    1
 17599, 95035,20170503,    2,    0
 17599, 95035,20170504,   52,    1
 17599, 95035,20170505,    0,    1
 17599, 95035,20170506,   64,    0
 17599, 95035,20170507,   16,    1
 17599, 95035,20170508,    0,    1
 17599, 95035,20170509,  140,    0
 17599, 95035,20170510,    2,    0
 17599, 95035,20170511,    2,    0
 17599, 95035,20170512,   26,    1
 17599, 95035,20170513,    0,    1
 17599, 95035,20170514,    0,    1
 17599, 95035,20170515,    0,    1
 17599, 95035,20170516,    0,    1
 17599, 95035,20170517,    0,    1
 17599, 95035,20170518,    0,    1
 17599, 95035,20170519,    0,    1
 17599, 95035,20170520,   18,    0
 17599, 95035,20170521,   18,    1
 17599, 95035,20170522,    0,    1
 17599, 95035,20170523,    0,    1
 17599, 95035,20170524,    0,    1
 17599, 95035,20170525,   78,    1
 17599, 95035,20170526,    0,    1
 17599, 95035,20170527,    0,    1
 17599, 95035,20170528,    0,    1
 17599, 95035,20170529,    0,    1
 17599, 95035,20170530,    0,    1
 17599, 95035,20170531,    0,    1
 17599, 95035,20170601,    0,    1
 17599, 95035,20170602,    0,    1
 17599, 95035,20170603,    0,    1
 17599, 95035,20170604,    0,    1
 17599, 95035,20170605,    0,    1
 17599, 95035,20170606,    0,    1
 17599, 95035,20170607,    0,    1
 17599, 95035,20170608,    0,    1
 17599, 95035,20170609,    0,    1
 17599, 95035,20170610,    0,    1
 17599, 95035,20170611,    0,    1
 17599, 95035,20170612,    0,    1
 17599, 95035,20170613,    0,    1
 17599, 95035,20170614,    6,    0
 17599, 95035,20170615,    2,    0
 17599, 95035,20170616,    2,    1
 17599, 95035,20170617,    0,    1
 17599, 95035,20170618,    0,    1
 17599, 95035,20170619,    0,    1
 17599, 95035,20170620,    0,    1
 17599, 95035,20170621,    0,    1
 17599, 95035,20170622,    0,    1
 17599, 95035,20170623,-9999,    9
 17599, 95035,20170624,-9999,    9
 17599, 95035,20170625,    0,    1
 17599, 95035,20170626,    0,    1
 17599, 95035,20170627,  100,    0
 17599, 95035,20170628,   28,    1
 17599, 95035,20170629,    0,    1
 17599, 95035,20170630,    4,    1
 17599, 95035,20170701,    0,    1
 17599, 95035,20170702,    0,    1
 17599, 95035,20170703,    0,    1
 17599, 95035,20170704,    0,    1
 17599, 95035,20170705,    0,    1
 17599, 95035,20170706,    0,    1
 17599, 95035,20170707,    0,    1
 17599, 95035,20170708,    0,    1
 17599, 95035,20170709,    0,    1
 17599, 95035,20170710,    0,    1
 17599, 95035,20170711,    0,    1
 17599, 95035,20170712,    0,    1
 17599, 95035,20170713,    0,    1
 17599, 95035,20170714,  148,    1
 17599, 95035,20170715,    0,    1
 17599, 95035,20170716,    0,    1
 17599, 95035,20170717,    0,    1
 17599, 95035,20170718,    0,    1
 17599, 95035,20170719,    0,    1
 17599, 95035,20170720,    0,    1
 17599, 95035,20170721,    0,    1
 17599, 95035,20170722,    0,    1
 17599, 95035,20170723,    0,    1
 17599, 95035,20170724,    0,    1
 17599, 95035,20170725,    0,    1
 17599, 95035,20170726,   60,    1
 17599, 95035,20170727,    0,    1
 17599, 95035,20170728,    0,    1
 17599, 95035,20170729,    0,    1
 17599, 95035,20170730,    4,    1
 17599, 95035,20170731,    0,    1
 17599, 95035,20170801,    0,    1
 17599, 95035,20170802,    0,    1
 17599, 95035,20170803,    0,    1
 17599, 95035,20170804,    0,    1
 17599, 95035,20170805,    0,    1
 17599, 95035,20170806,    0,    1
 17599, 95035,20170807,    0,    1
 17599, 95035,20170808,    0,    1
 17599, 95035,20170809,    0,    1
 17599, 95035,20170810,   12,    1
 17599, 95035,20170811,    0,    1
 17599, 95035,20170812,   42,    1
 17599, 95035,20170813,    0,    1
 17599, 95035,20170814,    0,    1
 17599, 95035,20170815,    0,    1
 17599, 95035,20170816,    0,    1
 17599, 95035,20170817,    0,    1
 17599, 95035,20170818,    0,    1
 17599, 95035,20170819,    2,    0
 17599, 95035,20170820,    8,    1
 17599, 95035,20170821,    0,    1
 17599, 95035,20170822,    0,    1
 17599, 95035,20170823,    0,    1
 17599, 95035,20170824,    0,    1
 17599, 95035,20170825,    0,    1
 17599, 95035,20170826,    0,    1
 17599, 95035,20170827,    0,    1
 17599, 95035,20170828,    0,    1
 17599, 95035,20170829,    0,    1
 17599, 95035,20170830,    0,    1
 17599, 95035,20170831,    0,    1
 17599, 95035,20170901,   66,    1
 17599, 95035,20170902,    0,    1
 17599, 95035,20170903,    6,    1
 17599, 95035,20170904,    0,    1
 17599, 95035,20170905,    0,    1
 17599, 95035,20170906,    0,    1
 17599, 95035,20170907,  196,    0
 17599, 95035,20170908,   10,    1
 17599, 95035,20170909,    0,    1
 17599, 95035,20170910,  138,    0
 17599, 95035,20170911,   20,    1
 17599, 95035,20170912,    0,    1
 17599, 95035,20170913,    2,    1
 17599, 95035,20170914,    0,    1
 17599, 95035,20170915,    4,    0
 17599, 95035,20170916,  304,    0
 17599, 95035,20170917,    4,    0
 17599, 95035,20170918,  104,    0
 17599, 95035,20170919,  140,    0
 17599, 95035,20170920,  216,    1
 17599, 95035,20170921,    0,    1
 17599, 95035,20170922,    0,    1
 17599, 95035,20170923,    0,    1
 17599, 95035,20170924,  394,    0
 17599, 95035,20170925,   32,    1
 17599, 95035,20170926,    0,    1
 17599, 95035,20170927,    2,    0
 17599, 95035,20170928,    2,    0
 17599, 95035,20170929,    2,    0
 17599, 95035,20170930,    2,    0
 17599, 95035,20171001,   22,    1
 17599, 95035,20171002,    0,    1
 17599, 95035,20171003,   18,    0
 17599, 95035,20171004,    2,    0
 17599, 95035,20171005,    2,    0
 17599, 95035,20171006,  100,    1
 17599, 95035,20171007,    0,    1
 17599, 95035,20171008,    0,    1
 17599, 95035,20171009,    2,    0
 17599, 95035,20171010,    2,    0
 17599, 95035,20171011,    2,    0
 17599, 95035,20171012,    2,    0
 17599, 95035,20171013,    2,    0
 17599, 95035,20171014,    4,    0
 17599, 95035,20171015,    2,    0
 17599, 95035,20171016,    2,    0
 17599, 95035,20171017,    2,    0
 17599, 95035,20171018,    2,    1
 17599, 95035,20171019,    0,    1
 17599, 95035,20171020,    2,    0
 17599, 95035,20171021,    2,    0
 17599, 95035,20171022,   48,    0
 17599, 95035,20171023,   74,    1
 17599, 95035,20171024,    0,    1
 17599, 95035,20171025,    0,    1
 17599, 95035,20171026,    0,    1
 17599, 95035,20171027,    0,    1
 17599, 95035,20171028,    2,    1
 17599, 95035,20171029,    0,    1
 17599, 95035,20171030,-9999,    9
 17599, 95035,20171031,-9999,    9
 17599, 95035,20171101,-9999,    9
 17599, 95035,20171102,    0,    1
 17599, 95035,20171103,    0,    1
 17599, 95035,20171104,    0,    1
 17599, 95035,20171105,   22,    0
 17599, 95035,20171106,  132,    0
 17599, 95035,20171107,   70,    0
 17599, 95035,20171108,   14,    0
 17599, 95035,20171109,    2,    0
 17599, 95035,20171110,   14,    0
 17599, 95035,20171111,    4,    1
 17599, 95035,20171112,    0,    1
 17599, 95035,20171113,  434,    0
 17599, 95035,20171114,  128,    0
 17599, 95035,20171115,  206,    1
 17599, 95035,20171116,    0,    1
 17599, 95035,20171117,    0,    1
 17599, 95035,20171118,    2,    0
 17599, 95035,20171119,    2,    0
 17599, 95035,20171120,    2,    1
 17599, 95035,20171121,    0,    1
 17599, 95035,20171122,    2,    1
 17599, 95035,20171123,    0,    1
 17599, 95035,20171124,    2,    1
 17599, 95035,20171125,    0,    1
 17599, 95035,20171126,  238,    1
 17599, 95035,20171127,    0,    1
 17599, 95035,20171128,    0,    1
 17599, 95035,20171129,  210,    0
 17599, 95035,20171130,    6,    0
 17599, 95035,20171201,    2,    0
 17599, 95035,20171202,  104,    1
 17599, 95035,20171203,    0,    1
 17599, 95035,20171204,    0,    1
 17599, 95035,20171205,    0,    1
 17599, 95035,20171206,    0,    1
 17599, 95035,20171207,    2,    0
 17599, 95035,20171208,   10,    0
 17599, 95035,20171209,   94,    0
 17599, 95035,20171210,   40,    0
 17599, 95035,20171211,   12,    0
 17599, 95035,20171212,   34,    1
 17599, 95035,20171213,    0,    1
 17599, 95035,20171214,    0,    1
 17599, 95035,20171215,   84,    0
 17599, 95035,20171216,  204,    1
 17599, 95035,20171217,    0,    1
 17599, 95035,20171218,    2,    0
 17599, 95035,20171219,    2,    0
 17599, 95035,20171220,   12,    1
 17599, 95035,20171221,    0,    1
 17599, 95035,20171222,    0,    1
 17599, 95035,20171223,    0,    1
 17599, 95035,20171224,    0,    1
 17599, 95035,20171225,    0,    1
 17599, 95035,20171226,    2,    0
 17599, 95035,20171227,   60,    0
 17599, 95035,20171228,  102,    0
 17599, 95035,20171229,  174,    0
 17599, 95035,20171230,    2,    1
 17599, 95035,20171231,    0,    1
 17599, 95035,20180101,   20,    0
 17599, 95035,20180102,   42,    0
 17599, 95035,20180103,    6,    1
 17599, 95035,20180104,    0,    1
 17599, 95035,20180105,    0,    1
 17599, 95035,20180106,    0,    1
 17599, 95035,20180107,    2,    1
 17599, 95035,20180108,    0,    1
 17599, 95035,20180109,   56,    1
 17599, 95035,20180110,    0,    1
 17599, 95035,20180111,    4,    0
 17599, 95035,20180112,    4,    0
 17599, 95035,20180113,   22,    1
 17599, 95035,20180114,    0,    1
 17599, 95035,20180115,    0,    1
 17599, 95035,20180116,    0,    1
 17599, 95035,20180117,   34,    1
 17599, 95035,20180118,    0,    1
 17599, 95035,20180119,    0,    1
 17599, 95035,20180120,    0,    1
 17599, 95035,20180121,    0,    1
 17599, 95035,20180122,    2,    1
 17599, 95035,20180123,    0,    1
 17599, 95035,20180124,    2,    0
 17599, 95035,20180125,    2,    1
 17599, 95035,20180126,    0,    1
 17599, 95035,20180127,    0,    1
 17599, 95035,20180128,    2,    0
 17599, 95035,20180129,    2,    0
 17599, 95035,20180130,    2,    1
 17599, 95035,20180131,    0,    1
 17599, 95035,20180201,   24,    0
 17599, 95035,20180202,  322,    0
 17599, 95035,20180203,  260,    0
 17599, 95035,20180204,   10,    1
 17599, 95035,20180205,    0,    1
 17599, 95035,20180206,    4,    1
 17599, 95035,20180207,    0,    1
 17599, 95035,20180208,    0,    1
 17599, 95035,20180209,    0,    1
 17599, 95035,20180210,   38,    1
 17599, 95035,20180211,    0,    1
 17599, 95035,20180212,   36,    0
 17599, 95035,20180213,  160,    1
 17599, 95035,20180214,    0,    1
 17599, 95035,20180215,    2,    1
 17599, 95035,20180216,    0,    1
 17599, 95035,20180217,    4,    0
 17599, 95035,20180218,  218,    0
 17599, 95035,20180219,   78,    0
 17599, 95035,20180220,   32,    0
 17599, 95035,20180221,  440,    0
 17599, 95035,20180222,  238,    0
 17599, 95035,20180223,  388,    0
 17599, 95035,20180224,    6,    0
 17599, 95035,20180225,   46,    0
 17599, 95035,20180226,    6,    0
 17599, 95035,20180227,   28,    0
 17599, 95035,20180228,  124,    0
 17599, 95035,20180301,   64,    0
 17599, 95035,20180302,  144,    0
 17599, 95035,20180303,  212,    0
 17599, 95035,20180304,   22,    0
 17599, 95035,20180305,  288,    0
 17599, 95035,20180306,   14,    0
 17599, 95035,20180307,   58,    1
 17599, 95035,20180308,    0,    1
 17599, 95035,20180309,    0,    1
 17599, 95035,20180310,    0,    1
 17599, 95035,20180311,   88,    0
 17599, 95035,20180312,   12,    0
 17599, 95035,20180313,    2,    1
 17599, 95035,20180314,    0,    1
 17599, 95035,20180315,   10,    1
 17599, 95035,20180316,    0,    1
 17599, 95035,20180317,   32,    0
 17599, 95035,20180318,   52,    0
 17599, 95035,20180319,  116,    0
 17599, 95035,20180320,  216,    0
 17599, 95035,20180321,  198,    1
 17599, 95035,20180322,    0,    1
 17599, 95035,20180323,    0,    1
 17599, 95035,20180324,    2,    1
 17599, 95035,20180325,    0,    1
 17599, 95035,20180326,    0,    1
 17599, 95035,20180327,    0,    1
 17599, 95035,20180328,    0,    1
 17599, 95035,20180329,    0,    1
 17599, 95035,20180330,    0,    1
 17599, 95035,20180331,   50,    0
 17599, 95035,20180401,   26,    1
 17599, 95035,20180402,    0,    1
 17599, 95035,20180403,    0,    1
 17599, 95035,20180404,   86,    0
 17599, 95035,20180405,   48,    1
 17599, 95035,20180406,    0,    1
 17599, 95035,20180407,    0,    1
 17599, 95035,20180408,    0,    1
 17599, 95035,20180409,   62,    1
 17599, 95035,20180410,    0,    1
 17599, 95035,20180411,   12,    0
 17599, 95035,20180412,   88,    0
 17599, 95035,20180413,   28,    0
 17599, 95035,20180414,    2,    1
 17599, 95035,20180415,    0,    1
 17599, 95035,20180416,    0,    1
 17599, 95035,20180417,    2,    1
 17599, 95035,20180418,    0,    1
 17599, 95035,20180419,    0,    1
 17599, 95035,20180420,    0,    1
 17599, 95035,20180421,    0,    1
 17599, 95035,20180422,    0,    1
 17599, 95035,20180423,    0,    1
 17599, 95035,20180424,    0,    1
 17599, 95035,20180425,    0,    1
 17599, 95035,20180426,    0,    1
 17599, 95035,20180427,    0,    1
 17599, 95035,20180428,    0,    1
 17599, 95035,20180429,   26,    1
 17599, 95035,20180430,    0,    1
 17599, 95035,20180501,   26,    0
 17599, 95035,20180502,   10,    0
 17599, 95035,20180503,  196,    0
 17599, 95035,20180504,  116,    0
 17599, 95035,20180505,    2,    0
 17599, 95035,20180506,   16,    0
 17599, 95035,20180507,    2,    0
 17599, 95035,20180508,    2,    0
 17599, 95035,20180509,    2,    0
 17599, 95035,20180510,  218,    0
 17599, 95035,20180511,    2,    0
 17599, 95035,20180512,   74,    1
 17599, 95035,20180513,    0,    1
 17599, 95035,20180514,    0,    1
 17599, 95035,20180515,    0,    1
 17599, 95035,20180516,   10,    0
 17599, 95035,20180517,   88,    0
 17599, 95035,20180518,    2,    0
 17599, 95035,20180519,    2,    1
 17599, 95035,20180520,    0,    1
 17599, 95035,20180521,   22,    0
 17599, 95035,20180522,  144,    0
 17599, 95035,20180523,   20,    0
 17599, 95035,20180524,    2,    0
 17599, 95035,20180525,    2,    1
 17599, 95035,20180526,    0,    1
 17599, 95035,20180527,    0,    1
 17599, 95035,20180528,  124,    0
 17599, 95035,20180529,  250,    1
 17599, 95035,20180530,    0,    1
 17599, 95035,20180531,    0,    1
 17599, 95035,20180601,    2,    1
 17599, 95035,20180602,    0,    1
 17599, 95035,20180603,    0,    1
 17599, 95035,20180604,    0,    1
 17599, 95035,20180605,  110,    1
 17599, 95035,20180606,    0,    1
 17599, 95035,20180607,    0,    1
 17599, 95035,20180608,  132,    1
 17599, 95035,20180609,    0,    1
 17599, 95035,20180610,    0,    1
 17599, 95035,20180611,    0,    1
 17599, 95035,20180612,    0,    1
 17599, 95035,20180613,    0,    1
 17599, 95035,20180614,   68,    1
 17599, 95035,20180615,    0,    1
 17599, 95035,20180616,    0,    1
 17599, 95035,20180617,    0,    1
 17599, 95035,20180618,    0,    1
 17599, 95035,20180619,    0,    1
 17599, 95035,20180620,    0,    1
 17599, 95035,20180621,    0,    1
 17599, 95035,20180622,  116,    0
 17599, 95035,20180623,    2,    1
 17599, 95035,20180624,    0,    1
 17599, 95035,20180625,    0,    1
 17599, 95035,20180626,    0,    1
 17599, 95035,20180627,    0,    1
 17599, 95035,20180628,    0,    1
 17599, 95035,20180629,    0,    1
 17599, 95035,20180630,    0,    1
 17599, 95035,20180701,    0,    1
 17599, 95035,20180702,    0,    1
 17599, 95035,20180703,    0,    1
 17599, 95035,20180704,    0,    1
 17599, 95035,20180705,   10,    0
 17599, 95035,20180706,  226,    0
 17599, 95035,20180707,    2,    1
 17599, 95035,20180708,    0,    1
 17599, 95035,20180709,    0,    1
 17599, 95035,20180710,    2,    0
 17599, 95035,20180711,   36,    0
 17599, 95035,20180712,    2,    1
 17599, 95035,20180713,    0,    1
 17599, 95035,20180714,    0,    1
 17599, 95035,20180715,    2,    0
 17599, 95035,20180716,  316,    1
 17599, 95035,20180717,    0,    1
 17599, 95035,20180718,    0,    1
 17599, 95035,20180719,    0,    1
 17599, 95035,20180720,    0,    1
 17599, 95035,20180721,    0,    1
 17599, 95035,20180722,    2,    0
 17599, 95035,20180723,   84,    1
 17599, 95035,20180724,    0,    1
 17599, 95035,20180725,    0,    1
 17599, 95035,20180726,    0,    1
 17599, 95035,20180727,    0,    1
 17599, 95035,20180728,    0,    1
 17599, 95035,20180729,    0,    1
 17599, 95035,20180730,    0,    1
 17599, 95035,20180731,    0,    1
 17599, 95035,20180801,    0,    1
 17599, 95035,20180802,    0,    1
 17599, 95035,20180803,    0,    1
 17599, 95035,20180804,    0,    1
 17599, 95035,20180805,    0,    1
 17599, 95035,20180806,    0,    1
 17599, 95035,20180807,    0,    1
 17599, 95035,20180808,    0,    1
 17599, 95035,20180809,    4,    1
 17599, 95035,20180810,    0,    1
 17599, 95035,20180811,    0,    1
 17599, 95035,20180812,    0,    1
 17599, 95035,20180813,    0,    1
 17599, 95035,20180814,   28,    0
 17599, 95035,20180815,    2,    1
 17599, 95035,20180816,    0,    1
 17599, 95035,20180817,    0,    1
 17599, 95035,20180818,    0,    1
 17599, 95035,20180819,    0,    1
 17599, 95035,20180820,    0,    1
 17599, 95035,20180821,    0,    1
 17599, 95035,20180822,    0,    1
 17599, 95035,20180823,    0,    1
 17599, 95035,20180824,   10,    0
 17599, 95035,20180825,  340,    0
 17599, 95035,20180826,   88,    1
 17599, 95035,20180827,    0,    1
 17599, 95035,20180828,    2,    1
 17599, 95035,20180829,    0,    1
 17599, 95035,20180830,   92,    1
 17599, 95035,20180831,    0,    1
 17599, 95035,20180901,  296,    0
 17599, 95035,20180902,   10,    0
 17599, 95035,20180903,   76,    1
 17599, 95035,20180904,    0,    1
 17599, 95035,20180905,    0,    1
 17599, 95035,20180906,   18,    0
 17599, 95035,20180907,   72,    0
 17599, 95035,20180908,    2,    0
 17599, 95035,20180909,    2,    0
 17599, 95035,20180910,    2,    1
 17599, 95035,20180911,    0,    1
 17599, 95035,20180912,    0,    1
 17599, 95035,20180913,    0,    1
 17599, 95035,20180914,    0,    1
 17599, 95035,20180915,    0,    1
 17599, 95035,20180916,    2,    0
 17599, 95035,20180917,   36,    0
 17599, 95035,20180918,   12,    0
 17599, 95035,20180919,    2,    0
 17599, 95035,20180920,    2,    1
 17599, 95035,20180921,    0,    1
 17599, 95035,20180922,    0,    1
 17599, 95035,20180923,    0,    1
 17599, 95035,20180924,    6,    1
 17599, 95035,20180925,    0,    1
 17599, 95035,20180926,    0,    1
 17599, 95035,20180927,    0,    1
 17599, 95035,20180928,    0,    1
 17599, 95035,20180929,    0,    1
 17599, 95035,20180930,    0,    1
 17599, 95035,20181001,   80,    0
 17599, 95035,20181002,   82,    0
 17599, 95035,20181003,    4,    0
 17599, 95035,20181004,    2,    0
 17599, 95035,20181005,    6,    0
 17599, 95035,20181006,   12,    1
 17599, 95035,20181007,    0,    1
 17599, 95035,20181008,    4,    0
 17599, 95035,20181009,    2,    1
 17599, 95035,20181010,    0,    1
 17599, 95035,20181011,    0,    1
 17599, 95035,20181012,    2,    0
 17599, 95035,20181013,    4,    0
 17599, 95035,20181014,    2,    1
 17599, 95035,20181015,    0,    1
 17599, 95035,20181016,   98,    0
 17599, 95035,20181017,   20,    1
 17599, 95035,20181018,    0,    1
 17599, 95035,20181019,    2,    0
 17599, 95035,20181020,    2,    0
 17599, 95035,20181021,  130,    1
 17599, 95035,20181022,    0,    1
 17599, 95035,20181023,    0,    1
 17599, 95035,20181024,    0,    1
 17599, 95035,20181025,    2,    0
 17599, 95035,20181026,-9999,    9
 17599, 95035,20181027,-9999,    9
 17599, 95035,20181028,-9999,    9
 17599, 95035,20181029,   82,    0
 17599, 95035,20181030,    8,    1
 17599, 95035,20181031,    0,    1
 17599, 95035,20181101,  184,    0
 17599, 95035,20181102,   40,    1
 17599, 95035,20181103,    0,    1
 17599, 95035,20181104,   86,    1
 17599, 95035,20181105,    0,    1
 17599, 95035,20181106,    0,    1
 17599, 95035,20181107,    0,    1
 17599, 95035,20181108,    0,    1
 17599, 95035,20181109,    2,    0
 17599, 95035,20181110,    2,    0
 17599, 95035,20181111,    2,    0
 17599, 95035,20181112,    2,    0
 17599, 95035,20181113,    2,    0
 17599, 95035,20181114,    2,    0
 17599, 95035,20181115,    2,    0
 17599, 95035,20181116,   10,    0
 17599, 95035,20181117,   60,    0
 17599, 95035,20181118,   40,    0
 17599, 95035,20181119,   44,    0
 17599, 95035,20181120,  320,    0
 17599, 95035,20181121,    2,    1
 17599, 95035,20181122,    0,    1
 17599, 95035,20181123,   12,    0
 17599, 95035,20181124,    2,    0
 17599, 95035,20181125,  196,    0
 17599, 95035,20181126,    8,    0
 17599, 95035,20181127,   22,    1
 17599, 95035,20181128,    0,    1
 17599, 95035,20181129,    0,    1
 17599, 95035,20181130,    2,    1
 17599, 95035,20181201,    0,    1
 17599, 95035,20181202,    0,    1
 17599, 95035,20181203,    0,    1
 17599, 95035,20181204,    2,    0
 17599, 95035,20181205,    2,    0
 17599, 95035,20181206,    2,    1
 17599, 95035,20181207,    0,    1
 17599, 95035,20181208,   30,    0
 17599, 95035,20181209,    2,    1
 17599, 95035,20181210,    0,    1
 17599, 95035,20181211,    0,    1
 17599, 95035,20181212,    0,    1
 17599, 95035,20181213,   14,    0
 17599, 95035,20181214,  176,    1
 17599, 95035,20181215,    0,    1
 17599, 95035,20181216,   64,    0
 17599, 95035,20181217,  196,    0
 17599, 95035,20181218,   46,    0
 17599, 95035,20181219,    4,    0
 17599, 95035,20181220,   54,    1
 17599, 95035,20181221,    0,    1
 17599, 95035,20181222,    0,    1
 17599, 95035,20181223,    2,    0
 17599, 95035,20181224,    2,    0
 17599, 95035,20181225,    2,    1
 17599, 95035,20181226,    0,    1
 17599, 95035,20181227,    0,    1
 17599, 95035,20181228,    2,    0
 17599, 95035,20181229,    2,    0
 17599, 95035,20181230,    2,    1
 17599, 95035,20181231,    0,    1
 17599, 95035,20190101,    0,    1
 17599, 95035,20190102,    2,    1
 17599, 95035,20190103,    0,    1
 17599, 95035,20190104,    2,    1
 17599, 95035,20190105,    0,    1
 17599, 95035,20190106,    0,    1
 17599, 95035,20190107,    0,    1
 17599, 95035,20190108,    0,    1
 17599, 95035,20190109,    0,    1
 17599, 95035,20190110,    6,    1
 17599, 95035,20190111,    0,    1
 17599, 95035,20190112,    2,    1
 17599, 95035,20190113,    0,    1
 17599, 95035,20190114,    0,    1
 17599, 95035,20190115,    0,    1
 17599, 95035,20190116,    0,    1
 17599, 95035,20190117,    0,    1
 17599, 95035,20190118,  182,    0
 17599, 95035,20190119,   14,    1
 17599, 95035,20190120,    0,    1
 17599, 95035,20190121,  128,    0
 17599, 95035,20190122,  114,    0
 17599, 95035,20190123,   22,    0
 17599, 95035,20190124,   82,    1
 17599, 95035,20190125,    0,    1
 17599, 95035,20190126,    0,    1
 17599, 95035,20190127,   58,    1
 17599, 95035,20190128,    0,    1
 17599, 95035,20190129,   98,    0
 17599, 95035,20190130,   40,    0
 17599, 95035,20190131,   10,    0
 17599, 95035,20190201,   12,    0
 17599, 95035,20190202,  184,    0
 17599, 95035,20190203,   36,    0
 17599, 95035,20190204,   18,    1
 17599, 95035,20190205,    0,    1
 17599, 95035,20190206,    0,    1
 17599, 95035,20190207,    0,    1
 17599, 95035,20190208,    0,    1
 17599, 95035,20190209,    0,    1
 17599, 95035,20190210,    0,    1
 17599, 95035,20190211,   38,    1
 17599, 95035,20190212,    0,    1
 17599, 95035,20190213,    0,    1
 17599, 95035,20190214,    0,    1
 17599, 95035,20190215,    0,    1
 17599, 95035,20190216,    0,    1
 17599, 95035,20190217,    0,    1
 17599, 95035,20190218,    0,    1
 17599, 95035,20190219,    0,    1
 17599, 95035,20190220,    0,    1
 17599, 95035,20190221,    2,    1
 17599, 95035,20190222,    0,    1
 17599, 95035,20190223,    0,    1
 17599, 95035,20190224,    0,    1
 17599, 95035,20190225,    0,    1
 17599, 95035,20190226,    0,    1
 17599, 95035,20190227,    0,    1
 17599, 95035,20190228,    0,    1
 17599, 95035,20190301,    0,    1
 17599, 95035,20190302,    0,    1
 17599, 95035,20190303,    0,    1
 17599, 95035,20190304,    0,    1
 17599, 95035,20190305,    0,    1
 17599, 95035,20190306,    0,    1
 17599, 95035,20190307,    0,    1
 17599, 95035,20190308,    0,    1
 17599, 95035,20190309,    0,    1
 17599, 95035,20190310,    0,    1
 17599, 95035,20190311,   62,    1
 17599, 95035,20190312,    0,    1
 17599, 95035,20190313,   14,    1
 17599, 95035,20190314,    0,    1
 17599, 95035,20190315,    0,    1
 17599, 95035,20190316,    0,    1
 17599, 95035,20190317,    0,    1
 17599, 95035,20190318,   70,    0
 17599, 95035,20190319,   56,    0
 17599, 95035,20190320,    2,    1
 17599, 95035,20190321,    0,    1
 17599, 95035,20190322,    0,    1
 17599, 95035,20190323,    0,    1
 17599, 95035,20190324,    0,    1
 17599, 95035,20190325,    0,    1
 17599, 95035,20190326,  242,    1
 17599, 95035,20190327,    0,    1
 17599, 95035,20190328,    0,    1
 17599, 95035,20190329,    0,    1
 17599, 95035,20190330,    0,    1
 17599, 95035,20190331,    0,    1
 17599, 95035,20190401,    0,    1
 17599, 95035,20190402,    0,    1
 17599, 95035,20190403,    0,    1
 17599, 95035,20190404,  312,    0
 17599, 95035,20190405,    2,    1
 17599, 95035,20190406,    0,    1
 17599, 95035,20190407,    0,    1
 17599, 95035,20190408,    0,    1
 17599, 95035,20190409,    4,    1
 17599, 95035,20190410,    0,    1
 17599, 95035,20190411,   36,    0
 17599, 95035,20190412,   90,    0
 17599, 95035,20190413,    4,    0
 17599, 95035,20190414,   52,    0
 17599, 95035,20190415,    6,    1
 17599, 95035,20190416,    0,    1
 17599, 95035,20190417,    0,    1
 17599, 95035,20190418,    0,    1
 17599, 95035,20190419,    0,    1
 17599, 95035,20190420,    0,    1
 17599, 95035,20190421,    0,    1
 17599, 95035,20190422,  154,    0
 17599, 95035,20190423,   92,    1
 17599, 95035,20190424,    0,    1
 17599, 95035,20190425,    0,    1
 17599, 95035,20190426,   56,    0
 17599, 95035,20190427,    2,    0
 17599, 95035,20190428,  132,    0
 17599, 95035,20190429,   44,    1
 17599, 95035,20190430,    0,    1
 17599, 95035,20190501,    0,    1
 17599, 95035,20190502,    0,    1
 17599, 95035,20190503,   16,    0
 17599, 95035,20190504,   38,    0
 17599, 95035,20190505,  260,    0
 17599, 95035,20190506,  178,    1
 17599, 95035,20190507,    0,    1
 17599, 95035,20190508,    8,    0
 17599, 95035,20190509,   54,    1
 17599, 95035,20190510,    0,    1
 17599, 95035,20190511,   50,    0
 17599, 95035,20190512,  832,    0
 17599, 95035,20190513,  422,    1
 17599, 95035,20190514,    0,    1
 17599, 95035,20190515,  152,    1
 17599, 95035,20190516,    0,    1
 17599, 95035,20190517,    6,    0
 17599, 95035,20190518,   16,    0
 17599, 95035,20190519,  200,    0
 17599, 95035,20190520,    2,    0
 17599, 95035,20190521,    2,    0
 17599, 95035,20190522,   16,    0
 17599, 95035,20190523,   62,    0
 17599, 95035,20190524,    2,    1
 17599, 95035,20190525,    0,    1
 17599, 95035,20190526,  188,    0
 17599, 95035,20190527,   58,    0
 17599, 95035,20190528,  186,    0
 17599, 95035,20190529,   92,    0
 17599, 95035,20190530,   62,    0
 17599, 95035,20190531,-9999,    9
 17599, 95035,20190601,-9999,    9
 17599, 95035,20190602,-9999,    9
 17599, 95035,20190603,-9999,    9
 17599, 95035,20190604,-9999,    9
 17599, 95035,20190605,-9999,    9
 17599, 95035,20190606,-9999,    9
 17599, 95035,20190607,-9999,    9
 17599, 95035,20190608,-9999,    9
 17599, 95035,20190609,-9999,    9
 17599, 95035,20190610,-9999,    9
 17599, 95035,20190611,-9999,    9
 17599, 95035,20190612,-9999,    9
 17599, 95035,20190613,-9999,    9
 17599, 95035,20190614,-9999,    9
 17599, 95035,20190615,-9999,    9
 17599, 95035,20190616,-9999,    9
 17599, 95035,20190617,-9999,    9
 17599, 95035,20190618,-9999,    9
 17599, 95035,20190619,-9999,    9
 17599, 95035,20190620,-9999,    9
 17599, 95035,20190621,-9999,    9
 17599, 95035,20190622,-9999,    9
 17599, 95035,20190623,-9999,    9
 17599, 95035,20190624,-9999,    9
 17599, 95035,20190625,-9999,    9
 17599, 95035,20190626,-9999,    9
 17599, 95035,20190627,-9999,    9
 17599, 95035,20190628,-9999,    9
 17599, 95035,20190629,-9999,    9
 17599, 95035,20190630,-9999,    9
 17599, 95035,20190701,-9999,    9
 17599, 95035,20190702,-9999,    9
 17599, 95035,20190703,-9999,    9
 17599, 95035,20190704,-9999,    9
 17599, 95035,20190705,-9999,    9
 17599, 95035,20190706,-9999,    9
 17599, 95035,20190707,-9999,    9
 17599, 95035,20190708,-9999,    9
 17599, 95035,20190709,-9999,    9
 17599, 95035,20190710,-9999,    9
 17599, 95035,20190711,-9999,    9
 17599, 95035,20190712,-9999,    9
 17599, 95035,20190713,-9999,    9
 17599, 95035,20190714,-9999,    9
 17599, 95035,20190715,-9999,    9
 17599, 95035,20190716,-9999,    9
 17599, 95035,20190717,-9999,    9
 17599, 95035,20190718,-9999,    9
 17599, 95035,20190719,-9999,    9
 17599, 95035,20190720,-9999,    9
 17599, 95035,20190721,-9999,    9
 17599, 95035,20190722,-9999,    9
 17599, 95035,20190723,-9999,    9
 17599, 95035,20190724,-9999,    9
 17599, 95035,20190725,-9999,    9
 17599, 95035,20190726,-9999,    9
 17599, 95035,20190727,-9999,    9
 17599, 95035,20190728,-9999,    9
 17599, 95035,20190729,-9999,    9
 17599, 95035,20190730,-9999,    9
 17599, 95035,20190731,-9999,    9
 17599, 95035,20190801,-9999,    9
 17599, 95035,20190802,-9999,    9
 17599, 95035,20190803,-9999,    9
 17599, 95035,20190804,-9999,    9
 17599, 95035,20190805,-9999,    9
 17599, 95035,20190806,-9999,    9
 17599, 95035,20190807,-9999,    9
 17599, 95035,20190808,-9999,    9
 17599, 95035,20190809,-9999,    9
 17599, 95035,20190810,-9999,    9
 17599, 95035,20190811,-9999,    9
 17599, 95035,20190812,-9999,    9
 17599, 95035,20190813,-9999,    9
 17599, 95035,20190814,-9999,    9
 17599, 95035,20190815,-9999,    9
 17599, 95035,20190816,-9999,    9
 17599, 95035,20190817,-9999,    9
 17599, 95035,20190818,-9999,    9
 17599, 95035,20190819,-9999,    9
 17599, 95035,20190820,-9999,    9
 17599, 95035,20190821,-9999,    9
 17599, 95035,20190822,-9999,    9
 17599, 95035,20190823,-9999,    9
 17599, 95035,20190824,-9999,    9
 17599, 95035,20190825,-9999,    9
 17599, 95035,20190826,-9999,    9
 17599, 95035,20190827,-9999,    9
 17599, 95035,20190828,-9999,    9
 17599, 95035,20190829,-9999,    9
 17599, 95035,20190830,-9999,    9
 17599, 95035,20190831,-9999,    9
 17599, 95035,20190901,-9999,    9
 17599, 95035,20190902,-9999,    9
 17599, 95035,20190903,-9999,    9
 17599, 95035,20190904,-9999,    9
 17599, 95035,20190905,-9999,    9
 17599, 95035,20190906,-9999,    9
 17599, 95035,20190907,-9999,    9
 17599, 95035,20190908,-9999,    9
 17599, 95035,20190909,-9999,    9
 17599, 95035,20190910,-9999,    9
 17599, 95035,20190911,-9999,    9
 17599, 95035,20190912,-9999,    9
 17599, 95035,20190913,-9999,    9
 17599, 95035,20190914,-9999,    9
 17599, 95035,20190915,-9999,    9
 17599, 95035,20190916,-9999,    9
 17599, 95035,20190917,-9999,    9
 17599, 95035,20190918,-9999,    9
 17599, 95035,20190919,-9999,    9
 17599, 95035,20190920,-9999,    9
 17599, 95035,20190921,-9999,    9
 17599, 95035,20190922,-9999,    9
 17599, 95035,20190923,-9999,    9
 17599, 95035,20190924,-9999,    9
 17599, 95035,20190925,-9999,    9
 17599, 95035,20190926,-9999,    9
 17599, 95035,20190927,-9999,    9
 17599, 95035,20190928,-9999,    9
 17599, 95035,20190929,-9999,    9
 17599, 95035,20190930,-9999,    9
 17599, 95035,20191001,-9999,    9
 17599, 95035,20191002,-9999,    9
 17599, 95035,20191003,-9999,    9
 17599, 95035,20191004,-9999,    9
 17599, 95035,20191005,-9999,    9
 17599, 95035,20191006,-9999,    9
 17599, 95035,20191007,-9999,    9
 17599, 95035,20191008,-9999,    9
 17599, 95035,20191009,-9999,    9
 17599, 95035,20191010,-9999,    9
 17599, 95035,20191011,-9999,    9
 17599, 95035,20191012,-9999,    9
 17599, 95035,20191013,-9999,    9
 17599, 95035,20191014,-9999,    9
 17599, 95035,20191015,-9999,    9
 17599, 95035,20191016,-9999,    9
 17599, 95035,20191017,-9999,    9
 17599, 95035,20191018,-9999,    9
 17599, 95035,20191019,-9999,    9
 17599, 95035,20191020,-9999,    9
 17599, 95035,20191021,-9999,    9
 17599, 95035,20191022,-9999,    9
 17599, 95035,20191023,-9999,    9
 17599, 95035,20191024,-9999,    9
 17599, 95035,20191025,-9999,    9
 17599, 95035,20191026,-9999,    9
 17599, 95035,20191027,-9999,    9
 17599, 95035,20191028,-9999,    9
 17599, 95035,20191029,-9999,    9
 17599, 95035,20191030,-9999,    9
 17599, 95035,20191031,-9999,    9
 17599, 95035,20191101,-9999,    9
 17599, 95035,20191102,-9999,    9
 17599, 95035,20191103,-9999,    9
 17599, 95035,20191104,-9999,    9
 17599, 95035,20191105,-9999,    9
 17599, 95035,20191106,-9999,    9
 17599, 95035,20191107,-9999,    9
 17599, 95035,20191108,-9999,    9
 17599, 95035,20191109,-9999,    9
 17599, 95035,20191110,-9999,    9
 17599, 95035,20191111,-9999,    9
 17599, 95035,20191112,-9999,    9
 17599, 95035,20191113,-9999,    9
 17599, 95035,20191114,-9999,    9
 17599, 95035,20191115,-9999,    9
 17599, 95035,20191116,-9999,    9
 17599, 95035,20191117,-9999,    9
 17599, 95035,20191118,-9999,    9
 17599, 95035,20191119,-9999,    9
 17599, 95035,20191120,-9999,    9
 17599, 95035,20191121,-9999,    9
 17599, 95035,20191122,-9999,    9
 17599, 95035,20191123,-9999,    9
 17599, 95035,20191124,-9999,    9
 17599, 95035,20191125,-9999,    9
 17599, 95035,20191126,-9999,    9
 17599, 95035,20191127,-9999,    9
 17599, 95035,20191128,-9999,    9
 17599, 95035,20191129,-9999,    9
 17599, 95035,20191130,-9999,    9
 17599, 95035,20191201,-9999,    9
 17599, 95035,20191202,-9999,    9
 17599, 95035,20191203,-9999,    9
 17599, 95035,20191204,-9999,    9
 17599, 95035,20191205,-9999,    9
 17599, 95035,20191206,-9999,    9
 17599, 95035,20191207,-9999,    9
 17599, 95035,20191208,-9999,    9
 17599, 95035,20191209,-9999,    9
 17599, 95035,20191210,-9999,    9
 17599, 95035,20191211,-9999,    9
 17599, 95035,20191212,-9999,    9
 17599, 95035,20191213,-9999,    9
 17599, 95035,20191214,-9999,    9
 17599, 95035,20191215,-9999,    9
 17599, 95035,20191216,-9999,    9
 17599, 95035,20191217,-9999,    9
 17599, 95035,20191218,-9999,    9
 17599, 95035,20191219,-9999,    9
 17599, 95035,20191220,-9999,    9
 17599, 95035,20191221,-9999,    9
 17599, 95035,20191222,-9999,    9
 17599, 95035,20191223,-9999,    9
 17599, 95035,20191224,-9999,    9
 17599, 95035,20191225,-9999,    9
 17599, 95035,20191226,-9999,    9
 17599, 95035,20191227,-9999,    9
 17599, 95035,20191228,-9999,    9
 17599, 95035,20191229,-9999,    9
 17599, 95035,20191230,-9999,    9
 17599, 95035,20191231,-9999,    9
 17599, 95035,20200101,-9999,    9
 17599, 95035,20200102,-9999,    9
 17599, 95035,20200103,-9999,    9
 17599, 95035,20200104,-9999,    9
 17599, 95035,20200105,-9999,    9
 17599, 95035,20200106,-9999,    9
 17599, 95035,20200107,-9999,    9
 17599, 95035,20200108,-9999,    9
 17599, 95035,20200109,-9999,    9
 17599, 95035,20200110,-9999,    9
 17599, 95035,20200111,-9999,    9
 17599, 95035,20200112,-9999,    9
 17599, 95035,20200113,-9999,    9
 17599, 95035,20200114,-9999,    9
 17599, 95035,20200115,-9999,    9
 17599, 95035,20200116,-9999,    9
 17599, 95035,20200117,-9999,    9
 17599, 95035,20200118,-9999,    9
 17599, 95035,20200119,-9999,    9
 17599, 95035,20200120,-9999,    9
 17599, 95035,20200121,-9999,    9
 17599, 95035,20200122,-9999,    9
 17599, 95035,20200123,-9999,    9
 17599, 95035,20200124,-9999,    9
 17599, 95035,20200125,-9999,    9
 17599, 95035,20200126,-9999,    9
 17599, 95035,20200127,-9999,    9
 17599, 95035,20200128,-9999,    9
 17599, 95035,20200129,-9999,    9
 17599, 95035,20200130,-9999,    9
 17599, 95035,20200131,-9999,    9
 17599, 95035,20200201,-9999,    9
 17599, 95035,20200202,-9999,    9
 17599, 95035,20200203,-9999,    9
 17599, 95035,20200204,-9999,    9
 17599, 95035,20200205,-9999,    9
 17599, 95035,20200206,-9999,    9
 17599, 95035,20200207,-9999,    9
 17599, 95035,20200208,-9999,    9
 17599, 95035,20200209,-9999,    9
 17599, 95035,20200210,-9999,    9
 17599, 95035,20200211,-9999,    9
 17599, 95035,20200212,-9999,    9
 17599, 95035,20200213,-9999,    9
 17599, 95035,20200214,-9999,    9
 17599, 95035,20200215,-9999,    9
 17599, 95035,20200216,-9999,    9
 17599, 95035,20200217,-9999,    9
 17599, 95035,20200218,-9999,    9
 17599, 95035,20200219,-9999,    9
 17599, 95035,20200220,-9999,    9
 17599, 95035,20200221,-9999,    9
 17599, 95035,20200222,-9999,    9
 17599, 95035,20200223,-9999,    9
 17599, 95035,20200224,-9999,    9
 17599, 95035,20200225,-9999,    9
 17599, 95035,20200226,-9999,    9
 17599, 95035,20200227,-9999,    9
 17599, 95035,20200228,-9999,    9
 17599, 95035,20200229,-9999,    9
 17599, 95035,20200301,-9999,    9
 17599, 95035,20200302,-9999,    9
 17599, 95035,20200303,-9999,    9
 17599, 95035,20200304,-9999,    9
 17599, 95035,20200305,-9999,    9
 17599, 95035,20200306,-9999,    9
 17599, 95035,20200307,-9999,    9
 17599, 95035,20200308,-9999,    9
 17599, 95035,20200309,-9999,    9
 17599, 95035,20200310,-9999,    9
 17599, 95035,20200311,-9999,    9
 17599, 95035,20200312,-9999,    9
 17599, 95035,20200313,-9999,    9
 17599, 95035,20200314,-9999,    9
 17599, 95035,20200315,-9999,    9
 17599, 95035,20200316,-9999,    9
 17599, 95035,20200317,-9999,    9
 17599, 95035,20200318,-9999,    9
 17599, 95035,20200319,-9999,    9
 17599, 95035,20200320,-9999,    9
 17599, 95035,20200321,-9999,    9
 17599, 95035,20200322,-9999,    9
 17599, 95035,20200323,-9999,    9
 17599, 95035,20200324,-9999,    9
 17599, 95035,20200325,-9999,    9
 17599, 95035,20200326,-9999,    9
 17599, 95035,20200327,-9999,    9
 17599, 95035,20200328,-9999,    9
 17599, 95035,20200329,-9999,    9
 17599, 95035,20200330,-9999,    9
 17599, 95035,20200331,-9999,    9
 17599, 95035,20200401,-9999,    9
 17599, 95035,20200402,-9999,    9
 17599, 95035,20200403,-9999,    9
 17599, 95035,20200404,-9999,    9
 17599, 95035,20200405,-9999,    9
 17599, 95035,20200406,-9999,    9
 17599, 95035,20200407,-9999,    9
 17599, 95035,20200408,-9999,    9
 17599, 95035,20200409,-9999,    9
 17599, 95035,20200410,-9999,    9
 17599, 95035,20200411,-9999,    9
 17599, 95035,20200412,-9999,    9
 17599, 95035,20200413,-9999,    9
 17599, 95035,20200414,-9999,    9
 17599, 95035,20200415,-9999,    9
 17599, 95035,20200416,-9999,    9
 17599, 95035,20200417,-9999,    9
 17599, 95035,20200418,-9999,    9
 17599, 95035,20200419,-9999,    9
 17599, 95035,20200420,-9999,    9
 17599, 95035,20200421,-9999,    9
 17599, 95035,20200422,-9999,    9
 17599, 95035,20200423,-9999,    9
 17599, 95035,20200424,-9999,    9
 17599, 95035,20200425,-9999,    9
 17599, 95035,20200426,-9999,    9
 17599, 95035,20200427,-9999,    9
 17599, 95035,20200428,-9999,    9
 17599, 95035,20200429,-9999,    9
 17599, 95035,20200430,-9999,    9
 17599, 95035,20200501,-9999,    9
 17599, 95035,20200502,-9999,    9
 17599, 95035,20200503,-9999,    9
 17599, 95035,20200504,-9999,    9
 17599, 95035,20200505,-9999,    9
 17599, 95035,20200506,-9999,    9
 17599, 95035,20200507,-9999,    9
 17599, 95035,20200508,-9999,    9
 17599, 95035,20200509,-9999,    9
 17599, 95035,20200510,-9999,    9
 17599, 95035,20200511,-9999,    9
 17599, 95035,20200512,-9999,    9
 17599, 95035,20200513,-9999,    9
 17599, 95035,20200514,-9999,    9
 17599, 95035,20200515,-9999,    9
 17599, 95035,20200516,-9999,    9
 17599, 95035,20200517,-9999,    9
 17599, 95035,20200518,-9999,    9
 17599, 95035,20200519,-9999,    9
 17599, 95035,20200520,-9999,    9
 17599, 95035,20200521,-9999,    9
 17599, 95035,20200522,-9999,    9
 17599, 95035,20200523,-9999,    9
 17599, 95035,20200524,-9999,    9
 17599, 95035,20200525,-9999,    9
 17599, 95035,20200526,-9999,    9
 17599, 95035,20200527,-9999,    9
 17599, 95035,20200528,-9999,    9
 17599, 95035,20200529,-9999,    9
 17599, 95035,20200530,-9999,    9
 17599, 95035,20200531,-9999,    9
 17599, 95035,20200601,-9999,    9
 17599, 95035,20200602,-9999,    9
 17599, 95035,20200603,-9999,    9
 17599, 95035,20200604,-9999,    9
 17599, 95035,20200605,-9999,    9
 17599, 95035,20200606,-9999,    9
 17599, 95035,20200607,-9999,    9
 17599, 95035,20200608,-9999,    9
 17599, 95035,20200609,-9999,    9
 17599, 95035,20200610,-9999,    9
 17599, 95035,20200611,-9999,    9
 17599, 95035,20200612,-9999,    9
 17599, 95035,20200613,-9999,    9
 17599, 95035,20200614,-9999,    9
 17599, 95035,20200615,-9999,    9
 17599, 95035,20200616,-9999,    9
 17599, 95035,20200617,-9999,    9
 17599, 95035,20200618,-9999,    9
 17599, 95035,20200619,-9999,    9
 17599, 95035,20200620,-9999,    9
 17599, 95035,20200621,-9999,    9
 17599, 95035,20200622,-9999,    9
 17599, 95035,20200623,-9999,    9
 17599, 95035,20200624,-9999,    9
 17599, 95035,20200625,-9999,    9
 17599, 95035,20200626,-9999,    9
 17599, 95035,20200627,-9999,    9
 17599, 95035,20200628,-9999,    9
 17599, 95035,20200629,-9999,    9
 17599, 95035,20200630,-9999,    9
 17599, 95035,20200701,-9999,    9
 17599, 95035,20200702,-9999,    9
 17599, 95035,20200703,-9999,    9
 17599, 95035,20200704,-9999,    9
 17599, 95035,20200705,-9999,    9
 17599, 95035,20200706,-9999,    9
 17599, 95035,20200707,-9999,    9
 17599, 95035,20200708,-9999,    9
 17599, 95035,20200709,-9999,    9
 17599, 95035,20200710,-9999,    9
 17599, 95035,20200711,-9999,    9
 17599, 95035,20200712,-9999,    9
 17599, 95035,20200713,-9999,    9
 17599, 95035,20200714,-9999,    9
 17599, 95035,20200715,-9999,    9
 17599, 95035,20200716,-9999,    9
 17599, 95035,20200717,-9999,    9
 17599, 95035,20200718,-9999,    9
 17599, 95035,20200719,-9999,    9
 17599, 95035,20200720,-9999,    9
 17599, 95035,20200721,-9999,    9
 17599, 95035,20200722,-9999,    9
 17599, 95035,20200723,-9999,    9
 17599, 95035,20200724,-9999,    9
 17599, 95035,20200725,-9999,    9
 17599, 95035,20200726,-9999,    9
 17599, 95035,20200727,-9999,    9
 17599, 95035,20200728,-9999,    9
 17599, 95035,20200729,-9999,    9
 17599, 95035,20200730,-9999,    9
 17599, 95035,20200731,-9999,    9
 17599, 95035,20200801,-9999,    9
 17599, 95035,20200802,-9999,    9
 17599, 95035,20200803,-9999,    9
 17599, 95035,20200804,-9999,    9
 17599, 95035,20200805,-9999,    9
 17599, 95035,20200806,-9999,    9
 17599, 95035,20200807,-9999,    9
 17599, 95035,20200808,-9999,    9
 17599, 95035,20200809,-9999,    9
 17599, 95035,20200810,-9999,    9
 17599, 95035,20200811,-9999,    9
 17599, 95035,20200812,-9999,    9
 17599, 95035,20200813,-9999,    9
 17599, 95035,20200814,-9999,    9
 17599, 95035,20200815,-9999,    9
 17599, 95035,20200816,-9999,    9
 17599, 95035,20200817,-9999,    9
 17599, 95035,20200818,-9999,    9
 17599, 95035,20200819,-9999,    9
 17599, 95035,20200820,-9999,    9
 17599, 95035,20200821,-9999,    9
 17599, 95035,20200822,-9999,    9
 17599, 95035,20200823,-9999,    9
 17599, 95035,20200824,-9999,    9
 17599, 95035,20200825,-9999,    9
 17599, 95035,20200826,-9999,    9
 17599, 95035,20200827,-9999,    9
 17599, 95035,20200828,-9999,    9
 17599, 95035,20200829,-9999,    9
 17599, 95035,20200830,-9999,    9
 17599, 95035,20200831,-9999,    9
 17599, 95035,20200901,-9999,    9
 17599, 95035,20200902,-9999,    9
 17599, 95035,20200903,-9999,    9
 17599, 95035,20200904,-9999,    9
 17599, 95035,20200905,-9999,    9
 17599, 95035,20200906,-9999,    9
 17599, 95035,20200907,-9999,    9
 17599, 95035,20200908,-9999,    9
 17599, 95035,20200909,-9999,    9
 17599, 95035,20200910,-9999,    9
 17599, 95035,20200911,-9999,    9
 17599, 95035,20200912,-9999,    9
 17599, 95035,20200913,-9999,    9
 17599, 95035,20200914,-9999,    9
 17599, 95035,20200915,-9999,    9
 17599, 95035,20200916,-9999,    9
 17599, 95035,20200917,-9999,    9
 17599, 95035,20200918,-9999,    9
 17599, 95035,20200919,-9999,    9
 17599, 95035,20200920,-9999,    9
 17599, 95035,20200921,-9999,    9
 17599, 95035,20200922,-9999,    9
 17599, 95035,20200923,-9999,    9
 17599, 95035,20200924,-9999,    9
 17599, 95035,20200925,-9999,    9
 17599, 95035,20200926,-9999,    9
 17599, 95035,20200927,-9999,    9
 17599, 95035,20200928,-9999,    9
 17599, 95035,20200929,-9999,    9
 17599, 95035,20200930,-9999,    9
 17599, 95035,20201001,-9999,    9
 17599, 95035,20201002,-9999,    9
 17599, 95035,20201003,-9999,    9
 17599, 95035,20201004,-9999,    9
 17599, 95035,20201005,-9999,    9
 17599, 95035,20201006,-9999,    9
 17599, 95035,20201007,-9999,    9
 17599, 95035,20201008,-9999,    9
 17599, 95035,20201009,-9999,    9
 17599, 95035,20201010,-9999,    9
 17599, 95035,20201011,-9999,    9
 17599, 95035,20201012,-9999,    9
 17599, 95035,20201013,-9999,    9
 17599, 95035,20201014,-9999,    9
 17599, 95035,20201015,-9999,    9
 17599, 95035,20201016,-9999,    9
 17599, 95035,20201017,-9999,    9
 17599, 95035,20201018,-9999,    9
 17599, 95035,20201019,-9999,    9
 17599, 95035,20201020,-9999,    9
 17599, 95035,20201021,-9999,    9
 17599, 95035,20201022,-9999,    9
 17599, 95035,20201023,-9999,    9
 17599, 95035,20201024,-9999,    9
 17599, 95035,20201025,-9999,    9
 17599, 95035,20201026,-9999,    9
 17599, 95035,20201027,-9999,    9
 17599, 95035,20201028,-9999,    9
 17599, 95035,20201029,-9999,    9
 17599, 95035,20201030,-9999,    9
 17599, 95035,20201031,-9999,    9
 17599, 95035,20201101,-9999,    9
 17599, 95035,20201102,-9999,    9
 17599, 95035,20201103,-9999,    9
 17599, 95035,20201104,-9999,    9
 17599, 95035,20201105,-9999,    9
 17599, 95035,20201106,-9999,    9
 17599, 95035,20201107,-9999,    9
 17599, 95035,20201108,-9999,    9
 17599, 95035,20201109,-9999,    9
 17599, 95035,20201110,-9999,    9
 17599, 95035,20201111,-9999,    9
 17599, 95035,20201112,-9999,    9
 17599, 95035,20201113,-9999,    9
 17599, 95035,20201114,-9999,    9
 17599, 95035,20201115,-9999,    9
 17599, 95035,20201116,-9999,    9
 17599, 95035,20201117,-9999,    9
 17599, 95035,20201118,-9999,    9
 17599, 95035,20201119,-9999,    9
 17599, 95035,20201120,-9999,    9
 17599, 95035,20201121,-9999,    9
 17599, 95035,20201122,-9999,    9
 17599, 95035,20201123,-9999,    9
 17599, 95035,20201124,-9999,    9
 17599, 95035,20201125,-9999,    9
 17599, 95035,20201126,-9999,    9
 17599, 95035,20201127,-9999,    9
 17599, 95035,20201128,-9999,    9
 17599, 95035,20201129,-9999,    9
 17599, 95035,20201130,-9999,    9
 17599, 95035,20201201,-9999,    9
 17599, 95035,20201202,-9999,    9
 17599, 95035,20201203,-9999,    9
 17599, 95035,20201204,-9999,    9
 17599, 95035,20201205,-9999,    9
 17599, 95035,20201206,-9999,    9
 17599, 95035,20201207,-9999,    9
 17599, 95035,20201208,-9999,    9
 17599, 95035,20201209,-9999,    9
 17599, 95035,20201210,-9999,    9
 17599, 95035,20201211,-9999,    9
 17599, 95035,20201212,-9999,    9
 17599, 95035,20201213,-9999,    9
 17599, 95035,20201214,-9999,    9
 17599, 95035,20201215,-9999,    9
 17599, 95035,20201216,-9999,    9
 17599, 95035,20201217,-9999,    9
 17599, 95035,20201218,-9999,    9
 17599, 95035,20201219,-9999,    9
 17599, 95035,20201220,-9999,    9
 17599, 95035,20201221,-9999,    9
 17599, 95035,20201222,-9999,    9
 17599, 95035,20201223,-9999,    9
 17599, 95035,20201224,-9999,    9
 17599, 95035,20201225,-9999,    9
 17599, 95035,20201226,-9999,    9
 17599, 95035,20201227,-9999,    9
 17599, 95035,20201228,-9999,    9
 17599, 95035,20201229,-9999,    9
 17599, 95035,20201230,-9999,    9
 17599, 95035,20201231,-9999,    9
 17599, 95035,20210101,-9999,    9
 17599, 95035,20210102,-9999,    9
 17599, 95035,20210103,-9999,    9
 17599, 95035,20210104,-9999,    9
 17599, 95035,20210105,-9999,    9
 17599, 95035,20210106,-9999,    9
 17599, 95035,20210107,-9999,    9
 17599, 95035,20210108,-9999,    9
 17599, 95035,20210109,-9999,    9
 17599, 95035,20210110,-9999,    9
 17599, 95035,20210111,-9999,    9
 17599, 95035,20210112,-9999,    9
 17599, 95035,20210113,-9999,    9
 17599, 95035,20210114,-9999,    9
 17599, 95035,20210115,-9999,    9
 17599, 95035,20210116,-9999,    9
 17599, 95035,20210117,-9999,    9
 17599, 95035,20210118,-9999,    9
 17599, 95035,20210119,-9999,    9
 17599, 95035,20210120,-9999,    9
 17599, 95035,20210121,-9999,    9
 17599, 95035,20210122,-9999,    9
 17599, 95035,20210123,-9999,    9
 17599, 95035,20210124,-9999,    9
 17599, 95035,20210125,-9999,    9
 17599, 95035,20210126,-9999,    9
 17599, 95035,20210127,-9999,    9
 17599, 95035,20210128,-9999,    9
 17599, 95035,20210129,-9999,    9
 17599, 95035,20210130,-9999,    9
 17599, 95035,20210131,-9999,    9
 17599, 95035,20210201,-9999,    9
 17599, 95035,20210202,-9999,    9
 17599, 95035,20210203,-9999,    9
 17599, 95035,20210204,-9999,    9
 17599, 95035,20210205,-9999,    9
 17599, 95035,20210206,-9999,    9
 17599, 95035,20210207,-9999,    9
 17599, 95035,20210208,-9999,    9
 17599, 95035,20210209,-9999,    9
 17599, 95035,20210210,-9999,    9
 17599, 95035,20210211,-9999,    9
 17599, 95035,20210212,-9999,    9
 17599, 95035,20210213,-9999,    9
 17599, 95035,20210214,-9999,    9
 17599, 95035,20210215,-9999,    9
 17599, 95035,20210216,-9999,    9
 17599, 95035,20210217,-9999,    9
 17599, 95035,20210218,-9999,    9
 17599, 95035,20210219,-9999,    9
 17599, 95035,20210220,-9999,    9
 17599, 95035,20210221,-9999,    9
 17599, 95035,20210222,-9999,    9
 17599, 95035,20210223,-9999,    9
 17599, 95035,20210224,-9999,    9
 17599, 95035,20210225,-9999,    9
 17599, 95035,20210226,-9999,    9
 17599, 95035,20210227,-9999,    9
 17599, 95035,20210228,-9999,    9
 17599, 95035,20210301,-9999,    9
 17599, 95035,20210302,-9999,    9
 17599, 95035,20210303,-9999,    9
 17599, 95035,20210304,-9999,    9
 17599, 95035,20210305,-9999,    9
 17599, 95035,20210306,-9999,    9
 17599, 95035,20210307,-9999,    9
 17599, 95035,20210308,-9999,    9
 17599, 95035,20210309,-9999,    9
 17599, 95035,20210310,-9999,    9
 17599, 95035,20210311,-9999,    9
 17599, 95035,20210312,-9999,    9
 17599, 95035,20210313,-9999,    9
 17599, 95035,20210314,-9999,    9
 17599, 95035,20210315,-9999,    9
 17599, 95035,20210316,-9999,    9
 17599, 95035,20210317,-9999,    9
 17599, 95035,20210318,-9999,    9
 17599, 95035,20210319,-9999,    9
 17599, 95035,20210320,-9999,    9
 17599, 95035,20210321,-9999,    9
 17599, 95035,20210322,-9999,    9
 17599, 95035,20210323,-9999,    9
 17599, 95035,20210324,-9999,    9
 17599, 95035,20210325,-9999,    9
 17599, 95035,20210326,-9999,    9
 17599, 95035,20210327,-9999,    9
 17599, 95035,20210328,-9999,    9
 17599, 95035,20210329,-9999,    9
 17599, 95035,20210330,-9999,    9
 17599, 95035,20210331,-9999,    9
 17599, 95035,20210401,-9999,    9
 17599, 95035,20210402,-9999,    9
 17599, 95035,20210403,-9999,    9
 17599, 95035,20210404,-9999,    9
 17599, 95035,20210405,-9999,    9
 17599, 95035,20210406,-9999,    9
 17599, 95035,20210407,-9999,    9
 17599, 95035,20210408,-9999,    9
 17599, 95035,20210409,-9999,    9
 17599, 95035,20210410,-9999,    9
 17599, 95035,20210411,-9999,    9
 17599, 95035,20210412,-9999,    9
 17599, 95035,20210413,-9999,    9
 17599, 95035,20210414,-9999,    9
 17599, 95035,20210415,-9999,    9
 17599, 95035,20210416,-9999,    9
 17599, 95035,20210417,-9999,    9
 17599, 95035,20210418,-9999,    9
 17599, 95035,20210419,-9999,    9
 17599, 95035,20210420,-9999,    9
 17599, 95035,20210421,-9999,    9
 17599, 95035,20210422,-9999,    9
 17599, 95035,20210423,-9999,    9
 17599, 95035,20210424,-9999,    9
 17599, 95035,20210425,-9999,    9
 17599, 95035,20210426,-9999,    9
 17599, 95035,20210427,-9999,    9
 17599, 95035,20210428,-9999,    9
 17599, 95035,20210429,-9999,    9
 17599, 95035,20210430,-9999,    9
 17599, 95035,20210501,-9999,    9
 17599, 95035,20210502,-9999,    9
 17599, 95035,20210503,-9999,    9
 17599, 95035,20210504,-9999,    9
 17599, 95035,20210505,-9999,    9
 17599, 95035,20210506,-9999,    9
 17599, 95035,20210507,-9999,    9
 17599, 95035,20210508,-9999,    9
 17599, 95035,20210509,-9999,    9
 17599, 95035,20210510,-9999,    9
 17599, 95035,20210511,-9999,    9
 17599, 95035,20210512,-9999,    9
 17599, 95035,20210513,-9999,    9
 17599, 95035,20210514,-9999,    9
 17599, 95035,20210515,-9999,    9
 17599, 95035,20210516,-9999,    9
 17599, 95035,20210517,-9999,    9
 17599, 95035,20210518,-9999,    9
 17599, 95035,20210519,-9999,    9
 17599, 95035,20210520,-9999,    9
 17599, 95035,20210521,-9999,    9
 17599, 95035,20210522,-9999,    9
 17599, 95035,20210523,-9999,    9
 17599, 95035,20210524,-9999,    9
 17599, 95035,20210525,-9999,    9
 17599, 95035,20210526,-9999,    9
 17599, 95035,20210527,-9999,    9
 17599, 95035,20210528,-9999,    9
 17599, 95035,20210529,-9999,    9
 17599, 95035,20210530,-9999,    9
 17599, 95035,20210531,-9999,    9
 17599, 95035,20210601,-9999,    9
 17599, 95035,20210602,-9999,    9
 17599, 95035,20210603,-9999,    9
 17599, 95035,20210604,-9999,    9
 17599, 95035,20210605,-9999,    9
 17599, 95035,20210606,-9999,    9
 17599, 95035,20210607,-9999,    9
 17599, 95035,20210608,-9999,    9
 17599, 95035,20210609,-9999,    9
 17599, 95035,20210610,-9999,    9
 17599, 95035,20210611,-9999,    9
 17599, 95035,20210612,-9999,    9
 17599, 95035,20210613,-9999,    9
 17599, 95035,20210614,-9999,    9
 17599, 95035,20210615,-9999,    9
 17599, 95035,20210616,-9999,    9
 17599, 95035,20210617,-9999,    9
 17599, 95035,20210618,-9999,    9
 17599, 95035,20210619,-9999,    9
 17599, 95035,20210620,-9999,    9
 17599, 95035,20210621,-9999,    9
 17599, 95035,20210622,-9999,    9
 17599, 95035,20210623,-9999,    9
 17599, 95035,20210624,-9999,    9
 17599, 95035,20210625,-9999,    9
 17599, 95035,20210626,-9999,    9
 17599, 95035,20210627,-9999,    9
 17599, 95035,20210628,-9999,    9
 17599, 95035,20210629,-9999,    9
 17599, 95035,20210630,-9999,    9
 17599, 95035,20210701,-9999,    9
 17599, 95035,20210702,-9999,    9
 17599, 95035,20210703,-9999,    9
 17599, 95035,20210704,-9999,    9
 17599, 95035,20210705,-9999,    9
 17599, 95035,20210706,-9999,    9
 17599, 95035,20210707,-9999,    9
 17599, 95035,20210708,-9999,    9
 17599, 95035,20210709,-9999,    9
 17599, 95035,20210710,-9999,    9
 17599, 95035,20210711,-9999,    9
 17599, 95035,20210712,-9999,    9
 17599, 95035,20210713,-9999,    9
 17599, 95035,20210714,-9999,    9
 17599, 95035,20210715,-9999,    9
 17599, 95035,20210716,-9999,    9
 17599, 95035,20210717,-9999,    9
 17599, 95035,20210718,-9999,    9
 17599, 95035,20210719,-9999,    9
 17599, 95035,20210720,-9999,    9
 17599, 95035,20210721,-9999,    9
 17599, 95035,20210722,-9999,    9
 17599, 95035,20210723,-9999,    9
 17599, 95035,20210724,-9999,    9
 17599, 95035,20210725,-9999,    9
 17599, 95035,20210726,-9999,    9
 17599, 95035,20210727,-9999,    9
 17599, 95035,20210728,-9999,    9
 17599, 95035,20210729,-9999,    9
 17599, 95035,20210730,-9999,    9
 17599, 95035,20210731,-9999,    9
 17599, 95035,20210801,-9999,    9
 17599, 95035,20210802,-9999,    9
 17599, 95035,20210803,-9999,    9
 17599, 95035,20210804,-9999,    9
 17599, 95035,20210805,-9999,    9
 17599, 95035,20210806,-9999,    9
 17599, 95035,20210807,-9999,    9
 17599, 95035,20210808,-9999,    9
 17599, 95035,20210809,-9999,    9
 17599, 95035,20210810,-9999,    9
 17599, 95035,20210811,-9999,    9
 17599, 95035,20210812,-9999,    9
 17599, 95035,20210813,-9999,    9
 17599, 95035,20210814,-9999,    9
 17599, 95035,20210815,-9999,    9
 17599, 95035,20210816,-9999,    9
 17599, 95035,20210817,-9999,    9
 17599, 95035,20210818,-9999,    9
 17599, 95035,20210819,-9999,    9
 17599, 95035,20210820,-9999,    9
 17599, 95035,20210821,-9999,    9
 17599, 95035,20210822,-9999,    9
 17599, 95035,20210823,-9999,    9
 17599, 95035,20210824,-9999,    9
 17599, 95035,20210825,-9999,    9
 17599, 95035,20210826,-9999,    9
 17599, 95035,20210827,-9999,    9
 17599, 95035,20210828,-9999,    9
 17599, 95035,20210829,-9999,    9
 17599, 95035,20210830,-9999,    9
 17599, 95035,20210831,-9999,    9
 17599, 95035,20210901,-9999,    9
 17599, 95035,20210902,-9999,    9
 17599, 95035,20210903,-9999,    9
 17599, 95035,20210904,-9999,    9
 17599, 95035,20210905,-9999,    9
 17599, 95035,20210906,-9999,    9
 17599, 95035,20210907,-9999,    9
 17599, 95035,20210908,-9999,    9
 17599, 95035,20210909,-9999,    9
 17599, 95035,20210910,-9999,    9
 17599, 95035,20210911,-9999,    9
 17599, 95035,20210912,-9999,    9
 17599, 95035,20210913,-9999,    9
 17599, 95035,20210914,-9999,    9
 17599, 95035,20210915,-9999,    9
 17599, 95035,20210916,-9999,    9
 17599, 95035,20210917,-9999,    9
 17599, 95035,20210918,-9999,    9
 17599, 95035,20210919,-9999,    9
 17599, 95035,20210920,-9999,    9
 17599, 95035,20210921,-9999,    9
 17599, 95035,20210922,-9999,    9
 17599, 95035,20210923,-9999,    9
 17599, 95035,20210924,-9999,    9
 17599, 95035,20210925,-9999,    9
 17599, 95035,20210926,-9999,    9
 17599, 95035,20210927,-9999,    9
 17599, 95035,20210928,-9999,    9
 17599, 95035,20210929,-9999,    9
 17599, 95035,20210930,-9999,    9
 17599, 95035,20211001,-9999,    9
 17599, 95035,20211002,-9999,    9
 17599, 95035,20211003,-9999,    9
 17599, 95035,20211004,-9999,    9
 17599, 95035,20211005,-9999,    9
 17599, 95035,20211006,-9999,    9
 17599, 95035,20211007,-9999,    9
 17599, 95035,20211008,-9999,    9
 17599, 95035,20211009,-9999,    9
 17599, 95035,20211010,-9999,    9
 17599, 95035,20211011,-9999,    9
 17599, 95035,20211012,-9999,    9
 17599, 95035,20211013,-9999,    9
 17599, 95035,20211014,-9999,    9
 17599, 95035,20211015,-9999,    9
 17599, 95035,20211016,-9999,    9
 17599, 95035,20211017,-9999,    9
 17599, 95035,20211018,-9999,    9
 17599, 95035,20211019,-9999,    9
 17599, 95035,20211020,-9999,    9
 17599, 95035,20211021,-9999,    9
 17599, 95035,20211022,-9999,    9
 17599, 95035,20211023,-9999,    9
 17599, 95035,20211024,-9999,    9
 17599, 95035,20211025,-9999,    9
 17599, 95035,20211026,-9999,    9
 17599, 95035,20211027,-9999,    9
 17599, 95035,20211028,-9999,    9
 17599, 95035,20211029,-9999,    9
 17599, 95035,20211030,-9999,    9
 17599, 95035,20211031,-9999,    9
 17599, 95035,20211101,-9999,    9
 17599, 95035,20211102,-9999,    9
 17599, 95035,20211103,-9999,    9
 17599, 95035,20211104,-9999,    9
 17599, 95035,20211105,-9999,    9
 17599, 95035,20211106,-9999,    9
 17599, 95035,20211107,-9999,    9
 17599, 95035,20211108,-9999,    9
 17599, 95035,20211109,-9999,    9
 17599, 95035,20211110,-9999,    9
 17599, 95035,20211111,-9999,    9
 17599, 95035,20211112,-9999,    9
 17599, 95035,20211113,-9999,    9
 17599, 95035,20211114,-9999,    9
 17599, 95035,20211115,-9999,    9
 17599, 95035,20211116,-9999,    9
 17599, 95035,20211117,-9999,    9
 17599, 95035,20211118,-9999,    9
 17599, 95035,20211119,-9999,    9
 17599, 95035,20211120,-9999,    9
 17599, 95035,20211121,-9999,    9
 17599, 95035,20211122,-9999,    9
 17599, 95035,20211123,-9999,    9
 17599, 95035,20211124,-9999,    9
 17599, 95035,20211125,-9999,    9
 17599, 95035,20211126,-9999,    9
 17599, 95035,20211127,-9999,    9
 17599, 95035,20211128,-9999,    9
 17599, 95035,20211129,-9999,    9
 17599, 95035,20211130,-9999,    9
 17599, 95035,20211201,-9999,    9
 17599, 95035,20211202,-9999,    9
 17599, 95035,20211203,-9999,    9
 17599, 95035,20211204,-9999,    9
 17599, 95035,20211205,-9999,    9
 17599, 95035,20211206,-9999,    9
 17599, 95035,20211207,-9999,    9
 17599, 95035,20211208,-9999,    9
 17599, 95035,20211209,-9999,    9
 17599, 95035,20211210,-9999,    9
 17599, 95035,20211211,-9999,    9
 17599, 95035,20211212,-9999,    9
 17599, 95035,20211213,-9999,    9
 17599, 95035,20211214,-9999,    9
 17599, 95035,20211215,-9999,    9
 17599, 95035,20211216,-9999,    9
 17599, 95035,20211217,-9999,    9
 17599, 95035,20211218,-9999,    9
 17599, 95035,20211219,-9999,    9
 17599, 95035,20211220,-9999,    9
 17599, 95035,20211221,-9999,    9
 17599, 95035,20211222,-9999,    9
 17599, 95035,20211223,-9999,    9
 17599, 95035,20211224,-9999,    9
 17599, 95035,20211225,-9999,    9
 17599, 95035,20211226,-9999,    9
 17599, 95035,20211227,-9999,    9
 17599, 95035,20211228,-9999,    9
 17599, 95035,20211229,-9999,    9
 17599, 95035,20211230,-9999,    9
 17599, 95035,20211231,-9999,    9
 17599, 95035,20220101,-9999,    9
 17599, 95035,20220102,-9999,    9
 17599, 95035,20220103,-9999,    9
 17599, 95035,20220104,-9999,    9
 17599, 95035,20220105,-9999,    9
 17599, 95035,20220106,-9999,    9
 17599, 95035,20220107,-9999,    9
 17599, 95035,20220108,-9999,    9
 17599, 95035,20220109,-9999,    9
 17599, 95035,20220110,-9999,    9
 17599, 95035,20220111,-9999,    9
 17599, 95035,20220112,-9999,    9
 17599, 95035,20220113,-9999,    9
 17599, 95035,20220114,-9999,    9
 17599, 95035,20220115,-9999,    9
 17599, 95035,20220116,-9999,    9
 17599, 95035,20220117,-9999,    9
 17599, 95035,20220118,-9999,    9
 17599, 95035,20220119,-9999,    9
 17599, 95035,20220120,-9999,    9
 17599, 95035,20220121,-9999,    9
 17599, 95035,20220122,-9999,    9
 17599, 95035,20220123,-9999,    9
 17599, 95035,20220124,-9999,    9
 17599, 95035,20220125,-9999,    9
 17599, 95035,20220126,-9999,    9
 17599, 95035,20220127,-9999,    9
 17599, 95035,20220128,-9999,    9
 17599, 95035,20220129,-9999,    9
 17599, 95035,20220130,-9999,    9
 17599, 95035,20220131,-9999,    9
 17599, 95035,20220201,-9999,    9
 17599, 95035,20220202,-9999,    9
 17599, 95035,20220203,-9999,    9
 17599, 95035,20220204,-9999,    9
 17599, 95035,20220205,-9999,    9
 17599, 95035,20220206,-9999,    9
 17599, 95035,20220207,-9999,    9
 17599, 95035,20220208,-9999,    9
 17599, 95035,20220209,-9999,    9
 17599, 95035,20220210,-9999,    9
 17599, 95035,20220211,-9999,    9
 17599, 95035,20220212,-9999,    9
 17599, 95035,20220213,-9999,    9
 17599, 95035,20220214,-9999,    9
 17599, 95035,20220215,-9999,    9
 17599, 95035,20220216,-9999,    9
 17599, 95035,20220217,-9999,    9
 17599, 95035,20220218,-9999,    9
 17599, 95035,20220219,-9999,    9
 17599, 95035,20220220,-9999,    9
 17599, 95035,20220221,-9999,    9
 17599, 95035,20220222,-9999,    9
 17599, 95035,20220223,-9999,    9
 17599, 95035,20220224,-9999,    9
 17599, 95035,20220225,-9999,    9
 17599, 95035,20220226,-9999,    9
 17599, 95035,20220227,-9999,    9
 17599, 95035,20220228,-9999,    9
 17599, 95035,20220301,-9999,    9
 17599, 95035,20220302,-9999,    9
 17599, 95035,20220303,-9999,    9
 17599, 95035,20220304,-9999,    9
 17599, 95035,20220305,-9999,    9
 17599, 95035,20220306,-9999,    9
 17599, 95035,20220307,-9999,    9
 17599, 95035,20220308,-9999,    9
 17599, 95035,20220309,-9999,    9
 17599, 95035,20220310,-9999,    9
 17599, 95035,20220311,-9999,    9
 17599, 95035,20220312,-9999,    9
 17599, 95035,20220313,-9999,    9
 17599, 95035,20220314,-9999,    9
 17599, 95035,20220315,-9999,    9
 17599, 95035,20220316,-9999,    9
 17599, 95035,20220317,-9999,    9
 17599, 95035,20220318,-9999,    9
 17599, 95035,20220319,-9999,    9
 17599, 95035,20220320,-9999,    9
 17599, 95035,20220321,-9999,    9
 17599, 95035,20220322,-9999,    9
 17599, 95035,20220323,-9999,    9
 17599, 95035,20220324,-9999,    9
 17599, 95035,20220325,-9999,    9
 17599, 95035,20220326,-9999,    9
 17599, 95035,20220327,-9999,    9
 17599, 95035,20220328,-9999,    9
 17599, 95035,20220329,-9999,    9
 17599, 95035,20220330,-9999,    9
 17599, 95035,20220331,-9999,    9
 17599, 95035,20220401,-9999,    9
 17599, 95035,20220402,-9999,    9
 17599, 95035,20220403,-9999,    9
 17599, 95035,20220404,-9999,    9
 17599, 95035,20220405,-9999,    9
 17599, 95035,20220406,-9999,    9
 17599, 95035,20220407,-9999,    9
 17599, 95035,20220408,-9999,    9
 17599, 95035,20220409,-9999,    9
 17599, 95035,20220410,-9999,    9
 17599, 95035,20220411,-9999,    9
 17599, 95035,20220412,-9999,    9
 17599, 95035,20220413,-9999,    9
 17599, 95035,20220414,-9999,    9
 17599, 95035,20220415,-9999,    9
 17599, 95035,20220416,-9999,    9
 17599, 95035,20220417,-9999,    9
 17599, 95035,20220418,-9999,    9
 17599, 95035,20220419,-9999,    9
 17599, 95035,20220420,-9999,    9
 17599, 95035,20220421,-9999,    9
 17599, 95035,20220422,-9999,    9
 17599, 95035,20220423,-9999,    9
 17599, 95035,20220424,-9999,    9
 17599, 95035,20220425,-9999,    9
 17599, 95035,20220426,-9999,    9
 17599, 95035,20220427,-9999,    9
 17599, 95035,20220428,-9999,    9
 17599, 95035,20220429,-9999,    9
 17599, 95035,20220430,-9999,    9
 17599, 95035,20220501,-9999,    9
 17599, 95035,20220502,-9999,    9
 17599, 95035,20220503,-9999,    9
 17599, 95035,20220504,-9999,    9
 17599, 95035,20220505,-9999,    9
 17599, 95035,20220506,-9999,    9
 17599, 95035,20220507,-9999,    9
 17599, 95035,20220508,-9999,    9
 17599, 95035,20220509,-9999,    9
 17599, 95035,20220510,-9999,    9
 17599, 95035,20220511,-9999,    9
 17599, 95035,20220512,-9999,    9
 17599, 95035,20220513,-9999,    9
 17599, 95035,20220514,-9999,    9
 17599, 95035,20220515,-9999,    9
 17599, 95035,20220516,-9999,    9
 17599, 95035,20220517,-9999,    9
 17599, 95035,20220518,-9999,    9
 17599, 95035,20220519,-9999,    9
 17599, 95035,20220520,-9999,    9
 17599, 95035,20220521,-9999,    9
 17599, 95035,20220522,-9999,    9
 17599, 95035,20220523,-9999,    9
 17599, 95035,20220524,-9999,    9
 17599, 95035,20220525,-9999,    9
 17599, 95035,20220526,-9999,    9
 17599, 95035,20220527,-9999,    9
 17599, 95035,20220528,-9999,    9
 17599, 95035,20220529,-9999,    9
 17599, 95035,20220530,-9999,    9
 17599, 95035,20220531,-9999,    9
 17599, 95035,20220601,-9999,    9
 17599, 95035,20220602,-9999,    9
 17599, 95035,20220603,-9999,    9
 17599, 95035,20220604,-9999,    9
 17599, 95035,20220605,-9999,    9
 17599, 95035,20220606,-9999,    9
 17599, 95035,20220607,-9999,    9
 17599, 95035,20220608,-9999,    9
 17599, 95035,20220609,-9999,    9
 17599, 95035,20220610,-9999,    9
 17599, 95035,20220611,-9999,    9
 17599, 95035,20220612,-9999,    9
 17599, 95035,20220613,-9999,    9
 17599, 95035,20220614,-9999,    9
 17599, 95035,20220615,-9999,    9
 17599, 95035,20220616,-9999,    9
 17599, 95035,20220617,-9999,    9
 17599, 95035,20220618,-9999,    9
 17599, 95035,20220619,-9999,    9
 17599, 95035,20220620,-9999,    9
 17599, 95035,20220621,-9999,    9
 17599, 95035,20220622,-9999,    9
 17599, 95035,20220623,-9999,    9
 17599, 95035,20220624,-9999,    9
 17599, 95035,20220625,-9999,    9
 17599, 95035,20220626,-9999,    9
 17599, 95035,20220627,-9999,    9
 17599, 95035,20220628,-9999,    9
 17599, 95035,20220629,-9999,    9
 17599, 95035,20220630,-9999,    9
 17599, 95035,20220701,-9999,    9
 17599, 95035,20220702,-9999,    9
 17599, 95035,20220703,-9999,    9
 17599, 95035,20220704,-9999,    9
 17599, 95035,20220705,-9999,    9
 17599, 95035,20220706,-9999,    9
 17599, 95035,20220707,-9999,    9
 17599, 95035,20220708,-9999,    9
 17599, 95035,20220709,-9999,    9
 17599, 95035,20220710,-9999,    9
 17599, 95035,20220711,-9999,    9
 17599, 95035,20220712,-9999,    9
 17599, 95035,20220713,-9999,    9
 17599, 95035,20220714,-9999,    9
 17599, 95035,20220715,-9999,    9
 17599, 95035,20220716,-9999,    9
 17599, 95035,20220717,-9999,    9
 17599, 95035,20220718,-9999,    9
 17599, 95035,20220719,-9999,    9
 17599, 95035,20220720,-9999,    9
 17599, 95035,20220721,-9999,    9
 17599, 95035,20220722,-9999,    9
 17599, 95035,20220723,-9999,    9
 17599, 95035,20220724,-9999,    9
 17599, 95035,20220725,-9999,    9
 17599, 95035,20220726,-9999,    9
 17599, 95035,20220727,-9999,    9
 17599, 95035,20220728,-9999,    9
 17599, 95035,20220729,-9999,    9
 17599, 95035,20220730,-9999,    9
 17599, 95035,20220731,-9999,    9
 17599, 95035,20220801,-9999,    9
 17599, 95035,20220802,-9999,    9
 17599, 95035,20220803,-9999,    9
 17599, 95035,20220804,-9999,    9
 17599, 95035,20220805,-9999,    9
 17599, 95035,20220806,-9999,    9
 17599, 95035,20220807,-9999,    9
 17599, 95035,20220808,-9999,    9
 17599, 95035,20220809,-9999,    9
 17599, 95035,20220810,-9999,    9
 17599, 95035,20220811,-9999,    9
 17599, 95035,20220812,-9999,    9
 17599, 95035,20220813,-9999,    9
 17599, 95035,20220814,-9999,    9
 17599, 95035,20220815,-9999,    9
 17599, 95035,20220816,-9999,    9
 17599, 95035,20220817,-9999,    9
 17599, 95035,20220818,-9999,    9
 17599, 95035,20220819,-9999,    9
 17599, 95035,20220820,-9999,    9
 17599, 95035,20220821,-9999,    9
 17599, 95035,20220822,-9999,    9
 17599, 95035,20220823,-9999,    9
 17599, 95035,20220824,-9999,    9
 17599, 95035,20220825,-9999,    9
 17599, 95035,20220826,-9999,    9
 17599, 95035,20220827,-9999,    9
 17599, 95035,20220828,-9999,    9
 17599, 95035,20220829,-9999,    9
 17599, 95035,20220830,-9999,    9
 17599, 95035,20220831,-9999,    9
 17599, 95035,20220901,-9999,    9
 17599, 95035,20220902,-9999,    9
 17599, 95035,20220903,-9999,    9
 17599, 95035,20220904,-9999,    9
 17599, 95035,20220905,-9999,    9
 17599, 95035,20220906,-9999,    9
 17599, 95035,20220907,-9999,    9
 17599, 95035,20220908,-9999,    9
 17599, 95035,20220909,-9999,    9
 17599, 95035,20220910,-9999,    9
 17599, 95035,20220911,-9999,    9
 17599, 95035,20220912,-9999,    9
 17599, 95035,20220913,-9999,    9
 17599, 95035,20220914,-9999,    9
 17599, 95035,20220915,-9999,    9
 17599, 95035,20220916,-9999,    9
 17599, 95035,20220917,-9999,    9
 17599, 95035,20220918,-9999,    9
 17599, 95035,20220919,-9999,    9
 17599, 95035,20220920,-9999,    9
 17599, 95035,20220921,-9999,    9
 17599, 95035,20220922,-9999,    9
 17599, 95035,20220923,-9999,    9
 17599, 95035,20220924,-9999,    9
 17599, 95035,20220925,-9999,    9
 17599, 95035,20220926,-9999,    9
 17599, 95035,20220927,-9999,    9
 17599, 95035,20220928,-9999,    9
 17599, 95035,20220929,-9999,    9
 17599, 95035,20220930,-9999,    9
 17599, 95035,20221001,-9999,    9
 17599, 95035,20221002,-9999,    9
 17599, 95035,20221003,-9999,    9
 17599, 95035,20221004,-9999,    9
 17599, 95035,20221005,-9999,    9
 17599, 95035,20221006,-9999,    9
 17599, 95035,20221007,-9999,    9
 17599, 95035,20221008,-9999,    9
 17599, 95035,20221009,-9999,    9
 17599, 95035,20221010,-9999,    9
 17599, 95035,20221011,-9999,    9
 17599, 95035,20221012,-9999,    9
 17599, 95035,20221013,-9999,    9
 17599, 95035,20221014,-9999,    9
 17599, 95035,20221015,-9999,    9
 17599, 95035,20221016,-9999,    9
 17599, 95035,20221017,-9999,    9
 17599, 95035,20221018,-9999,    9
 17599, 95035,20221019,-9999,    9
 17599, 95035,20221020,-9999,    9
 17599, 95035,20221021,-9999,    9
 17599, 95035,20221022,-9999,    9
 17599, 95035,20221023,-9999,    9
 17599, 95035,20221024,-9999,    9
 17599, 95035,20221025,-9999,    9
 17599, 95035,20221026,-9999,    9
 17599, 95035,20221027,-9999,    9
 17599, 95035,20221028,-9999,    9
 17599, 95035,20221029,-9999,    9
 17599, 95035,20221030,-9999,    9
 17599, 95035,20221031,-9999,    9
