EUROPEAN CLIMATE ASSESSMENT & DATASET (ECA&D), file created on: 16-11-2022
THESE DATA CAN BE USED FOR NON-COMMERCIAL RESEARCH AND EDUCATION PROVIDED THAT THE FOLLOWING SOURCE IS ACKNOWLEDGED: 

Klein Tank, A.M.G. and Coauthors, 2002. Daily dataset of 20th-century surface
air temperature and precipitation series for the European Climate Assessment.
Int. J. of Climatol., 22, 1441-1453.
Data and metadata available at http://www.ecad.eu

FILE FORMAT (MISSING VALUE CODE = -9999):

01-06 STAID: Station identifier
08-13 SOUID: Source identifier
15-22 DATE : Date YYYYMMDD
24-28 RR   : Precipitation amount in 0.1 mm
30-34 Q_RR : quality code for RR (0='valid'; 1='suspect'; 9='missing')

This is the blended series of station LILLEHAMMER - NORDSETERVEGEN HOEYDEBASSE, NORWAY (STAID: 18305)
Blended and updated with sources:102328 
See files sources.txt and stations.txt for more info.

STAID, SOUID,    DATE,   RR, Q_RR
 18305,102328,20170531,-9999,    9
 18305,102328,20170601,-9999,    9
 18305,102328,20170602,-9999,    9
 18305,102328,20170603,-9999,    9
 18305,102328,20170604,-9999,    9
 18305,102328,20170605,-9999,    9
 18305,102328,20170606,-9999,    9
 18305,102328,20170607,-9999,    9
 18305,102328,20170608,-9999,    9
 18305,102328,20170609,-9999,    9
 18305,102328,20170610,-9999,    9
 18305,102328,20170611,-9999,    9
 18305,102328,20170612,-9999,    9
 18305,102328,20170613,-9999,    9
 18305,102328,20170614,-9999,    9
 18305,102328,20170615,-9999,    9
 18305,102328,20170616,-9999,    9
 18305,102328,20170617,-9999,    9
 18305,102328,20170618,-9999,    9
 18305,102328,20170619,-9999,    9
 18305,102328,20170620,    0,    0
 18305,102328,20170621,    0,    0
 18305,102328,20170622,    0,    0
 18305,102328,20170623,    0,    0
 18305,102328,20170624,    0,    0
 18305,102328,20170625,    0,    0
 18305,102328,20170626,    0,    0
 18305,102328,20170627,    0,    0
 18305,102328,20170628,    0,    0
 18305,102328,20170629,    0,    0
 18305,102328,20170630,    0,    0
 18305,102328,20170701,    0,    0
 18305,102328,20170702,    0,    0
 18305,102328,20170703,    0,    0
 18305,102328,20170704,    0,    0
 18305,102328,20170705,    0,    0
 18305,102328,20170706,    0,    0
 18305,102328,20170707,    0,    0
 18305,102328,20170708,    0,    0
 18305,102328,20170709,    0,    0
 18305,102328,20170710,-9999,    9
 18305,102328,20170711,    0,    0
 18305,102328,20170712,    0,    0
 18305,102328,20170713,    0,    0
 18305,102328,20170714,    0,    0
 18305,102328,20170715,    0,    0
 18305,102328,20170716,    0,    0
 18305,102328,20170717,    0,    0
 18305,102328,20170718,    0,    0
 18305,102328,20170719,    0,    0
 18305,102328,20170720,    0,    0
 18305,102328,20170721,    0,    0
 18305,102328,20170722,    0,    0
 18305,102328,20170723,    0,    0
 18305,102328,20170724,    0,    0
 18305,102328,20170725,    0,    0
 18305,102328,20170726,    0,    0
 18305,102328,20170727,    0,    0
 18305,102328,20170728,    0,    0
 18305,102328,20170729,    0,    0
 18305,102328,20170730,    0,    0
 18305,102328,20170731,    0,    0
 18305,102328,20170801,    0,    0
 18305,102328,20170802,    0,    0
 18305,102328,20170803,    0,    0
 18305,102328,20170804,    0,    0
 18305,102328,20170805,    0,    0
 18305,102328,20170806,    0,    0
 18305,102328,20170807,    0,    0
 18305,102328,20170808,-9999,    9
 18305,102328,20170809,    0,    0
 18305,102328,20170810,    0,    0
 18305,102328,20170811,    0,    0
 18305,102328,20170812,    0,    0
 18305,102328,20170813,    0,    0
 18305,102328,20170814,    0,    0
 18305,102328,20170815,    0,    0
 18305,102328,20170816,    0,    0
 18305,102328,20170817,    0,    0
 18305,102328,20170818,    0,    0
 18305,102328,20170819,    0,    0
 18305,102328,20170820,    0,    0
 18305,102328,20170821,    0,    0
 18305,102328,20170822,    0,    0
 18305,102328,20170823,    0,    0
 18305,102328,20170824,    0,    0
 18305,102328,20170825,    0,    0
 18305,102328,20170826,    0,    0
 18305,102328,20170827,    0,    0
 18305,102328,20170828,    0,    0
 18305,102328,20170829,    0,    0
 18305,102328,20170830,    0,    0
 18305,102328,20170831,    0,    0
 18305,102328,20170901,    0,    0
 18305,102328,20170902,    0,    0
 18305,102328,20170903,    0,    0
 18305,102328,20170904,    0,    0
 18305,102328,20170905,    0,    0
 18305,102328,20170906,    0,    0
 18305,102328,20170907,    0,    0
 18305,102328,20170908,    0,    0
 18305,102328,20170909,    0,    0
 18305,102328,20170910,    0,    0
 18305,102328,20170911,    0,    0
 18305,102328,20170912,    0,    0
 18305,102328,20170913,    0,    0
 18305,102328,20170914,    0,    0
 18305,102328,20170915,    0,    0
 18305,102328,20170916,    0,    0
 18305,102328,20170917,    0,    0
 18305,102328,20170918,    0,    0
 18305,102328,20170919,    0,    0
 18305,102328,20170920,    0,    0
 18305,102328,20170921,    0,    0
 18305,102328,20170922,    0,    0
 18305,102328,20170923,    0,    0
 18305,102328,20170924,    0,    0
 18305,102328,20170925,    0,    0
 18305,102328,20170926,    0,    0
 18305,102328,20170927,    0,    0
 18305,102328,20170928,    0,    0
 18305,102328,20170929,    0,    0
 18305,102328,20170930,    0,    0
 18305,102328,20171001,    0,    0
 18305,102328,20171002,    0,    0
 18305,102328,20171003,    0,    0
 18305,102328,20171004,    0,    0
 18305,102328,20171005,    0,    0
 18305,102328,20171006,    0,    0
 18305,102328,20171007,    0,    0
 18305,102328,20171008,    0,    0
 18305,102328,20171009,    0,    0
 18305,102328,20171010,    0,    0
 18305,102328,20171011,    0,    0
 18305,102328,20171012,    0,    0
 18305,102328,20171013,    0,    0
 18305,102328,20171014,    0,    0
 18305,102328,20171015,    0,    0
 18305,102328,20171016,    0,    0
 18305,102328,20171017,    0,    0
 18305,102328,20171018,    0,    0
 18305,102328,20171019,    0,    0
 18305,102328,20171020,    0,    0
 18305,102328,20171021,    0,    0
 18305,102328,20171022,    0,    0
 18305,102328,20171023,    0,    0
 18305,102328,20171024,    0,    0
 18305,102328,20171025,    0,    0
 18305,102328,20171026,    0,    0
 18305,102328,20171027,    0,    0
 18305,102328,20171028,    0,    0
 18305,102328,20171029,    0,    0
 18305,102328,20171030,    0,    0
 18305,102328,20171031,    0,    0
 18305,102328,20171101,-9999,    9
 18305,102328,20171102,-9999,    9
 18305,102328,20171103,-9999,    9
 18305,102328,20171104,    0,    0
 18305,102328,20171105,    0,    0
 18305,102328,20171106,    0,    0
 18305,102328,20171107,    0,    0
 18305,102328,20171108,    0,    0
 18305,102328,20171109,    0,    0
 18305,102328,20171110,    0,    0
 18305,102328,20171111,    0,    0
 18305,102328,20171112,    0,    0
 18305,102328,20171113,    0,    0
 18305,102328,20171114,    0,    0
 18305,102328,20171115,    0,    0
 18305,102328,20171116,    0,    0
 18305,102328,20171117,    0,    0
 18305,102328,20171118,    0,    0
 18305,102328,20171119,    0,    0
 18305,102328,20171120,    0,    0
 18305,102328,20171121,    0,    0
 18305,102328,20171122,    0,    0
 18305,102328,20171123,    0,    0
 18305,102328,20171124,    0,    0
 18305,102328,20171125,    0,    0
 18305,102328,20171126,    0,    0
 18305,102328,20171127,    0,    0
 18305,102328,20171128,    0,    0
 18305,102328,20171129,    0,    0
 18305,102328,20171130,    0,    0
 18305,102328,20171201,    0,    0
 18305,102328,20171202,    0,    0
 18305,102328,20171203,    0,    0
 18305,102328,20171204,    0,    0
 18305,102328,20171205,    0,    0
 18305,102328,20171206,    0,    0
 18305,102328,20171207,    0,    0
 18305,102328,20171208,    0,    0
 18305,102328,20171209,    0,    0
 18305,102328,20171210,    0,    0
 18305,102328,20171211,    0,    0
 18305,102328,20171212,    0,    0
 18305,102328,20171213,    0,    0
 18305,102328,20171214,    0,    0
 18305,102328,20171215,    0,    0
 18305,102328,20171216,    0,    0
 18305,102328,20171217,    0,    0
 18305,102328,20171218,    0,    0
 18305,102328,20171219,    0,    0
 18305,102328,20171220,    0,    0
 18305,102328,20171221,    0,    0
 18305,102328,20171222,    0,    0
 18305,102328,20171223,    0,    0
 18305,102328,20171224,    0,    0
 18305,102328,20171225,    0,    0
 18305,102328,20171226,    0,    0
 18305,102328,20171227,    0,    0
 18305,102328,20171228,    0,    0
 18305,102328,20171229,    0,    0
 18305,102328,20171230,    0,    0
 18305,102328,20171231,    0,    0
 18305,102328,20180101,    0,    0
 18305,102328,20180102,    0,    0
 18305,102328,20180103,    0,    0
 18305,102328,20180104,    0,    0
 18305,102328,20180105,    0,    0
 18305,102328,20180106,    0,    0
 18305,102328,20180107,    0,    0
 18305,102328,20180108,    0,    0
 18305,102328,20180109,    0,    0
 18305,102328,20180110,    0,    0
 18305,102328,20180111,    0,    0
 18305,102328,20180112,    0,    0
 18305,102328,20180113,    0,    0
 18305,102328,20180114,    0,    0
 18305,102328,20180115,    0,    0
 18305,102328,20180116,    0,    0
 18305,102328,20180117,    0,    0
 18305,102328,20180118,    0,    0
 18305,102328,20180119,    0,    0
 18305,102328,20180120,    0,    0
 18305,102328,20180121,    0,    0
 18305,102328,20180122,    0,    0
 18305,102328,20180123,    0,    0
 18305,102328,20180124,    0,    0
 18305,102328,20180125,    0,    0
 18305,102328,20180126,    0,    0
 18305,102328,20180127,    0,    0
 18305,102328,20180128,    0,    0
 18305,102328,20180129,    0,    0
 18305,102328,20180130,    0,    0
 18305,102328,20180131,    0,    0
 18305,102328,20180201,    0,    0
 18305,102328,20180202,    0,    0
 18305,102328,20180203,    0,    0
 18305,102328,20180204,    0,    0
 18305,102328,20180205,    0,    0
 18305,102328,20180206,    0,    0
 18305,102328,20180207,    0,    0
 18305,102328,20180208,    0,    0
 18305,102328,20180209,    0,    0
 18305,102328,20180210,    0,    0
 18305,102328,20180211,    0,    0
 18305,102328,20180212,    0,    0
 18305,102328,20180213,    0,    0
 18305,102328,20180214,    0,    0
 18305,102328,20180215,    0,    0
 18305,102328,20180216,    0,    0
 18305,102328,20180217,    0,    0
 18305,102328,20180218,    0,    0
 18305,102328,20180219,    0,    0
 18305,102328,20180220,    0,    0
 18305,102328,20180221,    0,    0
 18305,102328,20180222,    0,    0
 18305,102328,20180223,    0,    0
 18305,102328,20180224,    0,    0
 18305,102328,20180225,    0,    0
 18305,102328,20180226,    0,    0
 18305,102328,20180227,    0,    0
 18305,102328,20180228,    0,    0
 18305,102328,20180301,    0,    0
 18305,102328,20180302,    0,    0
 18305,102328,20180303,    0,    0
 18305,102328,20180304,    0,    0
 18305,102328,20180305,    0,    0
 18305,102328,20180306,    0,    0
 18305,102328,20180307,    0,    0
 18305,102328,20180308,    0,    0
 18305,102328,20180309,    0,    0
 18305,102328,20180310,    0,    0
 18305,102328,20180311,    0,    0
 18305,102328,20180312,    0,    0
 18305,102328,20180313,    0,    0
 18305,102328,20180314,    0,    0
 18305,102328,20180315,    0,    0
 18305,102328,20180316,    0,    0
 18305,102328,20180317,    0,    0
 18305,102328,20180318,    0,    0
 18305,102328,20180319,    0,    0
 18305,102328,20180320,    0,    0
 18305,102328,20180321,    0,    0
 18305,102328,20180322,    0,    0
 18305,102328,20180323,    0,    0
 18305,102328,20180324,    0,    0
 18305,102328,20180325,    0,    0
 18305,102328,20180326,    0,    0
 18305,102328,20180327,    0,    0
 18305,102328,20180328,    0,    0
 18305,102328,20180329,    0,    0
 18305,102328,20180330,    0,    0
 18305,102328,20180331,    0,    0
 18305,102328,20180401,    0,    0
 18305,102328,20180402,    0,    0
 18305,102328,20180403,    0,    0
 18305,102328,20180404,    0,    0
 18305,102328,20180405,    0,    0
 18305,102328,20180406,    0,    0
 18305,102328,20180407,    0,    0
 18305,102328,20180408,    0,    0
 18305,102328,20180409,    0,    0
 18305,102328,20180410,    0,    0
 18305,102328,20180411,    0,    0
 18305,102328,20180412,    0,    0
 18305,102328,20180413,    0,    0
 18305,102328,20180414,    0,    0
 18305,102328,20180415,    0,    0
 18305,102328,20180416,    0,    0
 18305,102328,20180417,    0,    0
 18305,102328,20180418,    0,    0
 18305,102328,20180419,    0,    0
 18305,102328,20180420,    0,    0
 18305,102328,20180421,    0,    0
 18305,102328,20180422,    0,    0
 18305,102328,20180423,    0,    0
 18305,102328,20180424,    0,    0
 18305,102328,20180425,    0,    0
 18305,102328,20180426,    0,    0
 18305,102328,20180427,    0,    0
 18305,102328,20180428,    0,    0
 18305,102328,20180429,    0,    0
 18305,102328,20180430,    0,    0
 18305,102328,20180501,    0,    0
 18305,102328,20180502,    0,    0
 18305,102328,20180503,    0,    0
 18305,102328,20180504,    0,    0
 18305,102328,20180505,    0,    0
 18305,102328,20180506,    0,    0
 18305,102328,20180507,    0,    0
 18305,102328,20180508,    0,    0
 18305,102328,20180509,    0,    0
 18305,102328,20180510,   88,    0
 18305,102328,20180511,   72,    0
 18305,102328,20180512,    0,    0
 18305,102328,20180513,    1,    0
 18305,102328,20180514,    0,    0
 18305,102328,20180515,    0,    0
 18305,102328,20180516,    6,    0
 18305,102328,20180517,    1,    0
 18305,102328,20180518,    0,    0
 18305,102328,20180519,    0,    0
 18305,102328,20180520,    0,    0
 18305,102328,20180521,    0,    0
 18305,102328,20180522,    0,    0
 18305,102328,20180523,    0,    0
 18305,102328,20180524,    0,    0
 18305,102328,20180525,    0,    0
 18305,102328,20180526,    0,    0
 18305,102328,20180527,    0,    0
 18305,102328,20180528,    0,    0
 18305,102328,20180529,    0,    0
 18305,102328,20180530,    0,    0
 18305,102328,20180531,    0,    0
 18305,102328,20180601,    3,    0
 18305,102328,20180602,    0,    0
 18305,102328,20180603,    0,    0
 18305,102328,20180604,    0,    0
 18305,102328,20180605,    0,    0
 18305,102328,20180606,    0,    0
 18305,102328,20180607,    0,    0
 18305,102328,20180608,    0,    0
 18305,102328,20180609,    1,    0
 18305,102328,20180610,  150,    0
 18305,102328,20180611,   63,    0
 18305,102328,20180612,    2,    0
 18305,102328,20180613,    3,    0
 18305,102328,20180614,  112,    0
 18305,102328,20180615,    2,    0
 18305,102328,20180616,   28,    0
 18305,102328,20180617,   31,    0
 18305,102328,20180618,    1,    0
 18305,102328,20180619,    1,    0
 18305,102328,20180620,    0,    0
 18305,102328,20180621,   15,    0
 18305,102328,20180622,    0,    0
 18305,102328,20180623,    0,    0
 18305,102328,20180624,    0,    0
 18305,102328,20180625,    0,    0
 18305,102328,20180626,    0,    0
 18305,102328,20180627,    0,    0
 18305,102328,20180628,   12,    0
 18305,102328,20180629,    0,    0
 18305,102328,20180630,    0,    0
 18305,102328,20180701,    0,    0
 18305,102328,20180702,    0,    0
 18305,102328,20180703,    0,    0
 18305,102328,20180704,    0,    0
 18305,102328,20180705,    0,    0
 18305,102328,20180706,    0,    0
 18305,102328,20180707,    0,    0
 18305,102328,20180708,    0,    0
 18305,102328,20180709,   37,    0
 18305,102328,20180710,    0,    0
 18305,102328,20180711,   10,    0
 18305,102328,20180712,    1,    0
 18305,102328,20180713,    0,    0
 18305,102328,20180714,    0,    0
 18305,102328,20180715,    0,    0
 18305,102328,20180716,    0,    0
 18305,102328,20180717,    4,    0
 18305,102328,20180718,   15,    0
 18305,102328,20180719,    0,    0
 18305,102328,20180720,    0,    0
 18305,102328,20180721,    0,    0
 18305,102328,20180722,    0,    0
 18305,102328,20180723,    0,    0
 18305,102328,20180724,    0,    0
 18305,102328,20180725,    0,    0
 18305,102328,20180726,    0,    0
 18305,102328,20180727,    3,    0
 18305,102328,20180728,  198,    0
 18305,102328,20180729,  157,    0
 18305,102328,20180730,    0,    0
 18305,102328,20180731,  309,    0
 18305,102328,20180801,    0,    0
 18305,102328,20180802,    1,    0
 18305,102328,20180803,    8,    0
 18305,102328,20180804,    0,    0
 18305,102328,20180805,    0,    0
 18305,102328,20180806,    0,    0
 18305,102328,20180807,    0,    0
 18305,102328,20180808,   79,    0
 18305,102328,20180809,   57,    0
 18305,102328,20180810,  367,    0
 18305,102328,20180811,   77,    0
 18305,102328,20180812,    0,    0
 18305,102328,20180813,    0,    0
 18305,102328,20180814,    0,    0
 18305,102328,20180815,    1,    0
 18305,102328,20180816,  217,    0
 18305,102328,20180817,   21,    0
 18305,102328,20180818,   26,    0
 18305,102328,20180819,    0,    0
 18305,102328,20180820,    0,    0
 18305,102328,20180821,    0,    0
 18305,102328,20180822,   65,    0
 18305,102328,20180823,   14,    0
 18305,102328,20180824,   59,    0
 18305,102328,20180825,    6,    0
 18305,102328,20180826,    2,    0
 18305,102328,20180827,    4,    0
 18305,102328,20180828,    0,    0
 18305,102328,20180829,   68,    0
 18305,102328,20180830,    0,    0
 18305,102328,20180831,    0,    0
 18305,102328,20180901,    0,    0
 18305,102328,20180902,    0,    0
 18305,102328,20180903,    2,    0
 18305,102328,20180904,    0,    0
 18305,102328,20180905,    0,    0
 18305,102328,20180906,    0,    0
 18305,102328,20180907,    0,    0
 18305,102328,20180908,   67,    0
 18305,102328,20180909,  440,    0
 18305,102328,20180910,   42,    0
 18305,102328,20180911,    1,    0
 18305,102328,20180912,    0,    0
 18305,102328,20180913,    0,    0
 18305,102328,20180914,   20,    0
 18305,102328,20180915,    0,    0
 18305,102328,20180916,   23,    0
 18305,102328,20180917,    9,    0
 18305,102328,20180918,    6,    0
 18305,102328,20180919,    2,    0
 18305,102328,20180920,    0,    0
 18305,102328,20180921,  197,    0
 18305,102328,20180922,    0,    0
 18305,102328,20180923,    0,    0
 18305,102328,20180924,    0,    0
 18305,102328,20180925,    0,    0
 18305,102328,20180926,    0,    0
 18305,102328,20180927,   61,    0
 18305,102328,20180928,    0,    0
 18305,102328,20180929,    0,    0
 18305,102328,20180930,    0,    0
 18305,102328,20181001,    2,    0
 18305,102328,20181002,   17,    0
 18305,102328,20181003,    0,    0
 18305,102328,20181004,   13,    0
 18305,102328,20181005,    0,    0
 18305,102328,20181006,    0,    0
 18305,102328,20181007,   14,    0
 18305,102328,20181008,    0,    0
 18305,102328,20181009,    1,    0
 18305,102328,20181010,    4,    0
 18305,102328,20181011,    1,    0
 18305,102328,20181012,    4,    0
 18305,102328,20181013,    0,    0
 18305,102328,20181014,   27,    0
 18305,102328,20181015,   14,    0
 18305,102328,20181016,    0,    0
 18305,102328,20181017,    1,    0
 18305,102328,20181018,    0,    0
 18305,102328,20181019,    0,    0
 18305,102328,20181020,    0,    0
 18305,102328,20181021,   10,    0
 18305,102328,20181022,    0,    0
 18305,102328,20181023,    0,    0
 18305,102328,20181024,    0,    0
 18305,102328,20181025,    0,    0
 18305,102328,20181026,    0,    0
 18305,102328,20181027,    0,    0
 18305,102328,20181028,    0,    0
 18305,102328,20181029,   12,    0
 18305,102328,20181030,  159,    0
 18305,102328,20181031,   52,    0
 18305,102328,20181101,   37,    0
 18305,102328,20181102,   45,    0
 18305,102328,20181103,    3,    0
 18305,102328,20181104,    1,    0
 18305,102328,20181105,    4,    0
 18305,102328,20181106,   11,    0
 18305,102328,20181107,    6,    0
 18305,102328,20181108,    5,    0
 18305,102328,20181109,   25,    0
 18305,102328,20181110,  166,    0
 18305,102328,20181111,  242,    0
 18305,102328,20181112,   38,    0
 18305,102328,20181113,    0,    0
 18305,102328,20181114,    0,    0
 18305,102328,20181115,    4,    0
 18305,102328,20181116,    0,    0
 18305,102328,20181117,    0,    0
 18305,102328,20181118,    0,    0
 18305,102328,20181119,    0,    0
 18305,102328,20181120,    0,    0
 18305,102328,20181121,    0,    0
 18305,102328,20181122,    0,    0
 18305,102328,20181123,    0,    0
 18305,102328,20181124,    0,    0
 18305,102328,20181125,    0,    0
 18305,102328,20181126,    0,    0
 18305,102328,20181127,    0,    0
 18305,102328,20181128,    6,    0
 18305,102328,20181129,   40,    0
 18305,102328,20181130,   37,    0
 18305,102328,20181201,    1,    0
 18305,102328,20181202,   77,    0
 18305,102328,20181203,   97,    0
 18305,102328,20181204,    1,    0
 18305,102328,20181205,    0,    0
 18305,102328,20181206,   23,    0
 18305,102328,20181207,   67,    0
 18305,102328,20181208,   41,    0
 18305,102328,20181209,    0,    0
 18305,102328,20181210,    0,    0
 18305,102328,20181211,    0,    0
 18305,102328,20181212,    0,    0
 18305,102328,20181213,    0,    0
 18305,102328,20181214,    0,    0
 18305,102328,20181215,    6,    0
 18305,102328,20181216,   16,    0
 18305,102328,20181217,   15,    0
 18305,102328,20181218,    0,    0
 18305,102328,20181219,   70,    0
 18305,102328,20181220,   16,    0
 18305,102328,20181221,    5,    0
 18305,102328,20181222,    7,    0
 18305,102328,20181223,    0,    0
 18305,102328,20181224,    0,    0
 18305,102328,20181225,    0,    0
 18305,102328,20181226,    0,    0
 18305,102328,20181227,    1,    0
 18305,102328,20181228,    0,    0
 18305,102328,20181229,    0,    0
 18305,102328,20181230,   15,    0
 18305,102328,20181231,    1,    0
 18305,102328,20190101,   10,    0
 18305,102328,20190102,    0,    0
 18305,102328,20190103,    0,    0
 18305,102328,20190104,    0,    0
 18305,102328,20190105,    0,    0
 18305,102328,20190106,    0,    0
 18305,102328,20190107,   60,    0
 18305,102328,20190108,    1,    0
 18305,102328,20190109,    0,    0
 18305,102328,20190110,    0,    0
 18305,102328,20190111,    0,    0
 18305,102328,20190112,    4,    0
 18305,102328,20190113,    0,    0
 18305,102328,20190114,   70,    0
 18305,102328,20190115,   60,    0
 18305,102328,20190116,   60,    0
 18305,102328,20190117,    0,    0
 18305,102328,20190118,   10,    0
 18305,102328,20190119,    3,    0
 18305,102328,20190120,    7,    0
 18305,102328,20190121,    0,    0
 18305,102328,20190122,    0,    0
 18305,102328,20190123,    0,    0
 18305,102328,20190124,    0,    0
 18305,102328,20190125,   26,    0
 18305,102328,20190126,   16,    0
 18305,102328,20190127,   41,    0
 18305,102328,20190128,   10,    0
 18305,102328,20190129,    0,    0
 18305,102328,20190130,    1,    0
 18305,102328,20190131,   17,    0
 18305,102328,20190201,  110,    0
 18305,102328,20190202,   13,    0
 18305,102328,20190203,    6,    0
 18305,102328,20190204,   21,    0
 18305,102328,20190205,   16,    0
 18305,102328,20190206,   11,    0
 18305,102328,20190207,   53,    0
 18305,102328,20190208,  138,    0
 18305,102328,20190209,  108,    0
 18305,102328,20190210,    8,    0
 18305,102328,20190211,    0,    0
 18305,102328,20190212,    8,    0
 18305,102328,20190213,   40,    0
 18305,102328,20190214,    0,    0
 18305,102328,20190215,    0,    0
 18305,102328,20190216,    0,    0
 18305,102328,20190217,    0,    0
 18305,102328,20190218,    0,    0
 18305,102328,20190219,    0,    0
 18305,102328,20190220,   63,    0
 18305,102328,20190221,    1,    0
 18305,102328,20190222,   17,    0
 18305,102328,20190223,    0,    0
 18305,102328,20190224,    0,    0
 18305,102328,20190225,    0,    0
 18305,102328,20190226,    0,    0
 18305,102328,20190227,    0,    0
 18305,102328,20190228,    0,    0
 18305,102328,20190301,    0,    0
 18305,102328,20190302,    4,    0
 18305,102328,20190303,   54,    0
 18305,102328,20190304,    9,    0
 18305,102328,20190305,    0,    0
 18305,102328,20190306,   57,    0
 18305,102328,20190307,   72,    0
 18305,102328,20190308,   36,    0
 18305,102328,20190309,    0,    0
 18305,102328,20190310,    0,    0
 18305,102328,20190311,    0,    0
 18305,102328,20190312,  104,    0
 18305,102328,20190313,  146,    0
 18305,102328,20190314,    0,    0
 18305,102328,20190315,    2,    0
 18305,102328,20190316,   18,    0
 18305,102328,20190317,  108,    0
 18305,102328,20190318,    7,    0
 18305,102328,20190319,    0,    0
 18305,102328,20190320,    0,    0
 18305,102328,20190321,    0,    0
 18305,102328,20190322,    0,    0
 18305,102328,20190323,    0,    0
 18305,102328,20190324,    0,    0
 18305,102328,20190325,    0,    0
 18305,102328,20190326,    0,    0
 18305,102328,20190327,    0,    0
 18305,102328,20190328,    0,    0
 18305,102328,20190329,    0,    0
 18305,102328,20190330,    4,    0
 18305,102328,20190331,    0,    0
 18305,102328,20190401,    0,    0
 18305,102328,20190402,    0,    0
 18305,102328,20190403,    0,    0
 18305,102328,20190404,    0,    0
 18305,102328,20190405,    0,    0
 18305,102328,20190406,    0,    0
 18305,102328,20190407,    0,    0
 18305,102328,20190408,    0,    0
 18305,102328,20190409,    0,    0
 18305,102328,20190410,    0,    0
 18305,102328,20190411,    0,    0
 18305,102328,20190412,    0,    0
 18305,102328,20190413,    0,    0
 18305,102328,20190414,    0,    0
 18305,102328,20190415,    0,    0
 18305,102328,20190416,    0,    0
 18305,102328,20190417,    0,    0
 18305,102328,20190418,    0,    0
 18305,102328,20190419,    0,    0
 18305,102328,20190420,    0,    0
 18305,102328,20190421,    8,    0
 18305,102328,20190422,    0,    0
 18305,102328,20190423,    0,    0
 18305,102328,20190424,    0,    0
 18305,102328,20190425,    3,    0
 18305,102328,20190426,    9,    0
 18305,102328,20190427,    2,    0
 18305,102328,20190428,    0,    0
 18305,102328,20190429,    5,    0
 18305,102328,20190430,    9,    0
 18305,102328,20190501,   29,    0
 18305,102328,20190502,    1,    0
 18305,102328,20190503,    3,    0
 18305,102328,20190504,   15,    0
 18305,102328,20190505,    1,    0
 18305,102328,20190506,    1,    0
 18305,102328,20190507,    0,    0
 18305,102328,20190508,   24,    0
 18305,102328,20190509,  237,    0
 18305,102328,20190510,  172,    0
 18305,102328,20190511,   39,    0
 18305,102328,20190512,    0,    0
 18305,102328,20190513,    0,    0
 18305,102328,20190514,    0,    0
 18305,102328,20190515,    0,    0
 18305,102328,20190516,    0,    0
 18305,102328,20190517,    0,    0
 18305,102328,20190518,  133,    0
 18305,102328,20190519,   47,    0
 18305,102328,20190520,   70,    0
 18305,102328,20190521,  111,    0
 18305,102328,20190522,  185,    0
 18305,102328,20190523,   55,    0
 18305,102328,20190524,   24,    0
 18305,102328,20190525,   23,    0
 18305,102328,20190526,   17,    0
 18305,102328,20190527,   59,    0
 18305,102328,20190528,   40,    0
 18305,102328,20190529,    0,    0
 18305,102328,20190530,   44,    0
 18305,102328,20190531,   30,    0
 18305,102328,20190601,   91,    0
 18305,102328,20190602,  134,    0
 18305,102328,20190603,   45,    0
 18305,102328,20190604,-9999,    9
 18305,102328,20190605,-9999,    9
 18305,102328,20190606,-9999,    9
 18305,102328,20190607,-9999,    9
 18305,102328,20190608,-9999,    9
 18305,102328,20190609,-9999,    9
 18305,102328,20190610,-9999,    9
 18305,102328,20190611,-9999,    9
 18305,102328,20190612,-9999,    9
 18305,102328,20190613,-9999,    9
 18305,102328,20190614,-9999,    9
 18305,102328,20190615,    0,    0
 18305,102328,20190616,   21,    0
 18305,102328,20190617,    0,    0
 18305,102328,20190618,    3,    0
 18305,102328,20190619,  126,    0
 18305,102328,20190620,    5,    0
 18305,102328,20190621,    1,    0
 18305,102328,20190622,    0,    0
 18305,102328,20190623,    0,    0
 18305,102328,20190624,   11,    0
 18305,102328,20190625,   30,    0
 18305,102328,20190626,    1,    0
 18305,102328,20190627,    0,    0
 18305,102328,20190628,    0,    0
 18305,102328,20190629,    0,    0
 18305,102328,20190630,   42,    0
 18305,102328,20190701,   60,    0
 18305,102328,20190702,    1,    0
 18305,102328,20190703,    1,    0
 18305,102328,20190704,   17,    0
 18305,102328,20190705,    0,    0
 18305,102328,20190706,    0,    0
 18305,102328,20190707,    0,    0
 18305,102328,20190708,    0,    0
 18305,102328,20190709,    0,    0
 18305,102328,20190710,    0,    0
 18305,102328,20190711,    0,    0
 18305,102328,20190712,   28,    0
 18305,102328,20190713,    0,    0
 18305,102328,20190714,    7,    0
 18305,102328,20190715,    5,    0
 18305,102328,20190716,    0,    0
 18305,102328,20190717,    0,    0
 18305,102328,20190718,    0,    0
 18305,102328,20190719,   61,    0
 18305,102328,20190720,   34,    0
 18305,102328,20190721,  129,    0
 18305,102328,20190722,   13,    0
 18305,102328,20190723,    0,    0
 18305,102328,20190724,    0,    0
 18305,102328,20190725,    0,    0
 18305,102328,20190726,    0,    0
 18305,102328,20190727,    0,    0
 18305,102328,20190728,    0,    0
 18305,102328,20190729,   89,    0
 18305,102328,20190730,   96,    0
 18305,102328,20190731,    2,    0
 18305,102328,20190801,    0,    0
 18305,102328,20190802,    0,    0
 18305,102328,20190803,    0,    0
 18305,102328,20190804,    3,    0
 18305,102328,20190805,   12,    0
 18305,102328,20190806,    0,    0
 18305,102328,20190807,  191,    0
 18305,102328,20190808,    3,    0
 18305,102328,20190809,   48,    0
 18305,102328,20190810,  164,    0
 18305,102328,20190811,   48,    0
 18305,102328,20190812,  156,    0
 18305,102328,20190813,  158,    0
 18305,102328,20190814,    3,    0
 18305,102328,20190815,   52,    0
 18305,102328,20190816,    4,    0
 18305,102328,20190817,  165,    0
 18305,102328,20190818,    0,    0
 18305,102328,20190819,    6,    0
 18305,102328,20190820,    5,    0
 18305,102328,20190821,    0,    0
 18305,102328,20190822,   54,    0
 18305,102328,20190823,    0,    0
 18305,102328,20190824,    0,    0
 18305,102328,20190825,    0,    0
 18305,102328,20190826,    0,    0
 18305,102328,20190827,    0,    0
 18305,102328,20190828,  165,    0
 18305,102328,20190829,   53,    0
 18305,102328,20190830,    1,    0
 18305,102328,20190831,  205,    0
 18305,102328,20190901,   39,    0
 18305,102328,20190902,   59,    0
 18305,102328,20190903,   22,    0
 18305,102328,20190904,  174,    0
 18305,102328,20190905,    5,    0
 18305,102328,20190906,   86,    0
 18305,102328,20190907,    1,    0
 18305,102328,20190908,    0,    0
 18305,102328,20190909,   19,    0
 18305,102328,20190910,   16,    0
 18305,102328,20190911,   10,    0
 18305,102328,20190912,    2,    0
 18305,102328,20190913,    0,    0
 18305,102328,20190914,    6,    0
 18305,102328,20190915,    0,    0
 18305,102328,20190916,    0,    0
 18305,102328,20190917,    0,    0
 18305,102328,20190918,    0,    0
 18305,102328,20190919,    6,    0
 18305,102328,20190920,    0,    0
 18305,102328,20190921,    0,    0
 18305,102328,20190922,   11,    0
 18305,102328,20190923,    1,    0
 18305,102328,20190924,    2,    0
 18305,102328,20190925,    0,    0
 18305,102328,20190926,    4,    0
 18305,102328,20190927,  303,    0
 18305,102328,20190928,   87,    0
 18305,102328,20190929,   68,    0
 18305,102328,20190930,   19,    0
 18305,102328,20191001,  127,    0
 18305,102328,20191002,    0,    0
 18305,102328,20191003,   55,    0
 18305,102328,20191004,    0,    0
 18305,102328,20191005,    0,    0
 18305,102328,20191006,    0,    0
 18305,102328,20191007,    2,    0
 18305,102328,20191008,   16,    0
 18305,102328,20191009,   15,    0
 18305,102328,20191010,    1,    0
 18305,102328,20191011,    0,    0
 18305,102328,20191012,    4,    0
 18305,102328,20191013,    5,    0
 18305,102328,20191014,    1,    0
 18305,102328,20191015,   42,    0
 18305,102328,20191016,   57,    0
 18305,102328,20191017,   37,    0
 18305,102328,20191018,    2,    0
 18305,102328,20191019,   45,    0
 18305,102328,20191020,    3,    0
 18305,102328,20191021,    0,    0
 18305,102328,20191022,    0,    0
 18305,102328,20191023,    0,    0
 18305,102328,20191024,  110,    0
 18305,102328,20191025,   77,    0
 18305,102328,20191026,    0,    0
 18305,102328,20191027,    0,    0
 18305,102328,20191028,    0,    0
 18305,102328,20191029,    0,    0
 18305,102328,20191030,    0,    0
 18305,102328,20191031,    0,    0
 18305,102328,20191101,    0,    0
 18305,102328,20191102,    0,    0
 18305,102328,20191103,    0,    0
 18305,102328,20191104,    0,    0
 18305,102328,20191105,    0,    0
 18305,102328,20191106,    0,    0
 18305,102328,20191107,    0,    0
 18305,102328,20191108,    8,    0
 18305,102328,20191109,   16,    0
 18305,102328,20191110,    7,    0
 18305,102328,20191111,    4,    0
 18305,102328,20191112,   55,    0
 18305,102328,20191113,   15,    0
 18305,102328,20191114,    0,    0
 18305,102328,20191115,    0,    0
 18305,102328,20191116,   68,    0
 18305,102328,20191117,    6,    0
 18305,102328,20191118,  348,    0
 18305,102328,20191119,   86,    0
 18305,102328,20191120,    0,    0
 18305,102328,20191121,  124,    0
 18305,102328,20191122,   37,    0
 18305,102328,20191123,   10,    0
 18305,102328,20191124,    8,    0
 18305,102328,20191125,    0,    0
 18305,102328,20191126,   29,    0
 18305,102328,20191127,   22,    0
 18305,102328,20191128,   32,    0
 18305,102328,20191129,    4,    0
 18305,102328,20191130,    0,    0
 18305,102328,20191201,    0,    0
 18305,102328,20191202,    0,    0
 18305,102328,20191203,   30,    0
 18305,102328,20191204,    0,    0
 18305,102328,20191205,    0,    0
 18305,102328,20191206,    2,    0
 18305,102328,20191207,    2,    0
 18305,102328,20191208,   70,    0
 18305,102328,20191209,    8,    0
 18305,102328,20191210,   81,    0
 18305,102328,20191211,   14,    0
 18305,102328,20191212,   57,    0
 18305,102328,20191213,   23,    0
 18305,102328,20191214,   19,    0
 18305,102328,20191215,    4,    0
 18305,102328,20191216,    0,    0
 18305,102328,20191217,    0,    0
 18305,102328,20191218,    0,    0
 18305,102328,20191219,   90,    0
 18305,102328,20191220,   10,    0
 18305,102328,20191221,    9,    0
 18305,102328,20191222,    0,    0
 18305,102328,20191223,    0,    0
 18305,102328,20191224,   33,    0
 18305,102328,20191225,    0,    0
 18305,102328,20191226,    0,    0
 18305,102328,20191227,   11,    0
 18305,102328,20191228,   60,    0
 18305,102328,20191229,    0,    0
 18305,102328,20191230,    0,    0
 18305,102328,20191231,    0,    0
 18305,102328,20200101,    0,    0
 18305,102328,20200102,    7,    0
 18305,102328,20200103,    0,    0
 18305,102328,20200104,    0,    0
 18305,102328,20200105,   35,    0
 18305,102328,20200106,    0,    0
 18305,102328,20200107,    6,    0
 18305,102328,20200108,    4,    0
 18305,102328,20200109,    0,    0
 18305,102328,20200110,    0,    0
 18305,102328,20200111,    2,    0
 18305,102328,20200112,    0,    0
 18305,102328,20200113,   23,    0
 18305,102328,20200114,   51,    0
 18305,102328,20200115,    1,    0
 18305,102328,20200116,   12,    0
 18305,102328,20200117,   22,    0
 18305,102328,20200118,   11,    0
 18305,102328,20200119,    0,    0
 18305,102328,20200120,    0,    0
 18305,102328,20200121,    0,    0
 18305,102328,20200122,    0,    0
 18305,102328,20200123,    0,    0
 18305,102328,20200124,    0,    0
 18305,102328,20200125,    0,    0
 18305,102328,20200126,   13,    0
 18305,102328,20200127,   63,    0
 18305,102328,20200128,   23,    0
 18305,102328,20200129,   50,    0
 18305,102328,20200130,   12,    0
 18305,102328,20200131,   41,    0
 18305,102328,20200201,   12,    0
 18305,102328,20200202,    0,    0
 18305,102328,20200203,    4,    0
 18305,102328,20200204,    0,    0
 18305,102328,20200205,    0,    0
 18305,102328,20200206,    0,    0
 18305,102328,20200207,    6,    0
 18305,102328,20200208,    1,    0
 18305,102328,20200209,   68,    0
 18305,102328,20200210,    0,    0
 18305,102328,20200211,    0,    0
 18305,102328,20200212,    0,    0
 18305,102328,20200213,    0,    0
 18305,102328,20200214,    6,    0
 18305,102328,20200215,   76,    0
 18305,102328,20200216,   40,    0
 18305,102328,20200217,    0,    0
 18305,102328,20200218,    0,    0
 18305,102328,20200219,    0,    0
 18305,102328,20200220,  106,    0
 18305,102328,20200221,    5,    0
 18305,102328,20200222,   41,    0
 18305,102328,20200223,    0,    0
 18305,102328,20200224,    0,    0
 18305,102328,20200225,    0,    0
 18305,102328,20200226,    0,    0
 18305,102328,20200227,    0,    0
 18305,102328,20200228,    0,    0
 18305,102328,20200229,   51,    0
 18305,102328,20200301,   46,    0
 18305,102328,20200302,   22,    0
 18305,102328,20200303,  167,    0
 18305,102328,20200304,   61,    0
 18305,102328,20200305,    0,    0
 18305,102328,20200306,    0,    0
 18305,102328,20200307,   47,    0
 18305,102328,20200308,   67,    0
 18305,102328,20200309,    1,    0
 18305,102328,20200310,   24,    0
 18305,102328,20200311,    0,    0
 18305,102328,20200312,    0,    0
 18305,102328,20200313,    0,    0
 18305,102328,20200314,   16,    0
 18305,102328,20200315,   23,    0
 18305,102328,20200316,    0,    0
 18305,102328,20200317,    0,    0
 18305,102328,20200318,    0,    0
 18305,102328,20200319,    1,    0
 18305,102328,20200320,    0,    0
 18305,102328,20200321,    0,    0
 18305,102328,20200322,    0,    0
 18305,102328,20200323,    0,    0
 18305,102328,20200324,    0,    0
 18305,102328,20200325,    0,    0
 18305,102328,20200326,    0,    0
 18305,102328,20200327,    0,    0
 18305,102328,20200328,    0,    0
 18305,102328,20200329,    0,    0
 18305,102328,20200330,    0,    0
 18305,102328,20200331,    0,    0
 18305,102328,20200401,    0,    0
 18305,102328,20200402,    9,    0
 18305,102328,20200403,    0,    0
 18305,102328,20200404,    0,    0
 18305,102328,20200405,    0,    0
 18305,102328,20200406,    0,    0
 18305,102328,20200407,    0,    0
 18305,102328,20200408,    0,    0
 18305,102328,20200409,    0,    0
 18305,102328,20200410,    0,    0
 18305,102328,20200411,   36,    0
 18305,102328,20200412,    0,    0
 18305,102328,20200413,    4,    0
 18305,102328,20200414,    0,    0
 18305,102328,20200415,    5,    0
 18305,102328,20200416,    0,    0
 18305,102328,20200417,    0,    0
 18305,102328,20200418,    0,    0
 18305,102328,20200419,    0,    0
 18305,102328,20200420,    0,    0
 18305,102328,20200421,    0,    0
 18305,102328,20200422,    0,    0
 18305,102328,20200423,    0,    0
 18305,102328,20200424,    0,    0
 18305,102328,20200425,    0,    0
 18305,102328,20200426,    0,    0
 18305,102328,20200427,   40,    0
 18305,102328,20200428,    0,    0
 18305,102328,20200429,    0,    0
 18305,102328,20200430,   43,    0
 18305,102328,20200501,   49,    0
 18305,102328,20200502,    0,    0
 18305,102328,20200503,    9,    0
 18305,102328,20200504,    0,    0
 18305,102328,20200505,    0,    0
 18305,102328,20200506,    0,    0
 18305,102328,20200507,    0,    0
 18305,102328,20200508,    0,    0
 18305,102328,20200509,   20,    0
 18305,102328,20200510,    1,    0
 18305,102328,20200511,    0,    0
 18305,102328,20200512,    0,    0
 18305,102328,20200513,    0,    0
 18305,102328,20200514,    0,    0
 18305,102328,20200515,    0,    0
 18305,102328,20200516,    0,    0
 18305,102328,20200517,    0,    0
 18305,102328,20200518,    0,    0
 18305,102328,20200519,    0,    0
 18305,102328,20200520,    0,    0
 18305,102328,20200521,    0,    0
 18305,102328,20200522,   89,    0
 18305,102328,20200523,   35,    0
 18305,102328,20200524,   56,    0
 18305,102328,20200525,    0,    0
 18305,102328,20200526,    2,    0
 18305,102328,20200527,    0,    0
 18305,102328,20200528,    0,    0
 18305,102328,20200529,    0,    0
 18305,102328,20200530,    0,    0
 18305,102328,20200531,    0,    0
 18305,102328,20200601,    0,    0
 18305,102328,20200602,    0,    0
 18305,102328,20200603,   83,    0
 18305,102328,20200604,    2,    0
 18305,102328,20200605,  185,    0
 18305,102328,20200606,   81,    0
 18305,102328,20200607,  209,    0
 18305,102328,20200608,    7,    0
 18305,102328,20200609,    0,    0
 18305,102328,20200610,    0,    0
 18305,102328,20200611,    0,    0
 18305,102328,20200612,    0,    0
 18305,102328,20200613,    0,    0
 18305,102328,20200614,    0,    0
 18305,102328,20200615,    0,    0
 18305,102328,20200616,   34,    0
 18305,102328,20200617,    0,    0
 18305,102328,20200618,    0,    0
 18305,102328,20200619,    0,    0
 18305,102328,20200620,    0,    0
 18305,102328,20200621,  233,    0
 18305,102328,20200622,   38,    0
 18305,102328,20200623,    0,    0
 18305,102328,20200624,    0,    0
 18305,102328,20200625,    0,    0
 18305,102328,20200626,    0,    0
 18305,102328,20200627,   42,    0
 18305,102328,20200628,  257,    0
 18305,102328,20200629,    1,    0
 18305,102328,20200630,   49,    0
 18305,102328,20200701,    0,    0
 18305,102328,20200702,   44,    0
 18305,102328,20200703,   12,    0
 18305,102328,20200704,    0,    0
 18305,102328,20200705,  229,    0
 18305,102328,20200706,   12,    0
 18305,102328,20200707,   43,    0
 18305,102328,20200708,    0,    0
 18305,102328,20200709,    0,    0
 18305,102328,20200710,    0,    0
 18305,102328,20200711,    0,    0
 18305,102328,20200712,   12,    0
 18305,102328,20200713,    7,    0
 18305,102328,20200714,   11,    0
 18305,102328,20200715,  151,    0
 18305,102328,20200716,    1,    0
 18305,102328,20200717,   14,    0
 18305,102328,20200718,   60,    0
 18305,102328,20200719,   21,    0
 18305,102328,20200720,    0,    0
 18305,102328,20200721,    0,    0
 18305,102328,20200722,    2,    0
 18305,102328,20200723,    0,    0
 18305,102328,20200724,    0,    0
 18305,102328,20200725,   16,    0
 18305,102328,20200726,  306,    0
 18305,102328,20200727,    3,    0
 18305,102328,20200728,  110,    0
 18305,102328,20200729,   18,    0
 18305,102328,20200730,    0,    0
 18305,102328,20200731,    0,    0
 18305,102328,20200801,    0,    0
 18305,102328,20200802,  139,    0
 18305,102328,20200803,    2,    0
 18305,102328,20200804,    0,    0
 18305,102328,20200805,   78,    0
 18305,102328,20200806,    0,    0
 18305,102328,20200807,    0,    0
 18305,102328,20200808,    0,    0
 18305,102328,20200809,    0,    0
 18305,102328,20200810,    0,    0
 18305,102328,20200811,    0,    0
 18305,102328,20200812,    0,    0
 18305,102328,20200813,   45,    0
 18305,102328,20200814,   14,    0
 18305,102328,20200815,    0,    0
 18305,102328,20200816,    0,    0
 18305,102328,20200817,    0,    0
 18305,102328,20200818,    4,    0
 18305,102328,20200819,    0,    0
 18305,102328,20200820,    0,    0
 18305,102328,20200821,  130,    0
 18305,102328,20200822,    2,    0
 18305,102328,20200823,   11,    0
 18305,102328,20200824,    0,    0
 18305,102328,20200825,    0,    0
 18305,102328,20200826,    0,    0
 18305,102328,20200827,   59,    0
 18305,102328,20200828,    0,    0
 18305,102328,20200829,    2,    0
 18305,102328,20200830,    0,    0
 18305,102328,20200831,    0,    0
 18305,102328,20200901,    0,    0
 18305,102328,20200902,    0,    0
 18305,102328,20200903,   92,    0
 18305,102328,20200904,    7,    0
 18305,102328,20200905,   75,    0
 18305,102328,20200906,   82,    0
 18305,102328,20200907,   22,    0
 18305,102328,20200908,    9,    0
 18305,102328,20200909,   38,    0
 18305,102328,20200910,    0,    0
 18305,102328,20200911,    6,    0
 18305,102328,20200912,    0,    0
 18305,102328,20200913,    0,    0
 18305,102328,20200914,    1,    0
 18305,102328,20200915,   37,    0
 18305,102328,20200916,    0,    0
 18305,102328,20200917,    0,    0
 18305,102328,20200918,    0,    0
 18305,102328,20200919,    0,    0
 18305,102328,20200920,    0,    0
 18305,102328,20200921,    0,    0
 18305,102328,20200922,    0,    0
 18305,102328,20200923,  253,    0
 18305,102328,20200924,   86,    0
 18305,102328,20200925,  111,    0
 18305,102328,20200926,  100,    0
 18305,102328,20200927,    4,    0
 18305,102328,20200928,    3,    0
 18305,102328,20200929,   42,    0
 18305,102328,20200930,   11,    0
 18305,102328,20201001,    0,    0
 18305,102328,20201002,    6,    0
 18305,102328,20201003,    7,    0
 18305,102328,20201004,  223,    0
 18305,102328,20201005,   12,    0
 18305,102328,20201006,    2,    0
 18305,102328,20201007,   31,    0
 18305,102328,20201008,  121,    0
 18305,102328,20201009,    2,    0
 18305,102328,20201010,   12,    0
 18305,102328,20201011,    3,    0
 18305,102328,20201012,    0,    0
 18305,102328,20201013,    0,    0
 18305,102328,20201014,    0,    0
 18305,102328,20201015,    0,    0
 18305,102328,20201016,    0,    0
 18305,102328,20201017,    0,    0
 18305,102328,20201018,    0,    0
 18305,102328,20201019,   22,    0
 18305,102328,20201020,  174,    0
 18305,102328,20201021,   98,    0
 18305,102328,20201022,    7,    0
 18305,102328,20201023,    1,    0
 18305,102328,20201024,   47,    0
 18305,102328,20201025,  117,    0
 18305,102328,20201026,   56,    0
 18305,102328,20201027,   79,    0
 18305,102328,20201028,   26,    0
 18305,102328,20201029,    0,    0
 18305,102328,20201030,   66,    0
 18305,102328,20201031,   37,    0
 18305,102328,20201101,  181,    0
 18305,102328,20201102,   45,    0
 18305,102328,20201103,    0,    0
 18305,102328,20201104,    0,    0
 18305,102328,20201105,    0,    0
 18305,102328,20201106,    0,    0
 18305,102328,20201107,    0,    0
 18305,102328,20201108,    0,    0
 18305,102328,20201109,    0,    0
 18305,102328,20201110,    0,    0
 18305,102328,20201111,    3,    0
 18305,102328,20201112,   11,    0
 18305,102328,20201113,   46,    0
 18305,102328,20201114,   49,    0
 18305,102328,20201115,  136,    0
 18305,102328,20201116,   56,    0
 18305,102328,20201117,    1,    0
 18305,102328,20201118,   58,    0
 18305,102328,20201119,    1,    0
 18305,102328,20201120,   31,    0
 18305,102328,20201121,    4,    0
 18305,102328,20201122,    0,    0
 18305,102328,20201123,    0,    0
 18305,102328,20201124,    6,    0
 18305,102328,20201125,    1,    0
 18305,102328,20201126,    0,    0
 18305,102328,20201127,    0,    0
 18305,102328,20201128,    0,    0
 18305,102328,20201129,    0,    0
 18305,102328,20201130,    0,    0
 18305,102328,20201201,    0,    0
 18305,102328,20201202,    0,    0
 18305,102328,20201203,   36,    0
 18305,102328,20201204,    2,    0
 18305,102328,20201205,    0,    0
 18305,102328,20201206,    0,    0
 18305,102328,20201207,    7,    0
 18305,102328,20201208,   43,    0
 18305,102328,20201209,   10,    0
 18305,102328,20201210,   18,    0
 18305,102328,20201211,   25,    0
 18305,102328,20201212,    6,    0
 18305,102328,20201213,   19,    0
 18305,102328,20201214,  104,    0
 18305,102328,20201215,   10,    0
 18305,102328,20201216,    0,    0
 18305,102328,20201217,  143,    0
 18305,102328,20201218,   12,    0
 18305,102328,20201219,    6,    0
 18305,102328,20201220,    8,    0
 18305,102328,20201221,    8,    0
 18305,102328,20201222,   70,    0
 18305,102328,20201223,    1,    0
 18305,102328,20201224,    0,    0
 18305,102328,20201225,    2,    0
 18305,102328,20201226,   81,    0
 18305,102328,20201227,   90,    0
 18305,102328,20201228,   66,    0
 18305,102328,20201229,   44,    0
 18305,102328,20201230,   25,    0
 18305,102328,20201231,   26,    0
 18305,102328,20210101,   34,    0
 18305,102328,20210102,   10,    0
 18305,102328,20210103,    0,    0
 18305,102328,20210104,    0,    0
 18305,102328,20210105,    0,    0
 18305,102328,20210106,    0,    0
 18305,102328,20210107,    5,    0
 18305,102328,20210108,    0,    0
 18305,102328,20210109,    1,    0
 18305,102328,20210110,    0,    0
 18305,102328,20210111,    0,    0
 18305,102328,20210112,    1,    0
 18305,102328,20210113,    0,    0
 18305,102328,20210114,    0,    0
 18305,102328,20210115,    0,    0
 18305,102328,20210116,    0,    0
 18305,102328,20210117,    0,    0
 18305,102328,20210118,   20,    0
 18305,102328,20210119,   17,    0
 18305,102328,20210120,  193,    0
 18305,102328,20210121,  122,    0
 18305,102328,20210122,   10,    0
 18305,102328,20210123,    0,    0
 18305,102328,20210124,    0,    0
 18305,102328,20210125,    0,    0
 18305,102328,20210126,    0,    0
 18305,102328,20210127,    9,    0
 18305,102328,20210128,    0,    0
 18305,102328,20210129,    0,    0
 18305,102328,20210130,    0,    0
 18305,102328,20210131,    0,    0
 18305,102328,20210201,    0,    0
 18305,102328,20210202,    6,    0
 18305,102328,20210203,    0,    0
 18305,102328,20210204,    0,    0
 18305,102328,20210205,    0,    0
 18305,102328,20210206,    0,    0
 18305,102328,20210207,    0,    0
 18305,102328,20210208,    0,    0
 18305,102328,20210209,    0,    0
 18305,102328,20210210,    0,    0
 18305,102328,20210211,    0,    0
 18305,102328,20210212,    0,    0
 18305,102328,20210213,    0,    0
 18305,102328,20210214,    0,    0
 18305,102328,20210215,   14,    0
 18305,102328,20210216,   11,    0
 18305,102328,20210217,   10,    0
 18305,102328,20210218,   18,    0
 18305,102328,20210219,   25,    0
 18305,102328,20210220,   31,    0
 18305,102328,20210221,    1,    0
 18305,102328,20210222,   13,    0
 18305,102328,20210223,    0,    0
 18305,102328,20210224,    0,    0
 18305,102328,20210225,    0,    0
 18305,102328,20210226,    0,    0
 18305,102328,20210227,    0,    0
 18305,102328,20210228,-9999,    9
 18305,102328,20210301,-9999,    9
 18305,102328,20210302,-9999,    9
 18305,102328,20210303,-9999,    9
 18305,102328,20210304,-9999,    9
 18305,102328,20210305,-9999,    9
 18305,102328,20210306,-9999,    9
 18305,102328,20210307,-9999,    9
 18305,102328,20210308,-9999,    9
 18305,102328,20210309,-9999,    9
 18305,102328,20210310,-9999,    9
 18305,102328,20210311,-9999,    9
 18305,102328,20210312,-9999,    9
 18305,102328,20210313,-9999,    9
 18305,102328,20210314,-9999,    9
 18305,102328,20210315,-9999,    9
 18305,102328,20210316,-9999,    9
 18305,102328,20210317,-9999,    9
 18305,102328,20210318,-9999,    9
 18305,102328,20210319,-9999,    9
 18305,102328,20210320,-9999,    9
 18305,102328,20210321,-9999,    9
 18305,102328,20210322,-9999,    9
 18305,102328,20210323,-9999,    9
 18305,102328,20210324,-9999,    9
 18305,102328,20210325,-9999,    9
 18305,102328,20210326,-9999,    9
 18305,102328,20210327,-9999,    9
 18305,102328,20210328,-9999,    9
 18305,102328,20210329,-9999,    9
 18305,102328,20210330,-9999,    9
 18305,102328,20210331,-9999,    9
 18305,102328,20210401,-9999,    9
 18305,102328,20210402,-9999,    9
 18305,102328,20210403,-9999,    9
 18305,102328,20210404,-9999,    9
 18305,102328,20210405,-9999,    9
 18305,102328,20210406,-9999,    9
 18305,102328,20210407,-9999,    9
 18305,102328,20210408,-9999,    9
 18305,102328,20210409,-9999,    9
 18305,102328,20210410,-9999,    9
 18305,102328,20210411,-9999,    9
 18305,102328,20210412,-9999,    9
 18305,102328,20210413,-9999,    9
 18305,102328,20210414,-9999,    9
 18305,102328,20210415,-9999,    9
 18305,102328,20210416,-9999,    9
 18305,102328,20210417,-9999,    9
 18305,102328,20210418,-9999,    9
 18305,102328,20210419,-9999,    9
 18305,102328,20210420,-9999,    9
 18305,102328,20210421,-9999,    9
 18305,102328,20210422,-9999,    9
 18305,102328,20210423,-9999,    9
 18305,102328,20210424,-9999,    9
 18305,102328,20210425,-9999,    9
 18305,102328,20210426,-9999,    9
 18305,102328,20210427,-9999,    9
 18305,102328,20210428,-9999,    9
 18305,102328,20210429,-9999,    9
 18305,102328,20210430,-9999,    9
 18305,102328,20210501,-9999,    9
 18305,102328,20210502,-9999,    9
 18305,102328,20210503,-9999,    9
 18305,102328,20210504,-9999,    9
 18305,102328,20210505,-9999,    9
 18305,102328,20210506,-9999,    9
 18305,102328,20210507,-9999,    9
 18305,102328,20210508,-9999,    9
 18305,102328,20210509,-9999,    9
 18305,102328,20210510,-9999,    9
 18305,102328,20210511,-9999,    9
 18305,102328,20210512,-9999,    9
 18305,102328,20210513,-9999,    9
 18305,102328,20210514,-9999,    9
 18305,102328,20210515,-9999,    9
 18305,102328,20210516,-9999,    9
 18305,102328,20210517,-9999,    9
 18305,102328,20210518,-9999,    9
 18305,102328,20210519,-9999,    9
 18305,102328,20210520,-9999,    9
 18305,102328,20210521,-9999,    9
 18305,102328,20210522,-9999,    9
 18305,102328,20210523,-9999,    9
 18305,102328,20210524,-9999,    9
 18305,102328,20210525,-9999,    9
 18305,102328,20210526,-9999,    9
 18305,102328,20210527,    0,    0
 18305,102328,20210528,    0,    0
 18305,102328,20210529,    0,    0
 18305,102328,20210530,    0,    0
 18305,102328,20210531,    0,    0
 18305,102328,20210601,    0,    0
 18305,102328,20210602,    0,    0
 18305,102328,20210603,    0,    0
 18305,102328,20210604,    0,    0
 18305,102328,20210605,    0,    0
 18305,102328,20210606,    0,    0
 18305,102328,20210607,   85,    0
 18305,102328,20210608,   11,    0
 18305,102328,20210609,    0,    0
 18305,102328,20210610,    0,    0
 18305,102328,20210611,    0,    0
 18305,102328,20210612,    0,    0
 18305,102328,20210613,    0,    0
 18305,102328,20210614,   12,    0
 18305,102328,20210615,    0,    0
 18305,102328,20210616,    0,    0
 18305,102328,20210617,    8,    0
 18305,102328,20210618,    7,    0
 18305,102328,20210619,   18,    0
 18305,102328,20210620,    7,    0
 18305,102328,20210621,    2,    0
 18305,102328,20210622,    0,    0
 18305,102328,20210623,    0,    0
 18305,102328,20210624,    0,    0
 18305,102328,20210625,    0,    0
 18305,102328,20210626,    0,    0
 18305,102328,20210627,    0,    0
 18305,102328,20210628,    0,    0
 18305,102328,20210629,    6,    0
 18305,102328,20210630,    0,    0
 18305,102328,20210701,    0,    0
 18305,102328,20210702,    0,    0
 18305,102328,20210703,    0,    0
 18305,102328,20210704,    5,    0
 18305,102328,20210705,  121,    0
 18305,102328,20210706,  106,    0
 18305,102328,20210707,    1,    0
 18305,102328,20210708,   16,    0
 18305,102328,20210709,    2,    0
 18305,102328,20210710,  340,    0
 18305,102328,20210711,    0,    0
 18305,102328,20210712,    0,    0
 18305,102328,20210713,    0,    0
 18305,102328,20210714,    3,    0
 18305,102328,20210715,    0,    0
 18305,102328,20210716,    0,    0
 18305,102328,20210717,    0,    0
 18305,102328,20210718,    0,    0
 18305,102328,20210719,    0,    0
 18305,102328,20210720,    0,    0
 18305,102328,20210721,    0,    0
 18305,102328,20210722,    0,    0
 18305,102328,20210723,    0,    0
 18305,102328,20210724,    0,    0
 18305,102328,20210725,    0,    0
 18305,102328,20210726,   16,    0
 18305,102328,20210727,   59,    0
 18305,102328,20210728,  112,    0
 18305,102328,20210729,  273,    0
 18305,102328,20210730,    0,    0
 18305,102328,20210731,  145,    0
 18305,102328,20210801,    4,    0
 18305,102328,20210802,    2,    0
 18305,102328,20210803,    1,    0
 18305,102328,20210804,    0,    0
 18305,102328,20210805,    0,    0
 18305,102328,20210806,    1,    0
 18305,102328,20210807,   11,    0
 18305,102328,20210808,    0,    0
 18305,102328,20210809,    0,    0
 18305,102328,20210810,    0,    0
 18305,102328,20210811,    0,    0
 18305,102328,20210812,    0,    0
 18305,102328,20210813,    2,    0
 18305,102328,20210814,   23,    0
 18305,102328,20210815,   32,    0
 18305,102328,20210816,   31,    0
 18305,102328,20210817,    0,    0
 18305,102328,20210818,    0,    0
 18305,102328,20210819,    0,    0
 18305,102328,20210820,    0,    0
 18305,102328,20210821,    0,    0
 18305,102328,20210822,    0,    0
 18305,102328,20210823,    0,    0
 18305,102328,20210824,    8,    0
 18305,102328,20210825,    2,    0
 18305,102328,20210826,    0,    0
 18305,102328,20210827,    0,    0
 18305,102328,20210828,    0,    0
 18305,102328,20210829,    0,    0
 18305,102328,20210830,    0,    0
 18305,102328,20210831,    0,    0
 18305,102328,20210901,    0,    0
 18305,102328,20210902,    0,    0
 18305,102328,20210903,    0,    0
 18305,102328,20210904,    0,    0
 18305,102328,20210905,    0,    0
 18305,102328,20210906,    7,    0
 18305,102328,20210907,    6,    0
 18305,102328,20210908,    0,    0
 18305,102328,20210909,    1,    0
 18305,102328,20210910,    0,    0
 18305,102328,20210911,   23,    0
 18305,102328,20210912,    3,    0
 18305,102328,20210913,    0,    0
 18305,102328,20210914,    0,    0
 18305,102328,20210915,    0,    0
 18305,102328,20210916,    3,    0
 18305,102328,20210917,    4,    0
 18305,102328,20210918,    2,    0
 18305,102328,20210919,    0,    0
 18305,102328,20210920,   20,    0
 18305,102328,20210921,    0,    0
 18305,102328,20210922,    0,    0
 18305,102328,20210923,    0,    0
 18305,102328,20210924,   10,    0
 18305,102328,20210925,    0,    0
 18305,102328,20210926,    0,    0
 18305,102328,20210927,  240,    0
 18305,102328,20210928,   17,    0
 18305,102328,20210929,  149,    0
 18305,102328,20210930,  135,    0
 18305,102328,20211001,  183,    0
 18305,102328,20211002,   37,    0
 18305,102328,20211003,  348,    0
 18305,102328,20211004,   21,    0
 18305,102328,20211005,    8,    0
 18305,102328,20211006,    2,    0
 18305,102328,20211007,    0,    0
 18305,102328,20211008,    0,    0
 18305,102328,20211009,    0,    0
 18305,102328,20211010,    0,    0
 18305,102328,20211011,    0,    0
 18305,102328,20211012,    0,    0
 18305,102328,20211013,    0,    0
 18305,102328,20211014,    0,    0
 18305,102328,20211015,    1,    0
 18305,102328,20211016,    0,    0
 18305,102328,20211017,    0,    0
 18305,102328,20211018,   42,    0
 18305,102328,20211019,   67,    0
 18305,102328,20211020,    0,    0
 18305,102328,20211021,    0,    0
 18305,102328,20211022,    0,    0
 18305,102328,20211023,    0,    0
 18305,102328,20211024,    0,    0
 18305,102328,20211025,    0,    0
 18305,102328,20211026,    0,    0
 18305,102328,20211027,    0,    0
 18305,102328,20211028,    0,    0
 18305,102328,20211029,    0,    0
 18305,102328,20211030,    0,    0
 18305,102328,20211031,-9999,    9
 18305,102328,20211101,-9999,    9
 18305,102328,20211102,-9999,    9
 18305,102328,20211103,-9999,    9
 18305,102328,20211104,-9999,    9
 18305,102328,20211105,-9999,    9
 18305,102328,20211106,-9999,    9
 18305,102328,20211107,-9999,    9
 18305,102328,20211108,-9999,    9
 18305,102328,20211109,-9999,    9
 18305,102328,20211110,   12,    0
 18305,102328,20211111,    2,    0
 18305,102328,20211112,    0,    0
 18305,102328,20211113,    0,    0
 18305,102328,20211114,    0,    0
 18305,102328,20211115,    0,    0
 18305,102328,20211116,    0,    0
 18305,102328,20211117,    0,    0
 18305,102328,20211118,    0,    0
 18305,102328,20211119,    0,    0
 18305,102328,20211120,    0,    0
 18305,102328,20211121,    0,    0
 18305,102328,20211122,    0,    0
 18305,102328,20211123,    0,    0
 18305,102328,20211124,    0,    0
 18305,102328,20211125,    0,    0
 18305,102328,20211126,    0,    0
 18305,102328,20211127,    0,    0
 18305,102328,20211128,    0,    0
 18305,102328,20211129,    0,    0
 18305,102328,20211130,    0,    0
 18305,102328,20211201,-9999,    9
 18305,102328,20211202,-9999,    9
 18305,102328,20211203,-9999,    9
 18305,102328,20211204,-9999,    9
 18305,102328,20211205,-9999,    9
 18305,102328,20211206,-9999,    9
 18305,102328,20211207,-9999,    9
 18305,102328,20211208,-9999,    9
 18305,102328,20211209,-9999,    9
 18305,102328,20211210,-9999,    9
 18305,102328,20211211,-9999,    9
 18305,102328,20211212,-9999,    9
 18305,102328,20211213,-9999,    9
 18305,102328,20211214,-9999,    9
 18305,102328,20211215,-9999,    9
 18305,102328,20211216,-9999,    9
 18305,102328,20211217,-9999,    9
 18305,102328,20211218,-9999,    9
 18305,102328,20211219,-9999,    9
 18305,102328,20211220,-9999,    9
 18305,102328,20211221,-9999,    9
 18305,102328,20211222,-9999,    9
 18305,102328,20211223,-9999,    9
 18305,102328,20211224,-9999,    9
 18305,102328,20211225,-9999,    9
 18305,102328,20211226,-9999,    9
 18305,102328,20211227,-9999,    9
 18305,102328,20211228,-9999,    9
 18305,102328,20211229,-9999,    9
 18305,102328,20211230,-9999,    9
 18305,102328,20211231,-9999,    9
 18305,102328,20220101,-9999,    9
 18305,102328,20220102,-9999,    9
 18305,102328,20220103,-9999,    9
 18305,102328,20220104,-9999,    9
 18305,102328,20220105,-9999,    9
 18305,102328,20220106,-9999,    9
 18305,102328,20220107,-9999,    9
 18305,102328,20220108,-9999,    9
 18305,102328,20220109,-9999,    9
 18305,102328,20220110,-9999,    9
 18305,102328,20220111,-9999,    9
 18305,102328,20220112,-9999,    9
 18305,102328,20220113,-9999,    9
 18305,102328,20220114,-9999,    9
 18305,102328,20220115,-9999,    9
 18305,102328,20220116,-9999,    9
 18305,102328,20220117,-9999,    9
 18305,102328,20220118,-9999,    9
 18305,102328,20220119,-9999,    9
 18305,102328,20220120,-9999,    9
 18305,102328,20220121,-9999,    9
 18305,102328,20220122,-9999,    9
 18305,102328,20220123,-9999,    9
 18305,102328,20220124,-9999,    9
 18305,102328,20220125,-9999,    9
 18305,102328,20220126,-9999,    9
 18305,102328,20220127,-9999,    9
 18305,102328,20220128,-9999,    9
 18305,102328,20220129,-9999,    9
 18305,102328,20220130,-9999,    9
 18305,102328,20220131,-9999,    9
 18305,102328,20220201,-9999,    9
 18305,102328,20220202,-9999,    9
 18305,102328,20220203,-9999,    9
 18305,102328,20220204,-9999,    9
 18305,102328,20220205,-9999,    9
 18305,102328,20220206,-9999,    9
 18305,102328,20220207,-9999,    9
 18305,102328,20220208,-9999,    9
 18305,102328,20220209,-9999,    9
 18305,102328,20220210,-9999,    9
 18305,102328,20220211,-9999,    9
 18305,102328,20220212,-9999,    9
 18305,102328,20220213,-9999,    9
 18305,102328,20220214,-9999,    9
 18305,102328,20220215,-9999,    9
 18305,102328,20220216,-9999,    9
 18305,102328,20220217,-9999,    9
 18305,102328,20220218,-9999,    9
 18305,102328,20220219,-9999,    9
 18305,102328,20220220,-9999,    9
 18305,102328,20220221,-9999,    9
 18305,102328,20220222,-9999,    9
 18305,102328,20220223,-9999,    9
 18305,102328,20220224,-9999,    9
 18305,102328,20220225,-9999,    9
 18305,102328,20220226,-9999,    9
 18305,102328,20220227,-9999,    9
 18305,102328,20220228,-9999,    9
 18305,102328,20220301,-9999,    9
 18305,102328,20220302,-9999,    9
 18305,102328,20220303,-9999,    9
 18305,102328,20220304,-9999,    9
 18305,102328,20220305,-9999,    9
 18305,102328,20220306,-9999,    9
 18305,102328,20220307,-9999,    9
 18305,102328,20220308,-9999,    9
 18305,102328,20220309,-9999,    9
 18305,102328,20220310,-9999,    9
 18305,102328,20220311,-9999,    9
 18305,102328,20220312,-9999,    9
 18305,102328,20220313,-9999,    9
 18305,102328,20220314,-9999,    9
 18305,102328,20220315,-9999,    9
 18305,102328,20220316,-9999,    9
 18305,102328,20220317,-9999,    9
 18305,102328,20220318,-9999,    9
 18305,102328,20220319,-9999,    9
 18305,102328,20220320,-9999,    9
 18305,102328,20220321,-9999,    9
 18305,102328,20220322,-9999,    9
 18305,102328,20220323,-9999,    9
 18305,102328,20220324,-9999,    9
 18305,102328,20220325,-9999,    9
 18305,102328,20220326,-9999,    9
 18305,102328,20220327,-9999,    9
 18305,102328,20220328,-9999,    9
 18305,102328,20220329,-9999,    9
 18305,102328,20220330,-9999,    9
 18305,102328,20220331,-9999,    9
 18305,102328,20220401,-9999,    9
 18305,102328,20220402,-9999,    9
 18305,102328,20220403,-9999,    9
 18305,102328,20220404,-9999,    9
 18305,102328,20220405,-9999,    9
 18305,102328,20220406,-9999,    9
 18305,102328,20220407,-9999,    9
 18305,102328,20220408,-9999,    9
 18305,102328,20220409,-9999,    9
 18305,102328,20220410,-9999,    9
 18305,102328,20220411,-9999,    9
 18305,102328,20220412,-9999,    9
 18305,102328,20220413,-9999,    9
 18305,102328,20220414,-9999,    9
 18305,102328,20220415,-9999,    9
 18305,102328,20220416,-9999,    9
 18305,102328,20220417,-9999,    9
 18305,102328,20220418,-9999,    9
 18305,102328,20220419,-9999,    9
 18305,102328,20220420,-9999,    9
 18305,102328,20220421,-9999,    9
 18305,102328,20220422,-9999,    9
 18305,102328,20220423,-9999,    9
 18305,102328,20220424,-9999,    9
 18305,102328,20220425,-9999,    9
 18305,102328,20220426,-9999,    9
 18305,102328,20220427,    3,    0
 18305,102328,20220428,    0,    0
 18305,102328,20220429,    0,    0
 18305,102328,20220430,    0,    0
 18305,102328,20220501,    0,    0
 18305,102328,20220502,    0,    0
 18305,102328,20220503,    0,    0
 18305,102328,20220504,    0,    0
 18305,102328,20220505,    0,    0
 18305,102328,20220506,    2,    0
 18305,102328,20220507,    0,    0
 18305,102328,20220508,    0,    0
 18305,102328,20220509,    0,    0
 18305,102328,20220510,   90,    0
 18305,102328,20220511,    2,    0
 18305,102328,20220512,    0,    0
 18305,102328,20220513,    2,    0
 18305,102328,20220514,    0,    0
 18305,102328,20220515,    0,    0
 18305,102328,20220516,    0,    0
 18305,102328,20220517,    0,    0
 18305,102328,20220518,    0,    0
 18305,102328,20220519,    0,    0
 18305,102328,20220520,   28,    0
 18305,102328,20220521,   13,    0
 18305,102328,20220522,    2,    0
 18305,102328,20220523,    0,    0
 18305,102328,20220524,   87,    0
 18305,102328,20220525,   16,    0
 18305,102328,20220526,   65,    0
 18305,102328,20220527,   44,    0
 18305,102328,20220528,    0,    0
 18305,102328,20220529,   78,    0
 18305,102328,20220530,    1,    0
 18305,102328,20220531,   95,    0
 18305,102328,20220601,   24,    0
 18305,102328,20220602,   89,    0
 18305,102328,20220603,   17,    0
 18305,102328,20220604,    0,    0
 18305,102328,20220605,    0,    0
 18305,102328,20220606,    0,    0
 18305,102328,20220607,  103,    0
 18305,102328,20220608,   86,    0
 18305,102328,20220609,    0,    0
 18305,102328,20220610,    0,    0
 18305,102328,20220611,   26,    0
 18305,102328,20220612,    2,    0
 18305,102328,20220613,    2,    0
 18305,102328,20220614,    0,    0
 18305,102328,20220615,   15,    0
 18305,102328,20220616,   17,    0
 18305,102328,20220617,   23,    0
 18305,102328,20220618,    0,    0
 18305,102328,20220619,    0,    0
 18305,102328,20220620,    0,    0
 18305,102328,20220621,    0,    0
 18305,102328,20220622,   16,    0
 18305,102328,20220623,    0,    0
 18305,102328,20220624,    0,    0
 18305,102328,20220625,    8,    0
 18305,102328,20220626,   29,    0
 18305,102328,20220627,  435,    0
 18305,102328,20220628,  218,    0
 18305,102328,20220629,    0,    0
 18305,102328,20220630,    4,    0
 18305,102328,20220701,   97,    0
 18305,102328,20220702,  104,    0
 18305,102328,20220703,   65,    0
 18305,102328,20220704,  180,    0
 18305,102328,20220705,    0,    0
 18305,102328,20220706,   74,    0
 18305,102328,20220707,    1,    0
 18305,102328,20220708,    0,    0
 18305,102328,20220709,    0,    0
 18305,102328,20220710,    0,    0
 18305,102328,20220711,    0,    0
 18305,102328,20220712,    0,    0
 18305,102328,20220713,    0,    0
 18305,102328,20220714,    0,    0
 18305,102328,20220715,    0,    0
 18305,102328,20220716,    0,    0
 18305,102328,20220717,   25,    0
 18305,102328,20220718,    0,    0
 18305,102328,20220719,    0,    0
 18305,102328,20220720,    7,    0
 18305,102328,20220721,    0,    0
 18305,102328,20220722,    0,    0
 18305,102328,20220723,    0,    0
 18305,102328,20220724,   25,    0
 18305,102328,20220725,   81,    0
 18305,102328,20220726,    2,    0
 18305,102328,20220727,    0,    0
 18305,102328,20220728,    0,    0
 18305,102328,20220729,    0,    0
 18305,102328,20220730,    0,    0
 18305,102328,20220731,   96,    0
 18305,102328,20220801,    6,    0
 18305,102328,20220802,   73,    0
 18305,102328,20220803,  307,    0
 18305,102328,20220804,   12,    0
 18305,102328,20220805,    0,    0
 18305,102328,20220806,    2,    0
 18305,102328,20220807,    0,    0
 18305,102328,20220808,    0,    0
 18305,102328,20220809,   13,    0
 18305,102328,20220810,    0,    0
 18305,102328,20220811,    0,    0
 18305,102328,20220812,    0,    0
 18305,102328,20220813,    0,    0
 18305,102328,20220814,    0,    0
 18305,102328,20220815,   39,    0
 18305,102328,20220816,  177,    0
 18305,102328,20220817,   32,    0
 18305,102328,20220818,  148,    0
 18305,102328,20220819,    0,    0
 18305,102328,20220820,    0,    0
 18305,102328,20220821,   58,    0
 18305,102328,20220822,    0,    0
 18305,102328,20220823,    0,    0
 18305,102328,20220824,    0,    0
 18305,102328,20220825,    0,    0
 18305,102328,20220826,  121,    0
 18305,102328,20220827,    0,    0
 18305,102328,20220828,    0,    0
 18305,102328,20220829,    0,    0
 18305,102328,20220830,    0,    0
 18305,102328,20220831,    0,    0
 18305,102328,20220901,    0,    0
 18305,102328,20220902,   13,    0
 18305,102328,20220903,   26,    0
 18305,102328,20220904,   31,    0
 18305,102328,20220905,    1,    0
 18305,102328,20220906,    0,    0
 18305,102328,20220907,    0,    0
 18305,102328,20220908,    0,    0
 18305,102328,20220909,    0,    0
 18305,102328,20220910,    0,    0
 18305,102328,20220911,    0,    0
 18305,102328,20220912,  274,    0
 18305,102328,20220913,   99,    0
 18305,102328,20220914,    0,    0
 18305,102328,20220915,    0,    0
 18305,102328,20220916,    0,    0
 18305,102328,20220917,    0,    0
 18305,102328,20220918,    0,    0
 18305,102328,20220919,    0,    0
 18305,102328,20220920,    0,    0
 18305,102328,20220921,    0,    0
 18305,102328,20220922,   56,    0
 18305,102328,20220923,   83,    0
 18305,102328,20220924,    0,    0
 18305,102328,20220925,   43,    0
 18305,102328,20220926,  270,    0
 18305,102328,20220927,  150,    0
 18305,102328,20220928,   31,    0
 18305,102328,20220929,    9,    0
 18305,102328,20220930,    8,    0
 18305,102328,20221001,   83,    0
 18305,102328,20221002,    0,    0
 18305,102328,20221003,    1,    0
 18305,102328,20221004,   42,    0
 18305,102328,20221005,   54,    0
 18305,102328,20221006,    0,    0
 18305,102328,20221007,    0,    0
 18305,102328,20221008,    0,    0
 18305,102328,20221009,    0,    0
 18305,102328,20221010,   29,    0
 18305,102328,20221011,    2,    0
 18305,102328,20221012,   21,    0
 18305,102328,20221013,   46,    0
 18305,102328,20221014,  155,    0
 18305,102328,20221015,   48,    0
 18305,102328,20221016,   27,    0
 18305,102328,20221017,    2,    0
 18305,102328,20221018,    1,    0
 18305,102328,20221019,    1,    0
 18305,102328,20221020,    0,    0
 18305,102328,20221021,    0,    0
 18305,102328,20221022,    1,    0
 18305,102328,20221023,   13,    0
 18305,102328,20221024,   77,    0
 18305,102328,20221025,   15,    0
 18305,102328,20221026,    9,    0
 18305,102328,20221027,    0,    0
 18305,102328,20221028,    0,    0
 18305,102328,20221029,    1,    0
 18305,102328,20221030,    3,    0
 18305,102328,20221031,-9999,    9
