EUROPEAN CLIMATE ASSESSMENT & DATASET (ECA&D), file created on: 16-11-2022
THESE DATA CAN BE USED FOR NON-COMMERCIAL RESEARCH AND EDUCATION PROVIDED THAT THE FOLLOWING SOURCE IS ACKNOWLEDGED: 

Klein Tank, A.M.G. and Coauthors, 2002. Daily dataset of 20th-century surface
air temperature and precipitation series for the European Climate Assessment.
Int. J. of Climatol., 22, 1441-1453.
Data and metadata available at http://www.ecad.eu

FILE FORMAT (MISSING VALUE CODE = -9999):

01-06 STAID: Station identifier
08-13 SOUID: Source identifier
15-22 DATE : Date YYYYMMDD
24-28 RR   : Precipitation amount in 0.1 mm
30-34 Q_RR : quality code for RR (0='valid'; 1='suspect'; 9='missing')

This is the blended series of station FOLGEFONNA SKISENTER, NORWAY (STAID: 18268)
Blended and updated with sources:102148 
See files sources.txt and stations.txt for more info.

STAID, SOUID,    DATE,   RR, Q_RR
 18268,102148,20150930,   10,    0
 18268,102148,20151001,   35,    0
 18268,102148,20151002,  176,    0
 18268,102148,20151003,    6,    0
 18268,102148,20151004,  159,    0
 18268,102148,20151005,    0,    0
 18268,102148,20151006,   23,    0
 18268,102148,20151007,  107,    0
 18268,102148,20151008,   72,    0
 18268,102148,20151009,    2,    0
 18268,102148,20151010,    0,    0
 18268,102148,20151011,    1,    0
 18268,102148,20151012,    2,    0
 18268,102148,20151013,    0,    0
 18268,102148,20151014,    0,    0
 18268,102148,20151015,    0,    0
 18268,102148,20151016,    1,    0
 18268,102148,20151017,    0,    0
 18268,102148,20151018,    0,    0
 18268,102148,20151019,    0,    0
 18268,102148,20151020,   57,    0
 18268,102148,20151021,  178,    0
 18268,102148,20151022,  830,    0
 18268,102148,20151023,    2,    0
 18268,102148,20151024,  234,    0
 18268,102148,20151025,  143,    0
 18268,102148,20151026,   31,    0
 18268,102148,20151027,    0,    0
 18268,102148,20151028,    0,    0
 18268,102148,20151029,    0,    0
 18268,102148,20151030,   34,    0
 18268,102148,20151031,  130,    0
 18268,102148,20151101,    1,    0
 18268,102148,20151102,    0,    0
 18268,102148,20151103,    1,    0
 18268,102148,20151104,    0,    0
 18268,102148,20151105,    1,    0
 18268,102148,20151106,  233,    0
 18268,102148,20151107,   34,    0
 18268,102148,20151108,  176,    0
 18268,102148,20151109,  358,    0
 18268,102148,20151110,  157,    0
 18268,102148,20151111,  312,    0
 18268,102148,20151112,  229,    0
 18268,102148,20151113,  158,    0
 18268,102148,20151114,  344,    0
 18268,102148,20151115,   83,    0
 18268,102148,20151116,  194,    0
 18268,102148,20151117,  278,    0
 18268,102148,20151118,   20,    0
 18268,102148,20151119,    0,    0
 18268,102148,20151120,    0,    0
 18268,102148,20151121,    0,    0
 18268,102148,20151122,    0,    0
 18268,102148,20151123,   47,    0
 18268,102148,20151124,   32,    0
 18268,102148,20151125,   17,    0
 18268,102148,20151126,  399,    0
 18268,102148,20151127,  360,    0
 18268,102148,20151128,  286,    0
 18268,102148,20151129,  412,    0
 18268,102148,20151130,  209,    0
 18268,102148,20151201,  127,    0
 18268,102148,20151202,  306,    0
 18268,102148,20151203,  329,    0
 18268,102148,20151204,  342,    0
 18268,102148,20151205,  469,    0
 18268,102148,20151206,  358,    0
 18268,102148,20151207,   35,    0
 18268,102148,20151208,  213,    0
 18268,102148,20151209,-9999,    9
 18268,102148,20151210,-9999,    9
 18268,102148,20151211,  718,    0
 18268,102148,20151212,    0,    0
 18268,102148,20151213,    1,    0
 18268,102148,20151214,    0,    0
 18268,102148,20151215,    0,    0
 18268,102148,20151216,   27,    0
 18268,102148,20151217,  131,    0
 18268,102148,20151218,  350,    0
 18268,102148,20151219,  424,    0
 18268,102148,20151220,  409,    0
 18268,102148,20151221,  205,    0
 18268,102148,20151222,  250,    0
 18268,102148,20151223,  147,    0
 18268,102148,20151224,  159,    0
 18268,102148,20151225,   62,    0
 18268,102148,20151226,   27,    0
 18268,102148,20151227,   73,    0
 18268,102148,20151228,   20,    0
 18268,102148,20151229,   51,    0
 18268,102148,20151230,   66,    0
 18268,102148,20151231,   75,    0
 18268,102148,20160101,   55,    0
 18268,102148,20160102,    0,    0
 18268,102148,20160103,    0,    0
 18268,102148,20160104,    0,    0
 18268,102148,20160105,    0,    0
 18268,102148,20160106,    0,    0
 18268,102148,20160107,    0,    0
 18268,102148,20160108,    0,    0
 18268,102148,20160109,    0,    0
 18268,102148,20160110,    0,    0
 18268,102148,20160111,    0,    0
 18268,102148,20160112,    2,    0
 18268,102148,20160113,   58,    0
 18268,102148,20160114,   80,    0
 18268,102148,20160115,   41,    0
 18268,102148,20160116,    6,    0
 18268,102148,20160117,    3,    0
 18268,102148,20160118,   19,    0
 18268,102148,20160119,    0,    0
 18268,102148,20160120,    0,    0
 18268,102148,20160121,    0,    0
 18268,102148,20160122,   48,    0
 18268,102148,20160123,   58,    0
 18268,102148,20160124,    6,    0
 18268,102148,20160125,  172,    0
 18268,102148,20160126,  209,    0
 18268,102148,20160127,   54,    0
 18268,102148,20160128,  149,    0
 18268,102148,20160129,  287,    0
 18268,102148,20160130,  110,    0
 18268,102148,20160131,   29,    0
 18268,102148,20160201,  196,    0
 18268,102148,20160202,   62,    0
 18268,102148,20160203,   18,    0
 18268,102148,20160204,    1,    0
 18268,102148,20160205,   33,    0
 18268,102148,20160206,   62,    0
 18268,102148,20160207,   47,    0
 18268,102148,20160208,   29,    0
 18268,102148,20160209,   12,    0
 18268,102148,20160210,    0,    0
 18268,102148,20160211,    5,    0
 18268,102148,20160212,    4,    0
 18268,102148,20160213,    0,    0
 18268,102148,20160214,    0,    0
 18268,102148,20160215,    0,    0
 18268,102148,20160216,   10,    0
 18268,102148,20160217,   14,    0
 18268,102148,20160218,   12,    0
 18268,102148,20160219,   79,    0
 18268,102148,20160220,  158,    0
 18268,102148,20160221,  118,    0
 18268,102148,20160222,   50,    0
 18268,102148,20160223,   10,    0
 18268,102148,20160224,   12,    0
 18268,102148,20160225,    2,    0
 18268,102148,20160226,   11,    0
 18268,102148,20160227,    6,    0
 18268,102148,20160228,    0,    0
 18268,102148,20160229,    2,    0
 18268,102148,20160301,  140,    0
 18268,102148,20160302,   38,    0
 18268,102148,20160303,    4,    0
 18268,102148,20160304,   20,    0
 18268,102148,20160305,    9,    0
 18268,102148,20160306,   17,    0
 18268,102148,20160307,    2,    0
 18268,102148,20160308,    2,    0
 18268,102148,20160309,    0,    0
 18268,102148,20160310,    0,    0
 18268,102148,20160311,    0,    0
 18268,102148,20160312,   22,    0
 18268,102148,20160313,    0,    0
 18268,102148,20160314,    0,    0
 18268,102148,20160315,    0,    0
 18268,102148,20160316,    0,    0
 18268,102148,20160317,    0,    0
 18268,102148,20160318,    0,    0
 18268,102148,20160319,    7,    0
 18268,102148,20160320,    6,    0
 18268,102148,20160321,   20,    0
 18268,102148,20160322,    6,    0
 18268,102148,20160323,    1,    0
 18268,102148,20160324,   66,    0
 18268,102148,20160325,   59,    0
 18268,102148,20160326,   84,    0
 18268,102148,20160327,   26,    0
 18268,102148,20160328,  113,    0
 18268,102148,20160329,   31,    0
 18268,102148,20160330,   13,    0
 18268,102148,20160331,    2,    0
 18268,102148,20160401,   36,    0
 18268,102148,20160402,   52,    0
 18268,102148,20160403,   16,    0
 18268,102148,20160404,   84,    0
 18268,102148,20160405,    5,    0
 18268,102148,20160406,   34,    0
 18268,102148,20160407,   14,    0
 18268,102148,20160408,   34,    0
 18268,102148,20160409,    0,    0
 18268,102148,20160410,    5,    0
 18268,102148,20160411,    4,    0
 18268,102148,20160412,    0,    0
 18268,102148,20160413,   20,    0
 18268,102148,20160414,  143,    0
 18268,102148,20160415,   25,    0
 18268,102148,20160416,    0,    0
 18268,102148,20160417,   93,    0
 18268,102148,20160418,  133,    0
 18268,102148,20160419,   95,    0
 18268,102148,20160420,   25,    0
 18268,102148,20160421,   34,    0
 18268,102148,20160422,    9,    0
 18268,102148,20160423,   28,    0
 18268,102148,20160424,    2,    0
 18268,102148,20160425,   77,    0
 18268,102148,20160426,    1,    0
 18268,102148,20160427,    0,    0
 18268,102148,20160428,    0,    0
 18268,102148,20160429,   19,    0
 18268,102148,20160430,  423,    0
 18268,102148,20160501,-9999,    9
 18268,102148,20160502,   59,    0
 18268,102148,20160503,   33,    0
 18268,102148,20160504,-9999,    9
 18268,102148,20160505,-9999,    9
 18268,102148,20160506,-9999,    9
 18268,102148,20160507,-9999,    9
 18268,102148,20160508,-9999,    9
 18268,102148,20160509,-9999,    9
 18268,102148,20160510,-9999,    9
 18268,102148,20160511,-9999,    9
 18268,102148,20160512,-9999,    9
 18268,102148,20160513,-9999,    9
 18268,102148,20160514,-9999,    9
 18268,102148,20160515,-9999,    9
 18268,102148,20160516,-9999,    9
 18268,102148,20160517,-9999,    9
 18268,102148,20160518,-9999,    9
 18268,102148,20160519,-9999,    9
 18268,102148,20160520,-9999,    9
 18268,102148,20160521,-9999,    9
 18268,102148,20160522,-9999,    9
 18268,102148,20160523,-9999,    9
 18268,102148,20160524,-9999,    9
 18268,102148,20160525,-9999,    9
 18268,102148,20160526,-9999,    9
 18268,102148,20160527,-9999,    9
 18268,102148,20160528,-9999,    9
 18268,102148,20160529,-9999,    9
 18268,102148,20160530,-9999,    9
 18268,102148,20160531,-9999,    9
 18268,102148,20160601,-9999,    9
 18268,102148,20160602,-9999,    9
 18268,102148,20160603,-9999,    9
 18268,102148,20160604,-9999,    9
 18268,102148,20160605,-9999,    9
 18268,102148,20160606,-9999,    9
 18268,102148,20160607,-9999,    9
 18268,102148,20160608,-9999,    9
 18268,102148,20160609,-9999,    9
 18268,102148,20160610,-9999,    9
 18268,102148,20160611,-9999,    9
 18268,102148,20160612,-9999,    9
 18268,102148,20160613,-9999,    9
 18268,102148,20160614,-9999,    9
 18268,102148,20160615,-9999,    9
 18268,102148,20160616,-9999,    9
 18268,102148,20160617,-9999,    9
 18268,102148,20160618,-9999,    9
 18268,102148,20160619,-9999,    9
 18268,102148,20160620,-9999,    9
 18268,102148,20160621,-9999,    9
 18268,102148,20160622,-9999,    9
 18268,102148,20160623,-9999,    9
 18268,102148,20160624,-9999,    9
 18268,102148,20160625,-9999,    9
 18268,102148,20160626,-9999,    9
 18268,102148,20160627,-9999,    9
 18268,102148,20160628,-9999,    9
 18268,102148,20160629,-9999,    9
 18268,102148,20160630,-9999,    9
 18268,102148,20160701,-9999,    9
 18268,102148,20160702,-9999,    9
 18268,102148,20160703,-9999,    9
 18268,102148,20160704,-9999,    9
 18268,102148,20160705,-9999,    9
 18268,102148,20160706,-9999,    9
 18268,102148,20160707,-9999,    9
 18268,102148,20160708,-9999,    9
 18268,102148,20160709,-9999,    9
 18268,102148,20160710,-9999,    9
 18268,102148,20160711,-9999,    9
 18268,102148,20160712,-9999,    9
 18268,102148,20160713,-9999,    9
 18268,102148,20160714,-9999,    9
 18268,102148,20160715,-9999,    9
 18268,102148,20160716,-9999,    9
 18268,102148,20160717,-9999,    9
 18268,102148,20160718,-9999,    9
 18268,102148,20160719,-9999,    9
 18268,102148,20160720,-9999,    9
 18268,102148,20160721,-9999,    9
 18268,102148,20160722,-9999,    9
 18268,102148,20160723,-9999,    9
 18268,102148,20160724,-9999,    9
 18268,102148,20160725,-9999,    9
 18268,102148,20160726,-9999,    9
 18268,102148,20160727,-9999,    9
 18268,102148,20160728,-9999,    9
 18268,102148,20160729,-9999,    9
 18268,102148,20160730,-9999,    9
 18268,102148,20160731,-9999,    9
 18268,102148,20160801,-9999,    9
 18268,102148,20160802,-9999,    9
 18268,102148,20160803,-9999,    9
 18268,102148,20160804,-9999,    9
 18268,102148,20160805,-9999,    9
 18268,102148,20160806,-9999,    9
 18268,102148,20160807,-9999,    9
 18268,102148,20160808,-9999,    9
 18268,102148,20160809,-9999,    9
 18268,102148,20160810,-9999,    9
 18268,102148,20160811,-9999,    9
 18268,102148,20160812,-9999,    9
 18268,102148,20160813,-9999,    9
 18268,102148,20160814,-9999,    9
 18268,102148,20160815,-9999,    9
 18268,102148,20160816,-9999,    9
 18268,102148,20160817,-9999,    9
 18268,102148,20160818,-9999,    9
 18268,102148,20160819,-9999,    9
 18268,102148,20160820,-9999,    9
 18268,102148,20160821,-9999,    9
 18268,102148,20160822,-9999,    9
 18268,102148,20160823,-9999,    9
 18268,102148,20160824,-9999,    9
 18268,102148,20160825,-9999,    9
 18268,102148,20160826,-9999,    9
 18268,102148,20160827,-9999,    9
 18268,102148,20160828,-9999,    9
 18268,102148,20160829,-9999,    9
 18268,102148,20160830,-9999,    9
 18268,102148,20160831,  230,    0
 18268,102148,20160901,  126,    0
 18268,102148,20160902,  283,    0
 18268,102148,20160903,   97,    0
 18268,102148,20160904,    0,    0
 18268,102148,20160905,    2,    0
 18268,102148,20160906,    4,    0
 18268,102148,20160907,    0,    0
 18268,102148,20160908,    1,    0
 18268,102148,20160909,   37,    0
 18268,102148,20160910,  158,    0
 18268,102148,20160911,   11,    0
 18268,102148,20160912,    1,    0
 18268,102148,20160913,    0,    0
 18268,102148,20160914,    0,    0
 18268,102148,20160915,    0,    0
 18268,102148,20160916,    0,    0
 18268,102148,20160917,    0,    0
 18268,102148,20160918,    0,    0
 18268,102148,20160919,    0,    0
 18268,102148,20160920,    0,    0
 18268,102148,20160921,    0,    0
 18268,102148,20160922,    9,    0
 18268,102148,20160923,   12,    0
 18268,102148,20160924,    0,    0
 18268,102148,20160925,   20,    0
 18268,102148,20160926,    4,    0
 18268,102148,20160927,  567,    0
 18268,102148,20160928,  331,    0
 18268,102148,20160929,  410,    0
 18268,102148,20160930,  213,    0
 18268,102148,20161001,    2,    0
 18268,102148,20161002,    0,    0
 18268,102148,20161003,    0,    0
 18268,102148,20161004,    0,    0
 18268,102148,20161005,    0,    0
 18268,102148,20161006,    0,    0
 18268,102148,20161007,    3,    0
 18268,102148,20161008,    0,    0
 18268,102148,20161009,    0,    0
 18268,102148,20161010,    2,    0
 18268,102148,20161011,    0,    0
 18268,102148,20161012,    0,    0
 18268,102148,20161013,    0,    0
 18268,102148,20161014,    6,    0
 18268,102148,20161015,   18,    0
 18268,102148,20161016,    6,    0
 18268,102148,20161017,   15,    0
 18268,102148,20161018,    2,    0
 18268,102148,20161019,    0,    0
 18268,102148,20161020,    3,    0
 18268,102148,20161021,    0,    0
 18268,102148,20161022,    5,    0
 18268,102148,20161023,    5,    0
 18268,102148,20161024,    4,    0
 18268,102148,20161025,    0,    0
 18268,102148,20161026,  260,    0
 18268,102148,20161027,  374,    0
 18268,102148,20161028,  119,    0
 18268,102148,20161029,    8,    0
 18268,102148,20161030,    3,    0
 18268,102148,20161031,  118,    0
 18268,102148,20161101,   11,    0
 18268,102148,20161102,    0,    0
 18268,102148,20161103,    0,    0
 18268,102148,20161104,   50,    0
 18268,102148,20161105,   83,    0
 18268,102148,20161106,    9,    0
 18268,102148,20161107,   14,    0
 18268,102148,20161108,   11,    0
 18268,102148,20161109,   16,    0
 18268,102148,20161110,    0,    0
 18268,102148,20161111,    0,    0
 18268,102148,20161112,   21,    0
 18268,102148,20161113,    9,    0
 18268,102148,20161114,  100,    0
 18268,102148,20161115,  135,    0
 18268,102148,20161116,  177,    0
 18268,102148,20161117,   51,    0
 18268,102148,20161118,   92,    0
 18268,102148,20161119,   17,    0
 18268,102148,20161120,   19,    0
 18268,102148,20161121,   53,    0
 18268,102148,20161122,   43,    0
 18268,102148,20161123,   43,    0
 18268,102148,20161124,   55,    0
 18268,102148,20161125,   59,    0
 18268,102148,20161126,   45,    0
 18268,102148,20161127,    0,    0
 18268,102148,20161128,    0,    0
 18268,102148,20161129,   68,    0
 18268,102148,20161130,   53,    0
 18268,102148,20161201,   11,    0
 18268,102148,20161202,    2,    0
 18268,102148,20161203,   40,    0
 18268,102148,20161204,   22,    0
 18268,102148,20161205,    1,    0
 18268,102148,20161206,   24,    0
 18268,102148,20161207,  366,    0
 18268,102148,20161208,  135,    0
 18268,102148,20161209,   48,    0
 18268,102148,20161210,  139,    0
 18268,102148,20161211,   12,    0
 18268,102148,20161212,   33,    0
 18268,102148,20161213,    8,    0
 18268,102148,20161214,    3,    0
 18268,102148,20161215,    4,    0
 18268,102148,20161216,   14,    0
 18268,102148,20161217,   60,    0
 18268,102148,20161218,    3,    0
 18268,102148,20161219,    3,    0
 18268,102148,20161220,    0,    0
 18268,102148,20161221,  158,    0
 18268,102148,20161222,  202,    0
 18268,102148,20161223,  169,    0
 18268,102148,20161224,  168,    0
 18268,102148,20161225,  281,    0
 18268,102148,20161226,  164,    0
 18268,102148,20161227,   15,    0
 18268,102148,20161228,    0,    0
 18268,102148,20161229,   18,    0
 18268,102148,20161230,  543,    0
 18268,102148,20161231,   52,    0
 18268,102148,20170101,    6,    0
 18268,102148,20170102,   22,    0
 18268,102148,20170103,   32,    0
 18268,102148,20170104,    0,    0
 18268,102148,20170105,    0,    0
 18268,102148,20170106,   51,    0
 18268,102148,20170107,    0,    0
 18268,102148,20170108,    3,    0
 18268,102148,20170109,   27,    0
 18268,102148,20170110,   82,    0
 18268,102148,20170111,   64,    0
 18268,102148,20170112,  101,    0
 18268,102148,20170113,   45,    0
 18268,102148,20170114,    0,    0
 18268,102148,20170115,    0,    0
 18268,102148,20170116,    0,    0
 18268,102148,20170117,   14,    0
 18268,102148,20170118,   75,    0
 18268,102148,20170119,   22,    0
 18268,102148,20170120,   43,    0
 18268,102148,20170121,    0,    0
 18268,102148,20170122,    5,    0
 18268,102148,20170123,    7,    0
 18268,102148,20170124,    0,    0
 18268,102148,20170125,    4,    0
 18268,102148,20170126,    0,    0
 18268,102148,20170127,    0,    0
 18268,102148,20170128,    6,    0
 18268,102148,20170129,   54,    0
 18268,102148,20170130,    0,    0
 18268,102148,20170131,    0,    0
 18268,102148,20170201,    0,    0
 18268,102148,20170202,    4,    0
 18268,102148,20170203,    5,    0
 18268,102148,20170204,    0,    0
 18268,102148,20170205,   15,    0
 18268,102148,20170206,   16,    0
 18268,102148,20170207,   38,    0
 18268,102148,20170208,    0,    0
 18268,102148,20170209,   13,    0
 18268,102148,20170210,    6,    0
 18268,102148,20170211,    0,    0
 18268,102148,20170212,    0,    0
 18268,102148,20170213,    0,    0
 18268,102148,20170214,    0,    0
 18268,102148,20170215,    4,    0
 18268,102148,20170216,   28,    0
 18268,102148,20170217,    2,    0
 18268,102148,20170218,  168,    0
 18268,102148,20170219,   75,    0
 18268,102148,20170220,  103,    0
 18268,102148,20170221,   53,    0
 18268,102148,20170222,  114,    0
 18268,102148,20170223,    0,    0
 18268,102148,20170224,    0,    0
 18268,102148,20170225,   46,    0
 18268,102148,20170226,   22,    0
 18268,102148,20170227,   66,    0
 18268,102148,20170228,    2,    0
 18268,102148,20170301,   22,    0
 18268,102148,20170302,   11,    0
 18268,102148,20170303,   23,    0
 18268,102148,20170304,   24,    0
 18268,102148,20170305,   76,    0
 18268,102148,20170306,   21,    0
 18268,102148,20170307,    1,    0
 18268,102148,20170308,   52,    0
 18268,102148,20170309,  111,    0
 18268,102148,20170310,    1,    0
 18268,102148,20170311,   11,    0
 18268,102148,20170312,    6,    0
 18268,102148,20170313,  126,    0
 18268,102148,20170314,  224,    0
 18268,102148,20170315,   39,    0
 18268,102148,20170316,  213,    0
 18268,102148,20170317,   52,    0
 18268,102148,20170318,    4,    0
 18268,102148,20170319,   49,    0
 18268,102148,20170320,   63,    0
 18268,102148,20170321,   78,    0
 18268,102148,20170322,   39,    0
 18268,102148,20170323,  189,    0
 18268,102148,20170324,   18,    0
 18268,102148,20170325,    0,    0
 18268,102148,20170326,    0,    0
 18268,102148,20170327,    0,    0
 18268,102148,20170328,    0,    0
 18268,102148,20170329,    3,    0
 18268,102148,20170330,  113,    0
 18268,102148,20170331,  108,    0
 18268,102148,20170401,   71,    0
 18268,102148,20170402,   36,    0
 18268,102148,20170403,    0,    0
 18268,102148,20170404,  158,    0
 18268,102148,20170405,   15,    0
 18268,102148,20170406,  114,    0
 18268,102148,20170407,    0,    0
 18268,102148,20170408,   20,    0
 18268,102148,20170409,   35,    0
 18268,102148,20170410,   38,    0
 18268,102148,20170411,   45,    0
 18268,102148,20170412,   50,    0
 18268,102148,20170413,   12,    0
 18268,102148,20170414,    0,    0
 18268,102148,20170415,   38,    0
 18268,102148,20170416,   14,    0
 18268,102148,20170417,    0,    0
 18268,102148,20170418,   24,    0
 18268,102148,20170419,   19,    0
 18268,102148,20170420,   59,    0
 18268,102148,20170421,   42,    0
 18268,102148,20170422,   17,    0
 18268,102148,20170423,   63,    0
 18268,102148,20170424,   63,    0
 18268,102148,20170425,    1,    0
 18268,102148,20170426,   18,    0
 18268,102148,20170427,   13,    0
 18268,102148,20170428,   10,    0
 18268,102148,20170429,    1,    0
 18268,102148,20170430,    0,    0
 18268,102148,20170501,    0,    0
 18268,102148,20170502,    0,    0
 18268,102148,20170503,    0,    0
 18268,102148,20170504,    0,    0
 18268,102148,20170505,    0,    0
 18268,102148,20170506,    0,    0
 18268,102148,20170507,    0,    0
 18268,102148,20170508,    0,    0
 18268,102148,20170509,   25,    0
 18268,102148,20170510,   36,    0
 18268,102148,20170511,    0,    0
 18268,102148,20170512,    0,    0
 18268,102148,20170513,    0,    0
 18268,102148,20170514,    4,    0
 18268,102148,20170515,    2,    0
 18268,102148,20170516,  154,    0
 18268,102148,20170517,   65,    0
 18268,102148,20170518,   18,    0
 18268,102148,20170519,    0,    0
 18268,102148,20170520,    1,    0
 18268,102148,20170521,   23,    0
 18268,102148,20170522,    0,    0
 18268,102148,20170523,    0,    0
 18268,102148,20170524,    0,    0
 18268,102148,20170525,    1,    0
 18268,102148,20170526,    0,    0
 18268,102148,20170527,    0,    0
 18268,102148,20170528,    0,    0
 18268,102148,20170529,    0,    0
 18268,102148,20170530,    0,    0
 18268,102148,20170531,    8,    0
 18268,102148,20170601,   24,    0
 18268,102148,20170602,   20,    0
 18268,102148,20170603,   45,    0
 18268,102148,20170604,   39,    0
 18268,102148,20170605,   55,    0
 18268,102148,20170606,    7,    0
 18268,102148,20170607,    4,    0
 18268,102148,20170608,   24,    0
 18268,102148,20170609,   28,    0
 18268,102148,20170610,    2,    0
 18268,102148,20170611,   53,    0
 18268,102148,20170612,   11,    0
 18268,102148,20170613,    0,    0
 18268,102148,20170614,    0,    0
 18268,102148,20170615,   31,    0
 18268,102148,20170616,    6,    0
 18268,102148,20170617,   69,    0
 18268,102148,20170618,    7,    0
 18268,102148,20170619,   71,    0
 18268,102148,20170620,    8,    0
 18268,102148,20170621,    0,    0
 18268,102148,20170622,    0,    0
 18268,102148,20170623,   65,    0
 18268,102148,20170624,  152,    0
 18268,102148,20170625,  269,    0
 18268,102148,20170626,    8,    0
 18268,102148,20170627,    1,    0
 18268,102148,20170628,    0,    0
 18268,102148,20170629,    4,    0
 18268,102148,20170630,    0,    0
 18268,102148,20170701,    7,    0
 18268,102148,20170702,  168,    0
 18268,102148,20170703,    7,    0
 18268,102148,20170704,    4,    0
 18268,102148,20170705,    1,    0
 18268,102148,20170706,    0,    0
 18268,102148,20170707,   32,    0
 18268,102148,20170708,    0,    0
 18268,102148,20170709,   58,    0
 18268,102148,20170710,    1,    0
 18268,102148,20170711,   87,    0
 18268,102148,20170712,   21,    0
 18268,102148,20170713,    1,    0
 18268,102148,20170714,    0,    0
 18268,102148,20170715,  128,    0
 18268,102148,20170716,  297,    0
 18268,102148,20170717,   63,    0
 18268,102148,20170718,    4,    0
 18268,102148,20170719,    2,    0
 18268,102148,20170720,    3,    0
 18268,102148,20170721,    2,    0
 18268,102148,20170722,    0,    0
 18268,102148,20170723,    0,    0
 18268,102148,20170724,   15,    0
 18268,102148,20170725,    0,    0
 18268,102148,20170726,    5,    0
 18268,102148,20170727,   51,    0
 18268,102148,20170728,    3,    0
 18268,102148,20170729,   12,    0
 18268,102148,20170730,  106,    0
 18268,102148,20170731,  144,    0
 18268,102148,20170801,   53,    0
 18268,102148,20170802,    1,    0
 18268,102148,20170803,   78,    0
 18268,102148,20170804,   74,    0
 18268,102148,20170805,  161,    0
 18268,102148,20170806,   53,    0
 18268,102148,20170807,   31,    0
 18268,102148,20170808,    0,    0
 18268,102148,20170809,    8,    0
 18268,102148,20170810,    2,    0
 18268,102148,20170811,   73,    0
 18268,102148,20170812,   19,    0
 18268,102148,20170813,   55,    0
 18268,102148,20170814,    0,    0
 18268,102148,20170815,   79,    0
 18268,102148,20170816,    0,    0
 18268,102148,20170817,   11,    0
 18268,102148,20170818,    1,    0
 18268,102148,20170819,   35,    0
 18268,102148,20170820,   12,    0
 18268,102148,20170821,   71,    0
 18268,102148,20170822,    0,    0
 18268,102148,20170823,    0,    0
 18268,102148,20170824,   24,    0
 18268,102148,20170825,    0,    0
 18268,102148,20170826,    0,    0
 18268,102148,20170827,    0,    0
 18268,102148,20170828,  202,    0
 18268,102148,20170829,   20,    0
 18268,102148,20170830,    7,    0
 18268,102148,20170831,   39,    0
 18268,102148,20170901,    1,    0
 18268,102148,20170902,    0,    0
 18268,102148,20170903,    0,    0
 18268,102148,20170904,    1,    0
 18268,102148,20170905,  104,    0
 18268,102148,20170906,   17,    0
 18268,102148,20170907,    0,    0
 18268,102148,20170908,  128,    0
 18268,102148,20170909,    1,    0
 18268,102148,20170910,   47,    0
 18268,102148,20170911,  174,    0
 18268,102148,20170912,  105,    0
 18268,102148,20170913,    2,    0
 18268,102148,20170914,   11,    0
 18268,102148,20170915,    0,    0
 18268,102148,20170916,    0,    0
 18268,102148,20170917,    0,    0
 18268,102148,20170918,    0,    0
 18268,102148,20170919,    9,    0
 18268,102148,20170920,-9999,    9
 18268,102148,20170921,   48,    0
 18268,102148,20170922,    0,    0
 18268,102148,20170923,    0,    0
 18268,102148,20170924,    0,    0
 18268,102148,20170925,    0,    0
 18268,102148,20170926,    0,    0
 18268,102148,20170927,    1,    0
 18268,102148,20170928,    1,    0
 18268,102148,20170929,  260,    0
 18268,102148,20170930,  394,    0
 18268,102148,20171001,  429,    0
 18268,102148,20171002,  371,    0
 18268,102148,20171003,  384,    0
 18268,102148,20171004,  204,    0
 18268,102148,20171005,   35,    0
 18268,102148,20171006,   35,    0
 18268,102148,20171007,    0,    0
 18268,102148,20171008,    0,    0
 18268,102148,20171009,    0,    0
 18268,102148,20171010,  128,    0
 18268,102148,20171011,  171,    0
 18268,102148,20171012,   21,    0
 18268,102148,20171013,  325,    0
 18268,102148,20171014,   60,    0
 18268,102148,20171015,   43,    0
 18268,102148,20171016,   32,    0
 18268,102148,20171017,   68,    0
 18268,102148,20171018,    0,    0
 18268,102148,20171019,    1,    0
 18268,102148,20171020,   44,    0
 18268,102148,20171021,    1,    0
 18268,102148,20171022,    3,    0
 18268,102148,20171023,   73,    0
 18268,102148,20171024,   77,    0
 18268,102148,20171025,  385,    0
 18268,102148,20171026,  110,    0
 18268,102148,20171027,  132,    0
 18268,102148,20171028,  110,    0
 18268,102148,20171029,    0,    0
 18268,102148,20171030,   13,    0
 18268,102148,20171031,   11,    0
 18268,102148,20171101,  334,    0
 18268,102148,20171102,    6,    0
 18268,102148,20171103,   33,    0
 18268,102148,20171104,   28,    0
 18268,102148,20171105,   18,    0
 18268,102148,20171106,    0,    0
 18268,102148,20171107,    0,    0
 18268,102148,20171108,  151,    0
 18268,102148,20171109,  304,    0
 18268,102148,20171110,  103,    0
 18268,102148,20171111,   41,    0
 18268,102148,20171112,    0,    0
 18268,102148,20171113,    8,    0
 18268,102148,20171114,  107,    0
 18268,102148,20171115,   20,    0
 18268,102148,20171116,  107,    0
 18268,102148,20171117,  140,    0
 18268,102148,20171118,   76,    0
 18268,102148,20171119,    0,    0
 18268,102148,20171120,    0,    0
 18268,102148,20171121,   58,    0
 18268,102148,20171122,  277,    0
 18268,102148,20171123,  217,    0
 18268,102148,20171124,  179,    0
 18268,102148,20171125,  100,    0
 18268,102148,20171126,   60,    0
 18268,102148,20171127,    9,    0
 18268,102148,20171128,    1,    0
 18268,102148,20171129,    0,    0
 18268,102148,20171130,-9999,    9
 18268,102148,20171201,-9999,    9
 18268,102148,20171202,-9999,    9
 18268,102148,20171203,-9999,    9
 18268,102148,20171204,-9999,    9
 18268,102148,20171205,-9999,    9
 18268,102148,20171206,-9999,    9
 18268,102148,20171207,-9999,    9
 18268,102148,20171208,-9999,    9
 18268,102148,20171209,-9999,    9
 18268,102148,20171210,-9999,    9
 18268,102148,20171211,-9999,    9
 18268,102148,20171212,-9999,    9
 18268,102148,20171213,-9999,    9
 18268,102148,20171214,-9999,    9
 18268,102148,20171215,-9999,    9
 18268,102148,20171216,-9999,    9
 18268,102148,20171217,-9999,    9
 18268,102148,20171218,-9999,    9
 18268,102148,20171219,-9999,    9
 18268,102148,20171220,-9999,    9
 18268,102148,20171221,-9999,    9
 18268,102148,20171222,-9999,    9
 18268,102148,20171223,-9999,    9
 18268,102148,20171224,-9999,    9
 18268,102148,20171225,-9999,    9
 18268,102148,20171226,-9999,    9
 18268,102148,20171227,-9999,    9
 18268,102148,20171228,-9999,    9
 18268,102148,20171229,-9999,    9
 18268,102148,20171230,-9999,    9
 18268,102148,20171231,-9999,    9
 18268,102148,20180101,-9999,    9
 18268,102148,20180102,-9999,    9
 18268,102148,20180103,-9999,    9
 18268,102148,20180104,-9999,    9
 18268,102148,20180105,-9999,    9
 18268,102148,20180106,-9999,    9
 18268,102148,20180107,-9999,    9
 18268,102148,20180108,-9999,    9
 18268,102148,20180109,-9999,    9
 18268,102148,20180110,-9999,    9
 18268,102148,20180111,-9999,    9
 18268,102148,20180112,-9999,    9
 18268,102148,20180113,-9999,    9
 18268,102148,20180114,-9999,    9
 18268,102148,20180115,-9999,    9
 18268,102148,20180116,-9999,    9
 18268,102148,20180117,-9999,    9
 18268,102148,20180118,-9999,    9
 18268,102148,20180119,-9999,    9
 18268,102148,20180120,-9999,    9
 18268,102148,20180121,-9999,    9
 18268,102148,20180122,-9999,    9
 18268,102148,20180123,-9999,    9
 18268,102148,20180124,-9999,    9
 18268,102148,20180125,-9999,    9
 18268,102148,20180126,-9999,    9
 18268,102148,20180127,-9999,    9
 18268,102148,20180128,-9999,    9
 18268,102148,20180129,-9999,    9
 18268,102148,20180130,-9999,    9
 18268,102148,20180131,-9999,    9
 18268,102148,20180201,-9999,    9
 18268,102148,20180202,-9999,    9
 18268,102148,20180203,-9999,    9
 18268,102148,20180204,-9999,    9
 18268,102148,20180205,-9999,    9
 18268,102148,20180206,-9999,    9
 18268,102148,20180207,-9999,    9
 18268,102148,20180208,   39,    0
 18268,102148,20180209,    6,    0
 18268,102148,20180210,    0,    0
 18268,102148,20180211,   42,    0
 18268,102148,20180212,   16,    0
 18268,102148,20180213,    0,    0
 18268,102148,20180214,    2,    0
 18268,102148,20180215,    8,    0
 18268,102148,20180216,   42,    0
 18268,102148,20180217,-9999,    9
 18268,102148,20180218,   28,    0
 18268,102148,20180219,    0,    0
 18268,102148,20180220,   10,    0
 18268,102148,20180221,    1,    0
 18268,102148,20180222,    0,    0
 18268,102148,20180223,    0,    0
 18268,102148,20180224,    2,    0
 18268,102148,20180225,   41,    0
 18268,102148,20180226,   27,    0
 18268,102148,20180227,   41,    0
 18268,102148,20180228,   46,    0
 18268,102148,20180301,   13,    0
 18268,102148,20180302,    1,    0
 18268,102148,20180303,   17,    0
 18268,102148,20180304,    1,    0
 18268,102148,20180305,    0,    0
 18268,102148,20180306,    0,    0
 18268,102148,20180307,    0,    0
 18268,102148,20180308,    3,    0
 18268,102148,20180309,    6,    0
 18268,102148,20180310,    0,    0
 18268,102148,20180311,   35,    0
 18268,102148,20180312,   10,    0
 18268,102148,20180313,    0,    0
 18268,102148,20180314,    0,    0
 18268,102148,20180315,    0,    0
 18268,102148,20180316,    3,    0
 18268,102148,20180317,    0,    0
 18268,102148,20180318,    1,    0
 18268,102148,20180319,    4,    0
 18268,102148,20180320,   14,    0
 18268,102148,20180321,   21,    0
 18268,102148,20180322,    0,    0
 18268,102148,20180323,   21,    0
 18268,102148,20180324,   35,    0
 18268,102148,20180325,   60,    0
 18268,102148,20180326,    5,    0
 18268,102148,20180327,    0,    0
 18268,102148,20180328,    0,    0
 18268,102148,20180329,    0,    0
 18268,102148,20180330,    0,    0
 18268,102148,20180331,    0,    0
 18268,102148,20180401,    0,    0
 18268,102148,20180402,    0,    0
 18268,102148,20180403,   67,    0
 18268,102148,20180404,   35,    0
 18268,102148,20180405,   23,    0
 18268,102148,20180406,    1,    0
 18268,102148,20180407,   20,    0
 18268,102148,20180408,   77,    0
 18268,102148,20180409,   20,    0
 18268,102148,20180410,    0,    0
 18268,102148,20180411,    0,    0
 18268,102148,20180412,    0,    0
 18268,102148,20180413,    0,    0
 18268,102148,20180414,    0,    0
 18268,102148,20180415,    0,    0
 18268,102148,20180416,    0,    0
 18268,102148,20180417,   93,    0
 18268,102148,20180418,    0,    0
 18268,102148,20180419,    0,    0
 18268,102148,20180420,   33,    0
 18268,102148,20180421,    5,    0
 18268,102148,20180422,   98,    0
 18268,102148,20180423,  160,    0
 18268,102148,20180424,   70,    0
 18268,102148,20180425,   49,    0
 18268,102148,20180426,   38,    0
 18268,102148,20180427,   47,    0
 18268,102148,20180428,   11,    0
 18268,102148,20180429,    0,    0
 18268,102148,20180430,   28,    0
 18268,102148,20180501,   15,    0
 18268,102148,20180502,   15,    0
 18268,102148,20180503,   28,    0
 18268,102148,20180504,   17,    0
 18268,102148,20180505,   42,    0
 18268,102148,20180506,    2,    0
 18268,102148,20180507,    0,    0
 18268,102148,20180508,    0,    0
 18268,102148,20180509,    1,    0
 18268,102148,20180510,   48,    0
 18268,102148,20180511,    0,    0
 18268,102148,20180512,    0,    0
 18268,102148,20180513,    0,    0
 18268,102148,20180514,    0,    0
 18268,102148,20180515,    0,    0
 18268,102148,20180516,    1,    0
 18268,102148,20180517,    0,    0
 18268,102148,20180518,    0,    0
 18268,102148,20180519,    0,    0
 18268,102148,20180520,    0,    0
 18268,102148,20180521,    0,    0
 18268,102148,20180522,    0,    0
 18268,102148,20180523,    0,    0
 18268,102148,20180524,    0,    0
 18268,102148,20180525,    0,    0
 18268,102148,20180526,    0,    0
 18268,102148,20180527,    0,    0
 18268,102148,20180528,    0,    0
 18268,102148,20180529,    0,    0
 18268,102148,20180530,    0,    0
 18268,102148,20180531,    0,    0
 18268,102148,20180601,    0,    0
 18268,102148,20180602,    0,    0
 18268,102148,20180603,    0,    0
 18268,102148,20180604,    1,    0
 18268,102148,20180605,    0,    0
 18268,102148,20180606,    0,    0
 18268,102148,20180607,    0,    0
 18268,102148,20180608,    0,    0
 18268,102148,20180609,    0,    0
 18268,102148,20180610,  238,    0
 18268,102148,20180611,    0,    0
 18268,102148,20180612,    0,    0
 18268,102148,20180613,    7,    0
 18268,102148,20180614,  286,    0
 18268,102148,20180615,   86,    0
 18268,102148,20180616,   32,    0
 18268,102148,20180617,    5,    0
 18268,102148,20180618,  184,    0
 18268,102148,20180619,  342,    0
 18268,102148,20180620,   31,    0
 18268,102148,20180621,   33,    0
 18268,102148,20180622,    1,    0
 18268,102148,20180623,    0,    0
 18268,102148,20180624,    6,    0
 18268,102148,20180625,    3,    0
 18268,102148,20180626,    0,    0
 18268,102148,20180627,    0,    0
 18268,102148,20180628,    0,    0
 18268,102148,20180629,    0,    0
 18268,102148,20180630,    0,    0
 18268,102148,20180701,    0,    0
 18268,102148,20180702,    0,    0
 18268,102148,20180703,    0,    0
 18268,102148,20180704,    0,    0
 18268,102148,20180705,    0,    0
 18268,102148,20180706,    0,    0
 18268,102148,20180707,    0,    0
 18268,102148,20180708,    3,    0
 18268,102148,20180709,    0,    0
 18268,102148,20180710,    0,    0
 18268,102148,20180711,   22,    0
 18268,102148,20180712,    0,    0
 18268,102148,20180713,    0,    0
 18268,102148,20180714,    0,    0
 18268,102148,20180715,    0,    0
 18268,102148,20180716,    0,    0
 18268,102148,20180717,   90,    0
 18268,102148,20180718,    4,    0
 18268,102148,20180719,    0,    0
 18268,102148,20180720,    1,    0
 18268,102148,20180721,    0,    0
 18268,102148,20180722,    0,    0
 18268,102148,20180723,    0,    0
 18268,102148,20180724,  127,    0
 18268,102148,20180725,    0,    0
 18268,102148,20180726,    0,    0
 18268,102148,20180727,    0,    0
 18268,102148,20180728,  152,    0
 18268,102148,20180729,   11,    0
 18268,102148,20180730,    7,    0
 18268,102148,20180731,  241,    0
 18268,102148,20180801,    1,    0
 18268,102148,20180802,   13,    0
 18268,102148,20180803,   54,    0
 18268,102148,20180804,   25,    0
 18268,102148,20180805,    7,    0
 18268,102148,20180806,   19,    0
 18268,102148,20180807,    0,    0
 18268,102148,20180808,  169,    0
 18268,102148,20180809,   74,    0
 18268,102148,20180810,  284,    0
 18268,102148,20180811,   34,    0
 18268,102148,20180812,    0,    0
 18268,102148,20180813,    0,    0
 18268,102148,20180814,    0,    0
 18268,102148,20180815,  147,    0
 18268,102148,20180816,  319,    0
 18268,102148,20180817,  113,    0
 18268,102148,20180818,  333,    0
 18268,102148,20180819,    0,    0
 18268,102148,20180820,    1,    0
 18268,102148,20180821,   19,    0
 18268,102148,20180822,  601,    0
 18268,102148,20180823,   19,    0
 18268,102148,20180824,   39,    0
 18268,102148,20180825,   42,    0
 18268,102148,20180826,   41,    0
 18268,102148,20180827,   12,    0
 18268,102148,20180828,    1,    0
 18268,102148,20180829,   98,    0
 18268,102148,20180830,    0,    0
 18268,102148,20180831,    0,    0
 18268,102148,20180901,    0,    0
 18268,102148,20180902,    0,    0
 18268,102148,20180903,    0,    0
 18268,102148,20180904,    0,    0
 18268,102148,20180905,    0,    0
 18268,102148,20180906,   12,    0
 18268,102148,20180907,    5,    0
 18268,102148,20180908,   84,    0
 18268,102148,20180909,   97,    0
 18268,102148,20180910,  184,    0
 18268,102148,20180911,  534,    0
 18268,102148,20180912,  342,    0
 18268,102148,20180913,  409,    0
 18268,102148,20180914,  294,    0
 18268,102148,20180915,   82,    0
 18268,102148,20180916,  268,    0
 18268,102148,20180917,   85,    0
 18268,102148,20180918,  114,    0
 18268,102148,20180919,  190,    0
 18268,102148,20180920,   50,    0
 18268,102148,20180921,  320,    0
 18268,102148,20180922,  240,    0
 18268,102148,20180923,    5,    0
 18268,102148,20180924,    5,    0
 18268,102148,20180925,-9999,    9
 18268,102148,20180926,  118,    0
 18268,102148,20180927,  175,    0
 18268,102148,20180928,   73,    0
 18268,102148,20180929,  592,    0
 18268,102148,20180930,  217,    0
 18268,102148,20181001,   58,    0
 18268,102148,20181002,-9999,    9
 18268,102148,20181003,   36,    0
 18268,102148,20181004,  186,    0
 18268,102148,20181005,  165,    0
 18268,102148,20181006,   37,    0
 18268,102148,20181007,   97,    0
 18268,102148,20181008,  176,    0
 18268,102148,20181009,  195,    0
 18268,102148,20181010,    4,    0
 18268,102148,20181011,    0,    0
 18268,102148,20181012,  149,    0
 18268,102148,20181013,  178,    0
 18268,102148,20181014,   97,    0
 18268,102148,20181015,    0,    0
 18268,102148,20181016,   23,    0
 18268,102148,20181017,  121,    0
 18268,102148,20181018,   15,    0
 18268,102148,20181019,   49,    0
 18268,102148,20181020,   52,    0
 18268,102148,20181021,  243,    0
 18268,102148,20181022,  429,    0
 18268,102148,20181023,   26,    0
 18268,102148,20181024,   83,    0
 18268,102148,20181025,    9,    0
 18268,102148,20181026,    0,    0
 18268,102148,20181027,    0,    0
 18268,102148,20181028,    0,    0
 18268,102148,20181029,    0,    0
 18268,102148,20181030,   61,    0
 18268,102148,20181031,   47,    0
 18268,102148,20181101,  114,    0
 18268,102148,20181102,   42,    0
 18268,102148,20181103,   18,    0
 18268,102148,20181104,    0,    0
 18268,102148,20181105,    0,    0
 18268,102148,20181106,    0,    0
 18268,102148,20181107,    0,    0
 18268,102148,20181108,   31,    0
 18268,102148,20181109,    1,    0
 18268,102148,20181110,  121,    0
 18268,102148,20181111,   37,    0
 18268,102148,20181112,   55,    0
 18268,102148,20181113,   89,    0
 18268,102148,20181114,    1,    0
 18268,102148,20181115,    0,    0
 18268,102148,20181116,    0,    0
 18268,102148,20181117,    0,    0
 18268,102148,20181118,    0,    0
 18268,102148,20181119,    0,    0
 18268,102148,20181120,    0,    0
 18268,102148,20181121,    0,    0
 18268,102148,20181122,    0,    0
 18268,102148,20181123,    0,    0
 18268,102148,20181124,    1,    0
 18268,102148,20181125,    0,    0
 18268,102148,20181126,    1,    0
 18268,102148,20181127,    0,    0
 18268,102148,20181128,    8,    0
 18268,102148,20181129,   45,    0
 18268,102148,20181130,   62,    0
 18268,102148,20181201,   80,    0
 18268,102148,20181202,   50,    0
 18268,102148,20181203,   94,    0
 18268,102148,20181204,    7,    0
 18268,102148,20181205,   19,    0
 18268,102148,20181206,   59,    0
 18268,102148,20181207,   61,    0
 18268,102148,20181208,   10,    0
 18268,102148,20181209,    1,    0
 18268,102148,20181210,    0,    0
 18268,102148,20181211,    0,    0
 18268,102148,20181212,    0,    0
 18268,102148,20181213,    0,    0
 18268,102148,20181214,    0,    0
 18268,102148,20181215,   42,    0
 18268,102148,20181216,    0,    0
 18268,102148,20181217,    0,    0
 18268,102148,20181218,    4,    0
 18268,102148,20181219,   39,    0
 18268,102148,20181220,   31,    0
 18268,102148,20181221,   26,    0
 18268,102148,20181222,   12,    0
 18268,102148,20181223,    0,    0
 18268,102148,20181224,   48,    0
 18268,102148,20181225,    6,    0
 18268,102148,20181226,   57,    0
 18268,102148,20181227,   47,    0
 18268,102148,20181228,   11,    0
 18268,102148,20181229,   25,    0
 18268,102148,20181230,   32,    0
 18268,102148,20181231,  336,    0
 18268,102148,20190101,   24,    0
 18268,102148,20190102,    0,    0
 18268,102148,20190103,    3,    0
 18268,102148,20190104,    9,    0
 18268,102148,20190105,   11,    0
 18268,102148,20190106,   10,    0
 18268,102148,20190107,   35,    0
 18268,102148,20190108,    0,    0
 18268,102148,20190109,    2,    0
 18268,102148,20190110,   16,    0
 18268,102148,20190111,    0,    0
 18268,102148,20190112,   51,    0
 18268,102148,20190113,   33,    0
 18268,102148,20190114,   17,    0
 18268,102148,20190115,   62,    0
 18268,102148,20190116,   58,    0
 18268,102148,20190117,    1,    0
 18268,102148,20190118,   37,    0
 18268,102148,20190119,   14,    0
 18268,102148,20190120,   26,    0
 18268,102148,20190121,    0,    0
 18268,102148,20190122,   20,    0
 18268,102148,20190123,    2,    0
 18268,102148,20190124,    0,    0
 18268,102148,20190125,   20,    0
 18268,102148,20190126,   30,    0
 18268,102148,20190127,   20,    0
 18268,102148,20190128,    2,    0
 18268,102148,20190129,    6,    0
 18268,102148,20190130,    1,    0
 18268,102148,20190131,   40,    0
 18268,102148,20190201,   26,    0
 18268,102148,20190202,    0,    0
 18268,102148,20190203,    9,    0
 18268,102148,20190204,   11,    0
 18268,102148,20190205,    1,    0
 18268,102148,20190206,   45,    0
 18268,102148,20190207,   59,    0
 18268,102148,20190208,   36,    0
 18268,102148,20190209,    9,    0
 18268,102148,20190210,   35,    0
 18268,102148,20190211,    9,    0
 18268,102148,20190212,  166,    0
 18268,102148,20190213,    0,    0
 18268,102148,20190214,    7,    0
 18268,102148,20190215,    0,    0
 18268,102148,20190216,   85,    0
 18268,102148,20190217,    4,    0
 18268,102148,20190218,   68,    0
 18268,102148,20190219,   21,    0
 18268,102148,20190220,   56,    0
 18268,102148,20190221,    0,    0
 18268,102148,20190222,    0,    0
 18268,102148,20190223,    8,    0
 18268,102148,20190224,    1,    0
 18268,102148,20190225,    2,    0
 18268,102148,20190226,    0,    0
 18268,102148,20190227,   14,    0
 18268,102148,20190228,    0,    0
 18268,102148,20190301,    0,    0
 18268,102148,20190302,   22,    0
 18268,102148,20190303,   35,    0
 18268,102148,20190304,   26,    0
 18268,102148,20190305,   28,    0
 18268,102148,20190306,   43,    0
 18268,102148,20190307,   54,    0
 18268,102148,20190308,    3,    0
 18268,102148,20190309,   20,    0
 18268,102148,20190310,    0,    0
 18268,102148,20190311,    1,    0
 18268,102148,20190312,   61,    0
 18268,102148,20190313,   13,    0
 18268,102148,20190314,   11,    0
 18268,102148,20190315,   68,    0
 18268,102148,20190316,   91,    0
 18268,102148,20190317,   24,    0
 18268,102148,20190318,    0,    0
 18268,102148,20190319,   57,    0
 18268,102148,20190320,  333,    0
 18268,102148,20190321,  111,    0
 18268,102148,20190322,  188,    0
 18268,102148,20190323,  153,    0
 18268,102148,20190324,  101,    0
 18268,102148,20190325,    1,    0
 18268,102148,20190326,   33,    0
 18268,102148,20190327,    4,    0
 18268,102148,20190328,   16,    0
 18268,102148,20190329,   50,    0
 18268,102148,20190330,   59,    0
 18268,102148,20190331,    1,    0
 18268,102148,20190401,    0,    0
 18268,102148,20190402,   22,    0
 18268,102148,20190403,   10,    0
 18268,102148,20190404,    0,    0
 18268,102148,20190405,    1,    0
 18268,102148,20190406,    0,    0
 18268,102148,20190407,    0,    0
 18268,102148,20190408,    0,    0
 18268,102148,20190409,    0,    0
 18268,102148,20190410,    0,    0
 18268,102148,20190411,    0,    0
 18268,102148,20190412,    0,    0
 18268,102148,20190413,    0,    0
 18268,102148,20190414,    0,    0
 18268,102148,20190415,    0,    0
 18268,102148,20190416,    4,    0
 18268,102148,20190417,    0,    0
 18268,102148,20190418,    0,    0
 18268,102148,20190419,    0,    0
 18268,102148,20190420,    0,    0
 18268,102148,20190421,    0,    0
 18268,102148,20190422,    0,    0
 18268,102148,20190423,    0,    0
 18268,102148,20190424,   54,    0
 18268,102148,20190425,   15,    0
 18268,102148,20190426,   12,    0
 18268,102148,20190427,   11,    0
 18268,102148,20190428,    0,    0
 18268,102148,20190429,    0,    0
 18268,102148,20190430,    6,    0
 18268,102148,20190501,    8,    0
 18268,102148,20190502,    1,    0
 18268,102148,20190503,   29,    0
 18268,102148,20190504,    0,    0
 18268,102148,20190505,   74,    0
 18268,102148,20190506,    2,    0
 18268,102148,20190507,   37,    0
 18268,102148,20190508,    2,    0
 18268,102148,20190509,   56,    0
 18268,102148,20190510,  131,    0
 18268,102148,20190511,   36,    0
 18268,102148,20190512,   16,    0
 18268,102148,20190513,    2,    0
 18268,102148,20190514,    0,    0
 18268,102148,20190515,    0,    0
 18268,102148,20190516,    0,    0
 18268,102148,20190517,    0,    0
 18268,102148,20190518,   10,    0
 18268,102148,20190519,    0,    0
 18268,102148,20190520,    0,    0
 18268,102148,20190521,   15,    0
 18268,102148,20190522,   63,    0
 18268,102148,20190523,   40,    0
 18268,102148,20190524,    1,    0
 18268,102148,20190525,   48,    0
 18268,102148,20190526,    0,    0
 18268,102148,20190527,   11,    0
 18268,102148,20190528,   78,    0
 18268,102148,20190529,   71,    0
 18268,102148,20190530,   75,    0
 18268,102148,20190531,  148,    0
 18268,102148,20190601,   47,    0
 18268,102148,20190602,   83,    0
 18268,102148,20190603,   17,    0
 18268,102148,20190604,    5,    0
 18268,102148,20190605,   61,    0
 18268,102148,20190606,  109,    0
 18268,102148,20190607,    0,    0
 18268,102148,20190608,   94,    0
 18268,102148,20190609,  211,    0
 18268,102148,20190610,    6,    0
 18268,102148,20190611,   65,    0
 18268,102148,20190612,   45,    0
 18268,102148,20190613,   11,    0
 18268,102148,20190614,   25,    0
 18268,102148,20190615,   30,    0
 18268,102148,20190616,   18,    0
 18268,102148,20190617,   48,    0
 18268,102148,20190618,    6,    0
 18268,102148,20190619,   13,    0
 18268,102148,20190620,   76,    0
 18268,102148,20190621,  240,    0
 18268,102148,20190622,   47,    0
 18268,102148,20190623,    0,    0
 18268,102148,20190624,   97,    0
 18268,102148,20190625,   35,    0
 18268,102148,20190626,    5,    0
 18268,102148,20190627,    0,    0
 18268,102148,20190628,    0,    0
 18268,102148,20190629,    0,    0
 18268,102148,20190630,  234,    0
 18268,102148,20190701,   72,    0
 18268,102148,20190702,   78,    0
 18268,102148,20190703,  112,    0
 18268,102148,20190704,   14,    0
 18268,102148,20190705,    0,    0
 18268,102148,20190706,   15,    0
 18268,102148,20190707,    5,    0
 18268,102148,20190708,    0,    0
 18268,102148,20190709,    0,    0
 18268,102148,20190710,    2,    0
 18268,102148,20190711,    0,    0
 18268,102148,20190712,    1,    0
 18268,102148,20190713,    0,    0
 18268,102148,20190714,    5,    0
 18268,102148,20190715,    0,    0
 18268,102148,20190716,    0,    0
 18268,102148,20190717,    2,    0
 18268,102148,20190718,  184,    0
 18268,102148,20190719,    0,    0
 18268,102148,20190720,    7,    0
 18268,102148,20190721,   53,    0
 18268,102148,20190722,    1,    0
 18268,102148,20190723,    0,    0
 18268,102148,20190724,    0,    0
 18268,102148,20190725,    0,    0
 18268,102148,20190726,    0,    0
 18268,102148,20190727,    0,    0
 18268,102148,20190728,   48,    0
 18268,102148,20190729,    0,    0
 18268,102148,20190730,  147,    0
 18268,102148,20190731,    1,    0
 18268,102148,20190801,    0,    0
 18268,102148,20190802,    0,    0
 18268,102148,20190803,    0,    0
 18268,102148,20190804,    0,    0
 18268,102148,20190805,    0,    0
 18268,102148,20190806,  184,    0
 18268,102148,20190807,    9,    0
 18268,102148,20190808,    4,    0
 18268,102148,20190809,   12,    0
 18268,102148,20190810,    7,    0
 18268,102148,20190811,   65,    0
 18268,102148,20190812,   12,    0
 18268,102148,20190813,    3,    0
 18268,102148,20190814,    3,    0
 18268,102148,20190815,   79,    0
 18268,102148,20190816,    6,    0
 18268,102148,20190817,   36,    0
 18268,102148,20190818,   80,    0
 18268,102148,20190819,  185,    0
 18268,102148,20190820,  119,    0
 18268,102148,20190821,    0,    0
 18268,102148,20190822,  216,    0
 18268,102148,20190823,    2,    0
 18268,102148,20190824,    0,    0
 18268,102148,20190825,    0,    0
 18268,102148,20190826,    0,    0
 18268,102148,20190827,    3,    0
 18268,102148,20190828,  142,    0
 18268,102148,20190829,  116,    0
 18268,102148,20190830,  273,    0
 18268,102148,20190831,   96,    0
 18268,102148,20190901,   77,    0
 18268,102148,20190902,   75,    0
 18268,102148,20190903,   16,    0
 18268,102148,20190904,  149,    0
 18268,102148,20190905,   44,    0
 18268,102148,20190906,    4,    0
 18268,102148,20190907,   10,    0
 18268,102148,20190908,    0,    0
 18268,102148,20190909,    3,    0
 18268,102148,20190910,    3,    0
 18268,102148,20190911,  313,    0
 18268,102148,20190912,  418,    0
 18268,102148,20190913,  141,    0
 18268,102148,20190914,  825,    0
 18268,102148,20190915,  501,    0
 18268,102148,20190916,  111,    0
 18268,102148,20190917,    9,    0
 18268,102148,20190918,    6,    0
 18268,102148,20190919,   12,    0
 18268,102148,20190920,    0,    0
 18268,102148,20190921,    0,    0
 18268,102148,20190922,    0,    0
 18268,102148,20190923,    0,    0
 18268,102148,20190924,    0,    0
 18268,102148,20190925,    0,    0
 18268,102148,20190926,   58,    0
 18268,102148,20190927,   27,    0
 18268,102148,20190928,    0,    0
 18268,102148,20190929,   13,    0
 18268,102148,20190930,   45,    0
 18268,102148,20191001,   17,    0
 18268,102148,20191002,    0,    0
 18268,102148,20191003,    9,    0
 18268,102148,20191004,    0,    0
 18268,102148,20191005,    0,    0
 18268,102148,20191006,    0,    0
 18268,102148,20191007,   20,    0
 18268,102148,20191008,   20,    0
 18268,102148,20191009,   12,    0
 18268,102148,20191010,  168,    0
 18268,102148,20191011,  279,    0
 18268,102148,20191012,   87,    0
 18268,102148,20191013,   33,    0
 18268,102148,20191014,    0,    0
 18268,102148,20191015,   14,    0
 18268,102148,20191016,    0,    0
 18268,102148,20191017,   11,    0
 18268,102148,20191018,    0,    0
 18268,102148,20191019,    0,    0
 18268,102148,20191020,    0,    0
 18268,102148,20191021,   21,    0
 18268,102148,20191022,  111,    0
 18268,102148,20191023,    0,    0
 18268,102148,20191024,  148,    0
 18268,102148,20191025,   93,    0
 18268,102148,20191026,   61,    0
 18268,102148,20191027,   10,    0
 18268,102148,20191028,    0,    0
 18268,102148,20191029,    0,    0
 18268,102148,20191030,   26,    0
 18268,102148,20191031,   15,    0
 18268,102148,20191101,    0,    0
 18268,102148,20191102,    0,    0
 18268,102148,20191103,    0,    0
 18268,102148,20191104,    0,    0
 18268,102148,20191105,    0,    0
 18268,102148,20191106,    7,    0
 18268,102148,20191107,    1,    0
 18268,102148,20191108,    0,    0
 18268,102148,20191109,    0,    0
 18268,102148,20191110,    0,    0
 18268,102148,20191111,    0,    0
 18268,102148,20191112,    9,    0
 18268,102148,20191113,    0,    0
 18268,102148,20191114,    0,    0
 18268,102148,20191115,    1,    0
 18268,102148,20191116,    6,    0
 18268,102148,20191117,    0,    0
 18268,102148,20191118,   47,    0
 18268,102148,20191119,    0,    0
 18268,102148,20191120,    2,    0
 18268,102148,20191121,    3,    0
 18268,102148,20191122,   17,    0
 18268,102148,20191123,    0,    0
 18268,102148,20191124,    0,    0
 18268,102148,20191125,   23,    0
 18268,102148,20191126,    5,    0
 18268,102148,20191127,   36,    0
 18268,102148,20191128,    2,    0
 18268,102148,20191129,    3,    0
 18268,102148,20191130,    7,    0
 18268,102148,20191201,   15,    0
 18268,102148,20191202,   18,    0
 18268,102148,20191203,   22,    0
 18268,102148,20191204,  235,    0
 18268,102148,20191205,  631,    0
 18268,102148,20191206,   55,    0
 18268,102148,20191207,   37,    0
 18268,102148,20191208,  318,    0
 18268,102148,20191209,   30,    0
 18268,102148,20191210,  533,    0
 18268,102148,20191211,  216,    0
 18268,102148,20191212,    5,    0
 18268,102148,20191213,    0,    0
 18268,102148,20191214,   10,    0
 18268,102148,20191215,  137,    0
 18268,102148,20191216,   19,    0
 18268,102148,20191217,    4,    0
 18268,102148,20191218,   25,    0
 18268,102148,20191219,   48,    0
 18268,102148,20191220,   59,    0
 18268,102148,20191221,    2,    0
 18268,102148,20191222,    0,    0
 18268,102148,20191223,    2,    0
 18268,102148,20191224,   19,    0
 18268,102148,20191225,   16,    0
 18268,102148,20191226,    0,    0
 18268,102148,20191227,    7,    0
 18268,102148,20191228,  126,    0
 18268,102148,20191229,  839,    0
 18268,102148,20191230,  141,    0
 18268,102148,20191231,   12,    0
 18268,102148,20200101,    0,    0
 18268,102148,20200102,  253,    0
 18268,102148,20200103,  121,    0
 18268,102148,20200104,   12,    0
 18268,102148,20200105,  209,    0
 18268,102148,20200106,   66,    0
 18268,102148,20200107,  788,    0
 18268,102148,20200108,  348,    0
 18268,102148,20200109,    5,    0
 18268,102148,20200110,   63,    0
 18268,102148,20200111,  404,    0
 18268,102148,20200112,  288,    0
 18268,102148,20200113,  183,    0
 18268,102148,20200114,  136,    0
 18268,102148,20200115,  168,    0
 18268,102148,20200116,  128,    0
 18268,102148,20200117,  114,    0
 18268,102148,20200118,   81,    0
 18268,102148,20200119,   29,    0
 18268,102148,20200120,  298,    0
 18268,102148,20200121,   21,    0
 18268,102148,20200122,    6,    0
 18268,102148,20200123,   98,    0
 18268,102148,20200124,   20,    0
 18268,102148,20200125,    8,    0
 18268,102148,20200126,   16,    0
 18268,102148,20200127,   12,    0
 18268,102148,20200128,    0,    0
 18268,102148,20200129,   30,    0
 18268,102148,20200130,   10,    0
 18268,102148,20200131,  164,    0
 18268,102148,20200201,  130,    0
 18268,102148,20200202,    6,    0
 18268,102148,20200203,   23,    0
 18268,102148,20200204,    5,    0
 18268,102148,20200205,   20,    0
 18268,102148,20200206,    0,    0
 18268,102148,20200207,    0,    0
 18268,102148,20200208,    4,    0
 18268,102148,20200209,  111,    0
 18268,102148,20200210,  125,    0
 18268,102148,20200211,  107,    0
 18268,102148,20200212,   31,    0
 18268,102148,20200213,    4,    0
 18268,102148,20200214,   66,    0
 18268,102148,20200215,   84,    0
 18268,102148,20200216,  140,    0
 18268,102148,20200217,  410,    0
 18268,102148,20200218,  130,    0
 18268,102148,20200219,   14,    0
 18268,102148,20200220,   89,    0
 18268,102148,20200221,  348,    0
 18268,102148,20200222,  130,    0
 18268,102148,20200223,    2,    0
 18268,102148,20200224,    0,    0
 18268,102148,20200225,    0,    0
 18268,102148,20200226,   12,    0
 18268,102148,20200227,   11,    0
 18268,102148,20200228,   28,    0
 18268,102148,20200229,   21,    0
 18268,102148,20200301,   93,    0
 18268,102148,20200302,   12,    0
 18268,102148,20200303,    1,    0
 18268,102148,20200304,    2,    0
 18268,102148,20200305,    1,    0
 18268,102148,20200306,    0,    0
 18268,102148,20200307,  241,    0
 18268,102148,20200308,  197,    0
 18268,102148,20200309,    2,    0
 18268,102148,20200310,  294,    0
 18268,102148,20200311,   78,    0
 18268,102148,20200312,   89,    0
 18268,102148,20200313,    0,    0
 18268,102148,20200314,  143,    0
 18268,102148,20200315,  190,    0
 18268,102148,20200316,   62,    0
 18268,102148,20200317,   99,    0
 18268,102148,20200318,   63,    0
 18268,102148,20200319,   10,    0
 18268,102148,20200320,    0,    0
 18268,102148,20200321,    0,    0
 18268,102148,20200322,    0,    0
 18268,102148,20200323,    0,    0
 18268,102148,20200324,    0,    0
 18268,102148,20200325,   22,    0
 18268,102148,20200326,    9,    0
 18268,102148,20200327,    5,    0
 18268,102148,20200328,    0,    0
 18268,102148,20200329,    7,    0
 18268,102148,20200330,    0,    0
 18268,102148,20200331,    4,    0
 18268,102148,20200401,  202,    0
 18268,102148,20200402,  144,    0
 18268,102148,20200403,   34,    0
 18268,102148,20200404,   15,    0
 18268,102148,20200405,    1,    0
 18268,102148,20200406,   37,    0
 18268,102148,20200407,    5,    0
 18268,102148,20200408,   25,    0
 18268,102148,20200409,    0,    0
 18268,102148,20200410,    0,    0
 18268,102148,20200411,  140,    0
 18268,102148,20200412,   50,    0
 18268,102148,20200413,    0,    0
 18268,102148,20200414,   71,    0
 18268,102148,20200415,   89,    0
 18268,102148,20200416,    0,    0
 18268,102148,20200417,    0,    0
 18268,102148,20200418,    0,    0
 18268,102148,20200419,    0,    0
 18268,102148,20200420,    0,    0
 18268,102148,20200421,    0,    0
 18268,102148,20200422,    0,    0
 18268,102148,20200423,    0,    0
 18268,102148,20200424,    0,    0
 18268,102148,20200425,    0,    0
 18268,102148,20200426,   34,    0
 18268,102148,20200427,   12,    0
 18268,102148,20200428,    0,    0
 18268,102148,20200429,    0,    0
 18268,102148,20200430,   56,    0
 18268,102148,20200501,   15,    0
 18268,102148,20200502,   21,    0
 18268,102148,20200503,   25,    0
 18268,102148,20200504,    2,    0
 18268,102148,20200505,    3,    0
 18268,102148,20200506,    7,    0
 18268,102148,20200507,    4,    0
 18268,102148,20200508,   25,    0
 18268,102148,20200509,   87,    0
 18268,102148,20200510,   20,    0
 18268,102148,20200511,   41,    0
 18268,102148,20200512,    0,    0
 18268,102148,20200513,   22,    0
 18268,102148,20200514,   25,    0
 18268,102148,20200515,   21,    0
 18268,102148,20200516,   26,    0
 18268,102148,20200517,   36,    0
 18268,102148,20200518,    4,    0
 18268,102148,20200519,    0,    0
 18268,102148,20200520,    0,    0
 18268,102148,20200521,    0,    0
 18268,102148,20200522,  277,    0
 18268,102148,20200523,   29,    0
 18268,102148,20200524,    7,    0
 18268,102148,20200525,    0,    0
 18268,102148,20200526,    5,    0
 18268,102148,20200527,   32,    0
 18268,102148,20200528,    0,    0
 18268,102148,20200529,    0,    0
 18268,102148,20200530,    0,    0
 18268,102148,20200531,    0,    0
 18268,102148,20200601,    0,    0
 18268,102148,20200602,    0,    0
 18268,102148,20200603,    0,    0
 18268,102148,20200604,   82,    0
 18268,102148,20200605,    7,    0
 18268,102148,20200606,   27,    0
 18268,102148,20200607,   11,    0
 18268,102148,20200608,    0,    0
 18268,102148,20200609,    0,    0
 18268,102148,20200610,    0,    0
 18268,102148,20200611,    0,    0
 18268,102148,20200612,    0,    0
 18268,102148,20200613,    0,    0
 18268,102148,20200614,    0,    0
 18268,102148,20200615,    0,    0
 18268,102148,20200616,    0,    0
 18268,102148,20200617,    0,    0
 18268,102148,20200618,    0,    0
 18268,102148,20200619,    6,    0
 18268,102148,20200620,   19,    0
 18268,102148,20200621,   30,    0
 18268,102148,20200622,    3,    0
 18268,102148,20200623,    0,    0
 18268,102148,20200624,    0,    0
 18268,102148,20200625,    0,    0
 18268,102148,20200626,    0,    0
 18268,102148,20200627,    3,    0
 18268,102148,20200628,   22,    0
 18268,102148,20200629,    4,    0
 18268,102148,20200630,   27,    0
 18268,102148,20200701,  131,    0
 18268,102148,20200702,  236,    0
 18268,102148,20200703,   69,    0
 18268,102148,20200704,   12,    0
 18268,102148,20200705,  334,    0
 18268,102148,20200706,   76,    0
 18268,102148,20200707,   51,    0
 18268,102148,20200708,   29,    0
 18268,102148,20200709,    0,    0
 18268,102148,20200710,    9,    0
 18268,102148,20200711,   24,    0
 18268,102148,20200712,    1,    0
 18268,102148,20200713,    1,    0
 18268,102148,20200714,   13,    0
 18268,102148,20200715,    0,    0
 18268,102148,20200716,    0,    0
 18268,102148,20200717,  106,    0
 18268,102148,20200718,   86,    0
 18268,102148,20200719,   17,    0
 18268,102148,20200720,   72,    0
 18268,102148,20200721,   32,    0
 18268,102148,20200722,   14,    0
 18268,102148,20200723,    0,    0
 18268,102148,20200724,    0,    0
 18268,102148,20200725,   16,    0
 18268,102148,20200726,  156,    0
 18268,102148,20200727,   23,    0
 18268,102148,20200728,  121,    0
 18268,102148,20200729,   32,    0
 18268,102148,20200730,   63,    0
 18268,102148,20200731,    0,    0
 18268,102148,20200801,   14,    0
 18268,102148,20200802,   29,    0
 18268,102148,20200803,   27,    0
 18268,102148,20200804,   51,    0
 18268,102148,20200805,  192,    0
 18268,102148,20200806,    0,    0
 18268,102148,20200807,    0,    0
 18268,102148,20200808,   34,    0
 18268,102148,20200809,    0,    0
 18268,102148,20200810,    0,    0
 18268,102148,20200811,    1,    0
 18268,102148,20200812,    0,    0
 18268,102148,20200813,    0,    0
 18268,102148,20200814,    0,    0
 18268,102148,20200815,    0,    0
 18268,102148,20200816,    0,    0
 18268,102148,20200817,    0,    0
 18268,102148,20200818,    3,    0
 18268,102148,20200819,    2,    0
 18268,102148,20200820,    0,    0
 18268,102148,20200821,  138,    0
 18268,102148,20200822,  586,    0
 18268,102148,20200823,  241,    0
 18268,102148,20200824,   16,    0
 18268,102148,20200825,    0,    0
 18268,102148,20200826,    0,    0
 18268,102148,20200827,    0,    0
 18268,102148,20200828,    2,    0
 18268,102148,20200829,    0,    0
 18268,102148,20200830,    1,    0
 18268,102148,20200831,    0,    0
 18268,102148,20200901,    0,    0
 18268,102148,20200902,    0,    0
 18268,102148,20200903,  115,    0
 18268,102148,20200904,  322,    0
 18268,102148,20200905,  386,    0
 18268,102148,20200906,   22,    0
 18268,102148,20200907,  136,    0
 18268,102148,20200908,  316,    0
 18268,102148,20200909,  109,    0
 18268,102148,20200910,    3,    0
 18268,102148,20200911,  243,    0
 18268,102148,20200912,  220,    0
 18268,102148,20200913,  129,    0
 18268,102148,20200914,   65,    0
 18268,102148,20200915,   42,    0
 18268,102148,20200916,    0,    0
 18268,102148,20200917,    0,    0
 18268,102148,20200918,    2,    0
 18268,102148,20200919,    0,    0
 18268,102148,20200920,    0,    0
 18268,102148,20200921,    1,    0
 18268,102148,20200922,   50,    0
 18268,102148,20200923,  104,    0
 18268,102148,20200924,  226,    0
 18268,102148,20200925,    0,    0
 18268,102148,20200926,    0,    0
 18268,102148,20200927,    0,    0
 18268,102148,20200928,    0,    0
 18268,102148,20200929,   37,    0
 18268,102148,20200930,    0,    0
 18268,102148,20201001,    0,    0
 18268,102148,20201002,    0,    0
 18268,102148,20201003,    0,    0
 18268,102148,20201004,   18,    0
 18268,102148,20201005,    0,    0
 18268,102148,20201006,    0,    0
 18268,102148,20201007,   54,    0
 18268,102148,20201008,   18,    0
 18268,102148,20201009,   48,    0
 18268,102148,20201010,    0,    0
 18268,102148,20201011,    0,    0
 18268,102148,20201012,    0,    0
 18268,102148,20201013,   11,    0
 18268,102148,20201014,    0,    0
 18268,102148,20201015,    0,    0
 18268,102148,20201016,   11,    0
 18268,102148,20201017,    0,    0
 18268,102148,20201018,    0,    0
 18268,102148,20201019,   59,    0
 18268,102148,20201020,   90,    0
 18268,102148,20201021,   44,    0
 18268,102148,20201022,   15,    0
 18268,102148,20201023,   10,    0
 18268,102148,20201024,  204,    0
 18268,102148,20201025,   45,    0
 18268,102148,20201026,    1,    0
 18268,102148,20201027,    8,    0
 18268,102148,20201028,  271,    0
 18268,102148,20201029,   12,    0
 18268,102148,20201030,  114,    0
 18268,102148,20201031,   69,    0
 18268,102148,20201101,  133,    0
 18268,102148,20201102,  244,    0
 18268,102148,20201103,  105,    0
 18268,102148,20201104,   75,    0
 18268,102148,20201105,    6,    0
 18268,102148,20201106,    0,    0
 18268,102148,20201107,    0,    0
 18268,102148,20201108,    0,    0
 18268,102148,20201109,    0,    0
 18268,102148,20201110,    5,    0
 18268,102148,20201111,    0,    0
 18268,102148,20201112,    0,    0
 18268,102148,20201113,   38,    0
 18268,102148,20201114,   29,    0
 18268,102148,20201115,  143,    0
 18268,102148,20201116,  155,    0
 18268,102148,20201117,  262,    0
 18268,102148,20201118,  872,    0
 18268,102148,20201119,   44,    0
 18268,102148,20201120,  265,    0
 18268,102148,20201121,  463,    0
 18268,102148,20201122,  117,    0
 18268,102148,20201123,  172,    0
 18268,102148,20201124,  282,    0
 18268,102148,20201125,  242,    0
 18268,102148,20201126,    4,    0
 18268,102148,20201127,    0,    0
 18268,102148,20201128,    7,    0
 18268,102148,20201129,   29,    0
 18268,102148,20201130,   41,    0
 18268,102148,20201201,    0,    0
 18268,102148,20201202,   49,    0
 18268,102148,20201203,   36,    0
 18268,102148,20201204,    0,    0
 18268,102148,20201205,    1,    0
 18268,102148,20201206,   40,    0
 18268,102148,20201207,    3,    0
 18268,102148,20201208,   25,    0
 18268,102148,20201209,    0,    0
 18268,102148,20201210,    5,    0
 18268,102148,20201211,    0,    0
 18268,102148,20201212,    0,    0
 18268,102148,20201213,    0,    0
 18268,102148,20201214,-9999,    9
 18268,102148,20201215,-9999,    9
 18268,102148,20201216,-9999,    9
 18268,102148,20201217,-9999,    9
 18268,102148,20201218,-9999,    9
 18268,102148,20201219,-9999,    9
 18268,102148,20201220,-9999,    9
 18268,102148,20201221,-9999,    9
 18268,102148,20201222,-9999,    9
 18268,102148,20201223,-9999,    9
 18268,102148,20201224,-9999,    9
 18268,102148,20201225,-9999,    9
 18268,102148,20201226,-9999,    9
 18268,102148,20201227,-9999,    9
 18268,102148,20201228,-9999,    9
 18268,102148,20201229,-9999,    9
 18268,102148,20201230,-9999,    9
 18268,102148,20201231,-9999,    9
 18268,102148,20210101,-9999,    9
 18268,102148,20210102,-9999,    9
 18268,102148,20210103,-9999,    9
 18268,102148,20210104,-9999,    9
 18268,102148,20210105,-9999,    9
 18268,102148,20210106,-9999,    9
 18268,102148,20210107,-9999,    9
 18268,102148,20210108,-9999,    9
 18268,102148,20210109,-9999,    9
 18268,102148,20210110,-9999,    9
 18268,102148,20210111,-9999,    9
 18268,102148,20210112,-9999,    9
 18268,102148,20210113,-9999,    9
 18268,102148,20210114,-9999,    9
 18268,102148,20210115,    0,    0
 18268,102148,20210116,    0,    0
 18268,102148,20210117,   10,    0
 18268,102148,20210118,    1,    0
 18268,102148,20210119,    0,    0
 18268,102148,20210120,   67,    0
 18268,102148,20210121,   48,    0
 18268,102148,20210122,  145,    0
 18268,102148,20210123,    6,    0
 18268,102148,20210124,    0,    0
 18268,102148,20210125,    0,    0
 18268,102148,20210126,   12,    0
 18268,102148,20210127,    0,    0
 18268,102148,20210128,    4,    0
 18268,102148,20210129,    2,    0
 18268,102148,20210130,    5,    0
 18268,102148,20210131,   10,    0
 18268,102148,20210201,    0,    0
 18268,102148,20210202,    0,    0
 18268,102148,20210203,    0,    0
 18268,102148,20210204,    1,    0
 18268,102148,20210205,    9,    0
 18268,102148,20210206,    0,    0
 18268,102148,20210207,    0,    0
 18268,102148,20210208,    1,    0
 18268,102148,20210209,    2,    0
 18268,102148,20210210,    0,    0
 18268,102148,20210211,    0,    0
 18268,102148,20210212,    0,    0
 18268,102148,20210213,    0,    0
 18268,102148,20210214,    1,    0
 18268,102148,20210215,    2,    0
 18268,102148,20210216,    4,    0
 18268,102148,20210217,    2,    0
 18268,102148,20210218,   17,    0
 18268,102148,20210219,   38,    0
 18268,102148,20210220,   46,    0
 18268,102148,20210221,    1,    0
 18268,102148,20210222,   88,    0
 18268,102148,20210223,  271,    0
 18268,102148,20210224,  213,    0
 18268,102148,20210225,  217,    0
 18268,102148,20210226,    2,    0
 18268,102148,20210227,    3,    0
 18268,102148,20210228,    0,    0
 18268,102148,20210301,   13,    0
 18268,102148,20210302,    0,    0
 18268,102148,20210303,    5,    0
 18268,102148,20210304,    0,    0
 18268,102148,20210305,   10,    0
 18268,102148,20210306,   33,    0
 18268,102148,20210307,    0,    0
 18268,102148,20210308,    0,    0
 18268,102148,20210309,    0,    0
 18268,102148,20210310,   51,    0
 18268,102148,20210311,  132,    0
 18268,102148,20210312,  132,    0
 18268,102148,20210313,    0,    0
 18268,102148,20210314,   16,    0
 18268,102148,20210315,   14,    0
 18268,102148,20210316,    0,    0
 18268,102148,20210317,    0,    0
 18268,102148,20210318,    0,    0
 18268,102148,20210319,    0,    0
 18268,102148,20210320,   32,    0
 18268,102148,20210321,    8,    0
 18268,102148,20210322,   17,    0
 18268,102148,20210323,   49,    0
 18268,102148,20210324,   89,    0
 18268,102148,20210325,   42,    0
 18268,102148,20210326,   58,    0
 18268,102148,20210327,   12,    0
 18268,102148,20210328,  179,    0
 18268,102148,20210329,  434,    0
 18268,102148,20210330,  289,    0
 18268,102148,20210331,    1,    0
 18268,102148,20210401,    4,    0
 18268,102148,20210402,    2,    0
 18268,102148,20210403,    0,    0
 18268,102148,20210404,  227,    0
 18268,102148,20210405,   22,    0
 18268,102148,20210406,   14,    0
 18268,102148,20210407,   20,    0
 18268,102148,20210408,  181,    0
 18268,102148,20210409,   68,    0
 18268,102148,20210410,   49,    0
 18268,102148,20210411,    0,    0
 18268,102148,20210412,    0,    0
 18268,102148,20210413,    4,    0
 18268,102148,20210414,    5,    0
 18268,102148,20210415,    0,    0
 18268,102148,20210416,    0,    0
 18268,102148,20210417,    0,    0
 18268,102148,20210418,    0,    0
 18268,102148,20210419,    0,    0
 18268,102148,20210420,  120,    0
 18268,102148,20210421,   10,    0
 18268,102148,20210422,    0,    0
 18268,102148,20210423,    0,    0
 18268,102148,20210424,    1,    0
 18268,102148,20210425,    0,    0
 18268,102148,20210426,    0,    0
 18268,102148,20210427,    0,    0
 18268,102148,20210428,    0,    0
 18268,102148,20210429,    0,    0
 18268,102148,20210430,    0,    0
 18268,102148,20210501,    0,    0
 18268,102148,20210502,   26,    0
 18268,102148,20210503,   15,    0
 18268,102148,20210504,    0,    0
 18268,102148,20210505,    0,    0
 18268,102148,20210506,    9,    0
 18268,102148,20210507,   74,    0
 18268,102148,20210508,   14,    0
 18268,102148,20210509,    9,    0
 18268,102148,20210510,   10,    0
 18268,102148,20210511,    0,    0
 18268,102148,20210512,    0,    0
 18268,102148,20210513,    0,    0
 18268,102148,20210514,   10,    0
 18268,102148,20210515,    2,    0
 18268,102148,20210516,    7,    0
 18268,102148,20210517,   25,    0
 18268,102148,20210518,    0,    0
 18268,102148,20210519,   62,    0
 18268,102148,20210520,    0,    0
 18268,102148,20210521,    0,    0
 18268,102148,20210522,    3,    0
 18268,102148,20210523,    9,    0
 18268,102148,20210524,   44,    0
 18268,102148,20210525,    0,    0
 18268,102148,20210526,    0,    0
 18268,102148,20210527,    0,    0
 18268,102148,20210528,    0,    0
 18268,102148,20210529,    0,    0
 18268,102148,20210530,    0,    0
 18268,102148,20210531,    0,    0
 18268,102148,20210601,    0,    0
 18268,102148,20210602,    0,    0
 18268,102148,20210603,    0,    0
 18268,102148,20210604,    0,    0
 18268,102148,20210605,   15,    0
 18268,102148,20210606,    0,    0
 18268,102148,20210607,    0,    0
 18268,102148,20210608,    0,    0
 18268,102148,20210609,   15,    0
 18268,102148,20210610,    0,    0
 18268,102148,20210611,  312,    0
 18268,102148,20210612,   89,    0
 18268,102148,20210613,  218,    0
 18268,102148,20210614,  333,    0
 18268,102148,20210615,    5,    0
 18268,102148,20210616,    0,    0
 18268,102148,20210617,   20,    0
 18268,102148,20210618,    6,    0
 18268,102148,20210619,   13,    0
 18268,102148,20210620,   66,    0
 18268,102148,20210621,    0,    0
 18268,102148,20210622,    0,    0
 18268,102148,20210623,    0,    0
 18268,102148,20210624,    8,    0
 18268,102148,20210625,    0,    0
 18268,102148,20210626,    0,    0
 18268,102148,20210627,    0,    0
 18268,102148,20210628,    0,    0
 18268,102148,20210629,    0,    0
 18268,102148,20210630,    0,    0
 18268,102148,20210701,    0,    0
 18268,102148,20210702,    0,    0
 18268,102148,20210703,    0,    0
 18268,102148,20210704,   29,    0
 18268,102148,20210705,   37,    0
 18268,102148,20210706,    4,    0
 18268,102148,20210707,    0,    0
 18268,102148,20210708,   73,    0
 18268,102148,20210709,    2,    0
 18268,102148,20210710,    2,    0
 18268,102148,20210711,    0,    0
 18268,102148,20210712,    0,    0
 18268,102148,20210713,    6,    0
 18268,102148,20210714,   57,    0
 18268,102148,20210715,    0,    0
 18268,102148,20210716,    0,    0
 18268,102148,20210717,   17,    0
 18268,102148,20210718,    0,    0
 18268,102148,20210719,    1,    0
 18268,102148,20210720,    0,    0
 18268,102148,20210721,    0,    0
 18268,102148,20210722,    0,    0
 18268,102148,20210723,    0,    0
 18268,102148,20210724,    0,    0
 18268,102148,20210725,    0,    0
 18268,102148,20210726,   10,    0
 18268,102148,20210727,    0,    0
 18268,102148,20210728,   24,    0
 18268,102148,20210729,   11,    0
 18268,102148,20210730,    0,    0
 18268,102148,20210731,    4,    0
 18268,102148,20210801,    0,    0
 18268,102148,20210802,    0,    0
 18268,102148,20210803,    0,    0
 18268,102148,20210804,    0,    0
 18268,102148,20210805,    3,    0
 18268,102148,20210806,    0,    0
 18268,102148,20210807,    2,    0
 18268,102148,20210808,    0,    0
 18268,102148,20210809,   27,    0
 18268,102148,20210810,    0,    0
 18268,102148,20210811,    0,    0
 18268,102148,20210812,    0,    0
 18268,102148,20210813,   29,    0
 18268,102148,20210814,   58,    0
 18268,102148,20210815,    8,    0
 18268,102148,20210816,    0,    0
 18268,102148,20210817,    0,    0
 18268,102148,20210818,    1,    0
 18268,102148,20210819,   16,    0
 18268,102148,20210820,    0,    0
 18268,102148,20210821,    0,    0
 18268,102148,20210822,    0,    0
 18268,102148,20210823,    0,    0
 18268,102148,20210824,    1,    0
 18268,102148,20210825,    0,    0
 18268,102148,20210826,    0,    0
 18268,102148,20210827,    0,    0
 18268,102148,20210828,    0,    0
 18268,102148,20210829,    0,    0
 18268,102148,20210830,    0,    0
 18268,102148,20210831,    0,    0
 18268,102148,20210901,    0,    0
 18268,102148,20210902,    1,    0
 18268,102148,20210903,    0,    0
 18268,102148,20210904,    0,    0
 18268,102148,20210905,    0,    0
 18268,102148,20210906,    0,    0
 18268,102148,20210907,    8,    0
 18268,102148,20210908,    0,    0
 18268,102148,20210909,    0,    0
 18268,102148,20210910,   10,    0
 18268,102148,20210911,  188,    0
 18268,102148,20210912,    0,    0
 18268,102148,20210913,    0,    0
 18268,102148,20210914,    0,    0
 18268,102148,20210915,    1,    0
 18268,102148,20210916,    0,    0
 18268,102148,20210917,    0,    0
 18268,102148,20210918,    0,    0
 18268,102148,20210919,   10,    0
 18268,102148,20210920,  103,    0
 18268,102148,20210921,    8,    0
 18268,102148,20210922,  272,    0
 18268,102148,20210923,  162,    0
 18268,102148,20210924,  254,    0
 18268,102148,20210925,    0,    0
 18268,102148,20210926,    0,    0
 18268,102148,20210927,  168,    0
 18268,102148,20210928,    0,    0
 18268,102148,20210929,   66,    0
 18268,102148,20210930,   72,    0
 18268,102148,20211001,  120,    0
 18268,102148,20211002,   81,    0
 18268,102148,20211003,  163,    0
 18268,102148,20211004,  247,    0
 18268,102148,20211005,    0,    0
 18268,102148,20211006,   22,    0
 18268,102148,20211007,  131,    0
 18268,102148,20211008,   23,    0
 18268,102148,20211009,   12,    0
 18268,102148,20211010,  228,    0
 18268,102148,20211011,   29,    0
 18268,102148,20211012,    7,    0
 18268,102148,20211013,  148,    0
 18268,102148,20211014,  470,    0
 18268,102148,20211015,  147,    0
 18268,102148,20211016,   13,    0
 18268,102148,20211017,    0,    0
 18268,102148,20211018,   40,    0
 18268,102148,20211019,  224,    0
 18268,102148,20211020,  262,    0
 18268,102148,20211021,   80,    0
 18268,102148,20211022,   33,    0
 18268,102148,20211023,    1,    0
 18268,102148,20211024,   87,    0
 18268,102148,20211025,  241,    0
 18268,102148,20211026,  360,    0
 18268,102148,20211027,   99,    0
 18268,102148,20211028,  150,    0
 18268,102148,20211029,   24,    0
 18268,102148,20211030,  132,    0
 18268,102148,20211031,   71,    0
 18268,102148,20211101,   21,    0
 18268,102148,20211102,    2,    0
 18268,102148,20211103,    0,    0
 18268,102148,20211104,    8,    0
 18268,102148,20211105,  107,    0
 18268,102148,20211106,   61,    0
 18268,102148,20211107,   13,    0
 18268,102148,20211108,  191,    0
 18268,102148,20211109,   74,    0
 18268,102148,20211110,  216,    0
 18268,102148,20211111,  116,    0
 18268,102148,20211112,    1,    0
 18268,102148,20211113,    0,    0
 18268,102148,20211114,    0,    0
 18268,102148,20211115,   43,    0
 18268,102148,20211116,  106,    0
 18268,102148,20211117,  138,    0
 18268,102148,20211118,  249,    0
 18268,102148,20211119,  139,    0
 18268,102148,20211120,  106,    0
 18268,102148,20211121,    9,    0
 18268,102148,20211122,   32,    0
 18268,102148,20211123,   66,    0
 18268,102148,20211124,  224,    0
 18268,102148,20211125,    1,    0
 18268,102148,20211126,   10,    0
 18268,102148,20211127,    0,    0
 18268,102148,20211128,    0,    0
 18268,102148,20211129,   71,    0
 18268,102148,20211130,    0,    0
 18268,102148,20211201,    0,    0
 18268,102148,20211202,    0,    0
 18268,102148,20211203,   16,    0
 18268,102148,20211204,    1,    0
 18268,102148,20211205,    0,    0
 18268,102148,20211206,    0,    0
 18268,102148,20211207,    0,    0
 18268,102148,20211208,    0,    0
 18268,102148,20211209,    0,    0
 18268,102148,20211210,    0,    0
 18268,102148,20211211,   91,    0
 18268,102148,20211212,   37,    0
 18268,102148,20211213,   58,    0
 18268,102148,20211214,  306,    0
 18268,102148,20211215,   89,    0
 18268,102148,20211216,  161,    0
 18268,102148,20211217,    0,    0
 18268,102148,20211218,    0,    0
 18268,102148,20211219,    0,    0
 18268,102148,20211220,    0,    0
 18268,102148,20211221,    0,    0
 18268,102148,20211222,    0,    0
 18268,102148,20211223,    4,    0
 18268,102148,20211224,    0,    0
 18268,102148,20211225,    0,    0
 18268,102148,20211226,    0,    0
 18268,102148,20211227,   10,    0
 18268,102148,20211228,    0,    0
 18268,102148,20211229,  162,    0
 18268,102148,20211230,  174,    0
 18268,102148,20211231,    0,    0
 18268,102148,20220101,  141,    0
 18268,102148,20220102,   31,    0
 18268,102148,20220103,  201,    0
 18268,102148,20220104,   37,    0
 18268,102148,20220105,    0,    0
 18268,102148,20220106,   28,    0
 18268,102148,20220107,    7,    0
 18268,102148,20220108,    0,    0
 18268,102148,20220109,    0,    0
 18268,102148,20220110,   35,    0
 18268,102148,20220111,    0,    0
 18268,102148,20220112,  133,    0
 18268,102148,20220113,  123,    0
 18268,102148,20220114,   11,    0
 18268,102148,20220115,  212,    0
 18268,102148,20220116,    0,    0
 18268,102148,20220117,  205,    0
 18268,102148,20220118,   33,    0
 18268,102148,20220119,    0,    0
 18268,102148,20220120,  250,    0
 18268,102148,20220121,-9999,    9
 18268,102148,20220122,-9999,    9
 18268,102148,20220123,-9999,    9
 18268,102148,20220124,-9999,    9
 18268,102148,20220125,-9999,    9
 18268,102148,20220126,-9999,    9
 18268,102148,20220127,-9999,    9
 18268,102148,20220128,-9999,    9
 18268,102148,20220129,-9999,    9
 18268,102148,20220130,-9999,    9
 18268,102148,20220131,-9999,    9
 18268,102148,20220201,-9999,    9
 18268,102148,20220202,-9999,    9
 18268,102148,20220203,-9999,    9
 18268,102148,20220204,-9999,    9
 18268,102148,20220205,-9999,    9
 18268,102148,20220206,-9999,    9
 18268,102148,20220207,-9999,    9
 18268,102148,20220208,-9999,    9
 18268,102148,20220209,-9999,    9
 18268,102148,20220210,-9999,    9
 18268,102148,20220211,-9999,    9
 18268,102148,20220212,-9999,    9
 18268,102148,20220213,-9999,    9
 18268,102148,20220214,-9999,    9
 18268,102148,20220215,-9999,    9
 18268,102148,20220216,-9999,    9
 18268,102148,20220217,-9999,    9
 18268,102148,20220218,-9999,    9
 18268,102148,20220219,-9999,    9
 18268,102148,20220220,-9999,    9
 18268,102148,20220221,-9999,    9
 18268,102148,20220222,-9999,    9
 18268,102148,20220223,-9999,    9
 18268,102148,20220224,-9999,    9
 18268,102148,20220225,-9999,    9
 18268,102148,20220226,-9999,    9
 18268,102148,20220227,-9999,    9
 18268,102148,20220228,-9999,    9
 18268,102148,20220301,-9999,    9
 18268,102148,20220302,-9999,    9
 18268,102148,20220303,-9999,    9
 18268,102148,20220304,-9999,    9
 18268,102148,20220305,-9999,    9
 18268,102148,20220306,-9999,    9
 18268,102148,20220307,-9999,    9
 18268,102148,20220308,-9999,    9
 18268,102148,20220309,-9999,    9
 18268,102148,20220310,-9999,    9
 18268,102148,20220311,-9999,    9
 18268,102148,20220312,-9999,    9
 18268,102148,20220313,-9999,    9
 18268,102148,20220314,-9999,    9
 18268,102148,20220315,-9999,    9
 18268,102148,20220316,-9999,    9
 18268,102148,20220317,-9999,    9
 18268,102148,20220318,-9999,    9
 18268,102148,20220319,-9999,    9
 18268,102148,20220320,-9999,    9
 18268,102148,20220321,-9999,    9
 18268,102148,20220322,-9999,    9
 18268,102148,20220323,-9999,    9
 18268,102148,20220324,-9999,    9
 18268,102148,20220325,-9999,    9
 18268,102148,20220326,-9999,    9
 18268,102148,20220327,-9999,    9
 18268,102148,20220328,-9999,    9
 18268,102148,20220329,-9999,    9
 18268,102148,20220330,-9999,    9
 18268,102148,20220331,-9999,    9
 18268,102148,20220401,-9999,    9
 18268,102148,20220402,-9999,    9
 18268,102148,20220403,-9999,    9
 18268,102148,20220404,-9999,    9
 18268,102148,20220405,-9999,    9
 18268,102148,20220406,-9999,    9
 18268,102148,20220407,-9999,    9
 18268,102148,20220408,-9999,    9
 18268,102148,20220409,-9999,    9
 18268,102148,20220410,-9999,    9
 18268,102148,20220411,-9999,    9
 18268,102148,20220412,-9999,    9
 18268,102148,20220413,-9999,    9
 18268,102148,20220414,-9999,    9
 18268,102148,20220415,-9999,    9
 18268,102148,20220416,-9999,    9
 18268,102148,20220417,-9999,    9
 18268,102148,20220418,-9999,    9
 18268,102148,20220419,-9999,    9
 18268,102148,20220420,-9999,    9
 18268,102148,20220421,-9999,    9
 18268,102148,20220422,-9999,    9
 18268,102148,20220423,-9999,    9
 18268,102148,20220424,-9999,    9
 18268,102148,20220425,-9999,    9
 18268,102148,20220426,-9999,    9
 18268,102148,20220427,-9999,    9
 18268,102148,20220428,-9999,    9
 18268,102148,20220429,-9999,    9
 18268,102148,20220430,-9999,    9
 18268,102148,20220501,-9999,    9
 18268,102148,20220502,-9999,    9
 18268,102148,20220503,-9999,    9
 18268,102148,20220504,-9999,    9
 18268,102148,20220505,-9999,    9
 18268,102148,20220506,-9999,    9
 18268,102148,20220507,-9999,    9
 18268,102148,20220508,-9999,    9
 18268,102148,20220509,-9999,    9
 18268,102148,20220510,-9999,    9
 18268,102148,20220511,-9999,    9
 18268,102148,20220512,-9999,    9
 18268,102148,20220513,-9999,    9
 18268,102148,20220514,-9999,    9
 18268,102148,20220515,-9999,    9
 18268,102148,20220516,-9999,    9
 18268,102148,20220517,-9999,    9
 18268,102148,20220518,-9999,    9
 18268,102148,20220519,-9999,    9
 18268,102148,20220520,-9999,    9
 18268,102148,20220521,-9999,    9
 18268,102148,20220522,-9999,    9
 18268,102148,20220523,-9999,    9
 18268,102148,20220524,-9999,    9
 18268,102148,20220525,-9999,    9
 18268,102148,20220526,-9999,    9
 18268,102148,20220527,-9999,    9
 18268,102148,20220528,-9999,    9
 18268,102148,20220529,-9999,    9
 18268,102148,20220530,-9999,    9
 18268,102148,20220531,-9999,    9
 18268,102148,20220601,-9999,    9
 18268,102148,20220602,-9999,    9
 18268,102148,20220603,-9999,    9
 18268,102148,20220604,-9999,    9
 18268,102148,20220605,-9999,    9
 18268,102148,20220606,-9999,    9
 18268,102148,20220607,-9999,    9
 18268,102148,20220608,-9999,    9
 18268,102148,20220609,-9999,    9
 18268,102148,20220610,-9999,    9
 18268,102148,20220611,-9999,    9
 18268,102148,20220612,-9999,    9
 18268,102148,20220613,-9999,    9
 18268,102148,20220614,-9999,    9
 18268,102148,20220615,-9999,    9
 18268,102148,20220616,-9999,    9
 18268,102148,20220617,-9999,    9
 18268,102148,20220618,-9999,    9
 18268,102148,20220619,-9999,    9
 18268,102148,20220620,-9999,    9
 18268,102148,20220621,-9999,    9
 18268,102148,20220622,-9999,    9
 18268,102148,20220623,-9999,    9
 18268,102148,20220624,-9999,    9
 18268,102148,20220625,-9999,    9
 18268,102148,20220626,-9999,    9
 18268,102148,20220627,-9999,    9
 18268,102148,20220628,-9999,    9
 18268,102148,20220629,-9999,    9
 18268,102148,20220630,-9999,    9
 18268,102148,20220701,-9999,    9
 18268,102148,20220702,-9999,    9
 18268,102148,20220703,-9999,    9
 18268,102148,20220704,-9999,    9
 18268,102148,20220705,-9999,    9
 18268,102148,20220706,-9999,    9
 18268,102148,20220707,-9999,    9
 18268,102148,20220708,-9999,    9
 18268,102148,20220709,-9999,    9
 18268,102148,20220710,-9999,    9
 18268,102148,20220711,-9999,    9
 18268,102148,20220712,-9999,    9
 18268,102148,20220713,-9999,    9
 18268,102148,20220714,-9999,    9
 18268,102148,20220715,-9999,    9
 18268,102148,20220716,-9999,    9
 18268,102148,20220717,-9999,    9
 18268,102148,20220718,-9999,    9
 18268,102148,20220719,-9999,    9
 18268,102148,20220720,-9999,    9
 18268,102148,20220721,-9999,    9
 18268,102148,20220722,-9999,    9
 18268,102148,20220723,-9999,    9
 18268,102148,20220724,-9999,    9
 18268,102148,20220725,-9999,    9
 18268,102148,20220726,-9999,    9
 18268,102148,20220727,-9999,    9
 18268,102148,20220728,-9999,    9
 18268,102148,20220729,-9999,    9
 18268,102148,20220730,-9999,    9
 18268,102148,20220731,-9999,    9
 18268,102148,20220801,-9999,    9
 18268,102148,20220802,-9999,    9
 18268,102148,20220803,-9999,    9
 18268,102148,20220804,-9999,    9
 18268,102148,20220805,-9999,    9
 18268,102148,20220806,-9999,    9
 18268,102148,20220807,-9999,    9
 18268,102148,20220808,-9999,    9
 18268,102148,20220809,-9999,    9
 18268,102148,20220810,-9999,    9
 18268,102148,20220811,-9999,    9
 18268,102148,20220812,-9999,    9
 18268,102148,20220813,-9999,    9
 18268,102148,20220814,-9999,    9
 18268,102148,20220815,-9999,    9
 18268,102148,20220816,-9999,    9
 18268,102148,20220817,-9999,    9
 18268,102148,20220818,-9999,    9
 18268,102148,20220819,-9999,    9
 18268,102148,20220820,-9999,    9
 18268,102148,20220821,-9999,    9
 18268,102148,20220822,-9999,    9
 18268,102148,20220823,-9999,    9
 18268,102148,20220824,-9999,    9
 18268,102148,20220825,-9999,    9
 18268,102148,20220826,-9999,    9
 18268,102148,20220827,-9999,    9
 18268,102148,20220828,-9999,    9
 18268,102148,20220829,-9999,    9
 18268,102148,20220830,-9999,    9
 18268,102148,20220831,-9999,    9
 18268,102148,20220901,-9999,    9
 18268,102148,20220902,-9999,    9
 18268,102148,20220903,-9999,    9
 18268,102148,20220904,-9999,    9
 18268,102148,20220905,-9999,    9
 18268,102148,20220906,-9999,    9
 18268,102148,20220907,-9999,    9
 18268,102148,20220908,-9999,    9
 18268,102148,20220909,-9999,    9
 18268,102148,20220910,-9999,    9
 18268,102148,20220911,-9999,    9
 18268,102148,20220912,-9999,    9
 18268,102148,20220913,-9999,    9
 18268,102148,20220914,-9999,    9
 18268,102148,20220915,-9999,    9
 18268,102148,20220916,-9999,    9
 18268,102148,20220917,-9999,    9
 18268,102148,20220918,-9999,    9
 18268,102148,20220919,-9999,    9
 18268,102148,20220920,-9999,    9
 18268,102148,20220921,-9999,    9
 18268,102148,20220922,-9999,    9
 18268,102148,20220923,-9999,    9
 18268,102148,20220924,-9999,    9
 18268,102148,20220925,-9999,    9
 18268,102148,20220926,-9999,    9
 18268,102148,20220927,-9999,    9
 18268,102148,20220928,-9999,    9
 18268,102148,20220929,-9999,    9
 18268,102148,20220930,-9999,    9
 18268,102148,20221001,-9999,    9
 18268,102148,20221002,-9999,    9
 18268,102148,20221003,-9999,    9
 18268,102148,20221004,-9999,    9
 18268,102148,20221005,-9999,    9
 18268,102148,20221006,-9999,    9
 18268,102148,20221007,-9999,    9
 18268,102148,20221008,-9999,    9
 18268,102148,20221009,-9999,    9
 18268,102148,20221010,-9999,    9
 18268,102148,20221011,-9999,    9
 18268,102148,20221012,-9999,    9
 18268,102148,20221013,-9999,    9
 18268,102148,20221014,-9999,    9
 18268,102148,20221015,-9999,    9
 18268,102148,20221016,-9999,    9
 18268,102148,20221017,-9999,    9
 18268,102148,20221018,-9999,    9
 18268,102148,20221019,-9999,    9
 18268,102148,20221020,-9999,    9
 18268,102148,20221021,-9999,    9
 18268,102148,20221022,-9999,    9
 18268,102148,20221023,-9999,    9
 18268,102148,20221024,-9999,    9
 18268,102148,20221025,-9999,    9
 18268,102148,20221026,-9999,    9
 18268,102148,20221027,-9999,    9
 18268,102148,20221028,-9999,    9
 18268,102148,20221029,-9999,    9
 18268,102148,20221030,-9999,    9
 18268,102148,20221031,-9999,    9
