EUROPEAN CLIMATE ASSESSMENT & DATASET (ECA&D), file created on: 16-11-2022
THESE DATA CAN BE USED FOR NON-COMMERCIAL RESEARCH AND EDUCATION PROVIDED THAT THE FOLLOWING SOURCE IS ACKNOWLEDGED: 

Klein Tank, A.M.G. and Coauthors, 2002. Daily dataset of 20th-century surface
air temperature and precipitation series for the European Climate Assessment.
Int. J. of Climatol., 22, 1441-1453.
Data and metadata available at http://www.ecad.eu

FILE FORMAT (MISSING VALUE CODE = -9999):

01-06 STAID: Station identifier
08-13 SOUID: Source identifier
15-22 DATE : Date YYYYMMDD
24-28 RR   : Precipitation amount in 0.1 mm
30-34 Q_RR : quality code for RR (0='valid'; 1='suspect'; 9='missing')

This is the blended series of station DACHSTEIN-HUNERKOGEL, AUSTRIA (STAID: 24657)
Blended and updated with sources:134132 
See files sources.txt and stations.txt for more info.

STAID, SOUID,    DATE,   RR, Q_RR
 24657,134132,20170529,    0,    0
 24657,134132,20170530,    0,    0
 24657,134132,20170531,    0,    0
 24657,134132,20170601,    0,    0
 24657,134132,20170602,    0,    0
 24657,134132,20170603,    0,    0
 24657,134132,20170604,    0,    0
 24657,134132,20170605,    0,    0
 24657,134132,20170606,    0,    0
 24657,134132,20170607,    0,    0
 24657,134132,20170608,    0,    0
 24657,134132,20170609,    0,    0
 24657,134132,20170610,    0,    0
 24657,134132,20170611,    0,    0
 24657,134132,20170612,    0,    0
 24657,134132,20170613,    0,    0
 24657,134132,20170614,    0,    0
 24657,134132,20170615,    0,    0
 24657,134132,20170616,    0,    0
 24657,134132,20170617,    0,    0
 24657,134132,20170618,    0,    0
 24657,134132,20170619,    0,    0
 24657,134132,20170620,    0,    0
 24657,134132,20170621,    0,    0
 24657,134132,20170622,    0,    0
 24657,134132,20170623,    0,    0
 24657,134132,20170624,    0,    0
 24657,134132,20170625,    0,    0
 24657,134132,20170626,    0,    0
 24657,134132,20170627,    0,    0
 24657,134132,20170628,    0,    0
 24657,134132,20170629,    0,    0
 24657,134132,20170630,    0,    0
 24657,134132,20170701,    0,    0
 24657,134132,20170702,    0,    0
 24657,134132,20170703,    0,    0
 24657,134132,20170704,    0,    0
 24657,134132,20170705,    0,    0
 24657,134132,20170706,    0,    0
 24657,134132,20170707,    0,    0
 24657,134132,20170708,    0,    0
 24657,134132,20170709,    0,    0
 24657,134132,20170710,    0,    0
 24657,134132,20170711,    0,    0
 24657,134132,20170712,    0,    0
 24657,134132,20170713,    0,    0
 24657,134132,20170714,    0,    0
 24657,134132,20170715,    0,    0
 24657,134132,20170716,    0,    0
 24657,134132,20170717,    0,    0
 24657,134132,20170718,    0,    0
 24657,134132,20170719,    0,    0
 24657,134132,20170720,    0,    0
 24657,134132,20170721,    0,    0
 24657,134132,20170722,    0,    0
 24657,134132,20170723,    0,    0
 24657,134132,20170724,    0,    0
 24657,134132,20170725,    0,    0
 24657,134132,20170726,    0,    0
 24657,134132,20170727,    0,    0
 24657,134132,20170728,    0,    0
 24657,134132,20170729,    0,    0
 24657,134132,20170730,    0,    0
 24657,134132,20170731,    0,    0
 24657,134132,20170801,    0,    0
 24657,134132,20170802,    0,    0
 24657,134132,20170803,    0,    0
 24657,134132,20170804,    0,    0
 24657,134132,20170805,    0,    0
 24657,134132,20170806,    0,    0
 24657,134132,20170807,    0,    0
 24657,134132,20170808,    0,    0
 24657,134132,20170809,    0,    0
 24657,134132,20170810,    0,    0
 24657,134132,20170811,    0,    0
 24657,134132,20170812,    0,    0
 24657,134132,20170813,    0,    0
 24657,134132,20170814,    0,    0
 24657,134132,20170815,    0,    0
 24657,134132,20170816,    0,    0
 24657,134132,20170817,    0,    0
 24657,134132,20170818,    0,    0
 24657,134132,20170819,    0,    0
 24657,134132,20170820,    0,    0
 24657,134132,20170821,    0,    0
 24657,134132,20170822,    0,    0
 24657,134132,20170823,    0,    0
 24657,134132,20170824,    0,    0
 24657,134132,20170825,    0,    0
 24657,134132,20170826,    0,    0
 24657,134132,20170827,    0,    0
 24657,134132,20170828,    0,    0
 24657,134132,20170829,    0,    0
 24657,134132,20170830,    0,    0
 24657,134132,20170831,    0,    0
 24657,134132,20170901,    0,    0
 24657,134132,20170902,    0,    0
 24657,134132,20170903,    0,    0
 24657,134132,20170904,    0,    0
 24657,134132,20170905,    0,    0
 24657,134132,20170906,    0,    0
 24657,134132,20170907,    0,    0
 24657,134132,20170908,    0,    0
 24657,134132,20170909,    0,    0
 24657,134132,20170910,    0,    0
 24657,134132,20170911,    0,    0
 24657,134132,20170912,    0,    0
 24657,134132,20170913,    0,    0
 24657,134132,20170914,    0,    0
 24657,134132,20170915,    0,    0
 24657,134132,20170916,    0,    0
 24657,134132,20170917,    0,    0
 24657,134132,20170918,    0,    0
 24657,134132,20170919,    0,    0
 24657,134132,20170920,    0,    0
 24657,134132,20170921,    0,    0
 24657,134132,20170922,    0,    0
 24657,134132,20170923,    0,    0
 24657,134132,20170924,    0,    0
 24657,134132,20170925,    0,    0
 24657,134132,20170926,    0,    0
 24657,134132,20170927,    0,    0
 24657,134132,20170928,    0,    0
 24657,134132,20170929,    0,    0
 24657,134132,20170930,    0,    0
 24657,134132,20171001,    0,    0
 24657,134132,20171002,    0,    0
 24657,134132,20171003,    0,    0
 24657,134132,20171004,    0,    0
 24657,134132,20171005,    0,    0
 24657,134132,20171006,    0,    0
 24657,134132,20171007,    0,    0
 24657,134132,20171008,    0,    0
 24657,134132,20171009,    0,    0
 24657,134132,20171010,    0,    0
 24657,134132,20171011,    0,    0
 24657,134132,20171012,    0,    0
 24657,134132,20171013,    0,    0
 24657,134132,20171014,    0,    0
 24657,134132,20171015,    0,    0
 24657,134132,20171016,    0,    0
 24657,134132,20171017,    0,    0
 24657,134132,20171018,    0,    0
 24657,134132,20171019,    0,    0
 24657,134132,20171020,    0,    0
 24657,134132,20171021,    0,    0
 24657,134132,20171022,    0,    0
 24657,134132,20171023,    0,    0
 24657,134132,20171024,    0,    0
 24657,134132,20171025,    0,    0
 24657,134132,20171026,    0,    0
 24657,134132,20171027,    0,    0
 24657,134132,20171028,    0,    0
 24657,134132,20171029,    0,    0
 24657,134132,20171030,    0,    0
 24657,134132,20171031,    0,    0
 24657,134132,20171101,    0,    0
 24657,134132,20171102,    0,    0
 24657,134132,20171103,    0,    0
 24657,134132,20171104,    0,    0
 24657,134132,20171105,    0,    0
 24657,134132,20171106,    0,    0
 24657,134132,20171107,    0,    0
 24657,134132,20171108,    0,    0
 24657,134132,20171109,    0,    0
 24657,134132,20171110,    0,    0
 24657,134132,20171111,    0,    0
 24657,134132,20171112,    0,    0
 24657,134132,20171113,    0,    0
 24657,134132,20171114,    0,    0
 24657,134132,20171115,    0,    0
 24657,134132,20171116,    0,    0
 24657,134132,20171117,    0,    0
 24657,134132,20171118,    0,    0
 24657,134132,20171119,    0,    0
 24657,134132,20171120,    0,    0
 24657,134132,20171121,    0,    0
 24657,134132,20171122,    0,    0
 24657,134132,20171123,    0,    0
 24657,134132,20171124,    0,    0
 24657,134132,20171125,    0,    0
 24657,134132,20171126,    0,    0
 24657,134132,20171127,    0,    0
 24657,134132,20171128,    0,    0
 24657,134132,20171129,    0,    0
 24657,134132,20171130,    0,    0
 24657,134132,20171201,    0,    0
 24657,134132,20171202,    0,    0
 24657,134132,20171203,    0,    0
 24657,134132,20171204,    0,    0
 24657,134132,20171205,    0,    0
 24657,134132,20171206,    0,    0
 24657,134132,20171207,    0,    0
 24657,134132,20171208,    0,    0
 24657,134132,20171209,    0,    0
 24657,134132,20171210,    0,    0
 24657,134132,20171211,    0,    0
 24657,134132,20171212,    0,    0
 24657,134132,20171213,    0,    0
 24657,134132,20171214,    0,    0
 24657,134132,20171215,    0,    0
 24657,134132,20171216,    0,    0
 24657,134132,20171217,    0,    0
 24657,134132,20171218,    0,    0
 24657,134132,20171219,    0,    0
 24657,134132,20171220,    0,    0
 24657,134132,20171221,    0,    0
 24657,134132,20171222,    0,    0
 24657,134132,20171223,    0,    0
 24657,134132,20171224,    0,    0
 24657,134132,20171225,    0,    0
 24657,134132,20171226,    0,    0
 24657,134132,20171227,    0,    0
 24657,134132,20171228,    0,    0
 24657,134132,20171229,    0,    0
 24657,134132,20171230,    0,    0
 24657,134132,20171231,    0,    0
 24657,134132,20180101,    0,    0
 24657,134132,20180102,    0,    0
 24657,134132,20180103,    0,    0
 24657,134132,20180104,    0,    0
 24657,134132,20180105,    0,    0
 24657,134132,20180106,    0,    0
 24657,134132,20180107,    0,    0
 24657,134132,20180108,    0,    0
 24657,134132,20180109,    0,    0
 24657,134132,20180110,    0,    0
 24657,134132,20180111,    0,    0
 24657,134132,20180112,    0,    0
 24657,134132,20180113,    0,    0
 24657,134132,20180114,    0,    0
 24657,134132,20180115,    0,    0
 24657,134132,20180116,    0,    0
 24657,134132,20180117,    0,    0
 24657,134132,20180118,    0,    0
 24657,134132,20180119,    0,    0
 24657,134132,20180120,    0,    0
 24657,134132,20180121,    0,    0
 24657,134132,20180122,    0,    0
 24657,134132,20180123,    0,    0
 24657,134132,20180124,    0,    0
 24657,134132,20180125,    0,    0
 24657,134132,20180126,    0,    0
 24657,134132,20180127,    0,    0
 24657,134132,20180128,    0,    0
 24657,134132,20180129,    0,    0
 24657,134132,20180130,    0,    0
 24657,134132,20180131,    0,    0
 24657,134132,20180201,    0,    0
 24657,134132,20180202,    0,    0
 24657,134132,20180203,    0,    0
 24657,134132,20180204,    0,    0
 24657,134132,20180205,    0,    0
 24657,134132,20180206,    0,    0
 24657,134132,20180207,    0,    0
 24657,134132,20180208,    0,    0
 24657,134132,20180209,    0,    0
 24657,134132,20180210,    0,    0
 24657,134132,20180211,    0,    0
 24657,134132,20180212,    0,    0
 24657,134132,20180213,    0,    0
 24657,134132,20180214,    0,    0
 24657,134132,20180215,    0,    0
 24657,134132,20180216,    0,    0
 24657,134132,20180217,    0,    0
 24657,134132,20180218,    0,    0
 24657,134132,20180219,    0,    0
 24657,134132,20180220,    0,    0
 24657,134132,20180221,    0,    0
 24657,134132,20180222,    0,    0
 24657,134132,20180223,    0,    0
 24657,134132,20180224,    0,    0
 24657,134132,20180225,    0,    0
 24657,134132,20180226,    0,    0
 24657,134132,20180227,    0,    0
 24657,134132,20180228,    0,    0
 24657,134132,20180301,    0,    0
 24657,134132,20180302,    0,    0
 24657,134132,20180303,    0,    0
 24657,134132,20180304,    0,    0
 24657,134132,20180305,    0,    0
 24657,134132,20180306,    0,    0
 24657,134132,20180307,    0,    0
 24657,134132,20180308,    0,    0
 24657,134132,20180309,    0,    0
 24657,134132,20180310,    0,    0
 24657,134132,20180311,    0,    0
 24657,134132,20180312,    0,    0
 24657,134132,20180313,    0,    0
 24657,134132,20180314,    0,    0
 24657,134132,20180315,    0,    0
 24657,134132,20180316,    0,    0
 24657,134132,20180317,    0,    0
 24657,134132,20180318,    0,    0
 24657,134132,20180319,    0,    0
 24657,134132,20180320,    0,    0
 24657,134132,20180321,    0,    0
 24657,134132,20180322,    0,    0
 24657,134132,20180323,    0,    0
 24657,134132,20180324,    0,    0
 24657,134132,20180325,    0,    0
 24657,134132,20180326,    0,    0
 24657,134132,20180327,    0,    0
 24657,134132,20180328,    0,    0
 24657,134132,20180329,    0,    0
 24657,134132,20180330,    0,    0
 24657,134132,20180331,    0,    0
 24657,134132,20180401,    0,    0
 24657,134132,20180402,    0,    0
 24657,134132,20180403,    0,    0
 24657,134132,20180404,    0,    0
 24657,134132,20180405,    0,    0
 24657,134132,20180406,    0,    0
 24657,134132,20180407,    0,    0
 24657,134132,20180408,    0,    0
 24657,134132,20180409,    0,    0
 24657,134132,20180410,    0,    0
 24657,134132,20180411,    0,    0
 24657,134132,20180412,    0,    0
 24657,134132,20180413,    0,    0
 24657,134132,20180414,    0,    0
 24657,134132,20180415,    0,    0
 24657,134132,20180416,    0,    0
 24657,134132,20180417,    0,    0
 24657,134132,20180418,    0,    0
 24657,134132,20180419,    0,    0
 24657,134132,20180420,    0,    0
 24657,134132,20180421,    0,    0
 24657,134132,20180422,    0,    0
 24657,134132,20180423,    0,    0
 24657,134132,20180424,    0,    0
 24657,134132,20180425,    0,    0
 24657,134132,20180426,    0,    0
 24657,134132,20180427,    0,    0
 24657,134132,20180428,    0,    0
 24657,134132,20180429,    0,    0
 24657,134132,20180430,    0,    0
 24657,134132,20180501,    0,    0
 24657,134132,20180502,    0,    0
 24657,134132,20180503,    0,    0
 24657,134132,20180504,    0,    0
 24657,134132,20180505,    0,    0
 24657,134132,20180506,    0,    0
 24657,134132,20180507,    0,    0
 24657,134132,20180508,    0,    0
 24657,134132,20180509,    0,    0
 24657,134132,20180510,    0,    0
 24657,134132,20180511,    0,    0
 24657,134132,20180512,    0,    0
 24657,134132,20180513,    0,    0
 24657,134132,20180514,    0,    0
 24657,134132,20180515,    0,    0
 24657,134132,20180516,    0,    0
 24657,134132,20180517,    0,    0
 24657,134132,20180518,    0,    0
 24657,134132,20180519,    0,    0
 24657,134132,20180520,    0,    0
 24657,134132,20180521,    0,    0
 24657,134132,20180522,    0,    0
 24657,134132,20180523,    0,    0
 24657,134132,20180524,    0,    0
 24657,134132,20180525,    0,    0
 24657,134132,20180526,    0,    0
 24657,134132,20180527,    0,    0
 24657,134132,20180528,    0,    0
 24657,134132,20180529,    0,    0
 24657,134132,20180530,    0,    0
 24657,134132,20180531,    0,    0
 24657,134132,20180601,    0,    0
 24657,134132,20180602,    0,    0
 24657,134132,20180603,    0,    0
 24657,134132,20180604,    0,    0
 24657,134132,20180605,    0,    0
 24657,134132,20180606,    0,    0
 24657,134132,20180607,    0,    0
 24657,134132,20180608,    0,    0
 24657,134132,20180609,    0,    0
 24657,134132,20180610,    0,    0
 24657,134132,20180611,    0,    0
 24657,134132,20180612,    0,    0
 24657,134132,20180613,    0,    0
 24657,134132,20180614,    0,    0
 24657,134132,20180615,    0,    0
 24657,134132,20180616,    0,    0
 24657,134132,20180617,    0,    0
 24657,134132,20180618,    0,    0
 24657,134132,20180619,    0,    0
 24657,134132,20180620,    0,    0
 24657,134132,20180621,    0,    0
 24657,134132,20180622,    0,    0
 24657,134132,20180623,    0,    0
 24657,134132,20180624,    0,    0
 24657,134132,20180625,    0,    0
 24657,134132,20180626,    0,    0
 24657,134132,20180627,    0,    0
 24657,134132,20180628,    0,    0
 24657,134132,20180629,    0,    0
 24657,134132,20180630,    0,    0
 24657,134132,20180701,    0,    0
 24657,134132,20180702,    0,    0
 24657,134132,20180703,    0,    0
 24657,134132,20180704,    0,    0
 24657,134132,20180705,    0,    0
 24657,134132,20180706,    0,    0
 24657,134132,20180707,    0,    0
 24657,134132,20180708,    0,    0
 24657,134132,20180709,    0,    0
 24657,134132,20180710,    0,    0
 24657,134132,20180711,    0,    0
 24657,134132,20180712,    0,    0
 24657,134132,20180713,    0,    0
 24657,134132,20180714,    0,    0
 24657,134132,20180715,    0,    0
 24657,134132,20180716,    0,    0
 24657,134132,20180717,    0,    0
 24657,134132,20180718,    0,    0
 24657,134132,20180719,    0,    0
 24657,134132,20180720,    0,    0
 24657,134132,20180721,    0,    0
 24657,134132,20180722,    0,    0
 24657,134132,20180723,    0,    0
 24657,134132,20180724,    0,    0
 24657,134132,20180725,    0,    0
 24657,134132,20180726,    0,    0
 24657,134132,20180727,    0,    0
 24657,134132,20180728,    0,    0
 24657,134132,20180729,    0,    0
 24657,134132,20180730,    0,    0
 24657,134132,20180731,    0,    0
 24657,134132,20180801,    0,    0
 24657,134132,20180802,    0,    0
 24657,134132,20180803,    0,    0
 24657,134132,20180804,    0,    0
 24657,134132,20180805,    0,    0
 24657,134132,20180806,    0,    0
 24657,134132,20180807,    0,    0
 24657,134132,20180808,    0,    0
 24657,134132,20180809,    0,    0
 24657,134132,20180810,    0,    0
 24657,134132,20180811,    0,    0
 24657,134132,20180812,    0,    0
 24657,134132,20180813,    0,    0
 24657,134132,20180814,    0,    0
 24657,134132,20180815,    0,    0
 24657,134132,20180816,    0,    0
 24657,134132,20180817,    0,    0
 24657,134132,20180818,    0,    0
 24657,134132,20180819,    0,    0
 24657,134132,20180820,    0,    0
 24657,134132,20180821,    0,    0
 24657,134132,20180822,    0,    0
 24657,134132,20180823,    0,    0
 24657,134132,20180824,    0,    0
 24657,134132,20180825,    0,    0
 24657,134132,20180826,    0,    0
 24657,134132,20180827,    0,    0
 24657,134132,20180828,    0,    0
 24657,134132,20180829,    0,    0
 24657,134132,20180830,    0,    0
 24657,134132,20180831,    0,    0
 24657,134132,20180901,    0,    0
 24657,134132,20180902,    0,    0
 24657,134132,20180903,    0,    0
 24657,134132,20180904,    0,    0
 24657,134132,20180905,    0,    0
 24657,134132,20180906,    0,    0
 24657,134132,20180907,    0,    0
 24657,134132,20180908,    0,    0
 24657,134132,20180909,    0,    0
 24657,134132,20180910,    0,    0
 24657,134132,20180911,    0,    0
 24657,134132,20180912,    0,    0
 24657,134132,20180913,    0,    0
 24657,134132,20180914,    0,    0
 24657,134132,20180915,    0,    0
 24657,134132,20180916,    0,    0
 24657,134132,20180917,    0,    0
 24657,134132,20180918,    0,    0
 24657,134132,20180919,    0,    0
 24657,134132,20180920,    0,    0
 24657,134132,20180921,    0,    0
 24657,134132,20180922,    0,    0
 24657,134132,20180923,    0,    0
 24657,134132,20180924,    0,    0
 24657,134132,20180925,    0,    0
 24657,134132,20180926,    0,    0
 24657,134132,20180927,    0,    0
 24657,134132,20180928,    0,    0
 24657,134132,20180929,    0,    0
 24657,134132,20180930,    0,    0
 24657,134132,20181001,    0,    0
 24657,134132,20181002,    0,    0
 24657,134132,20181003,    0,    0
 24657,134132,20181004,    0,    0
 24657,134132,20181005,    0,    0
 24657,134132,20181006,    0,    0
 24657,134132,20181007,    0,    0
 24657,134132,20181008,    0,    0
 24657,134132,20181009,    0,    0
 24657,134132,20181010,    0,    0
 24657,134132,20181011,    0,    0
 24657,134132,20181012,    0,    0
 24657,134132,20181013,    0,    0
 24657,134132,20181014,    0,    0
 24657,134132,20181015,    0,    0
 24657,134132,20181016,    0,    0
 24657,134132,20181017,    0,    0
 24657,134132,20181018,    0,    0
 24657,134132,20181019,    0,    0
 24657,134132,20181020,    0,    0
 24657,134132,20181021,    0,    0
 24657,134132,20181022,    0,    0
 24657,134132,20181023,    0,    0
 24657,134132,20181024,    0,    0
 24657,134132,20181025,    0,    0
 24657,134132,20181026,    0,    0
 24657,134132,20181027,    0,    0
 24657,134132,20181028,    0,    0
 24657,134132,20181029,    0,    0
 24657,134132,20181030,    0,    0
 24657,134132,20181031,    0,    0
 24657,134132,20181101,    0,    0
 24657,134132,20181102,    0,    0
 24657,134132,20181103,    0,    0
 24657,134132,20181104,    0,    0
 24657,134132,20181105,    0,    0
 24657,134132,20181106,    0,    0
 24657,134132,20181107,    0,    0
 24657,134132,20181108,    0,    0
 24657,134132,20181109,    0,    0
 24657,134132,20181110,    0,    0
 24657,134132,20181111,    0,    0
 24657,134132,20181112,    0,    0
 24657,134132,20181113,    0,    0
 24657,134132,20181114,    0,    0
 24657,134132,20181115,    0,    0
 24657,134132,20181116,    0,    0
 24657,134132,20181117,    0,    0
 24657,134132,20181118,    0,    0
 24657,134132,20181119,    0,    0
 24657,134132,20181120,    0,    0
 24657,134132,20181121,    0,    0
 24657,134132,20181122,    0,    0
 24657,134132,20181123,    0,    0
 24657,134132,20181124,    0,    0
 24657,134132,20181125,    0,    0
 24657,134132,20181126,    0,    0
 24657,134132,20181127,    0,    0
 24657,134132,20181128,    0,    0
 24657,134132,20181129,    0,    0
 24657,134132,20181130,    0,    0
 24657,134132,20181201,    0,    0
 24657,134132,20181202,    0,    0
 24657,134132,20181203,    0,    0
 24657,134132,20181204,    0,    0
 24657,134132,20181205,    0,    0
 24657,134132,20181206,    0,    0
 24657,134132,20181207,    0,    0
 24657,134132,20181208,    0,    0
 24657,134132,20181209,    0,    0
 24657,134132,20181210,    0,    0
 24657,134132,20181211,    0,    0
 24657,134132,20181212,    0,    0
 24657,134132,20181213,    0,    0
 24657,134132,20181214,    0,    0
 24657,134132,20181215,    0,    0
 24657,134132,20181216,    0,    0
 24657,134132,20181217,    0,    0
 24657,134132,20181218,    0,    0
 24657,134132,20181219,    0,    0
 24657,134132,20181220,    0,    0
 24657,134132,20181221,    0,    0
 24657,134132,20181222,    0,    0
 24657,134132,20181223,    0,    0
 24657,134132,20181224,    0,    0
 24657,134132,20181225,    0,    0
 24657,134132,20181226,    0,    0
 24657,134132,20181227,    0,    0
 24657,134132,20181228,    0,    0
 24657,134132,20181229,    0,    0
 24657,134132,20181230,    0,    0
 24657,134132,20181231,    0,    0
 24657,134132,20190101,    0,    0
 24657,134132,20190102,    0,    0
 24657,134132,20190103,    0,    0
 24657,134132,20190104,    0,    0
 24657,134132,20190105,    0,    0
 24657,134132,20190106,    0,    0
 24657,134132,20190107,    0,    0
 24657,134132,20190108,    0,    0
 24657,134132,20190109,    0,    0
 24657,134132,20190110,    0,    0
 24657,134132,20190111,    0,    0
 24657,134132,20190112,    0,    0
 24657,134132,20190113,    0,    0
 24657,134132,20190114,    0,    0
 24657,134132,20190115,    0,    0
 24657,134132,20190116,    0,    0
 24657,134132,20190117,    0,    0
 24657,134132,20190118,    0,    0
 24657,134132,20190119,    0,    0
 24657,134132,20190120,    0,    0
 24657,134132,20190121,    0,    0
 24657,134132,20190122,    0,    0
 24657,134132,20190123,    0,    0
 24657,134132,20190124,    0,    0
 24657,134132,20190125,    0,    0
 24657,134132,20190126,    0,    0
 24657,134132,20190127,    0,    0
 24657,134132,20190128,    0,    0
 24657,134132,20190129,    0,    0
 24657,134132,20190130,    0,    0
 24657,134132,20190131,    0,    0
 24657,134132,20190201,    0,    0
 24657,134132,20190202,    0,    0
 24657,134132,20190203,    0,    0
 24657,134132,20190204,    0,    0
 24657,134132,20190205,    0,    0
 24657,134132,20190206,    0,    0
 24657,134132,20190207,    0,    0
 24657,134132,20190208,    0,    0
 24657,134132,20190209,    0,    0
 24657,134132,20190210,    0,    0
 24657,134132,20190211,    0,    0
 24657,134132,20190212,    0,    0
 24657,134132,20190213,    0,    0
 24657,134132,20190214,    0,    0
 24657,134132,20190215,    0,    0
 24657,134132,20190216,    0,    0
 24657,134132,20190217,    0,    0
 24657,134132,20190218,    0,    0
 24657,134132,20190219,    0,    0
 24657,134132,20190220,    0,    0
 24657,134132,20190221,    0,    0
 24657,134132,20190222,    0,    0
 24657,134132,20190223,    0,    0
 24657,134132,20190224,    0,    0
 24657,134132,20190225,    0,    0
 24657,134132,20190226,    0,    0
 24657,134132,20190227,    0,    0
 24657,134132,20190228,    0,    0
 24657,134132,20190301,    0,    0
 24657,134132,20190302,    0,    0
 24657,134132,20190303,    0,    0
 24657,134132,20190304,    0,    0
 24657,134132,20190305,    0,    0
 24657,134132,20190306,    0,    0
 24657,134132,20190307,    0,    0
 24657,134132,20190308,    0,    0
 24657,134132,20190309,    0,    0
 24657,134132,20190310,    0,    0
 24657,134132,20190311,    0,    0
 24657,134132,20190312,    0,    0
 24657,134132,20190313,    0,    0
 24657,134132,20190314,    0,    0
 24657,134132,20190315,    0,    0
 24657,134132,20190316,    0,    0
 24657,134132,20190317,    0,    0
 24657,134132,20190318,    0,    0
 24657,134132,20190319,    0,    0
 24657,134132,20190320,    0,    0
 24657,134132,20190321,    0,    0
 24657,134132,20190322,    0,    0
 24657,134132,20190323,    0,    0
 24657,134132,20190324,    0,    0
 24657,134132,20190325,    0,    0
 24657,134132,20190326,    0,    0
 24657,134132,20190327,    0,    0
 24657,134132,20190328,    0,    0
 24657,134132,20190329,    0,    0
 24657,134132,20190330,    0,    0
 24657,134132,20190331,    0,    0
 24657,134132,20190401,    0,    0
 24657,134132,20190402,    0,    0
 24657,134132,20190403,    0,    0
 24657,134132,20190404,    0,    0
 24657,134132,20190405,    0,    0
 24657,134132,20190406,    0,    0
 24657,134132,20190407,    0,    0
 24657,134132,20190408,    0,    0
 24657,134132,20190409,    0,    0
 24657,134132,20190410,    0,    0
 24657,134132,20190411,    0,    0
 24657,134132,20190412,    0,    0
 24657,134132,20190413,    0,    0
 24657,134132,20190414,    0,    0
 24657,134132,20190415,    0,    0
 24657,134132,20190416,    0,    0
 24657,134132,20190417,    0,    0
 24657,134132,20190418,    0,    0
 24657,134132,20190419,    0,    0
 24657,134132,20190420,    0,    0
 24657,134132,20190421,    0,    0
 24657,134132,20190422,    0,    0
 24657,134132,20190423,    0,    0
 24657,134132,20190424,    0,    0
 24657,134132,20190425,    0,    0
 24657,134132,20190426,    0,    0
 24657,134132,20190427,    0,    0
 24657,134132,20190428,    0,    0
 24657,134132,20190429,    0,    0
 24657,134132,20190430,    0,    0
 24657,134132,20190501,    0,    0
 24657,134132,20190502,    0,    0
 24657,134132,20190503,    0,    0
 24657,134132,20190504,    0,    0
 24657,134132,20190505,    0,    0
 24657,134132,20190506,    0,    0
 24657,134132,20190507,    0,    0
 24657,134132,20190508,    0,    0
 24657,134132,20190509,    0,    0
 24657,134132,20190510,    0,    0
 24657,134132,20190511,    0,    0
 24657,134132,20190512,    0,    0
 24657,134132,20190513,    0,    0
 24657,134132,20190514,    0,    0
 24657,134132,20190515,    0,    0
 24657,134132,20190516,    0,    0
 24657,134132,20190517,    0,    0
 24657,134132,20190518,    0,    0
 24657,134132,20190519,    0,    0
 24657,134132,20190520,    0,    0
 24657,134132,20190521,    0,    0
 24657,134132,20190522,    0,    0
 24657,134132,20190523,    0,    0
 24657,134132,20190524,    0,    0
 24657,134132,20190525,    0,    0
 24657,134132,20190526,    0,    0
 24657,134132,20190527,    0,    0
 24657,134132,20190528,    0,    0
 24657,134132,20190529,    0,    0
 24657,134132,20190530,    0,    0
 24657,134132,20190531,    0,    0
 24657,134132,20190601,    0,    0
 24657,134132,20190602,    0,    0
 24657,134132,20190603,    0,    0
 24657,134132,20190604,    0,    0
 24657,134132,20190605,    0,    0
 24657,134132,20190606,    0,    0
 24657,134132,20190607,    0,    0
 24657,134132,20190608,    0,    0
 24657,134132,20190609,    0,    0
 24657,134132,20190610,    0,    0
 24657,134132,20190611,    0,    0
 24657,134132,20190612,    0,    0
 24657,134132,20190613,    0,    0
 24657,134132,20190614,    0,    0
 24657,134132,20190615,    0,    0
 24657,134132,20190616,    0,    0
 24657,134132,20190617,    0,    0
 24657,134132,20190618,    0,    0
 24657,134132,20190619,    0,    0
 24657,134132,20190620,    0,    0
 24657,134132,20190621,    0,    0
 24657,134132,20190622,    0,    0
 24657,134132,20190623,    0,    0
 24657,134132,20190624,    0,    0
 24657,134132,20190625,    0,    0
 24657,134132,20190626,    0,    0
 24657,134132,20190627,    0,    0
 24657,134132,20190628,    0,    0
 24657,134132,20190629,    0,    0
 24657,134132,20190630,    0,    0
 24657,134132,20190701,    0,    0
 24657,134132,20190702,    0,    0
 24657,134132,20190703,    0,    0
 24657,134132,20190704,    0,    0
 24657,134132,20190705,    0,    0
 24657,134132,20190706,    0,    0
 24657,134132,20190707,    0,    0
 24657,134132,20190708,    0,    0
 24657,134132,20190709,    0,    0
 24657,134132,20190710,    0,    0
 24657,134132,20190711,    0,    0
 24657,134132,20190712,    0,    0
 24657,134132,20190713,    0,    0
 24657,134132,20190714,    0,    0
 24657,134132,20190715,    0,    0
 24657,134132,20190716,    0,    0
 24657,134132,20190717,    0,    0
 24657,134132,20190718,    0,    0
 24657,134132,20190719,    0,    0
 24657,134132,20190720,    0,    0
 24657,134132,20190721,    0,    0
 24657,134132,20190722,    0,    0
 24657,134132,20190723,    0,    0
 24657,134132,20190724,    0,    0
 24657,134132,20190725,    0,    0
 24657,134132,20190726,    0,    0
 24657,134132,20190727,    0,    0
 24657,134132,20190728,    0,    0
 24657,134132,20190729,    0,    0
 24657,134132,20190730,    0,    0
 24657,134132,20190731,    0,    0
 24657,134132,20190801,    0,    0
 24657,134132,20190802,    0,    0
 24657,134132,20190803,    0,    0
 24657,134132,20190804,    0,    0
 24657,134132,20190805,    0,    0
 24657,134132,20190806,    0,    0
 24657,134132,20190807,    0,    0
 24657,134132,20190808,    0,    0
 24657,134132,20190809,    0,    0
 24657,134132,20190810,    0,    0
 24657,134132,20190811,    0,    0
 24657,134132,20190812,    0,    0
 24657,134132,20190813,    0,    0
 24657,134132,20190814,    0,    0
 24657,134132,20190815,    0,    0
 24657,134132,20190816,    0,    0
 24657,134132,20190817,    0,    0
 24657,134132,20190818,    0,    0
 24657,134132,20190819,    0,    0
 24657,134132,20190820,    0,    0
 24657,134132,20190821,    0,    0
 24657,134132,20190822,    0,    0
 24657,134132,20190823,    0,    0
 24657,134132,20190824,    0,    0
 24657,134132,20190825,    0,    0
 24657,134132,20190826,    0,    0
 24657,134132,20190827,    0,    0
 24657,134132,20190828,    0,    0
 24657,134132,20190829,    0,    0
 24657,134132,20190830,    0,    0
 24657,134132,20190831,    0,    0
 24657,134132,20190901,    0,    0
 24657,134132,20190902,    0,    0
 24657,134132,20190903,    0,    0
 24657,134132,20190904,    0,    0
 24657,134132,20190905,    0,    0
 24657,134132,20190906,    0,    0
 24657,134132,20190907,    0,    0
 24657,134132,20190908,    0,    0
 24657,134132,20190909,    0,    0
 24657,134132,20190910,    0,    0
 24657,134132,20190911,    0,    0
 24657,134132,20190912,    0,    0
 24657,134132,20190913,    0,    0
 24657,134132,20190914,    0,    0
 24657,134132,20190915,    0,    0
 24657,134132,20190916,    0,    0
 24657,134132,20190917,    0,    0
 24657,134132,20190918,    0,    0
 24657,134132,20190919,    0,    0
 24657,134132,20190920,    0,    0
 24657,134132,20190921,    0,    0
 24657,134132,20190922,    0,    0
 24657,134132,20190923,    0,    0
 24657,134132,20190924,    0,    0
 24657,134132,20190925,    0,    0
 24657,134132,20190926,    0,    0
 24657,134132,20190927,    0,    0
 24657,134132,20190928,    0,    0
 24657,134132,20190929,    0,    0
 24657,134132,20190930,    0,    0
 24657,134132,20191001,    0,    0
 24657,134132,20191002,    0,    0
 24657,134132,20191003,    0,    0
 24657,134132,20191004,    0,    0
 24657,134132,20191005,    0,    0
 24657,134132,20191006,    0,    0
 24657,134132,20191007,    0,    0
 24657,134132,20191008,    0,    0
 24657,134132,20191009,    0,    0
 24657,134132,20191010,    0,    0
 24657,134132,20191011,    0,    0
 24657,134132,20191012,    0,    0
 24657,134132,20191013,    0,    0
 24657,134132,20191014,    0,    0
 24657,134132,20191015,    0,    0
 24657,134132,20191016,    0,    0
 24657,134132,20191017,    0,    0
 24657,134132,20191018,    0,    0
 24657,134132,20191019,    0,    0
 24657,134132,20191020,    0,    0
 24657,134132,20191021,    0,    0
 24657,134132,20191022,    0,    0
 24657,134132,20191023,    0,    0
 24657,134132,20191024,    0,    0
 24657,134132,20191025,    0,    0
 24657,134132,20191026,    0,    0
 24657,134132,20191027,    0,    0
 24657,134132,20191028,    0,    0
 24657,134132,20191029,    0,    0
 24657,134132,20191030,    0,    0
 24657,134132,20191031,    0,    0
 24657,134132,20191101,    0,    0
 24657,134132,20191102,    0,    0
 24657,134132,20191103,    0,    0
 24657,134132,20191104,    0,    0
 24657,134132,20191105,    0,    0
 24657,134132,20191106,    0,    0
 24657,134132,20191107,    0,    0
 24657,134132,20191108,    0,    0
 24657,134132,20191109,    0,    0
 24657,134132,20191110,    0,    0
 24657,134132,20191111,    0,    0
 24657,134132,20191112,    0,    0
 24657,134132,20191113,    0,    0
 24657,134132,20191114,    0,    0
 24657,134132,20191115,    0,    0
 24657,134132,20191116,    0,    0
 24657,134132,20191117,    0,    0
 24657,134132,20191118,    0,    0
 24657,134132,20191119,    0,    0
 24657,134132,20191120,    0,    0
 24657,134132,20191121,    0,    0
 24657,134132,20191122,    0,    0
 24657,134132,20191123,    0,    0
 24657,134132,20191124,    0,    0
 24657,134132,20191125,    0,    0
 24657,134132,20191126,    0,    0
 24657,134132,20191127,    0,    0
 24657,134132,20191128,    0,    0
 24657,134132,20191129,    0,    0
 24657,134132,20191130,    0,    0
 24657,134132,20191201,    0,    0
 24657,134132,20191202,    0,    0
 24657,134132,20191203,    0,    0
 24657,134132,20191204,    0,    0
 24657,134132,20191205,    0,    0
 24657,134132,20191206,    0,    0
 24657,134132,20191207,    0,    0
 24657,134132,20191208,    0,    0
 24657,134132,20191209,    0,    0
 24657,134132,20191210,    0,    0
 24657,134132,20191211,    0,    0
 24657,134132,20191212,    0,    0
 24657,134132,20191213,    0,    0
 24657,134132,20191214,    0,    0
 24657,134132,20191215,    0,    0
 24657,134132,20191216,    0,    0
 24657,134132,20191217,    0,    0
 24657,134132,20191218,    0,    0
 24657,134132,20191219,    0,    0
 24657,134132,20191220,    0,    0
 24657,134132,20191221,    0,    0
 24657,134132,20191222,    0,    0
 24657,134132,20191223,    0,    0
 24657,134132,20191224,    0,    0
 24657,134132,20191225,    0,    0
 24657,134132,20191226,    0,    0
 24657,134132,20191227,    0,    0
 24657,134132,20191228,    0,    0
 24657,134132,20191229,    0,    0
 24657,134132,20191230,    0,    0
 24657,134132,20191231,    0,    0
 24657,134132,20200101,    0,    0
 24657,134132,20200102,    0,    0
 24657,134132,20200103,    0,    0
 24657,134132,20200104,    0,    0
 24657,134132,20200105,    0,    0
 24657,134132,20200106,    0,    0
 24657,134132,20200107,    0,    0
 24657,134132,20200108,    0,    0
 24657,134132,20200109,    0,    0
 24657,134132,20200110,    0,    0
 24657,134132,20200111,    0,    0
 24657,134132,20200112,    0,    0
 24657,134132,20200113,    0,    0
 24657,134132,20200114,    0,    0
 24657,134132,20200115,    0,    0
 24657,134132,20200116,    0,    0
 24657,134132,20200117,    0,    0
 24657,134132,20200118,    0,    0
 24657,134132,20200119,    0,    0
 24657,134132,20200120,    0,    0
 24657,134132,20200121,    0,    0
 24657,134132,20200122,    0,    0
 24657,134132,20200123,    0,    0
 24657,134132,20200124,    0,    0
 24657,134132,20200125,    0,    0
 24657,134132,20200126,    0,    0
 24657,134132,20200127,    0,    0
 24657,134132,20200128,    0,    0
 24657,134132,20200129,    0,    0
 24657,134132,20200130,    0,    0
 24657,134132,20200131,    0,    0
 24657,134132,20200201,    0,    0
 24657,134132,20200202,    0,    0
 24657,134132,20200203,    0,    0
 24657,134132,20200204,    0,    0
 24657,134132,20200205,    0,    0
 24657,134132,20200206,    0,    0
 24657,134132,20200207,    0,    0
 24657,134132,20200208,    0,    0
 24657,134132,20200209,    0,    0
 24657,134132,20200210,    0,    0
 24657,134132,20200211,    0,    0
 24657,134132,20200212,    0,    0
 24657,134132,20200213,    0,    0
 24657,134132,20200214,    0,    0
 24657,134132,20200215,    0,    0
 24657,134132,20200216,    0,    0
 24657,134132,20200217,    0,    0
 24657,134132,20200218,    0,    0
 24657,134132,20200219,    0,    0
 24657,134132,20200220,    0,    0
 24657,134132,20200221,    0,    0
 24657,134132,20200222,    0,    0
 24657,134132,20200223,    0,    0
 24657,134132,20200224,    0,    0
 24657,134132,20200225,    0,    0
 24657,134132,20200226,    0,    0
 24657,134132,20200227,    0,    0
 24657,134132,20200228,    0,    0
 24657,134132,20200229,    0,    0
 24657,134132,20200301,    0,    0
 24657,134132,20200302,    0,    0
 24657,134132,20200303,    0,    0
 24657,134132,20200304,    0,    0
 24657,134132,20200305,    0,    0
 24657,134132,20200306,    0,    0
 24657,134132,20200307,    0,    0
 24657,134132,20200308,    0,    0
 24657,134132,20200309,    0,    0
 24657,134132,20200310,    0,    0
 24657,134132,20200311,    0,    0
 24657,134132,20200312,    0,    0
 24657,134132,20200313,    0,    0
 24657,134132,20200314,    0,    0
 24657,134132,20200315,    0,    0
 24657,134132,20200316,    0,    0
 24657,134132,20200317,    0,    0
 24657,134132,20200318,    0,    0
 24657,134132,20200319,    0,    0
 24657,134132,20200320,    0,    0
 24657,134132,20200321,    0,    0
 24657,134132,20200322,    0,    0
 24657,134132,20200323,    0,    0
 24657,134132,20200324,    0,    0
 24657,134132,20200325,    0,    0
 24657,134132,20200326,    0,    0
 24657,134132,20200327,    0,    0
 24657,134132,20200328,    0,    0
 24657,134132,20200329,    0,    0
 24657,134132,20200330,    0,    0
 24657,134132,20200331,    0,    0
 24657,134132,20200401,    0,    0
 24657,134132,20200402,    0,    0
 24657,134132,20200403,    0,    0
 24657,134132,20200404,    0,    0
 24657,134132,20200405,    0,    0
 24657,134132,20200406,    0,    0
 24657,134132,20200407,    0,    0
 24657,134132,20200408,    0,    0
 24657,134132,20200409,    0,    0
 24657,134132,20200410,    0,    0
 24657,134132,20200411,    0,    0
 24657,134132,20200412,    0,    0
 24657,134132,20200413,    0,    0
 24657,134132,20200414,    0,    0
 24657,134132,20200415,    0,    0
 24657,134132,20200416,    0,    0
 24657,134132,20200417,    0,    0
 24657,134132,20200418,    0,    0
 24657,134132,20200419,    0,    0
 24657,134132,20200420,    0,    0
 24657,134132,20200421,    0,    0
 24657,134132,20200422,    0,    0
 24657,134132,20200423,    0,    0
 24657,134132,20200424,    0,    0
 24657,134132,20200425,    0,    0
 24657,134132,20200426,    0,    0
 24657,134132,20200427,    0,    0
 24657,134132,20200428,    0,    0
 24657,134132,20200429,    0,    0
 24657,134132,20200430,    0,    0
 24657,134132,20200501,    0,    0
 24657,134132,20200502,    0,    0
 24657,134132,20200503,    0,    0
 24657,134132,20200504,    0,    0
 24657,134132,20200505,    0,    0
 24657,134132,20200506,    0,    0
 24657,134132,20200507,    0,    0
 24657,134132,20200508,    0,    0
 24657,134132,20200509,    0,    0
 24657,134132,20200510,    0,    0
 24657,134132,20200511,    0,    0
 24657,134132,20200512,    0,    0
 24657,134132,20200513,    0,    0
 24657,134132,20200514,    0,    0
 24657,134132,20200515,    0,    0
 24657,134132,20200516,    0,    0
 24657,134132,20200517,    0,    0
 24657,134132,20200518,    0,    0
 24657,134132,20200519,    0,    0
 24657,134132,20200520,    0,    0
 24657,134132,20200521,    0,    0
 24657,134132,20200522,    0,    0
 24657,134132,20200523,    0,    0
 24657,134132,20200524,    0,    0
 24657,134132,20200525,    0,    0
 24657,134132,20200526,    0,    0
 24657,134132,20200527,    0,    0
 24657,134132,20200528,    0,    0
 24657,134132,20200529,    0,    0
 24657,134132,20200530,    0,    0
 24657,134132,20200531,    0,    0
 24657,134132,20200601,    0,    0
 24657,134132,20200602,    0,    0
 24657,134132,20200603,    0,    0
 24657,134132,20200604,    0,    0
 24657,134132,20200605,    0,    0
 24657,134132,20200606,    0,    0
 24657,134132,20200607,    0,    0
 24657,134132,20200608,    0,    0
 24657,134132,20200609,    0,    0
 24657,134132,20200610,    0,    0
 24657,134132,20200611,    0,    0
 24657,134132,20200612,    0,    0
 24657,134132,20200613,    0,    0
 24657,134132,20200614,    0,    0
 24657,134132,20200615,    0,    0
 24657,134132,20200616,    0,    0
 24657,134132,20200617,    0,    0
 24657,134132,20200618,    0,    0
 24657,134132,20200619,    0,    0
 24657,134132,20200620,    0,    0
 24657,134132,20200621,    0,    0
 24657,134132,20200622,    0,    0
 24657,134132,20200623,    0,    0
 24657,134132,20200624,    0,    0
 24657,134132,20200625,    0,    0
 24657,134132,20200626,    0,    0
 24657,134132,20200627,    0,    0
 24657,134132,20200628,    0,    0
 24657,134132,20200629,    0,    0
 24657,134132,20200630,    0,    0
 24657,134132,20200701,    0,    0
 24657,134132,20200702,    0,    0
 24657,134132,20200703,    0,    0
 24657,134132,20200704,    0,    0
 24657,134132,20200705,    0,    0
 24657,134132,20200706,    0,    0
 24657,134132,20200707,    0,    0
 24657,134132,20200708,    0,    0
 24657,134132,20200709,    0,    0
 24657,134132,20200710,    0,    0
 24657,134132,20200711,    0,    0
 24657,134132,20200712,    0,    0
 24657,134132,20200713,    0,    0
 24657,134132,20200714,    0,    0
 24657,134132,20200715,    0,    0
 24657,134132,20200716,    0,    0
 24657,134132,20200717,    0,    0
 24657,134132,20200718,    0,    0
 24657,134132,20200719,    0,    0
 24657,134132,20200720,    0,    0
 24657,134132,20200721,    0,    0
 24657,134132,20200722,    0,    0
 24657,134132,20200723,    0,    0
 24657,134132,20200724,    0,    0
 24657,134132,20200725,    0,    0
 24657,134132,20200726,    0,    0
 24657,134132,20200727,    0,    0
 24657,134132,20200728,    0,    0
 24657,134132,20200729,    0,    0
 24657,134132,20200730,    0,    0
 24657,134132,20200731,    0,    0
 24657,134132,20200801,    0,    0
 24657,134132,20200802,    0,    0
 24657,134132,20200803,    0,    0
 24657,134132,20200804,    0,    0
 24657,134132,20200805,    0,    0
 24657,134132,20200806,    0,    0
 24657,134132,20200807,    0,    0
 24657,134132,20200808,    0,    0
 24657,134132,20200809,    0,    0
 24657,134132,20200810,    0,    0
 24657,134132,20200811,    0,    0
 24657,134132,20200812,    0,    0
 24657,134132,20200813,    0,    0
 24657,134132,20200814,    0,    0
 24657,134132,20200815,    0,    0
 24657,134132,20200816,    0,    0
 24657,134132,20200817,    0,    0
 24657,134132,20200818,    0,    0
 24657,134132,20200819,    0,    0
 24657,134132,20200820,    0,    0
 24657,134132,20200821,    0,    0
 24657,134132,20200822,    0,    0
 24657,134132,20200823,    0,    0
 24657,134132,20200824,    0,    0
 24657,134132,20200825,    0,    0
 24657,134132,20200826,    0,    0
 24657,134132,20200827,    0,    0
 24657,134132,20200828,    0,    0
 24657,134132,20200829,    0,    0
 24657,134132,20200830,    0,    0
 24657,134132,20200831,    0,    0
 24657,134132,20200901,    0,    0
 24657,134132,20200902,    0,    0
 24657,134132,20200903,    0,    0
 24657,134132,20200904,    0,    0
 24657,134132,20200905,    0,    0
 24657,134132,20200906,    0,    0
 24657,134132,20200907,    0,    0
 24657,134132,20200908,    0,    0
 24657,134132,20200909,    0,    0
 24657,134132,20200910,    0,    0
 24657,134132,20200911,    0,    0
 24657,134132,20200912,    0,    0
 24657,134132,20200913,    0,    0
 24657,134132,20200914,    0,    0
 24657,134132,20200915,    0,    0
 24657,134132,20200916,    0,    0
 24657,134132,20200917,    0,    0
 24657,134132,20200918,    0,    0
 24657,134132,20200919,    0,    0
 24657,134132,20200920,    0,    0
 24657,134132,20200921,    0,    0
 24657,134132,20200922,    0,    0
 24657,134132,20200923,    0,    0
 24657,134132,20200924,    0,    0
 24657,134132,20200925,    0,    0
 24657,134132,20200926,    0,    0
 24657,134132,20200927,    0,    0
 24657,134132,20200928,    0,    0
 24657,134132,20200929,    0,    0
 24657,134132,20200930,    0,    0
 24657,134132,20201001,    0,    0
 24657,134132,20201002,    0,    0
 24657,134132,20201003,    0,    0
 24657,134132,20201004,    0,    0
 24657,134132,20201005,    0,    0
 24657,134132,20201006,    0,    0
 24657,134132,20201007,    0,    0
 24657,134132,20201008,    0,    0
 24657,134132,20201009,    0,    0
 24657,134132,20201010,    0,    0
 24657,134132,20201011,    0,    0
 24657,134132,20201012,    0,    0
 24657,134132,20201013,    0,    0
 24657,134132,20201014,    0,    0
 24657,134132,20201015,    0,    0
 24657,134132,20201016,    0,    0
 24657,134132,20201017,    0,    0
 24657,134132,20201018,    0,    0
 24657,134132,20201019,    0,    0
 24657,134132,20201020,    0,    0
 24657,134132,20201021,    0,    0
 24657,134132,20201022,    0,    0
 24657,134132,20201023,    0,    0
 24657,134132,20201024,    0,    0
 24657,134132,20201025,    0,    0
 24657,134132,20201026,    0,    0
 24657,134132,20201027,    0,    0
 24657,134132,20201028,    0,    0
 24657,134132,20201029,    0,    0
 24657,134132,20201030,    0,    0
 24657,134132,20201031,    0,    0
 24657,134132,20201101,    0,    0
 24657,134132,20201102,    0,    0
 24657,134132,20201103,    0,    0
 24657,134132,20201104,    0,    0
 24657,134132,20201105,    0,    0
 24657,134132,20201106,    0,    0
 24657,134132,20201107,    0,    0
 24657,134132,20201108,    0,    0
 24657,134132,20201109,    0,    0
 24657,134132,20201110,    0,    0
 24657,134132,20201111,    0,    0
 24657,134132,20201112,    0,    0
 24657,134132,20201113,    0,    0
 24657,134132,20201114,    0,    0
 24657,134132,20201115,    0,    0
 24657,134132,20201116,    0,    0
 24657,134132,20201117,    0,    0
 24657,134132,20201118,    0,    0
 24657,134132,20201119,    0,    0
 24657,134132,20201120,    0,    0
 24657,134132,20201121,    0,    0
 24657,134132,20201122,    0,    0
 24657,134132,20201123,    0,    0
 24657,134132,20201124,    0,    0
 24657,134132,20201125,    0,    0
 24657,134132,20201126,    0,    0
 24657,134132,20201127,    0,    0
 24657,134132,20201128,    0,    0
 24657,134132,20201129,    0,    0
 24657,134132,20201130,    0,    0
 24657,134132,20201201,    0,    0
 24657,134132,20201202,    0,    0
 24657,134132,20201203,    0,    0
 24657,134132,20201204,    0,    0
 24657,134132,20201205,    0,    0
 24657,134132,20201206,    0,    0
 24657,134132,20201207,    0,    0
 24657,134132,20201208,    0,    0
 24657,134132,20201209,    0,    0
 24657,134132,20201210,    0,    0
 24657,134132,20201211,    0,    0
 24657,134132,20201212,    0,    0
 24657,134132,20201213,    0,    0
 24657,134132,20201214,    0,    0
 24657,134132,20201215,    0,    0
 24657,134132,20201216,    0,    0
 24657,134132,20201217,    0,    0
 24657,134132,20201218,    0,    0
 24657,134132,20201219,    0,    0
 24657,134132,20201220,    0,    0
 24657,134132,20201221,    0,    0
 24657,134132,20201222,    0,    0
 24657,134132,20201223,    0,    0
 24657,134132,20201224,    0,    0
 24657,134132,20201225,    0,    0
 24657,134132,20201226,    0,    0
 24657,134132,20201227,    0,    0
 24657,134132,20201228,    0,    0
 24657,134132,20201229,    0,    0
 24657,134132,20201230,    0,    0
 24657,134132,20201231,    0,    0
 24657,134132,20210101,    0,    0
 24657,134132,20210102,    0,    0
 24657,134132,20210103,    0,    0
 24657,134132,20210104,    0,    0
 24657,134132,20210105,    0,    0
 24657,134132,20210106,    0,    0
 24657,134132,20210107,    0,    0
 24657,134132,20210108,    0,    0
 24657,134132,20210109,    0,    0
 24657,134132,20210110,    0,    0
 24657,134132,20210111,    0,    0
 24657,134132,20210112,    0,    0
 24657,134132,20210113,    0,    0
 24657,134132,20210114,    0,    0
 24657,134132,20210115,    0,    0
 24657,134132,20210116,    0,    0
 24657,134132,20210117,    0,    0
 24657,134132,20210118,    0,    0
 24657,134132,20210119,    0,    0
 24657,134132,20210120,    0,    0
 24657,134132,20210121,    0,    0
 24657,134132,20210122,    0,    0
 24657,134132,20210123,    0,    0
 24657,134132,20210124,    0,    0
 24657,134132,20210125,    0,    0
 24657,134132,20210126,    0,    0
 24657,134132,20210127,    0,    0
 24657,134132,20210128,    0,    0
 24657,134132,20210129,    0,    0
 24657,134132,20210130,    0,    0
 24657,134132,20210131,    0,    0
 24657,134132,20210201,    0,    0
 24657,134132,20210202,    0,    0
 24657,134132,20210203,    0,    0
 24657,134132,20210204,    0,    0
 24657,134132,20210205,    0,    0
 24657,134132,20210206,    0,    0
 24657,134132,20210207,    0,    0
 24657,134132,20210208,    0,    0
 24657,134132,20210209,    0,    0
 24657,134132,20210210,    0,    0
 24657,134132,20210211,    0,    0
 24657,134132,20210212,    0,    0
 24657,134132,20210213,    0,    0
 24657,134132,20210214,    0,    0
 24657,134132,20210215,    0,    0
 24657,134132,20210216,    0,    0
 24657,134132,20210217,    0,    0
 24657,134132,20210218,    0,    0
 24657,134132,20210219,    0,    0
 24657,134132,20210220,    0,    0
 24657,134132,20210221,    0,    0
 24657,134132,20210222,    0,    0
 24657,134132,20210223,    0,    0
 24657,134132,20210224,    0,    0
 24657,134132,20210225,    0,    0
 24657,134132,20210226,    0,    0
 24657,134132,20210227,    0,    0
 24657,134132,20210228,    0,    0
 24657,134132,20210301,    0,    0
 24657,134132,20210302,    0,    0
 24657,134132,20210303,    0,    0
 24657,134132,20210304,    0,    0
 24657,134132,20210305,    0,    0
 24657,134132,20210306,    0,    0
 24657,134132,20210307,    0,    0
 24657,134132,20210308,    0,    0
 24657,134132,20210309,    0,    0
 24657,134132,20210310,    0,    0
 24657,134132,20210311,    0,    0
 24657,134132,20210312,    0,    0
 24657,134132,20210313,    0,    0
 24657,134132,20210314,    0,    0
 24657,134132,20210315,    0,    0
 24657,134132,20210316,    0,    0
 24657,134132,20210317,    0,    0
 24657,134132,20210318,    0,    0
 24657,134132,20210319,    0,    0
 24657,134132,20210320,    0,    0
 24657,134132,20210321,    0,    0
 24657,134132,20210322,    0,    0
 24657,134132,20210323,    0,    0
 24657,134132,20210324,    0,    0
 24657,134132,20210325,    0,    0
 24657,134132,20210326,    0,    0
 24657,134132,20210327,    0,    0
 24657,134132,20210328,    0,    0
 24657,134132,20210329,    0,    0
 24657,134132,20210330,    0,    0
 24657,134132,20210331,    0,    0
 24657,134132,20210401,    0,    0
 24657,134132,20210402,    0,    0
 24657,134132,20210403,    0,    0
 24657,134132,20210404,    0,    0
 24657,134132,20210405,    0,    0
 24657,134132,20210406,    0,    0
 24657,134132,20210407,    0,    0
 24657,134132,20210408,    0,    0
 24657,134132,20210409,    0,    0
 24657,134132,20210410,    0,    0
 24657,134132,20210411,    0,    0
 24657,134132,20210412,    0,    0
 24657,134132,20210413,    0,    0
 24657,134132,20210414,    0,    0
 24657,134132,20210415,    0,    0
 24657,134132,20210416,    0,    0
 24657,134132,20210417,    0,    0
 24657,134132,20210418,    0,    0
 24657,134132,20210419,    0,    0
 24657,134132,20210420,    0,    0
 24657,134132,20210421,    0,    0
 24657,134132,20210422,    0,    0
 24657,134132,20210423,    0,    0
 24657,134132,20210424,    0,    0
 24657,134132,20210425,    0,    0
 24657,134132,20210426,    0,    0
 24657,134132,20210427,    0,    0
 24657,134132,20210428,    0,    0
 24657,134132,20210429,    0,    0
 24657,134132,20210430,    0,    0
 24657,134132,20210501,    0,    0
 24657,134132,20210502,    0,    0
 24657,134132,20210503,    0,    0
 24657,134132,20210504,    0,    0
 24657,134132,20210505,    0,    0
 24657,134132,20210506,    0,    0
 24657,134132,20210507,    0,    0
 24657,134132,20210508,    0,    0
 24657,134132,20210509,    0,    0
 24657,134132,20210510,    0,    0
 24657,134132,20210511,    0,    0
 24657,134132,20210512,    0,    0
 24657,134132,20210513,    0,    0
 24657,134132,20210514,    0,    0
 24657,134132,20210515,    0,    0
 24657,134132,20210516,    0,    0
 24657,134132,20210517,    0,    0
 24657,134132,20210518,    0,    0
 24657,134132,20210519,    0,    0
 24657,134132,20210520,    0,    0
 24657,134132,20210521,    0,    0
 24657,134132,20210522,    0,    0
 24657,134132,20210523,    0,    0
 24657,134132,20210524,    0,    0
 24657,134132,20210525,    0,    0
 24657,134132,20210526,    0,    0
 24657,134132,20210527,    0,    0
 24657,134132,20210528,    0,    0
 24657,134132,20210529,    0,    0
 24657,134132,20210530,    0,    0
 24657,134132,20210531,    0,    0
 24657,134132,20210601,    0,    0
 24657,134132,20210602,    0,    0
 24657,134132,20210603,    0,    0
 24657,134132,20210604,    0,    0
 24657,134132,20210605,    0,    0
 24657,134132,20210606,    0,    0
 24657,134132,20210607,    0,    0
 24657,134132,20210608,    0,    0
 24657,134132,20210609,    0,    0
 24657,134132,20210610,    0,    0
 24657,134132,20210611,    0,    0
 24657,134132,20210612,    0,    0
 24657,134132,20210613,    0,    0
 24657,134132,20210614,    0,    0
 24657,134132,20210615,    0,    0
 24657,134132,20210616,    0,    0
 24657,134132,20210617,    0,    0
 24657,134132,20210618,    0,    0
 24657,134132,20210619,    0,    0
 24657,134132,20210620,    0,    0
 24657,134132,20210621,    0,    0
 24657,134132,20210622,    0,    0
 24657,134132,20210623,    0,    0
 24657,134132,20210624,    0,    0
 24657,134132,20210625,    0,    0
 24657,134132,20210626,    0,    0
 24657,134132,20210627,    0,    0
 24657,134132,20210628,    0,    0
 24657,134132,20210629,    0,    0
 24657,134132,20210630,    0,    0
 24657,134132,20210701,    0,    0
 24657,134132,20210702,    0,    0
 24657,134132,20210703,    0,    0
 24657,134132,20210704,    0,    0
 24657,134132,20210705,    0,    0
 24657,134132,20210706,    0,    0
 24657,134132,20210707,    0,    0
 24657,134132,20210708,    0,    0
 24657,134132,20210709,    0,    0
 24657,134132,20210710,    0,    0
 24657,134132,20210711,    0,    0
 24657,134132,20210712,    0,    0
 24657,134132,20210713,    0,    0
 24657,134132,20210714,    0,    0
 24657,134132,20210715,    0,    0
 24657,134132,20210716,    0,    0
 24657,134132,20210717,    0,    0
 24657,134132,20210718,    0,    0
 24657,134132,20210719,    0,    0
 24657,134132,20210720,    0,    0
 24657,134132,20210721,    0,    0
 24657,134132,20210722,    0,    0
 24657,134132,20210723,    0,    0
 24657,134132,20210724,    0,    0
 24657,134132,20210725,    0,    0
 24657,134132,20210726,    0,    0
 24657,134132,20210727,    0,    0
 24657,134132,20210728,    0,    0
 24657,134132,20210729,    0,    0
 24657,134132,20210730,    0,    0
 24657,134132,20210731,    0,    0
 24657,134132,20210801,    0,    0
 24657,134132,20210802,    0,    0
 24657,134132,20210803,    0,    0
 24657,134132,20210804,    0,    0
 24657,134132,20210805,    0,    0
 24657,134132,20210806,    0,    0
 24657,134132,20210807,    0,    0
 24657,134132,20210808,    0,    0
 24657,134132,20210809,    0,    0
 24657,134132,20210810,    0,    0
 24657,134132,20210811,    0,    0
 24657,134132,20210812,    0,    0
 24657,134132,20210813,    0,    0
 24657,134132,20210814,    0,    0
 24657,134132,20210815,    0,    0
 24657,134132,20210816,    0,    0
 24657,134132,20210817,    0,    0
 24657,134132,20210818,    0,    0
 24657,134132,20210819,    0,    0
 24657,134132,20210820,    0,    0
 24657,134132,20210821,    0,    0
 24657,134132,20210822,    0,    0
 24657,134132,20210823,    0,    0
 24657,134132,20210824,    0,    0
 24657,134132,20210825,    0,    0
 24657,134132,20210826,    0,    0
 24657,134132,20210827,    0,    0
 24657,134132,20210828,    0,    0
 24657,134132,20210829,    0,    0
 24657,134132,20210830,    0,    0
 24657,134132,20210831,    0,    0
 24657,134132,20210901,    0,    0
 24657,134132,20210902,    0,    0
 24657,134132,20210903,    0,    0
 24657,134132,20210904,    0,    0
 24657,134132,20210905,    0,    0
 24657,134132,20210906,    0,    0
 24657,134132,20210907,    0,    0
 24657,134132,20210908,    0,    0
 24657,134132,20210909,    0,    0
 24657,134132,20210910,    0,    0
 24657,134132,20210911,    0,    0
 24657,134132,20210912,    0,    0
 24657,134132,20210913,    0,    0
 24657,134132,20210914,    0,    0
 24657,134132,20210915,    0,    0
 24657,134132,20210916,    0,    0
 24657,134132,20210917,    0,    0
 24657,134132,20210918,    0,    0
 24657,134132,20210919,    0,    0
 24657,134132,20210920,    0,    0
 24657,134132,20210921,    0,    0
 24657,134132,20210922,    0,    0
 24657,134132,20210923,    0,    0
 24657,134132,20210924,    0,    0
 24657,134132,20210925,    0,    0
 24657,134132,20210926,    0,    0
 24657,134132,20210927,    0,    0
 24657,134132,20210928,    0,    0
 24657,134132,20210929,    0,    0
 24657,134132,20210930,    0,    0
 24657,134132,20211001,    0,    0
 24657,134132,20211002,    0,    0
 24657,134132,20211003,    0,    0
 24657,134132,20211004,    0,    0
 24657,134132,20211005,    0,    0
 24657,134132,20211006,    0,    0
 24657,134132,20211007,    0,    0
 24657,134132,20211008,    0,    0
 24657,134132,20211009,    0,    0
 24657,134132,20211010,    0,    0
 24657,134132,20211011,    0,    0
 24657,134132,20211012,    0,    0
 24657,134132,20211013,    0,    0
 24657,134132,20211014,    0,    0
 24657,134132,20211015,    0,    0
 24657,134132,20211016,    0,    0
 24657,134132,20211017,    0,    0
 24657,134132,20211018,    0,    0
 24657,134132,20211019,    0,    0
 24657,134132,20211020,    0,    0
 24657,134132,20211021,    0,    0
 24657,134132,20211022,    0,    0
 24657,134132,20211023,    0,    0
 24657,134132,20211024,    0,    0
 24657,134132,20211025,    0,    0
 24657,134132,20211026,    0,    0
 24657,134132,20211027,    0,    0
 24657,134132,20211028,    0,    0
 24657,134132,20211029,    0,    0
 24657,134132,20211030,    0,    0
 24657,134132,20211031,    0,    0
 24657,134132,20211101,    0,    0
 24657,134132,20211102,    0,    0
 24657,134132,20211103,    0,    0
 24657,134132,20211104,    0,    0
 24657,134132,20211105,    0,    0
 24657,134132,20211106,    0,    0
 24657,134132,20211107,    0,    0
 24657,134132,20211108,    0,    0
 24657,134132,20211109,    0,    0
 24657,134132,20211110,    0,    0
 24657,134132,20211111,    0,    0
 24657,134132,20211112,    0,    0
 24657,134132,20211113,    0,    0
 24657,134132,20211114,    0,    0
 24657,134132,20211115,    0,    0
 24657,134132,20211116,    0,    0
 24657,134132,20211117,    0,    0
 24657,134132,20211118,    0,    0
 24657,134132,20211119,    0,    0
 24657,134132,20211120,    0,    0
 24657,134132,20211121,    0,    0
 24657,134132,20211122,    0,    0
 24657,134132,20211123,    0,    0
 24657,134132,20211124,    0,    0
 24657,134132,20211125,    0,    0
 24657,134132,20211126,    0,    0
 24657,134132,20211127,    0,    0
 24657,134132,20211128,    0,    0
 24657,134132,20211129,    0,    0
 24657,134132,20211130,    0,    0
 24657,134132,20211201,    0,    0
 24657,134132,20211202,    0,    0
 24657,134132,20211203,    0,    0
 24657,134132,20211204,    0,    0
 24657,134132,20211205,    0,    0
 24657,134132,20211206,    0,    0
 24657,134132,20211207,    0,    0
 24657,134132,20211208,    0,    0
 24657,134132,20211209,    0,    0
 24657,134132,20211210,    0,    0
 24657,134132,20211211,    0,    0
 24657,134132,20211212,    0,    0
 24657,134132,20211213,    0,    0
 24657,134132,20211214,    0,    0
 24657,134132,20211215,    0,    0
 24657,134132,20211216,    0,    0
 24657,134132,20211217,    0,    0
 24657,134132,20211218,    0,    0
 24657,134132,20211219,    0,    0
 24657,134132,20211220,    0,    0
 24657,134132,20211221,    0,    0
 24657,134132,20211222,    0,    0
 24657,134132,20211223,    0,    0
 24657,134132,20211224,    0,    0
 24657,134132,20211225,    0,    0
 24657,134132,20211226,    0,    0
 24657,134132,20211227,    0,    0
 24657,134132,20211228,    0,    0
 24657,134132,20211229,    0,    0
 24657,134132,20211230,    0,    0
 24657,134132,20211231,    0,    0
 24657,134132,20220101,-9999,    9
 24657,134132,20220102,-9999,    9
 24657,134132,20220103,-9999,    9
 24657,134132,20220104,-9999,    9
 24657,134132,20220105,-9999,    9
 24657,134132,20220106,-9999,    9
 24657,134132,20220107,-9999,    9
 24657,134132,20220108,-9999,    9
 24657,134132,20220109,-9999,    9
 24657,134132,20220110,-9999,    9
 24657,134132,20220111,-9999,    9
 24657,134132,20220112,-9999,    9
 24657,134132,20220113,-9999,    9
 24657,134132,20220114,-9999,    9
 24657,134132,20220115,-9999,    9
 24657,134132,20220116,-9999,    9
 24657,134132,20220117,-9999,    9
 24657,134132,20220118,-9999,    9
 24657,134132,20220119,-9999,    9
 24657,134132,20220120,-9999,    9
 24657,134132,20220121,-9999,    9
 24657,134132,20220122,-9999,    9
 24657,134132,20220123,-9999,    9
 24657,134132,20220124,-9999,    9
 24657,134132,20220125,-9999,    9
 24657,134132,20220126,-9999,    9
 24657,134132,20220127,-9999,    9
 24657,134132,20220128,-9999,    9
 24657,134132,20220129,-9999,    9
 24657,134132,20220130,-9999,    9
 24657,134132,20220131,-9999,    9
 24657,134132,20220201,-9999,    9
 24657,134132,20220202,-9999,    9
 24657,134132,20220203,-9999,    9
 24657,134132,20220204,-9999,    9
 24657,134132,20220205,-9999,    9
 24657,134132,20220206,-9999,    9
 24657,134132,20220207,-9999,    9
 24657,134132,20220208,-9999,    9
 24657,134132,20220209,-9999,    9
 24657,134132,20220210,-9999,    9
 24657,134132,20220211,-9999,    9
 24657,134132,20220212,-9999,    9
 24657,134132,20220213,-9999,    9
 24657,134132,20220214,-9999,    9
 24657,134132,20220215,-9999,    9
 24657,134132,20220216,-9999,    9
 24657,134132,20220217,-9999,    9
 24657,134132,20220218,-9999,    9
 24657,134132,20220219,-9999,    9
 24657,134132,20220220,-9999,    9
 24657,134132,20220221,-9999,    9
 24657,134132,20220222,-9999,    9
 24657,134132,20220223,-9999,    9
 24657,134132,20220224,-9999,    9
 24657,134132,20220225,-9999,    9
 24657,134132,20220226,-9999,    9
 24657,134132,20220227,-9999,    9
 24657,134132,20220228,-9999,    9
 24657,134132,20220301,-9999,    9
 24657,134132,20220302,-9999,    9
 24657,134132,20220303,-9999,    9
 24657,134132,20220304,-9999,    9
 24657,134132,20220305,-9999,    9
 24657,134132,20220306,-9999,    9
 24657,134132,20220307,-9999,    9
 24657,134132,20220308,-9999,    9
 24657,134132,20220309,-9999,    9
 24657,134132,20220310,-9999,    9
 24657,134132,20220311,-9999,    9
 24657,134132,20220312,-9999,    9
 24657,134132,20220313,-9999,    9
 24657,134132,20220314,-9999,    9
 24657,134132,20220315,-9999,    9
 24657,134132,20220316,-9999,    9
 24657,134132,20220317,-9999,    9
 24657,134132,20220318,-9999,    9
 24657,134132,20220319,-9999,    9
 24657,134132,20220320,-9999,    9
 24657,134132,20220321,-9999,    9
 24657,134132,20220322,-9999,    9
 24657,134132,20220323,-9999,    9
 24657,134132,20220324,-9999,    9
 24657,134132,20220325,-9999,    9
 24657,134132,20220326,-9999,    9
 24657,134132,20220327,-9999,    9
 24657,134132,20220328,-9999,    9
 24657,134132,20220329,-9999,    9
 24657,134132,20220330,-9999,    9
 24657,134132,20220331,-9999,    9
 24657,134132,20220401,-9999,    9
 24657,134132,20220402,-9999,    9
 24657,134132,20220403,-9999,    9
 24657,134132,20220404,-9999,    9
 24657,134132,20220405,-9999,    9
 24657,134132,20220406,-9999,    9
 24657,134132,20220407,-9999,    9
 24657,134132,20220408,-9999,    9
 24657,134132,20220409,-9999,    9
 24657,134132,20220410,-9999,    9
 24657,134132,20220411,-9999,    9
 24657,134132,20220412,-9999,    9
 24657,134132,20220413,-9999,    9
 24657,134132,20220414,-9999,    9
 24657,134132,20220415,-9999,    9
 24657,134132,20220416,-9999,    9
 24657,134132,20220417,-9999,    9
 24657,134132,20220418,-9999,    9
 24657,134132,20220419,-9999,    9
 24657,134132,20220420,-9999,    9
 24657,134132,20220421,-9999,    9
 24657,134132,20220422,-9999,    9
 24657,134132,20220423,-9999,    9
 24657,134132,20220424,-9999,    9
 24657,134132,20220425,-9999,    9
 24657,134132,20220426,-9999,    9
 24657,134132,20220427,-9999,    9
 24657,134132,20220428,-9999,    9
 24657,134132,20220429,-9999,    9
 24657,134132,20220430,-9999,    9
 24657,134132,20220501,-9999,    9
 24657,134132,20220502,-9999,    9
 24657,134132,20220503,-9999,    9
 24657,134132,20220504,-9999,    9
 24657,134132,20220505,-9999,    9
 24657,134132,20220506,-9999,    9
 24657,134132,20220507,-9999,    9
 24657,134132,20220508,-9999,    9
 24657,134132,20220509,-9999,    9
 24657,134132,20220510,-9999,    9
 24657,134132,20220511,-9999,    9
 24657,134132,20220512,-9999,    9
 24657,134132,20220513,-9999,    9
 24657,134132,20220514,-9999,    9
 24657,134132,20220515,-9999,    9
 24657,134132,20220516,-9999,    9
 24657,134132,20220517,-9999,    9
 24657,134132,20220518,-9999,    9
 24657,134132,20220519,-9999,    9
 24657,134132,20220520,-9999,    9
 24657,134132,20220521,-9999,    9
 24657,134132,20220522,-9999,    9
 24657,134132,20220523,-9999,    9
 24657,134132,20220524,-9999,    9
 24657,134132,20220525,-9999,    9
 24657,134132,20220526,-9999,    9
 24657,134132,20220527,-9999,    9
 24657,134132,20220528,-9999,    9
 24657,134132,20220529,-9999,    9
 24657,134132,20220530,-9999,    9
 24657,134132,20220531,-9999,    9
 24657,134132,20220601,-9999,    9
 24657,134132,20220602,-9999,    9
 24657,134132,20220603,-9999,    9
 24657,134132,20220604,-9999,    9
 24657,134132,20220605,-9999,    9
 24657,134132,20220606,-9999,    9
 24657,134132,20220607,-9999,    9
 24657,134132,20220608,-9999,    9
 24657,134132,20220609,-9999,    9
 24657,134132,20220610,-9999,    9
 24657,134132,20220611,-9999,    9
 24657,134132,20220612,-9999,    9
 24657,134132,20220613,-9999,    9
 24657,134132,20220614,-9999,    9
 24657,134132,20220615,-9999,    9
 24657,134132,20220616,-9999,    9
 24657,134132,20220617,-9999,    9
 24657,134132,20220618,-9999,    9
 24657,134132,20220619,-9999,    9
 24657,134132,20220620,-9999,    9
 24657,134132,20220621,-9999,    9
 24657,134132,20220622,-9999,    9
 24657,134132,20220623,-9999,    9
 24657,134132,20220624,-9999,    9
 24657,134132,20220625,-9999,    9
 24657,134132,20220626,-9999,    9
 24657,134132,20220627,-9999,    9
 24657,134132,20220628,-9999,    9
 24657,134132,20220629,-9999,    9
 24657,134132,20220630,-9999,    9
 24657,134132,20220701,-9999,    9
 24657,134132,20220702,-9999,    9
 24657,134132,20220703,-9999,    9
 24657,134132,20220704,-9999,    9
 24657,134132,20220705,-9999,    9
 24657,134132,20220706,-9999,    9
 24657,134132,20220707,-9999,    9
 24657,134132,20220708,-9999,    9
 24657,134132,20220709,-9999,    9
 24657,134132,20220710,-9999,    9
 24657,134132,20220711,-9999,    9
 24657,134132,20220712,-9999,    9
 24657,134132,20220713,-9999,    9
 24657,134132,20220714,-9999,    9
 24657,134132,20220715,-9999,    9
 24657,134132,20220716,-9999,    9
 24657,134132,20220717,-9999,    9
 24657,134132,20220718,-9999,    9
 24657,134132,20220719,-9999,    9
 24657,134132,20220720,-9999,    9
 24657,134132,20220721,-9999,    9
 24657,134132,20220722,-9999,    9
 24657,134132,20220723,-9999,    9
 24657,134132,20220724,-9999,    9
 24657,134132,20220725,-9999,    9
 24657,134132,20220726,-9999,    9
 24657,134132,20220727,-9999,    9
 24657,134132,20220728,-9999,    9
 24657,134132,20220729,-9999,    9
 24657,134132,20220730,-9999,    9
 24657,134132,20220731,-9999,    9
 24657,134132,20220801,-9999,    9
 24657,134132,20220802,-9999,    9
 24657,134132,20220803,-9999,    9
 24657,134132,20220804,-9999,    9
 24657,134132,20220805,-9999,    9
 24657,134132,20220806,-9999,    9
 24657,134132,20220807,-9999,    9
 24657,134132,20220808,-9999,    9
 24657,134132,20220809,-9999,    9
 24657,134132,20220810,-9999,    9
 24657,134132,20220811,-9999,    9
 24657,134132,20220812,-9999,    9
 24657,134132,20220813,-9999,    9
 24657,134132,20220814,-9999,    9
 24657,134132,20220815,-9999,    9
 24657,134132,20220816,-9999,    9
 24657,134132,20220817,-9999,    9
 24657,134132,20220818,-9999,    9
 24657,134132,20220819,-9999,    9
 24657,134132,20220820,-9999,    9
 24657,134132,20220821,-9999,    9
 24657,134132,20220822,-9999,    9
 24657,134132,20220823,-9999,    9
 24657,134132,20220824,-9999,    9
 24657,134132,20220825,-9999,    9
 24657,134132,20220826,-9999,    9
 24657,134132,20220827,-9999,    9
 24657,134132,20220828,-9999,    9
 24657,134132,20220829,-9999,    9
 24657,134132,20220830,-9999,    9
 24657,134132,20220831,-9999,    9
 24657,134132,20220901,-9999,    9
 24657,134132,20220902,-9999,    9
 24657,134132,20220903,-9999,    9
 24657,134132,20220904,-9999,    9
 24657,134132,20220905,-9999,    9
 24657,134132,20220906,-9999,    9
 24657,134132,20220907,-9999,    9
 24657,134132,20220908,-9999,    9
 24657,134132,20220909,-9999,    9
 24657,134132,20220910,-9999,    9
 24657,134132,20220911,-9999,    9
 24657,134132,20220912,-9999,    9
 24657,134132,20220913,-9999,    9
 24657,134132,20220914,-9999,    9
 24657,134132,20220915,-9999,    9
 24657,134132,20220916,-9999,    9
 24657,134132,20220917,-9999,    9
 24657,134132,20220918,-9999,    9
 24657,134132,20220919,-9999,    9
 24657,134132,20220920,-9999,    9
 24657,134132,20220921,-9999,    9
 24657,134132,20220922,-9999,    9
 24657,134132,20220923,-9999,    9
 24657,134132,20220924,-9999,    9
 24657,134132,20220925,-9999,    9
 24657,134132,20220926,-9999,    9
 24657,134132,20220927,-9999,    9
 24657,134132,20220928,-9999,    9
 24657,134132,20220929,-9999,    9
 24657,134132,20220930,-9999,    9
 24657,134132,20221001,-9999,    9
 24657,134132,20221002,-9999,    9
 24657,134132,20221003,-9999,    9
 24657,134132,20221004,-9999,    9
 24657,134132,20221005,-9999,    9
 24657,134132,20221006,-9999,    9
 24657,134132,20221007,-9999,    9
 24657,134132,20221008,-9999,    9
 24657,134132,20221009,-9999,    9
 24657,134132,20221010,-9999,    9
 24657,134132,20221011,-9999,    9
 24657,134132,20221012,-9999,    9
 24657,134132,20221013,-9999,    9
 24657,134132,20221014,-9999,    9
 24657,134132,20221015,-9999,    9
 24657,134132,20221016,-9999,    9
 24657,134132,20221017,-9999,    9
 24657,134132,20221018,-9999,    9
 24657,134132,20221019,-9999,    9
 24657,134132,20221020,-9999,    9
 24657,134132,20221021,-9999,    9
 24657,134132,20221022,-9999,    9
 24657,134132,20221023,-9999,    9
 24657,134132,20221024,-9999,    9
 24657,134132,20221025,-9999,    9
 24657,134132,20221026,-9999,    9
 24657,134132,20221027,-9999,    9
 24657,134132,20221028,-9999,    9
 24657,134132,20221029,-9999,    9
 24657,134132,20221030,-9999,    9
 24657,134132,20221031,-9999,    9
