EUROPEAN CLIMATE ASSESSMENT & DATASET (ECA&D), file created on: 16-11-2022
THESE DATA CAN BE USED FOR NON-COMMERCIAL RESEARCH AND EDUCATION PROVIDED THAT THE FOLLOWING SOURCE IS ACKNOWLEDGED: 

Klein Tank, A.M.G. and Coauthors, 2002. Daily dataset of 20th-century surface
air temperature and precipitation series for the European Climate Assessment.
Int. J. of Climatol., 22, 1441-1453.
Data and metadata available at http://www.ecad.eu

FILE FORMAT (MISSING VALUE CODE = -9999):

01-06 STAID: Station identifier
08-13 SOUID: Source identifier
15-22 DATE : Date YYYYMMDD
24-28 RR   : Precipitation amount in 0.1 mm
30-34 Q_RR : quality code for RR (0='valid'; 1='suspect'; 9='missing')

This is the blended series of station GULLINGEN SKISENTER, NORWAY (STAID: 18306)
Blended and updated with sources:102342 
See files sources.txt and stations.txt for more info.

STAID, SOUID,    DATE,   RR, Q_RR
 18306,102342,20180131,-9999,    9
 18306,102342,20180201,-9999,    9
 18306,102342,20180202,-9999,    9
 18306,102342,20180203,-9999,    9
 18306,102342,20180204,-9999,    9
 18306,102342,20180205,-9999,    9
 18306,102342,20180206,    9,    0
 18306,102342,20180207,   76,    0
 18306,102342,20180208,  169,    0
 18306,102342,20180209,    3,    0
 18306,102342,20180210,   10,    0
 18306,102342,20180211,   13,    0
 18306,102342,20180212,   21,    0
 18306,102342,20180213,    0,    0
 18306,102342,20180214,    0,    0
 18306,102342,20180215,    4,    0
 18306,102342,20180216,   80,    0
 18306,102342,20180217,   26,    0
 18306,102342,20180218,   42,    0
 18306,102342,20180219,    0,    0
 18306,102342,20180220,   22,    0
 18306,102342,20180221,    5,    0
 18306,102342,20180222,    0,    0
 18306,102342,20180223,    0,    0
 18306,102342,20180224,    0,    0
 18306,102342,20180225,    6,    0
 18306,102342,20180226,    3,    0
 18306,102342,20180227,    1,    0
 18306,102342,20180228,    0,    0
 18306,102342,20180301,    0,    0
 18306,102342,20180302,    0,    0
 18306,102342,20180303,    0,    0
 18306,102342,20180304,    0,    0
 18306,102342,20180305,    0,    0
 18306,102342,20180306,    0,    0
 18306,102342,20180307,    4,    0
 18306,102342,20180308,    0,    0
 18306,102342,20180309,    0,    0
 18306,102342,20180310,    2,    0
 18306,102342,20180311,   30,    0
 18306,102342,20180312,    0,    0
 18306,102342,20180313,    0,    0
 18306,102342,20180314,    0,    0
 18306,102342,20180315,    7,    0
 18306,102342,20180316,    4,    0
 18306,102342,20180317,    0,    0
 18306,102342,20180318,    0,    0
 18306,102342,20180319,   22,    0
 18306,102342,20180320,   18,    0
 18306,102342,20180321,  102,    0
 18306,102342,20180322,    0,    0
 18306,102342,20180323,   54,    0
 18306,102342,20180324,   36,    0
 18306,102342,20180325,   31,    0
 18306,102342,20180326,    3,    0
 18306,102342,20180327,    0,    0
 18306,102342,20180328,    0,    0
 18306,102342,20180329,    0,    0
 18306,102342,20180330,    0,    0
 18306,102342,20180331,    0,    0
 18306,102342,20180401,    0,    0
 18306,102342,20180402,    0,    0
 18306,102342,20180403,   53,    0
 18306,102342,20180404,  112,    0
 18306,102342,20180405,   99,    0
 18306,102342,20180406,    0,    0
 18306,102342,20180407,   10,    0
 18306,102342,20180408,   90,    0
 18306,102342,20180409,   14,    0
 18306,102342,20180410,    0,    0
 18306,102342,20180411,    0,    0
 18306,102342,20180412,    1,    0
 18306,102342,20180413,    0,    0
 18306,102342,20180414,    1,    0
 18306,102342,20180415,    0,    0
 18306,102342,20180416,   14,    0
 18306,102342,20180417,  147,    0
 18306,102342,20180418,    0,    0
 18306,102342,20180419,    0,    0
 18306,102342,20180420,   21,    0
 18306,102342,20180421,    1,    0
 18306,102342,20180422,  222,    0
 18306,102342,20180423,  200,    0
 18306,102342,20180424,  153,    0
 18306,102342,20180425,  223,    0
 18306,102342,20180426,  206,    0
 18306,102342,20180427,   30,    0
 18306,102342,20180428,    1,    0
 18306,102342,20180429,    0,    0
 18306,102342,20180430,   10,    0
 18306,102342,20180501,   52,    0
 18306,102342,20180502,   22,    0
 18306,102342,20180503,   81,    0
 18306,102342,20180504,   81,    0
 18306,102342,20180505,   56,    0
 18306,102342,20180506,    0,    0
 18306,102342,20180507,    0,    0
 18306,102342,20180508,    0,    0
 18306,102342,20180509,    0,    0
 18306,102342,20180510,   97,    0
 18306,102342,20180511,    0,    0
 18306,102342,20180512,    0,    0
 18306,102342,20180513,    0,    0
 18306,102342,20180514,    0,    0
 18306,102342,20180515,    0,    0
 18306,102342,20180516,    0,    0
 18306,102342,20180517,    0,    0
 18306,102342,20180518,    0,    0
 18306,102342,20180519,    1,    0
 18306,102342,20180520,    0,    0
 18306,102342,20180521,    0,    0
 18306,102342,20180522,    0,    0
 18306,102342,20180523,    0,    0
 18306,102342,20180524,    1,    0
 18306,102342,20180525,    0,    0
 18306,102342,20180526,    1,    0
 18306,102342,20180527,    2,    0
 18306,102342,20180528,    1,    0
 18306,102342,20180529,    0,    0
 18306,102342,20180530,    0,    0
 18306,102342,20180531,    0,    0
 18306,102342,20180601,    0,    0
 18306,102342,20180602,    0,    0
 18306,102342,20180603,    0,    0
 18306,102342,20180604,    0,    0
 18306,102342,20180605,    0,    0
 18306,102342,20180606,    1,    0
 18306,102342,20180607,    0,    0
 18306,102342,20180608,    0,    0
 18306,102342,20180609,    0,    0
 18306,102342,20180610,  413,    0
 18306,102342,20180611,   35,    0
 18306,102342,20180612,    0,    0
 18306,102342,20180613,   21,    0
 18306,102342,20180614,  465,    0
 18306,102342,20180615,  129,    0
 18306,102342,20180616,   25,    0
 18306,102342,20180617,   30,    0
 18306,102342,20180618,  209,    0
 18306,102342,20180619,  245,    0
 18306,102342,20180620,   35,    0
 18306,102342,20180621,    6,    0
 18306,102342,20180622,    4,    0
 18306,102342,20180623,    1,    0
 18306,102342,20180624,    2,    0
 18306,102342,20180625,    1,    0
 18306,102342,20180626,    1,    0
 18306,102342,20180627,    2,    0
 18306,102342,20180628,    0,    0
 18306,102342,20180629,    0,    0
 18306,102342,20180630,    1,    0
 18306,102342,20180701,    1,    0
 18306,102342,20180702,    0,    0
 18306,102342,20180703,    0,    0
 18306,102342,20180704,    1,    0
 18306,102342,20180705,    0,    0
 18306,102342,20180706,    0,    0
 18306,102342,20180707,    0,    0
 18306,102342,20180708,    0,    0
 18306,102342,20180709,    0,    0
 18306,102342,20180710,    1,    0
 18306,102342,20180711,    8,    0
 18306,102342,20180712,    0,    0
 18306,102342,20180713,    0,    0
 18306,102342,20180714,    0,    0
 18306,102342,20180715,    0,    0
 18306,102342,20180716,    0,    0
 18306,102342,20180717,-9999,    9
 18306,102342,20180718,-9999,    9
 18306,102342,20180719,-9999,    9
 18306,102342,20180720,-9999,    9
 18306,102342,20180721,-9999,    9
 18306,102342,20180722,-9999,    9
 18306,102342,20180723,-9999,    9
 18306,102342,20180724,-9999,    9
 18306,102342,20180725,-9999,    9
 18306,102342,20180726,-9999,    9
 18306,102342,20180727,-9999,    9
 18306,102342,20180728,-9999,    9
 18306,102342,20180729,-9999,    9
 18306,102342,20180730,-9999,    9
 18306,102342,20180731,-9999,    9
 18306,102342,20180801,-9999,    9
 18306,102342,20180802,-9999,    9
 18306,102342,20180803,-9999,    9
 18306,102342,20180804,-9999,    9
 18306,102342,20180805,-9999,    9
 18306,102342,20180806,-9999,    9
 18306,102342,20180807,-9999,    9
 18306,102342,20180808,-9999,    9
 18306,102342,20180809,-9999,    9
 18306,102342,20180810,-9999,    9
 18306,102342,20180811,    8,    0
 18306,102342,20180812,    0,    0
 18306,102342,20180813,    0,    0
 18306,102342,20180814,    0,    0
 18306,102342,20180815,  333,    0
 18306,102342,20180816,  384,    0
 18306,102342,20180817,  468,    0
 18306,102342,20180818,  184,    0
 18306,102342,20180819,    0,    0
 18306,102342,20180820,   98,    0
 18306,102342,20180821,   26,    0
 18306,102342,20180822,  401,    0
 18306,102342,20180823,   80,    0
 18306,102342,20180824,  163,    0
 18306,102342,20180825,    1,    0
 18306,102342,20180826,    1,    0
 18306,102342,20180827,   14,    0
 18306,102342,20180828,    4,    0
 18306,102342,20180829,  205,    0
 18306,102342,20180830,    0,    0
 18306,102342,20180831,    0,    0
 18306,102342,20180901,    0,    0
 18306,102342,20180902,    0,    0
 18306,102342,20180903,    0,    0
 18306,102342,20180904,    0,    0
 18306,102342,20180905,    2,    0
 18306,102342,20180906,   55,    0
 18306,102342,20180907,   54,    0
 18306,102342,20180908,   54,    0
 18306,102342,20180909,  272,    0
 18306,102342,20180910,  330,    0
 18306,102342,20180911,  420,    0
 18306,102342,20180912,  218,    0
 18306,102342,20180913,  481,    0
 18306,102342,20180914,  298,    0
 18306,102342,20180915,   81,    0
 18306,102342,20180916,  331,    0
 18306,102342,20180917,   92,    0
 18306,102342,20180918,  215,    0
 18306,102342,20180919,  543,    0
 18306,102342,20180920,  265,    0
 18306,102342,20180921,  385,    0
 18306,102342,20180922,  250,    0
 18306,102342,20180923,   34,    0
 18306,102342,20180924,   15,    0
 18306,102342,20180925,  737,    0
 18306,102342,20180926,  205,    0
 18306,102342,20180927,  332,    0
 18306,102342,20180928,   61,    0
 18306,102342,20180929,  317,    0
 18306,102342,20180930,   95,    0
 18306,102342,20181001,   51,    0
 18306,102342,20181002,  168,    0
 18306,102342,20181003,   45,    0
 18306,102342,20181004,  356,    0
 18306,102342,20181005,   72,    0
 18306,102342,20181006,   12,    0
 18306,102342,20181007,  447,    0
 18306,102342,20181008,  421,    0
 18306,102342,20181009,  805,    0
 18306,102342,20181010,   18,    0
 18306,102342,20181011,    0,    0
 18306,102342,20181012,  454,    0
 18306,102342,20181013,  449,    0
 18306,102342,20181014,  447,    0
 18306,102342,20181015,    1,    0
 18306,102342,20181016,   62,    0
 18306,102342,20181017,  120,    0
 18306,102342,20181018,   12,    0
 18306,102342,20181019,   70,    0
 18306,102342,20181020,   81,    0
 18306,102342,20181021,  254,    0
 18306,102342,20181022,  759,    0
 18306,102342,20181023,   64,    0
 18306,102342,20181024,   80,    0
 18306,102342,20181025,   28,    0
 18306,102342,20181026,    2,    0
 18306,102342,20181027,    0,    0
 18306,102342,20181028,    0,    0
 18306,102342,20181029,    0,    0
 18306,102342,20181030,   24,    0
 18306,102342,20181031,   65,    0
 18306,102342,20181101,   53,    0
 18306,102342,20181102,   34,    0
 18306,102342,20181103,   77,    0
 18306,102342,20181104,    0,    0
 18306,102342,20181105,    0,    0
 18306,102342,20181106,    0,    0
 18306,102342,20181107,    0,    0
 18306,102342,20181108,   31,    0
 18306,102342,20181109,    0,    0
 18306,102342,20181110,    9,    0
 18306,102342,20181111,    9,    0
 18306,102342,20181112,  102,    0
 18306,102342,20181113,   79,    0
 18306,102342,20181114,   99,    0
 18306,102342,20181115,    0,    0
 18306,102342,20181116,    0,    0
 18306,102342,20181117,    0,    0
 18306,102342,20181118,    0,    0
 18306,102342,20181119,    0,    0
 18306,102342,20181120,    0,    0
 18306,102342,20181121,    0,    0
 18306,102342,20181122,    0,    0
 18306,102342,20181123,    0,    0
 18306,102342,20181124,    0,    0
 18306,102342,20181125,    0,    0
 18306,102342,20181126,    0,    0
 18306,102342,20181127,    0,    0
 18306,102342,20181128,   17,    0
 18306,102342,20181129,  119,    0
 18306,102342,20181130,  213,    0
 18306,102342,20181201,  169,    0
 18306,102342,20181202,  131,    0
 18306,102342,20181203,  129,    0
 18306,102342,20181204,   43,    0
 18306,102342,20181205,   22,    0
 18306,102342,20181206,  127,    0
 18306,102342,20181207,  108,    0
 18306,102342,20181208,    6,    0
 18306,102342,20181209,    4,    0
 18306,102342,20181210,    0,    0
 18306,102342,20181211,    0,    0
 18306,102342,20181212,    0,    0
 18306,102342,20181213,    0,    0
 18306,102342,20181214,    0,    0
 18306,102342,20181215,    0,    0
 18306,102342,20181216,    0,    0
 18306,102342,20181217,    0,    0
 18306,102342,20181218,    0,    0
 18306,102342,20181219,    0,    0
 18306,102342,20181220,    0,    0
 18306,102342,20181221,    7,    0
 18306,102342,20181222,    0,    0
 18306,102342,20181223,    0,    0
 18306,102342,20181224,  119,    0
 18306,102342,20181225,    5,    0
 18306,102342,20181226,  129,    0
 18306,102342,20181227,   40,    0
 18306,102342,20181228,   17,    0
 18306,102342,20181229,   20,    0
 18306,102342,20181230,  144,    0
 18306,102342,20181231,  533,    0
 18306,102342,20190101,   28,    0
 18306,102342,20190102,    0,    0
 18306,102342,20190103,   14,    0
 18306,102342,20190104,   30,    0
 18306,102342,20190105,    5,    0
 18306,102342,20190106,   15,    0
 18306,102342,20190107,  203,    0
 18306,102342,20190108,    1,    0
 18306,102342,20190109,    0,    0
 18306,102342,20190110,   70,    0
 18306,102342,20190111,    2,    0
 18306,102342,20190112,  135,    0
 18306,102342,20190113,  182,    0
 18306,102342,20190114,   54,    0
 18306,102342,20190115,  234,    0
 18306,102342,20190116,  171,    0
 18306,102342,20190117,    6,    0
 18306,102342,20190118,   19,    0
 18306,102342,20190119,    8,    0
 18306,102342,20190120,   82,    0
 18306,102342,20190121,    0,    0
 18306,102342,20190122,    0,    0
 18306,102342,20190123,    4,    0
 18306,102342,20190124,    1,    0
 18306,102342,20190125,   27,    0
 18306,102342,20190126,   21,    0
 18306,102342,20190127,    4,    0
 18306,102342,20190128,    0,    0
 18306,102342,20190129,    3,    0
 18306,102342,20190130,    0,    0
 18306,102342,20190131,    0,    0
 18306,102342,20190201,    0,    0
 18306,102342,20190202,    0,    0
 18306,102342,20190203,    5,    0
 18306,102342,20190204,   67,    0
 18306,102342,20190205,    2,    0
 18306,102342,20190206,   91,    0
 18306,102342,20190207,   38,    0
 18306,102342,20190208,   39,    0
 18306,102342,20190209,  300,    0
 18306,102342,20190210,   96,    0
 18306,102342,20190211,   12,    0
 18306,102342,20190212,  232,    0
 18306,102342,20190213,   39,    0
 18306,102342,20190214,   21,    0
 18306,102342,20190215,    0,    0
 18306,102342,20190216,   80,    0
 18306,102342,20190217,    9,    0
 18306,102342,20190218,  131,    0
 18306,102342,20190219,  108,    0
 18306,102342,20190220,  167,    0
 18306,102342,20190221,   23,    0
 18306,102342,20190222,    0,    0
 18306,102342,20190223,    3,    0
 18306,102342,20190224,    0,    0
 18306,102342,20190225,    0,    0
 18306,102342,20190226,    0,    0
 18306,102342,20190227,    9,    0
 18306,102342,20190228,    0,    0
 18306,102342,20190301,    0,    0
 18306,102342,20190302,  151,    0
 18306,102342,20190303,  275,    0
 18306,102342,20190304,   35,    0
 18306,102342,20190305,  122,    0
 18306,102342,20190306,   20,    0
 18306,102342,20190307,   65,    0
 18306,102342,20190308,  105,    0
 18306,102342,20190309,   22,    0
 18306,102342,20190310,    0,    0
 18306,102342,20190311,   14,    0
 18306,102342,20190312,  122,    0
 18306,102342,20190313,   23,    0
 18306,102342,20190314,   11,    0
 18306,102342,20190315,  150,    0
 18306,102342,20190316,   65,    0
 18306,102342,20190317,   27,    0
 18306,102342,20190318,    0,    0
 18306,102342,20190319,  114,    0
 18306,102342,20190320,  159,    0
 18306,102342,20190321,  106,    0
 18306,102342,20190322,  240,    0
 18306,102342,20190323,  188,    0
 18306,102342,20190324,  142,    0
 18306,102342,20190325,    8,    0
 18306,102342,20190326,   41,    0
 18306,102342,20190327,   23,    0
 18306,102342,20190328,   43,    0
 18306,102342,20190329,  136,    0
 18306,102342,20190330,  135,    0
 18306,102342,20190331,    1,    0
 18306,102342,20190401,    0,    0
 18306,102342,20190402,    0,    0
 18306,102342,20190403,    0,    0
 18306,102342,20190404,    0,    0
 18306,102342,20190405,    0,    0
 18306,102342,20190406,    0,    0
 18306,102342,20190407,    0,    0
 18306,102342,20190408,    0,    0
 18306,102342,20190409,    0,    0
 18306,102342,20190410,    0,    0
 18306,102342,20190411,    0,    0
 18306,102342,20190412,    0,    0
 18306,102342,20190413,    0,    0
 18306,102342,20190414,    0,    0
 18306,102342,20190415,    0,    0
 18306,102342,20190416,    3,    0
 18306,102342,20190417,    0,    0
 18306,102342,20190418,    0,    0
 18306,102342,20190419,    0,    0
 18306,102342,20190420,    0,    0
 18306,102342,20190421,    0,    0
 18306,102342,20190422,    0,    0
 18306,102342,20190423,    0,    0
 18306,102342,20190424,    5,    0
 18306,102342,20190425,    0,    0
 18306,102342,20190426,    7,    0
 18306,102342,20190427,  307,    0
 18306,102342,20190428,    2,    0
 18306,102342,20190429,    0,    0
 18306,102342,20190430,    0,    0
 18306,102342,20190501,   10,    0
 18306,102342,20190502,   28,    0
 18306,102342,20190503,   14,    0
 18306,102342,20190504,    0,    0
 18306,102342,20190505,   67,    0
 18306,102342,20190506,    3,    0
 18306,102342,20190507,    3,    0
 18306,102342,20190508,    0,    0
 18306,102342,20190509,  127,    0
 18306,102342,20190510,  164,    0
 18306,102342,20190511,    6,    0
 18306,102342,20190512,   11,    0
 18306,102342,20190513,    0,    0
 18306,102342,20190514,    0,    0
 18306,102342,20190515,    0,    0
 18306,102342,20190516,    0,    0
 18306,102342,20190517,    0,    0
 18306,102342,20190518,    4,    0
 18306,102342,20190519,   18,    0
 18306,102342,20190520,    0,    0
 18306,102342,20190521,   95,    0
 18306,102342,20190522,  104,    0
 18306,102342,20190523,  313,    0
 18306,102342,20190524,    0,    0
 18306,102342,20190525,   72,    0
 18306,102342,20190526,    0,    0
 18306,102342,20190527,    1,    0
 18306,102342,20190528,   33,    0
 18306,102342,20190529,  125,    0
 18306,102342,20190530,   24,    0
 18306,102342,20190531,  225,    0
 18306,102342,20190601,  125,    0
 18306,102342,20190602,  157,    0
 18306,102342,20190603,   11,    0
 18306,102342,20190604,   19,    0
 18306,102342,20190605,    1,    0
 18306,102342,20190606,   28,    0
 18306,102342,20190607,    0,    0
 18306,102342,20190608,   50,    0
 18306,102342,20190609,  180,    0
 18306,102342,20190610,    5,    0
 18306,102342,20190611,   44,    0
 18306,102342,20190612,   66,    0
 18306,102342,20190613,   14,    0
 18306,102342,20190614,    2,    0
 18306,102342,20190615,   56,    0
 18306,102342,20190616,   19,    0
 18306,102342,20190617,  186,    0
 18306,102342,20190618,   22,    0
 18306,102342,20190619,   51,    0
 18306,102342,20190620,   61,    0
 18306,102342,20190621,  165,    0
 18306,102342,20190622,   53,    0
 18306,102342,20190623,    0,    0
 18306,102342,20190624,  134,    0
 18306,102342,20190625,   22,    0
 18306,102342,20190626,    0,    0
 18306,102342,20190627,    0,    0
 18306,102342,20190628,    0,    0
 18306,102342,20190629,    0,    0
 18306,102342,20190630,  178,    0
 18306,102342,20190701,  111,    0
 18306,102342,20190702,   56,    0
 18306,102342,20190703,   35,    0
 18306,102342,20190704,   24,    0
 18306,102342,20190705,   43,    0
 18306,102342,20190706,   93,    0
 18306,102342,20190707,   26,    0
 18306,102342,20190708,    0,    0
 18306,102342,20190709,    0,    0
 18306,102342,20190710,    0,    0
 18306,102342,20190711,    0,    0
 18306,102342,20190712,    0,    0
 18306,102342,20190713,    0,    0
 18306,102342,20190714,    0,    0
 18306,102342,20190715,    0,    0
 18306,102342,20190716,    0,    0
 18306,102342,20190717,    0,    0
 18306,102342,20190718,   75,    0
 18306,102342,20190719,    0,    0
 18306,102342,20190720,  193,    0
 18306,102342,20190721,  148,    0
 18306,102342,20190722,   75,    0
 18306,102342,20190723,    3,    0
 18306,102342,20190724,    0,    0
 18306,102342,20190725,    0,    0
 18306,102342,20190726,    0,    0
 18306,102342,20190727,    0,    0
 18306,102342,20190728,  119,    0
 18306,102342,20190729,    0,    0
 18306,102342,20190730,  130,    0
 18306,102342,20190731,   34,    0
 18306,102342,20190801,    2,    0
 18306,102342,20190802,    0,    0
 18306,102342,20190803,    0,    0
 18306,102342,20190804,    0,    0
 18306,102342,20190805,    3,    0
 18306,102342,20190806,  238,    0
 18306,102342,20190807,  175,    0
 18306,102342,20190808,   12,    0
 18306,102342,20190809,   68,    0
 18306,102342,20190810,  225,    0
 18306,102342,20190811,  176,    0
 18306,102342,20190812,  134,    0
 18306,102342,20190813,   20,    0
 18306,102342,20190814,   37,    0
 18306,102342,20190815,  136,    0
 18306,102342,20190816,  119,    0
 18306,102342,20190817,  204,    0
 18306,102342,20190818,  207,    0
 18306,102342,20190819,  308,    0
 18306,102342,20190820,  177,    0
 18306,102342,20190821,   81,    0
 18306,102342,20190822,  383,    0
 18306,102342,20190823,   65,    0
 18306,102342,20190824,    0,    0
 18306,102342,20190825,    0,    0
 18306,102342,20190826,    1,    0
 18306,102342,20190827,    0,    0
 18306,102342,20190828,  162,    0
 18306,102342,20190829,   52,    0
 18306,102342,20190830,  449,    0
 18306,102342,20190831,  163,    0
 18306,102342,20190901,  107,    0
 18306,102342,20190902,  229,    0
 18306,102342,20190903,   19,    0
 18306,102342,20190904,  477,    0
 18306,102342,20190905,   77,    0
 18306,102342,20190906,  176,    0
 18306,102342,20190907,    9,    0
 18306,102342,20190908,    0,    0
 18306,102342,20190909,   24,    0
 18306,102342,20190910,   18,    0
 18306,102342,20190911,  319,    0
 18306,102342,20190912,  243,    0
 18306,102342,20190913,  115,    0
 18306,102342,20190914,  876,    0
 18306,102342,20190915,  304,    0
 18306,102342,20190916,  250,    0
 18306,102342,20190917,   23,    0
 18306,102342,20190918,    5,    0
 18306,102342,20190919,   19,    0
 18306,102342,20190920,    3,    0
 18306,102342,20190921,    0,    0
 18306,102342,20190922,    0,    0
 18306,102342,20190923,    0,    0
 18306,102342,20190924,    0,    0
 18306,102342,20190925,    0,    0
 18306,102342,20190926,   50,    0
 18306,102342,20190927,   21,    0
 18306,102342,20190928,    0,    0
 18306,102342,20190929,    0,    0
 18306,102342,20190930,   30,    0
 18306,102342,20191001,    7,    0
 18306,102342,20191002,   30,    0
 18306,102342,20191003,   83,    0
 18306,102342,20191004,    0,    0
 18306,102342,20191005,    0,    0
 18306,102342,20191006,    0,    0
 18306,102342,20191007,   64,    0
 18306,102342,20191008,  406,    0
 18306,102342,20191009,  168,    0
 18306,102342,20191010,  218,    0
 18306,102342,20191011,  664,    0
 18306,102342,20191012,  350,    0
 18306,102342,20191013,   68,    0
 18306,102342,20191014,    5,    0
 18306,102342,20191015,   38,    0
 18306,102342,20191016,    4,    0
 18306,102342,20191017,   85,    0
 18306,102342,20191018,   18,    0
 18306,102342,20191019,    1,    0
 18306,102342,20191020,    2,    0
 18306,102342,20191021,    0,    0
 18306,102342,20191022,  188,    0
 18306,102342,20191023,    0,    0
 18306,102342,20191024,  336,    0
 18306,102342,20191025,   92,    0
 18306,102342,20191026,   86,    0
 18306,102342,20191027,   14,    0
 18306,102342,20191028,    0,    0
 18306,102342,20191029,    0,    0
 18306,102342,20191030,   14,    0
 18306,102342,20191031,    2,    0
 18306,102342,20191101,    0,    0
 18306,102342,20191102,    0,    0
 18306,102342,20191103,    0,    0
 18306,102342,20191104,    0,    0
 18306,102342,20191105,    0,    0
 18306,102342,20191106,    9,    0
 18306,102342,20191107,    1,    0
 18306,102342,20191108,    0,    0
 18306,102342,20191109,    0,    0
 18306,102342,20191110,    2,    0
 18306,102342,20191111,    4,    0
 18306,102342,20191112,   17,    0
 18306,102342,20191113,    0,    0
 18306,102342,20191114,    0,    0
 18306,102342,20191115,    4,    0
 18306,102342,20191116,   15,    0
 18306,102342,20191117,    8,    0
 18306,102342,20191118,   75,    0
 18306,102342,20191119,    0,    0
 18306,102342,20191120,    0,    0
 18306,102342,20191121,    0,    0
 18306,102342,20191122,    0,    0
 18306,102342,20191123,    0,    0
 18306,102342,20191124,    0,    0
 18306,102342,20191125,   76,    0
 18306,102342,20191126,   20,    0
 18306,102342,20191127,   12,    0
 18306,102342,20191128,   11,    0
 18306,102342,20191129,    7,    0
 18306,102342,20191130,    4,    0
 18306,102342,20191201,   41,    0
 18306,102342,20191202,   64,    0
 18306,102342,20191203,   71,    0
 18306,102342,20191204,  158,    0
 18306,102342,20191205,  665,    0
 18306,102342,20191206,   99,    0
 18306,102342,20191207,  219,    0
 18306,102342,20191208,  516,    0
 18306,102342,20191209,   26,    0
 18306,102342,20191210,  399,    0
 18306,102342,20191211,  206,    0
 18306,102342,20191212,    6,    0
 18306,102342,20191213,    0,    0
 18306,102342,20191214,   18,    0
 18306,102342,20191215,  236,    0
 18306,102342,20191216,  123,    0
 18306,102342,20191217,   26,    0
 18306,102342,20191218,   15,    0
 18306,102342,20191219,   59,    0
 18306,102342,20191220,    0,    0
 18306,102342,20191221,    1,    0
 18306,102342,20191222,    2,    0
 18306,102342,20191223,   29,    0
 18306,102342,20191224,   15,    0
 18306,102342,20191225,    6,    0
 18306,102342,20191226,    0,    0
 18306,102342,20191227,   13,    0
 18306,102342,20191228,  309,    0
 18306,102342,20191229,  643,    0
 18306,102342,20191230,  332,    0
 18306,102342,20191231,   39,    0
 18306,102342,20200101,   21,    0
 18306,102342,20200102,  417,    0
 18306,102342,20200103,  157,    0
 18306,102342,20200104,   52,    0
 18306,102342,20200105,  239,    0
 18306,102342,20200106,  116,    0
 18306,102342,20200107,  767,    0
 18306,102342,20200108,  258,    0
 18306,102342,20200109,    2,    0
 18306,102342,20200110,   72,    0
 18306,102342,20200111,  925,    0
 18306,102342,20200112,  109,    0
 18306,102342,20200113,   91,    0
 18306,102342,20200114,  252,    0
 18306,102342,20200115,  386,    0
 18306,102342,20200116,  206,    0
 18306,102342,20200117,  127,    0
 18306,102342,20200118,   96,    0
 18306,102342,20200119,   51,    0
 18306,102342,20200120,  251,    0
 18306,102342,20200121,   34,    0
 18306,102342,20200122,   20,    0
 18306,102342,20200123,  197,    0
 18306,102342,20200124,   35,    0
 18306,102342,20200125,  176,    0
 18306,102342,20200126,  149,    0
 18306,102342,20200127,   31,    0
 18306,102342,20200128,   27,    0
 18306,102342,20200129,   57,    0
 18306,102342,20200130,   71,    0
 18306,102342,20200131,  326,    0
 18306,102342,20200201,  283,    0
 18306,102342,20200202,    1,    0
 18306,102342,20200203,  113,    0
 18306,102342,20200204,    7,    0
 18306,102342,20200205,   87,    0
 18306,102342,20200206,    1,    0
 18306,102342,20200207,    0,    0
 18306,102342,20200208,   81,    0
 18306,102342,20200209,  564,    0
 18306,102342,20200210,  275,    0
 18306,102342,20200211,  266,    0
 18306,102342,20200212,  110,    0
 18306,102342,20200213,   16,    0
 18306,102342,20200214,  103,    0
 18306,102342,20200215,  252,    0
 18306,102342,20200216,  472,    0
 18306,102342,20200217,  650,    0
 18306,102342,20200218,  230,    0
 18306,102342,20200219,   16,    0
 18306,102342,20200220,  229,    0
 18306,102342,20200221,  790,    0
 18306,102342,20200222,  392,    0
 18306,102342,20200223,  117,    0
 18306,102342,20200224,    3,    0
 18306,102342,20200225,    0,    0
 18306,102342,20200226,   22,    0
 18306,102342,20200227,   32,    0
 18306,102342,20200228,   67,    0
 18306,102342,20200229,   32,    0
 18306,102342,20200301,   92,    0
 18306,102342,20200302,  119,    0
 18306,102342,20200303,    0,    0
 18306,102342,20200304,   16,    0
 18306,102342,20200305,    0,    0
 18306,102342,20200306,    0,    0
 18306,102342,20200307,  306,    0
 18306,102342,20200308,  466,    0
 18306,102342,20200309,   35,    0
 18306,102342,20200310,  242,    0
 18306,102342,20200311,  165,    0
 18306,102342,20200312,  148,    0
 18306,102342,20200313,    0,    0
 18306,102342,20200314,  104,    0
 18306,102342,20200315,  427,    0
 18306,102342,20200316,  195,    0
 18306,102342,20200317,  139,    0
 18306,102342,20200318,  193,    0
 18306,102342,20200319,  113,    0
 18306,102342,20200320,    0,    0
 18306,102342,20200321,    0,    0
 18306,102342,20200322,    0,    0
 18306,102342,20200323,    0,    0
 18306,102342,20200324,    0,    0
 18306,102342,20200325,   66,    0
 18306,102342,20200326,   29,    0
 18306,102342,20200327,    5,    0
 18306,102342,20200328,    0,    0
 18306,102342,20200329,   41,    0
 18306,102342,20200330,    1,    0
 18306,102342,20200331,   21,    0
 18306,102342,20200401,  221,    0
 18306,102342,20200402,  185,    0
 18306,102342,20200403,   62,    0
 18306,102342,20200404,   25,    0
 18306,102342,20200405,    0,    0
 18306,102342,20200406,   56,    0
 18306,102342,20200407,    0,    0
 18306,102342,20200408,   27,    0
 18306,102342,20200409,    0,    0
 18306,102342,20200410,   10,    0
 18306,102342,20200411,  299,    0
 18306,102342,20200412,   69,    0
 18306,102342,20200413,    0,    0
 18306,102342,20200414,   78,    0
 18306,102342,20200415,  151,    0
 18306,102342,20200416,   15,    0
 18306,102342,20200417,    0,    0
 18306,102342,20200418,    0,    0
 18306,102342,20200419,    0,    0
 18306,102342,20200420,    0,    0
 18306,102342,20200421,    0,    0
 18306,102342,20200422,    0,    0
 18306,102342,20200423,    0,    0
 18306,102342,20200424,    0,    0
 18306,102342,20200425,    0,    0
 18306,102342,20200426,   69,    0
 18306,102342,20200427,   44,    0
 18306,102342,20200428,    0,    0
 18306,102342,20200429,    0,    0
 18306,102342,20200430,    2,    0
 18306,102342,20200501,    0,    0
 18306,102342,20200502,    7,    0
 18306,102342,20200503,   28,    0
 18306,102342,20200504,    4,    0
 18306,102342,20200505,    0,    0
 18306,102342,20200506,    0,    0
 18306,102342,20200507,    0,    0
 18306,102342,20200508,   12,    0
 18306,102342,20200509,   83,    0
 18306,102342,20200510,   14,    0
 18306,102342,20200511,   39,    0
 18306,102342,20200512,    2,    0
 18306,102342,20200513,   29,    0
 18306,102342,20200514,  106,    0
 18306,102342,20200515,   50,    0
 18306,102342,20200516,   82,    0
 18306,102342,20200517,   26,    0
 18306,102342,20200518,    0,    0
 18306,102342,20200519,    0,    0
 18306,102342,20200520,    0,    0
 18306,102342,20200521,    0,    0
 18306,102342,20200522,   96,    0
 18306,102342,20200523,  438,    0
 18306,102342,20200524,  145,    0
 18306,102342,20200525,    0,    0
 18306,102342,20200526,    3,    0
 18306,102342,20200527,    5,    0
 18306,102342,20200528,    0,    0
 18306,102342,20200529,    0,    0
 18306,102342,20200530,    0,    0
 18306,102342,20200531,    0,    0
 18306,102342,20200601,    0,    0
 18306,102342,20200602,    0,    0
 18306,102342,20200603,    7,    0
 18306,102342,20200604,   19,    0
 18306,102342,20200605,    8,    0
 18306,102342,20200606,  209,    0
 18306,102342,20200607,   66,    0
 18306,102342,20200608,    8,    0
 18306,102342,20200609,    0,    0
 18306,102342,20200610,    0,    0
 18306,102342,20200611,    0,    0
 18306,102342,20200612,    1,    0
 18306,102342,20200613,   43,    0
 18306,102342,20200614,    0,    0
 18306,102342,20200615,    0,    0
 18306,102342,20200616,    0,    0
 18306,102342,20200617,    0,    0
 18306,102342,20200618,    0,    0
 18306,102342,20200619,    0,    0
 18306,102342,20200620,   29,    0
 18306,102342,20200621,   22,    0
 18306,102342,20200622,   12,    0
 18306,102342,20200623,    0,    0
 18306,102342,20200624,    0,    0
 18306,102342,20200625,    0,    0
 18306,102342,20200626,    0,    0
 18306,102342,20200627,   13,    0
 18306,102342,20200628,   30,    0
 18306,102342,20200629,   21,    0
 18306,102342,20200630,   89,    0
 18306,102342,20200701,    0,    0
 18306,102342,20200702,   82,    0
 18306,102342,20200703,  296,    0
 18306,102342,20200704,   54,    0
 18306,102342,20200705,  531,    0
 18306,102342,20200706,  150,    0
 18306,102342,20200707,   41,    0
 18306,102342,20200708,    8,    0
 18306,102342,20200709,    0,    0
 18306,102342,20200710,    4,    0
 18306,102342,20200711,   42,    0
 18306,102342,20200712,   29,    0
 18306,102342,20200713,  134,    0
 18306,102342,20200714,  245,    0
 18306,102342,20200715,    0,    0
 18306,102342,20200716,    0,    0
 18306,102342,20200717,  382,    0
 18306,102342,20200718,  439,    0
 18306,102342,20200719,    1,    0
 18306,102342,20200720,    8,    0
 18306,102342,20200721,   20,    0
 18306,102342,20200722,    0,    0
 18306,102342,20200723,    0,    0
 18306,102342,20200724,    0,    0
 18306,102342,20200725,  120,    0
 18306,102342,20200726,  364,    0
 18306,102342,20200727,   23,    0
 18306,102342,20200728,  146,    0
 18306,102342,20200729,  109,    0
 18306,102342,20200730,   85,    0
 18306,102342,20200731,    0,    0
 18306,102342,20200801,   64,    0
 18306,102342,20200802,  112,    0
 18306,102342,20200803,    7,    0
 18306,102342,20200804,  161,    0
 18306,102342,20200805,  289,    0
 18306,102342,20200806,   14,    0
 18306,102342,20200807,    0,    0
 18306,102342,20200808,    3,    0
 18306,102342,20200809,    0,    0
 18306,102342,20200810,    0,    0
 18306,102342,20200811,    0,    0
 18306,102342,20200812,    0,    0
 18306,102342,20200813,    1,    0
 18306,102342,20200814,    0,    0
 18306,102342,20200815,    0,    0
 18306,102342,20200816,    0,    0
 18306,102342,20200817,    0,    0
 18306,102342,20200818,   33,    0
 18306,102342,20200819,   24,    0
 18306,102342,20200820,   26,    0
 18306,102342,20200821,  427,    0
 18306,102342,20200822,  476,    0
 18306,102342,20200823,  102,    0
 18306,102342,20200824,   29,    0
 18306,102342,20200825,    4,    0
 18306,102342,20200826,    0,    0
 18306,102342,20200827,    0,    0
 18306,102342,20200828,    1,    0
 18306,102342,20200829,    0,    0
 18306,102342,20200830,    0,    0
 18306,102342,20200831,    0,    0
 18306,102342,20200901,    0,    0
 18306,102342,20200902,    0,    0
 18306,102342,20200903,  134,    0
 18306,102342,20200904,  450,    0
 18306,102342,20200905,  270,    0
 18306,102342,20200906,   34,    0
 18306,102342,20200907,  187,    0
 18306,102342,20200908,  372,    0
 18306,102342,20200909,  113,    0
 18306,102342,20200910,   29,    0
 18306,102342,20200911,  609,    0
 18306,102342,20200912,  429,    0
 18306,102342,20200913,  306,    0
 18306,102342,20200914,   36,    0
 18306,102342,20200915,   36,    0
 18306,102342,20200916,    0,    0
 18306,102342,20200917,    0,    0
 18306,102342,20200918,    9,    0
 18306,102342,20200919,    0,    0
 18306,102342,20200920,    0,    0
 18306,102342,20200921,   21,    0
 18306,102342,20200922,  114,    0
 18306,102342,20200923,  172,    0
 18306,102342,20200924,  395,    0
 18306,102342,20200925,    0,    0
 18306,102342,20200926,    0,    0
 18306,102342,20200927,    0,    0
 18306,102342,20200928,    1,    0
 18306,102342,20200929,   61,    0
 18306,102342,20200930,   28,    0
 18306,102342,20201001,    0,    0
 18306,102342,20201002,    0,    0
 18306,102342,20201003,    0,    0
 18306,102342,20201004,   42,    0
 18306,102342,20201005,    0,    0
 18306,102342,20201006,    4,    0
 18306,102342,20201007,   88,    0
 18306,102342,20201008,  209,    0
 18306,102342,20201009,  100,    0
 18306,102342,20201010,    0,    0
 18306,102342,20201011,    0,    0
 18306,102342,20201012,    0,    0
 18306,102342,20201013,    0,    0
 18306,102342,20201014,    0,    0
 18306,102342,20201015,    0,    0
 18306,102342,20201016,    0,    0
 18306,102342,20201017,    0,    0
 18306,102342,20201018,    1,    0
 18306,102342,20201019,  340,    0
 18306,102342,20201020,  416,    0
 18306,102342,20201021,  420,    0
 18306,102342,20201022,  116,    0
 18306,102342,20201023,  114,    0
 18306,102342,20201024,  245,    0
 18306,102342,20201025,  129,    0
 18306,102342,20201026,    0,    0
 18306,102342,20201027,   28,    0
 18306,102342,20201028,  262,    0
 18306,102342,20201029,    2,    0
 18306,102342,20201030,  109,    0
 18306,102342,20201031,   60,    0
 18306,102342,20201101,  366,    0
 18306,102342,20201102,  364,    0
 18306,102342,20201103,  255,    0
 18306,102342,20201104,  142,    0
 18306,102342,20201105,  148,    0
 18306,102342,20201106,   12,    0
 18306,102342,20201107,   15,    0
 18306,102342,20201108,    0,    0
 18306,102342,20201109,    0,    0
 18306,102342,20201110,    8,    0
 18306,102342,20201111,    0,    0
 18306,102342,20201112,    0,    0
 18306,102342,20201113,  111,    0
 18306,102342,20201114,   30,    0
 18306,102342,20201115,  119,    0
 18306,102342,20201116,  103,    0
 18306,102342,20201117,  473,    0
 18306,102342,20201118, 1027,    0
 18306,102342,20201119,   71,    0
 18306,102342,20201120,  324,    0
 18306,102342,20201121,  321,    0
 18306,102342,20201122,  170,    0
 18306,102342,20201123,  355,    0
 18306,102342,20201124,  505,    0
 18306,102342,20201125,  284,    0
 18306,102342,20201126,    0,    0
 18306,102342,20201127,    0,    0
 18306,102342,20201128,    0,    0
 18306,102342,20201129,   51,    0
 18306,102342,20201130,  240,    0
 18306,102342,20201201,    0,    0
 18306,102342,20201202,    0,    0
 18306,102342,20201203,    3,    0
 18306,102342,20201204,   10,    0
 18306,102342,20201205,    0,    0
 18306,102342,20201206,    3,    0
 18306,102342,20201207,    0,    0
 18306,102342,20201208,    0,    0
 18306,102342,20201209,    0,    0
 18306,102342,20201210,    0,    0
 18306,102342,20201211,    0,    0
 18306,102342,20201212,    0,    0
 18306,102342,20201213,    0,    0
 18306,102342,20201214,   76,    0
 18306,102342,20201215,   86,    0
 18306,102342,20201216,    9,    0
 18306,102342,20201217,   94,    0
 18306,102342,20201218,  119,    0
 18306,102342,20201219,   35,    0
 18306,102342,20201220,  115,    0
 18306,102342,20201221,   44,    0
 18306,102342,20201222,  187,    0
 18306,102342,20201223,    2,    0
 18306,102342,20201224,    0,    0
 18306,102342,20201225,   85,    0
 18306,102342,20201226,  169,    0
 18306,102342,20201227,   16,    0
 18306,102342,20201228,    0,    0
 18306,102342,20201229,    2,    0
 18306,102342,20201230,    0,    0
 18306,102342,20201231,    6,    0
 18306,102342,20210101,    0,    0
 18306,102342,20210102,    0,    0
 18306,102342,20210103,    0,    0
 18306,102342,20210104,    0,    0
 18306,102342,20210105,    0,    0
 18306,102342,20210106,    0,    0
 18306,102342,20210107,    0,    0
 18306,102342,20210108,    0,    0
 18306,102342,20210109,  115,    0
 18306,102342,20210110,  112,    0
 18306,102342,20210111,   30,    0
 18306,102342,20210112,   35,    0
 18306,102342,20210113,    1,    0
 18306,102342,20210114,    0,    0
 18306,102342,20210115,    0,    0
 18306,102342,20210116,    0,    0
 18306,102342,20210117,   50,    0
 18306,102342,20210118,   76,    0
 18306,102342,20210119,    5,    0
 18306,102342,20210120,   71,    0
 18306,102342,20210121,   58,    0
 18306,102342,20210122,  128,    0
 18306,102342,20210123,   19,    0
 18306,102342,20210124,    0,    0
 18306,102342,20210125,    0,    0
 18306,102342,20210126,    6,    0
 18306,102342,20210127,    0,    0
 18306,102342,20210128,    0,    0
 18306,102342,20210129,    1,    0
 18306,102342,20210130,    0,    0
 18306,102342,20210131,   34,    0
 18306,102342,20210201,    0,    0
 18306,102342,20210202,    0,    0
 18306,102342,20210203,    0,    0
 18306,102342,20210204,    0,    0
 18306,102342,20210205,    0,    0
 18306,102342,20210206,    0,    0
 18306,102342,20210207,    0,    0
 18306,102342,20210208,    0,    0
 18306,102342,20210209,    0,    0
 18306,102342,20210210,    0,    0
 18306,102342,20210211,    0,    0
 18306,102342,20210212,    0,    0
 18306,102342,20210213,    0,    0
 18306,102342,20210214,    0,    0
 18306,102342,20210215,    0,    0
 18306,102342,20210216,    6,    0
 18306,102342,20210217,    1,    0
 18306,102342,20210218,    2,    0
 18306,102342,20210219,  118,    0
 18306,102342,20210220,  228,    0
 18306,102342,20210221,    0,    0
 18306,102342,20210222,   80,    0
 18306,102342,20210223,  489,    0
 18306,102342,20210224,  777,    0
 18306,102342,20210225,  282,    0
 18306,102342,20210226,   56,    0
 18306,102342,20210227,    4,    0
 18306,102342,20210228,    0,    0
 18306,102342,20210301,    1,    0
 18306,102342,20210302,    0,    0
 18306,102342,20210303,    0,    0
 18306,102342,20210304,    0,    0
 18306,102342,20210305,   18,    0
 18306,102342,20210306,   48,    0
 18306,102342,20210307,    0,    0
 18306,102342,20210308,    0,    0
 18306,102342,20210309,    0,    0
 18306,102342,20210310,    3,    0
 18306,102342,20210311,  183,    0
 18306,102342,20210312,  179,    0
 18306,102342,20210313,    5,    0
 18306,102342,20210314,  161,    0
 18306,102342,20210315,    0,    0
 18306,102342,20210316,    0,    0
 18306,102342,20210317,    0,    0
 18306,102342,20210318,    0,    0
 18306,102342,20210319,    0,    0
 18306,102342,20210320,   30,    0
 18306,102342,20210321,    6,    0
 18306,102342,20210322,   42,    0
 18306,102342,20210323,   54,    0
 18306,102342,20210324,  123,    0
 18306,102342,20210325,   38,    0
 18306,102342,20210326,  120,    0
 18306,102342,20210327,   96,    0
 18306,102342,20210328,  302,    0
 18306,102342,20210329,  610,    0
 18306,102342,20210330,  353,    0
 18306,102342,20210331,   19,    0
 18306,102342,20210401,    9,    0
 18306,102342,20210402,   11,    0
 18306,102342,20210403,    1,    0
 18306,102342,20210404,  227,    0
 18306,102342,20210405,   46,    0
 18306,102342,20210406,   13,    0
 18306,102342,20210407,   12,    0
 18306,102342,20210408,  408,    0
 18306,102342,20210409,   94,    0
 18306,102342,20210410,   24,    0
 18306,102342,20210411,    1,    0
 18306,102342,20210412,    0,    0
 18306,102342,20210413,    0,    0
 18306,102342,20210414,    0,    0
 18306,102342,20210415,    0,    0
 18306,102342,20210416,    0,    0
 18306,102342,20210417,    0,    0
 18306,102342,20210418,    0,    0
 18306,102342,20210419,    0,    0
 18306,102342,20210420,   36,    0
 18306,102342,20210421,   16,    0
 18306,102342,20210422,    5,    0
 18306,102342,20210423,    0,    0
 18306,102342,20210424,    0,    0
 18306,102342,20210425,    0,    0
 18306,102342,20210426,    0,    0
 18306,102342,20210427,    0,    0
 18306,102342,20210428,    0,    0
 18306,102342,20210429,    0,    0
 18306,102342,20210430,    5,    0
 18306,102342,20210501,    0,    0
 18306,102342,20210502,   23,    0
 18306,102342,20210503,   34,    0
 18306,102342,20210504,    0,    0
 18306,102342,20210505,    0,    0
 18306,102342,20210506,    0,    0
 18306,102342,20210507,   12,    0
 18306,102342,20210508,    0,    0
 18306,102342,20210509,   92,    0
 18306,102342,20210510,   16,    0
 18306,102342,20210511,    0,    0
 18306,102342,20210512,    9,    0
 18306,102342,20210513,   10,    0
 18306,102342,20210514,   31,    0
 18306,102342,20210515,   61,    0
 18306,102342,20210516,    9,    0
 18306,102342,20210517,  131,    0
 18306,102342,20210518,    8,    0
 18306,102342,20210519,   29,    0
 18306,102342,20210520,    1,    0
 18306,102342,20210521,    0,    0
 18306,102342,20210522,    0,    0
 18306,102342,20210523,  133,    0
 18306,102342,20210524,    0,    0
 18306,102342,20210525,    0,    0
 18306,102342,20210526,    0,    0
 18306,102342,20210527,    0,    0
 18306,102342,20210528,    0,    0
 18306,102342,20210529,    0,    0
 18306,102342,20210530,    0,    0
 18306,102342,20210531,    0,    0
 18306,102342,20210601,    0,    0
 18306,102342,20210602,    0,    0
 18306,102342,20210603,    0,    0
 18306,102342,20210604,    0,    0
 18306,102342,20210605,   43,    0
 18306,102342,20210606,    0,    0
 18306,102342,20210607,    0,    0
 18306,102342,20210608,    0,    0
 18306,102342,20210609,    0,    0
 18306,102342,20210610,   11,    0
 18306,102342,20210611,  125,    0
 18306,102342,20210612,   77,    0
 18306,102342,20210613,  105,    0
 18306,102342,20210614,  540,    0
 18306,102342,20210615,   14,    0
 18306,102342,20210616,    0,    0
 18306,102342,20210617,  113,    0
 18306,102342,20210618,   26,    0
 18306,102342,20210619,  173,    0
 18306,102342,20210620,  128,    0
 18306,102342,20210621,    0,    0
 18306,102342,20210622,    0,    0
 18306,102342,20210623,    0,    0
 18306,102342,20210624,    0,    0
 18306,102342,20210625,    0,    0
 18306,102342,20210626,    2,    0
 18306,102342,20210627,    0,    0
 18306,102342,20210628,    0,    0
 18306,102342,20210629,    0,    0
 18306,102342,20210630,    0,    0
 18306,102342,20210701,    3,    0
 18306,102342,20210702,   49,    0
 18306,102342,20210703,  114,    0
 18306,102342,20210704,  240,    0
 18306,102342,20210705,   44,    0
 18306,102342,20210706,   28,    0
 18306,102342,20210707,   79,    0
 18306,102342,20210708,  321,    0
 18306,102342,20210709,   31,    0
 18306,102342,20210710,    0,    0
 18306,102342,20210711,    1,    0
 18306,102342,20210712,    0,    0
 18306,102342,20210713,    1,    0
 18306,102342,20210714,    0,    0
 18306,102342,20210715,    1,    0
 18306,102342,20210716,    0,    0
 18306,102342,20210717,   48,    0
 18306,102342,20210718,    8,    0
 18306,102342,20210719,    2,    0
 18306,102342,20210720,    6,    0
 18306,102342,20210721,    0,    0
 18306,102342,20210722,    0,    0
 18306,102342,20210723,    0,    0
 18306,102342,20210724,    0,    0
 18306,102342,20210725,    5,    0
 18306,102342,20210726,   67,    0
 18306,102342,20210727,  268,    0
 18306,102342,20210728,  125,    0
 18306,102342,20210729,  169,    0
 18306,102342,20210730,    0,    0
 18306,102342,20210731,    1,    0
 18306,102342,20210801,    0,    0
 18306,102342,20210802,    0,    0
 18306,102342,20210803,    0,    0
 18306,102342,20210804,    0,    0
 18306,102342,20210805,   26,    0
 18306,102342,20210806,    0,    0
 18306,102342,20210807,    1,    0
 18306,102342,20210808,    7,    0
 18306,102342,20210809,   72,    0
 18306,102342,20210810,    0,    0
 18306,102342,20210811,    0,    0
 18306,102342,20210812,   26,    0
 18306,102342,20210813,  172,    0
 18306,102342,20210814,  177,    0
 18306,102342,20210815,   82,    0
 18306,102342,20210816,    0,    0
 18306,102342,20210817,    0,    0
 18306,102342,20210818,   15,    0
 18306,102342,20210819,    5,    0
 18306,102342,20210820,    6,    0
 18306,102342,20210821,    0,    0
 18306,102342,20210822,    0,    0
 18306,102342,20210823,    0,    0
 18306,102342,20210824,    7,    0
 18306,102342,20210825,    0,    0
 18306,102342,20210826,    0,    0
 18306,102342,20210827,    1,    0
 18306,102342,20210828,    0,    0
 18306,102342,20210829,    0,    0
 18306,102342,20210830,    0,    0
 18306,102342,20210831,    0,    0
 18306,102342,20210901,    0,    0
 18306,102342,20210902,    0,    0
 18306,102342,20210903,    0,    0
 18306,102342,20210904,    0,    0
 18306,102342,20210905,    3,    0
 18306,102342,20210906,    9,    0
 18306,102342,20210907,   85,    0
 18306,102342,20210908,    0,    0
 18306,102342,20210909,    0,    0
 18306,102342,20210910,   26,    0
 18306,102342,20210911,  303,    0
 18306,102342,20210912,   56,    0
 18306,102342,20210913,    1,    0
 18306,102342,20210914,    0,    0
 18306,102342,20210915,   38,    0
 18306,102342,20210916,    0,    0
 18306,102342,20210917,    0,    0
 18306,102342,20210918,    0,    0
 18306,102342,20210919,    2,    0
 18306,102342,20210920,   86,    0
 18306,102342,20210921,   18,    0
 18306,102342,20210922,  350,    0
 18306,102342,20210923,  226,    0
 18306,102342,20210924,  195,    0
 18306,102342,20210925,    3,    0
 18306,102342,20210926,    2,    0
 18306,102342,20210927,  192,    0
 18306,102342,20210928,    0,    0
 18306,102342,20210929,    3,    0
 18306,102342,20210930,   49,    0
 18306,102342,20211001,  146,    0
 18306,102342,20211002,   23,    0
 18306,102342,20211003,   93,    0
 18306,102342,20211004,  133,    0
 18306,102342,20211005,    0,    0
 18306,102342,20211006,   15,    0
 18306,102342,20211007,   85,    0
 18306,102342,20211008,  244,    0
 18306,102342,20211009,   34,    0
 18306,102342,20211010,  269,    0
 18306,102342,20211011,   32,    0
 18306,102342,20211012,    0,    0
 18306,102342,20211013,  142,    0
 18306,102342,20211014,  411,    0
 18306,102342,20211015,  177,    0
 18306,102342,20211016,   16,    0
 18306,102342,20211017,    0,    0
 18306,102342,20211018,   88,    0
 18306,102342,20211019,  404,    0
 18306,102342,20211020,  341,    0
 18306,102342,20211021,   74,    0
 18306,102342,20211022,   60,    0
 18306,102342,20211023,   27,    0
 18306,102342,20211024,  205,    0
 18306,102342,20211025,  331,    0
 18306,102342,20211026,  488,    0
 18306,102342,20211027,  421,    0
 18306,102342,20211028,  487,    0
 18306,102342,20211029,   45,    0
 18306,102342,20211030,   58,    0
 18306,102342,20211031,   28,    0
 18306,102342,20211101,   56,    0
 18306,102342,20211102,   21,    0
 18306,102342,20211103,   11,    0
 18306,102342,20211104,    3,    0
 18306,102342,20211105,  248,    0
 18306,102342,20211106,  382,    0
 18306,102342,20211107,   34,    0
 18306,102342,20211108,  195,    0
 18306,102342,20211109,  120,    0
 18306,102342,20211110,  142,    0
 18306,102342,20211111,  104,    0
 18306,102342,20211112,    0,    0
 18306,102342,20211113,    0,    0
 18306,102342,20211114,    0,    0
 18306,102342,20211115,  128,    0
 18306,102342,20211116,  369,    0
 18306,102342,20211117,  130,    0
 18306,102342,20211118,  400,    0
 18306,102342,20211119,  101,    0
 18306,102342,20211120,  129,    0
 18306,102342,20211121,   10,    0
 18306,102342,20211122,   42,    0
 18306,102342,20211123,   80,    0
 18306,102342,20211124,  245,    0
 18306,102342,20211125,    4,    0
 18306,102342,20211126,    0,    0
 18306,102342,20211127,    9,    0
 18306,102342,20211128,    0,    0
 18306,102342,20211129,   86,    0
 18306,102342,20211130,    1,    0
 18306,102342,20211201,    0,    0
 18306,102342,20211202,    0,    0
 18306,102342,20211203,    8,    0
 18306,102342,20211204,    0,    0
 18306,102342,20211205,    0,    0
 18306,102342,20211206,    0,    0
 18306,102342,20211207,    0,    0
 18306,102342,20211208,    0,    0
 18306,102342,20211209,    0,    0
 18306,102342,20211210,    0,    0
 18306,102342,20211211,   12,    0
 18306,102342,20211212,   42,    0
 18306,102342,20211213,  111,    0
 18306,102342,20211214,  673,    0
 18306,102342,20211215,  291,    0
 18306,102342,20211216,   34,    0
 18306,102342,20211217,   12,    0
 18306,102342,20211218,   13,    0
 18306,102342,20211219,    0,    0
 18306,102342,20211220,    0,    0
 18306,102342,20211221,    0,    0
 18306,102342,20211222,   24,    0
 18306,102342,20211223,   11,    0
 18306,102342,20211224,    0,    0
 18306,102342,20211225,    0,    0
 18306,102342,20211226,    0,    0
 18306,102342,20211227,   13,    0
 18306,102342,20211228,    0,    0
 18306,102342,20211229,  100,    0
 18306,102342,20211230,  373,    0
 18306,102342,20211231,   62,    0
 18306,102342,20220101,  283,    0
 18306,102342,20220102,  163,    0
 18306,102342,20220103,  392,    0
 18306,102342,20220104,  199,    0
 18306,102342,20220105,    0,    0
 18306,102342,20220106,    1,    0
 18306,102342,20220107,   14,    0
 18306,102342,20220108,   10,    0
 18306,102342,20220109,    0,    0
 18306,102342,20220110,   11,    0
 18306,102342,20220111,  157,    0
 18306,102342,20220112,  174,    0
 18306,102342,20220113,  277,    0
 18306,102342,20220114,    5,    0
 18306,102342,20220115,   91,    0
 18306,102342,20220116,  189,    0
 18306,102342,20220117,   16,    0
 18306,102342,20220118,  222,    0
 18306,102342,20220119,  230,    0
 18306,102342,20220120,    7,    0
 18306,102342,20220121,   20,    0
 18306,102342,20220122,   15,    0
 18306,102342,20220123,  120,    0
 18306,102342,20220124,  110,    0
 18306,102342,20220125,  192,    0
 18306,102342,20220126,  310,    0
 18306,102342,20220127,   76,    0
 18306,102342,20220128,  492,    0
 18306,102342,20220129,  616,    0
 18306,102342,20220130,    0,    0
 18306,102342,20220131,   63,    0
 18306,102342,20220201,  194,    0
 18306,102342,20220202,   37,    0
 18306,102342,20220203,  356,    0
 18306,102342,20220204,  202,    0
 18306,102342,20220205,  346,    0
 18306,102342,20220206,  128,    0
 18306,102342,20220207,  260,    0
 18306,102342,20220208,  178,    0
 18306,102342,20220209,  122,    0
 18306,102342,20220210,   29,    0
 18306,102342,20220211,  138,    0
 18306,102342,20220212,  620,    0
 18306,102342,20220213,  189,    0
 18306,102342,20220214,   67,    0
 18306,102342,20220215,  155,    0
 18306,102342,20220216,   63,    0
 18306,102342,20220217,  162,    0
 18306,102342,20220218,   71,    0
 18306,102342,20220219,   25,    0
 18306,102342,20220220,   65,    0
 18306,102342,20220221,    6,    0
 18306,102342,20220222,  133,    0
 18306,102342,20220223,  557,    0
 18306,102342,20220224,  172,    0
 18306,102342,20220225,   21,    0
 18306,102342,20220226,   15,    0
 18306,102342,20220227,    0,    0
 18306,102342,20220228,  116,    0
 18306,102342,20220301,   33,    0
 18306,102342,20220302,   13,    0
 18306,102342,20220303,    0,    0
 18306,102342,20220304,    0,    0
 18306,102342,20220305,   10,    0
 18306,102342,20220306,    0,    0
 18306,102342,20220307,    0,    0
 18306,102342,20220308,    0,    0
 18306,102342,20220309,    0,    0
 18306,102342,20220310,    0,    0
 18306,102342,20220311,    0,    0
 18306,102342,20220312,    0,    0
 18306,102342,20220313,    0,    0
 18306,102342,20220314,    0,    0
 18306,102342,20220315,    3,    0
 18306,102342,20220316,   12,    0
 18306,102342,20220317,   73,    0
 18306,102342,20220318,    9,    0
 18306,102342,20220319,    0,    0
 18306,102342,20220320,    0,    0
 18306,102342,20220321,   16,    0
 18306,102342,20220322,    0,    0
 18306,102342,20220323,    3,    0
 18306,102342,20220324,    0,    0
 18306,102342,20220325,   42,    0
 18306,102342,20220326,    2,    0
 18306,102342,20220327,    8,    0
 18306,102342,20220328,    1,    0
 18306,102342,20220329,    0,    0
 18306,102342,20220330,    0,    0
 18306,102342,20220331,    0,    0
 18306,102342,20220401,    0,    0
 18306,102342,20220402,    1,    0
 18306,102342,20220403,  173,    0
 18306,102342,20220404,   84,    0
 18306,102342,20220405,   16,    0
 18306,102342,20220406,    0,    0
 18306,102342,20220407,    9,    0
 18306,102342,20220408,   19,    0
 18306,102342,20220409,   62,    0
 18306,102342,20220410,   28,    0
 18306,102342,20220411,    0,    0
 18306,102342,20220412,   10,    0
 18306,102342,20220413,   36,    0
 18306,102342,20220414,    0,    0
 18306,102342,20220415,    0,    0
 18306,102342,20220416,    0,    0
 18306,102342,20220417,    0,    0
 18306,102342,20220418,    0,    0
 18306,102342,20220419,    0,    0
 18306,102342,20220420,    0,    0
 18306,102342,20220421,    0,    0
 18306,102342,20220422,    0,    0
 18306,102342,20220423,    0,    0
 18306,102342,20220424,    0,    0
 18306,102342,20220425,    0,    0
 18306,102342,20220426,    0,    0
 18306,102342,20220427,    0,    0
 18306,102342,20220428,    3,    0
 18306,102342,20220429,    1,    0
 18306,102342,20220430,    0,    0
 18306,102342,20220501,    0,    0
 18306,102342,20220502,    5,    0
 18306,102342,20220503,    0,    0
 18306,102342,20220504,   61,    0
 18306,102342,20220505,    5,    0
 18306,102342,20220506,  236,    0
 18306,102342,20220507,    0,    0
 18306,102342,20220508,    2,    0
 18306,102342,20220509,  106,    0
 18306,102342,20220510,  286,    0
 18306,102342,20220511,  369,    0
 18306,102342,20220512,  113,    0
 18306,102342,20220513,  368,    0
 18306,102342,20220514,   30,    0
 18306,102342,20220515,    0,    0
 18306,102342,20220516,    0,    0
 18306,102342,20220517,    0,    0
 18306,102342,20220518,   82,    0
 18306,102342,20220519,    3,    0
 18306,102342,20220520,    1,    0
 18306,102342,20220521,   24,    0
 18306,102342,20220522,   11,    0
 18306,102342,20220523,   22,    0
 18306,102342,20220524,   52,    0
 18306,102342,20220525,  235,    0
 18306,102342,20220526,   94,    0
 18306,102342,20220527,   20,    0
 18306,102342,20220528,    0,    0
 18306,102342,20220529,    3,    0
 18306,102342,20220530,    0,    0
 18306,102342,20220531,   60,    0
 18306,102342,20220601,   63,    0
 18306,102342,20220602,   74,    0
 18306,102342,20220603,    1,    0
 18306,102342,20220604,    0,    0
 18306,102342,20220605,    0,    0
 18306,102342,20220606,    0,    0
 18306,102342,20220607,    9,    0
 18306,102342,20220608,   22,    0
 18306,102342,20220609,    7,    0
 18306,102342,20220610,    4,    0
 18306,102342,20220611,  276,    0
 18306,102342,20220612,  187,    0
 18306,102342,20220613,   73,    0
 18306,102342,20220614,   10,    0
 18306,102342,20220615,    0,    0
 18306,102342,20220616,    0,    0
 18306,102342,20220617,  363,    0
 18306,102342,20220618,    3,    0
 18306,102342,20220619,   37,    0
 18306,102342,20220620,    0,    0
 18306,102342,20220621,   35,    0
 18306,102342,20220622,   20,    0
 18306,102342,20220623,    0,    0
 18306,102342,20220624,   20,    0
 18306,102342,20220625,    0,    0
 18306,102342,20220626,  213,    0
 18306,102342,20220627,   11,    0
 18306,102342,20220628,    0,    0
 18306,102342,20220629,    0,    0
 18306,102342,20220630,    1,    0
 18306,102342,20220701,  112,    0
 18306,102342,20220702,  117,    0
 18306,102342,20220703,   83,    0
 18306,102342,20220704,  264,    0
 18306,102342,20220705,   31,    0
 18306,102342,20220706,  144,    0
 18306,102342,20220707,    4,    0
 18306,102342,20220708,   21,    0
 18306,102342,20220709,   49,    0
 18306,102342,20220710,    0,    0
 18306,102342,20220711,    0,    0
 18306,102342,20220712,   81,    0
 18306,102342,20220713,  232,    0
 18306,102342,20220714,    7,    0
 18306,102342,20220715,  114,    0
 18306,102342,20220716,    0,    0
 18306,102342,20220717,   74,    0
 18306,102342,20220718,    0,    0
 18306,102342,20220719,    0,    0
 18306,102342,20220720,   25,    0
 18306,102342,20220721,    6,    0
 18306,102342,20220722,    2,    0
 18306,102342,20220723,    4,    0
 18306,102342,20220724,  202,    0
 18306,102342,20220725,  160,    0
 18306,102342,20220726,   35,    0
 18306,102342,20220727,    0,    0
 18306,102342,20220728,    0,    0
 18306,102342,20220729,    0,    0
 18306,102342,20220730,   30,    0
 18306,102342,20220731,   53,    0
 18306,102342,20220801,    0,    0
 18306,102342,20220802,  302,    0
 18306,102342,20220803,   92,    0
 18306,102342,20220804,   27,    0
 18306,102342,20220805,    7,    0
 18306,102342,20220806,   22,    0
 18306,102342,20220807,  148,    0
 18306,102342,20220808,    0,    0
 18306,102342,20220809,    0,    0
 18306,102342,20220810,    0,    0
 18306,102342,20220811,    0,    0
 18306,102342,20220812,    0,    0
 18306,102342,20220813,    0,    0
 18306,102342,20220814,   12,    0
 18306,102342,20220815,    1,    0
 18306,102342,20220816,   76,    0
 18306,102342,20220817,    3,    0
 18306,102342,20220818,    3,    0
 18306,102342,20220819,  155,    0
 18306,102342,20220820,   87,    0
 18306,102342,20220821,   63,    0
 18306,102342,20220822,    0,    0
 18306,102342,20220823,    6,    0
 18306,102342,20220824,    8,    0
 18306,102342,20220825,  107,    0
 18306,102342,20220826,   24,    0
 18306,102342,20220827,    0,    0
 18306,102342,20220828,    0,    0
 18306,102342,20220829,    0,    0
 18306,102342,20220830,    0,    0
 18306,102342,20220831,    0,    0
 18306,102342,20220901,    0,    0
 18306,102342,20220902,    0,    0
 18306,102342,20220903,   10,    0
 18306,102342,20220904,    0,    0
 18306,102342,20220905,    0,    0
 18306,102342,20220906,    0,    0
 18306,102342,20220907,    0,    0
 18306,102342,20220908,   12,    0
 18306,102342,20220909,    0,    0
 18306,102342,20220910,    2,    0
 18306,102342,20220911,    9,    0
 18306,102342,20220912,  357,    0
 18306,102342,20220913,   30,    0
 18306,102342,20220914,   23,    0
 18306,102342,20220915,   11,    0
 18306,102342,20220916,    0,    0
 18306,102342,20220917,    0,    0
 18306,102342,20220918,    0,    0
 18306,102342,20220919,    0,    0
 18306,102342,20220920,    0,    0
 18306,102342,20220921,    1,    0
 18306,102342,20220922,  221,    0
 18306,102342,20220923,   24,    0
 18306,102342,20220924,    0,    0
 18306,102342,20220925,  218,    0
 18306,102342,20220926,   80,    0
 18306,102342,20220927,   19,    0
 18306,102342,20220928,    0,    0
 18306,102342,20220929,    0,    0
 18306,102342,20220930,   24,    0
 18306,102342,20221001,   50,    0
 18306,102342,20221002,   54,    0
 18306,102342,20221003,    0,    0
 18306,102342,20221004,  380,    0
 18306,102342,20221005,  646,    0
 18306,102342,20221006,  528,    0
 18306,102342,20221007,  573,    0
 18306,102342,20221008,   40,    0
 18306,102342,20221009,    9,    0
 18306,102342,20221010,  199,    0
 18306,102342,20221011,   43,    0
 18306,102342,20221012,  194,    0
 18306,102342,20221013,   15,    0
 18306,102342,20221014,  372,    0
 18306,102342,20221015,  154,    0
 18306,102342,20221016,  432,    0
 18306,102342,20221017,  278,    0
 18306,102342,20221018,    6,    0
 18306,102342,20221019,    0,    0
 18306,102342,20221020,    0,    0
 18306,102342,20221021,    3,    0
 18306,102342,20221022,   64,    0
 18306,102342,20221023,   68,    0
 18306,102342,20221024,   48,    0
 18306,102342,20221025,  149,    0
 18306,102342,20221026,   97,    0
 18306,102342,20221027,   22,    0
 18306,102342,20221028,  216,    0
 18306,102342,20221029,   46,    0
 18306,102342,20221030,   88,    0
 18306,102342,20221031,-9999,    9
