EUROPEAN CLIMATE ASSESSMENT & DATASET (ECA&D), file created on: 16-11-2022
THESE DATA CAN BE USED FOR NON-COMMERCIAL RESEARCH AND EDUCATION PROVIDED THAT THE FOLLOWING SOURCE IS ACKNOWLEDGED: 

Klein Tank, A.M.G. and Coauthors, 2002. Daily dataset of 20th-century surface
air temperature and precipitation series for the European Climate Assessment.
Int. J. of Climatol., 22, 1441-1453.
Data and metadata available at http://www.ecad.eu

FILE FORMAT (MISSING VALUE CODE = -9999):

01-06 STAID: Station identifier
08-13 SOUID: Source identifier
15-22 DATE : Date YYYYMMDD
24-28 RR   : Precipitation amount in 0.1 mm
30-34 Q_RR : quality code for RR (0='valid'; 1='suspect'; 9='missing')

This is the blended series of station SISOVATNET, NORWAY (STAID: 18323)
Blended and updated with sources:102449 
See files sources.txt and stations.txt for more info.

STAID, SOUID,    DATE,   RR, Q_RR
 18323,102449,20161130,-9999,    9
 18323,102449,20161201,-9999,    9
 18323,102449,20161202,-9999,    9
 18323,102449,20161203,-9999,    9
 18323,102449,20161204,-9999,    9
 18323,102449,20161205,-9999,    9
 18323,102449,20161206,-9999,    9
 18323,102449,20161207,-9999,    9
 18323,102449,20161208,-9999,    9
 18323,102449,20161209,-9999,    9
 18323,102449,20161210,-9999,    9
 18323,102449,20161211,-9999,    9
 18323,102449,20161212,-9999,    9
 18323,102449,20161213,-9999,    9
 18323,102449,20161214,-9999,    9
 18323,102449,20161215,-9999,    9
 18323,102449,20161216,-9999,    9
 18323,102449,20161217,-9999,    9
 18323,102449,20161218,-9999,    9
 18323,102449,20161219,-9999,    9
 18323,102449,20161220,-9999,    9
 18323,102449,20161221,-9999,    9
 18323,102449,20161222,  102,    0
 18323,102449,20161223,   52,    0
 18323,102449,20161224,   20,    0
 18323,102449,20161225,   36,    0
 18323,102449,20161226,  132,    0
 18323,102449,20161227,  204,    0
 18323,102449,20161228,  238,    0
 18323,102449,20161229,  122,    0
 18323,102449,20161230,  175,    0
 18323,102449,20161231,   56,    0
 18323,102449,20170101,   38,    0
 18323,102449,20170102,    8,    0
 18323,102449,20170103,    0,    0
 18323,102449,20170104,    4,    0
 18323,102449,20170105,   12,    0
 18323,102449,20170106,  142,    0
 18323,102449,20170107,  106,    0
 18323,102449,20170108,  218,    0
 18323,102449,20170109,   34,    0
 18323,102449,20170110,   36,    0
 18323,102449,20170111,    0,    0
 18323,102449,20170112,    0,    0
 18323,102449,20170113,   16,    0
 18323,102449,20170114,   43,    0
 18323,102449,20170115,   60,    0
 18323,102449,20170116,   21,    0
 18323,102449,20170117,  414,    0
 18323,102449,20170118,  223,    0
 18323,102449,20170119,  195,    0
 18323,102449,20170120,  159,    0
 18323,102449,20170121,  159,    0
 18323,102449,20170122,  418,    0
 18323,102449,20170123,   72,    0
 18323,102449,20170124,  144,    0
 18323,102449,20170125,  420,    0
 18323,102449,20170126,  297,    0
 18323,102449,20170127,    0,    0
 18323,102449,20170128,   30,    0
 18323,102449,20170129,   62,    0
 18323,102449,20170130,   93,    0
 18323,102449,20170131,   33,    0
 18323,102449,20170201,   33,    0
 18323,102449,20170202,    0,    0
 18323,102449,20170203,    0,    0
 18323,102449,20170204,    6,    0
 18323,102449,20170205,    3,    0
 18323,102449,20170206,    0,    0
 18323,102449,20170207,    0,    0
 18323,102449,20170208,    0,    0
 18323,102449,20170209,    0,    0
 18323,102449,20170210,    0,    0
 18323,102449,20170211,   15,    0
 18323,102449,20170212,  365,    0
 18323,102449,20170213,   27,    0
 18323,102449,20170214,   93,    0
 18323,102449,20170215,    5,    0
 18323,102449,20170216,  163,    0
 18323,102449,20170217,  122,    0
 18323,102449,20170218,   16,    0
 18323,102449,20170219,   48,    0
 18323,102449,20170220,   12,    0
 18323,102449,20170221,    0,    0
 18323,102449,20170222,   16,    0
 18323,102449,20170223,   16,    0
 18323,102449,20170224,   45,    0
 18323,102449,20170225,    3,    0
 18323,102449,20170226,    2,    0
 18323,102449,20170227,    0,    0
 18323,102449,20170228,    0,    0
 18323,102449,20170301,    1,    0
 18323,102449,20170302,    0,    0
 18323,102449,20170303,    1,    0
 18323,102449,20170304,    1,    0
 18323,102449,20170305,    0,    0
 18323,102449,20170306,    1,    0
 18323,102449,20170307,    2,    0
 18323,102449,20170308,   17,    0
 18323,102449,20170309,   39,    0
 18323,102449,20170310,  194,    0
 18323,102449,20170311,   67,    0
 18323,102449,20170312,  160,    0
 18323,102449,20170313,   21,    0
 18323,102449,20170314,   63,    0
 18323,102449,20170315,  138,    0
 18323,102449,20170316,   69,    0
 18323,102449,20170317,   93,    0
 18323,102449,20170318,    0,    0
 18323,102449,20170319,    0,    0
 18323,102449,20170320,    0,    0
 18323,102449,20170321,    0,    0
 18323,102449,20170322,  136,    0
 18323,102449,20170323,   27,    0
 18323,102449,20170324,   47,    0
 18323,102449,20170325,  161,    0
 18323,102449,20170326,  153,    0
 18323,102449,20170327,   58,    0
 18323,102449,20170328,   47,    0
 18323,102449,20170329,    0,    0
 18323,102449,20170330,   17,    0
 18323,102449,20170331,    0,    0
 18323,102449,20170401,    0,    0
 18323,102449,20170402,    7,    0
 18323,102449,20170403,  163,    0
 18323,102449,20170404,   81,    0
 18323,102449,20170405,   86,    0
 18323,102449,20170406,   46,    0
 18323,102449,20170407,   18,    0
 18323,102449,20170408,   56,    0
 18323,102449,20170409,   66,    0
 18323,102449,20170410,   51,    0
 18323,102449,20170411,   47,    0
 18323,102449,20170412,    0,    0
 18323,102449,20170413,    0,    0
 18323,102449,20170414,    0,    0
 18323,102449,20170415,    0,    0
 18323,102449,20170416,    0,    0
 18323,102449,20170417,    0,    0
 18323,102449,20170418,   50,    0
 18323,102449,20170419,  101,    0
 18323,102449,20170420,  143,    0
 18323,102449,20170421,  152,    0
 18323,102449,20170422,  139,    0
 18323,102449,20170423,   59,    0
 18323,102449,20170424,    1,    0
 18323,102449,20170425,    0,    0
 18323,102449,20170426,    1,    0
 18323,102449,20170427,    0,    0
 18323,102449,20170428,    0,    0
 18323,102449,20170429,    1,    0
 18323,102449,20170430,   36,    0
 18323,102449,20170501,  202,    0
 18323,102449,20170502,   51,    0
 18323,102449,20170503,    3,    0
 18323,102449,20170504,   27,    0
 18323,102449,20170505,   67,    0
 18323,102449,20170506,   10,    0
 18323,102449,20170507,   13,    0
 18323,102449,20170508,   21,    0
 18323,102449,20170509,    1,    0
 18323,102449,20170510,    1,    0
 18323,102449,20170511,    1,    0
 18323,102449,20170512,    1,    0
 18323,102449,20170513,    1,    0
 18323,102449,20170514,    1,    0
 18323,102449,20170515,    0,    0
 18323,102449,20170516,    0,    0
 18323,102449,20170517,   33,    0
 18323,102449,20170518,   28,    0
 18323,102449,20170519,   49,    0
 18323,102449,20170520,-9999,    9
 18323,102449,20170521,    0,    0
 18323,102449,20170522,-9999,    9
 18323,102449,20170523,-9999,    9
 18323,102449,20170524,-9999,    9
 18323,102449,20170525,-9999,    9
 18323,102449,20170526,-9999,    9
 18323,102449,20170527,-9999,    9
 18323,102449,20170528,-9999,    9
 18323,102449,20170529,-9999,    9
 18323,102449,20170530,-9999,    9
 18323,102449,20170531,   15,    0
 18323,102449,20170601,   10,    0
 18323,102449,20170602,    1,    0
 18323,102449,20170603,    0,    0
 18323,102449,20170604,    2,    0
 18323,102449,20170605,   22,    0
 18323,102449,20170606,    3,    0
 18323,102449,20170607,    3,    0
 18323,102449,20170608,    0,    0
 18323,102449,20170609,    4,    0
 18323,102449,20170610,    3,    0
 18323,102449,20170611,    2,    0
 18323,102449,20170612,    3,    0
 18323,102449,20170613,    2,    0
 18323,102449,20170614,   66,    0
 18323,102449,20170615,    7,    0
 18323,102449,20170616,    3,    0
 18323,102449,20170617,   92,    0
 18323,102449,20170618,  178,    0
 18323,102449,20170619,   57,    0
 18323,102449,20170620,   48,    0
 18323,102449,20170621,  276,    0
 18323,102449,20170622,    1,    0
 18323,102449,20170623,    1,    0
 18323,102449,20170624,   42,    0
 18323,102449,20170625,    8,    0
 18323,102449,20170626,   11,    0
 18323,102449,20170627,  205,    0
 18323,102449,20170628,   19,    0
 18323,102449,20170629,    0,    0
 18323,102449,20170630,    0,    0
 18323,102449,20170701,    0,    0
 18323,102449,20170702,  117,    0
 18323,102449,20170703,  253,    0
 18323,102449,20170704,   67,    0
 18323,102449,20170705,   39,    0
 18323,102449,20170706,   63,    0
 18323,102449,20170707,   11,    0
 18323,102449,20170708,   22,    0
 18323,102449,20170709,   24,    0
 18323,102449,20170710,   92,    0
 18323,102449,20170711,   50,    0
 18323,102449,20170712,  195,    0
 18323,102449,20170713,  203,    0
 18323,102449,20170714,  213,    0
 18323,102449,20170715,   40,    0
 18323,102449,20170716,  102,    0
 18323,102449,20170717,    6,    0
 18323,102449,20170718,    2,    0
 18323,102449,20170719,   48,    0
 18323,102449,20170720,    1,    0
 18323,102449,20170721,    0,    0
 18323,102449,20170722,    0,    0
 18323,102449,20170723,    1,    0
 18323,102449,20170724,    0,    0
 18323,102449,20170725,    0,    0
 18323,102449,20170726,    0,    0
 18323,102449,20170727,    0,    0
 18323,102449,20170728,    0,    0
 18323,102449,20170729,   48,    0
 18323,102449,20170730,   55,    0
 18323,102449,20170731,   48,    0
 18323,102449,20170801,  275,    0
 18323,102449,20170802,   28,    0
 18323,102449,20170803,    0,    0
 18323,102449,20170804,    1,    0
 18323,102449,20170805,   38,    0
 18323,102449,20170806,    1,    0
 18323,102449,20170807,    0,    0
 18323,102449,20170808,  108,    0
 18323,102449,20170809,    0,    0
 18323,102449,20170810,   29,    0
 18323,102449,20170811,   77,    0
 18323,102449,20170812,   55,    0
 18323,102449,20170813,  104,    0
 18323,102449,20170814,  480,    0
 18323,102449,20170815,    2,    0
 18323,102449,20170816,  369,    0
 18323,102449,20170817,    2,    0
 18323,102449,20170818,    2,    0
 18323,102449,20170819,   38,    0
 18323,102449,20170820,  256,    0
 18323,102449,20170821,   41,    0
 18323,102449,20170822,    0,    0
 18323,102449,20170823,   53,    0
 18323,102449,20170824,    1,    0
 18323,102449,20170825,   60,    0
 18323,102449,20170826,   50,    0
 18323,102449,20170827,    2,    0
 18323,102449,20170828,   36,    0
 18323,102449,20170829,   17,    0
 18323,102449,20170830,  190,    0
 18323,102449,20170831,   28,    0
 18323,102449,20170901,  174,    0
 18323,102449,20170902,   12,    0
 18323,102449,20170903,    0,    0
 18323,102449,20170904,    0,    0
 18323,102449,20170905,    1,    0
 18323,102449,20170906,    0,    0
 18323,102449,20170907,    1,    0
 18323,102449,20170908,    0,    0
 18323,102449,20170909,    0,    0
 18323,102449,20170910,   24,    0
 18323,102449,20170911,   35,    0
 18323,102449,20170912,   26,    0
 18323,102449,20170913,    7,    0
 18323,102449,20170914,   43,    0
 18323,102449,20170915,   17,    0
 18323,102449,20170916,   43,    0
 18323,102449,20170917,   87,    0
 18323,102449,20170918,    2,    0
 18323,102449,20170919,    0,    0
 18323,102449,20170920,    1,    0
 18323,102449,20170921,    0,    0
 18323,102449,20170922,    0,    0
 18323,102449,20170923,    0,    0
 18323,102449,20170924,    0,    0
 18323,102449,20170925,    0,    0
 18323,102449,20170926,    0,    0
 18323,102449,20170927,    0,    0
 18323,102449,20170928,    1,    0
 18323,102449,20170929,    0,    0
 18323,102449,20170930,    1,    0
 18323,102449,20171001,    0,    0
 18323,102449,20171002,    0,    0
 18323,102449,20171003,    0,    0
 18323,102449,20171004,    5,    0
 18323,102449,20171005,    0,    0
 18323,102449,20171006,  141,    0
 18323,102449,20171007,    0,    0
 18323,102449,20171008,    0,    0
 18323,102449,20171009,    1,    0
 18323,102449,20171010,    0,    0
 18323,102449,20171011,    1,    0
 18323,102449,20171012,    0,    0
 18323,102449,20171013,   55,    0
 18323,102449,20171014,    5,    0
 18323,102449,20171015,  190,    0
 18323,102449,20171016,  193,    0
 18323,102449,20171017,  200,    0
 18323,102449,20171018,  110,    0
 18323,102449,20171019,   15,    0
 18323,102449,20171020,   10,    0
 18323,102449,20171021,   11,    0
 18323,102449,20171022,    9,    0
 18323,102449,20171023,    5,    0
 18323,102449,20171024,    5,    0
 18323,102449,20171025,    7,    0
 18323,102449,20171026,   26,    0
 18323,102449,20171027,  145,    0
 18323,102449,20171028,   18,    0
 18323,102449,20171029,   45,    0
 18323,102449,20171030,    8,    0
 18323,102449,20171031,   13,    0
 18323,102449,20171101,   89,    0
 18323,102449,20171102,   63,    0
 18323,102449,20171103,   70,    0
 18323,102449,20171104,   63,    0
 18323,102449,20171105,   26,    0
 18323,102449,20171106,  114,    0
 18323,102449,20171107,    9,    0
 18323,102449,20171108,   14,    0
 18323,102449,20171109,   13,    0
 18323,102449,20171110,    8,    0
 18323,102449,20171111,    2,    0
 18323,102449,20171112,    0,    0
 18323,102449,20171113,   34,    0
 18323,102449,20171114,    0,    0
 18323,102449,20171115,   16,    0
 18323,102449,20171116,   13,    0
 18323,102449,20171117,   13,    0
 18323,102449,20171118,    2,    0
 18323,102449,20171119,    0,    0
 18323,102449,20171120,    0,    0
 18323,102449,20171121,    0,    0
 18323,102449,20171122,   65,    0
 18323,102449,20171123,   30,    0
 18323,102449,20171124,   15,    0
 18323,102449,20171125,    0,    0
 18323,102449,20171126,   31,    0
 18323,102449,20171127,   15,    0
 18323,102449,20171128,   47,    0
 18323,102449,20171129,-9999,    9
 18323,102449,20171130,-9999,    9
 18323,102449,20171201,-9999,    9
 18323,102449,20171202,-9999,    9
 18323,102449,20171203,-9999,    9
 18323,102449,20171204,-9999,    9
 18323,102449,20171205,-9999,    9
 18323,102449,20171206,    2,    0
 18323,102449,20171207,-9999,    9
 18323,102449,20171208,-9999,    9
 18323,102449,20171209,-9999,    9
 18323,102449,20171210,-9999,    9
 18323,102449,20171211,-9999,    9
 18323,102449,20171212,-9999,    9
 18323,102449,20171213,-9999,    9
 18323,102449,20171214,    2,    0
 18323,102449,20171215,    2,    0
 18323,102449,20171216,   64,    0
 18323,102449,20171217,   37,    0
 18323,102449,20171218,    2,    0
 18323,102449,20171219,   95,    0
 18323,102449,20171220,   42,    0
 18323,102449,20171221,   85,    0
 18323,102449,20171222,   61,    0
 18323,102449,20171223,   40,    0
 18323,102449,20171224,  455,    0
 18323,102449,20171225, 1666,    0
 18323,102449,20171226,-9999,    9
 18323,102449,20171227,-9999,    9
 18323,102449,20171228,-9999,    9
 18323,102449,20171229,-9999,    9
 18323,102449,20171230,-9999,    9
 18323,102449,20171231,    0,    0
 18323,102449,20180101,   12,    0
 18323,102449,20180102,   15,    0
 18323,102449,20180103,   16,    0
 18323,102449,20180104,    0,    0
 18323,102449,20180105,    3,    0
 18323,102449,20180106,   48,    0
 18323,102449,20180107,   22,    0
 18323,102449,20180108,  101,    0
 18323,102449,20180109,   48,    0
 18323,102449,20180110,    0,    0
 18323,102449,20180111,    0,    0
 18323,102449,20180112,   14,    0
 18323,102449,20180113,    0,    0
 18323,102449,20180114,    4,    0
 18323,102449,20180115,    7,    0
 18323,102449,20180116,    6,    0
 18323,102449,20180117,    0,    0
 18323,102449,20180118,    1,    0
 18323,102449,20180119,    0,    0
 18323,102449,20180120,    8,    0
 18323,102449,20180121,    0,    0
 18323,102449,20180122,    0,    0
 18323,102449,20180123,    0,    0
 18323,102449,20180124,    4,    0
 18323,102449,20180125,   19,    0
 18323,102449,20180126,    6,    0
 18323,102449,20180127,    0,    0
 18323,102449,20180128,    1,    0
 18323,102449,20180129,    1,    0
 18323,102449,20180130,    0,    0
 18323,102449,20180131,    0,    0
 18323,102449,20180201,    0,    0
 18323,102449,20180202,    0,    0
 18323,102449,20180203,    0,    0
 18323,102449,20180204,    0,    0
 18323,102449,20180205,    1,    0
 18323,102449,20180206,    0,    0
 18323,102449,20180207,    0,    0
 18323,102449,20180208,    3,    0
 18323,102449,20180209,    4,    0
 18323,102449,20180210,    2,    0
 18323,102449,20180211,    0,    0
 18323,102449,20180212,    2,    0
 18323,102449,20180213,    1,    0
 18323,102449,20180214,    0,    0
 18323,102449,20180215,    3,    0
 18323,102449,20180216,    0,    0
 18323,102449,20180217,    0,    0
 18323,102449,20180218,    4,    0
 18323,102449,20180219,   18,    0
 18323,102449,20180220,    1,    0
 18323,102449,20180221,    0,    0
 18323,102449,20180222,    0,    0
 18323,102449,20180223,    1,    0
 18323,102449,20180224,    3,    0
 18323,102449,20180225,    1,    0
 18323,102449,20180226,    2,    0
 18323,102449,20180227,    1,    0
 18323,102449,20180228,   11,    0
 18323,102449,20180301,    3,    0
 18323,102449,20180302,    2,    0
 18323,102449,20180303,    2,    0
 18323,102449,20180304,    0,    0
 18323,102449,20180305,    4,    0
 18323,102449,20180306,    0,    0
 18323,102449,20180307,    1,    0
 18323,102449,20180308,    0,    0
 18323,102449,20180309,    0,    0
 18323,102449,20180310,    1,    0
 18323,102449,20180311,   23,    0
 18323,102449,20180312,    2,    0
 18323,102449,20180313,    1,    0
 18323,102449,20180314,    1,    0
 18323,102449,20180315,    2,    0
 18323,102449,20180316,    1,    0
 18323,102449,20180317,  136,    0
 18323,102449,20180318,  101,    0
 18323,102449,20180319,   42,    0
 18323,102449,20180320,   90,    0
 18323,102449,20180321,   61,    0
 18323,102449,20180322,   30,    0
 18323,102449,20180323,    2,    0
 18323,102449,20180324,    1,    0
 18323,102449,20180325,    6,    0
 18323,102449,20180326,   28,    0
 18323,102449,20180327,   48,    0
 18323,102449,20180328,   34,    0
 18323,102449,20180329,   48,    0
 18323,102449,20180330,   36,    0
 18323,102449,20180331,   12,    0
 18323,102449,20180401,   20,    0
 18323,102449,20180402,    4,    0
 18323,102449,20180403,    3,    0
 18323,102449,20180404,    8,    0
 18323,102449,20180405,   17,    0
 18323,102449,20180406,   31,    0
 18323,102449,20180407,   18,    0
 18323,102449,20180408,   20,    0
 18323,102449,20180409,    7,    0
 18323,102449,20180410,    8,    0
 18323,102449,20180411,    1,    0
 18323,102449,20180412,    1,    0
 18323,102449,20180413,    0,    0
 18323,102449,20180414,    4,    0
 18323,102449,20180415,    3,    0
 18323,102449,20180416,    3,    0
 18323,102449,20180417,    3,    0
 18323,102449,20180418,   63,    0
 18323,102449,20180419,  193,    0
 18323,102449,20180420,   41,    0
 18323,102449,20180421,   25,    0
 18323,102449,20180422,   64,    0
 18323,102449,20180423,   15,    0
 18323,102449,20180424,   12,    0
 18323,102449,20180425,   52,    0
 18323,102449,20180426,   33,    0
 18323,102449,20180427,    8,    0
 18323,102449,20180428,   19,    0
 18323,102449,20180429,   76,    0
 18323,102449,20180430,    7,    0
 18323,102449,20180501,    2,    0
 18323,102449,20180502,    3,    0
 18323,102449,20180503,   25,    0
 18323,102449,20180504,   18,    0
 18323,102449,20180505,   93,    0
 18323,102449,20180506,   66,    0
 18323,102449,20180507,   58,    0
 18323,102449,20180508,    1,    0
 18323,102449,20180509,    3,    0
 18323,102449,20180510,    5,    0
 18323,102449,20180511,   91,    0
 18323,102449,20180512,    4,    0
 18323,102449,20180513,    5,    0
 18323,102449,20180514,    4,    0
 18323,102449,20180515,    4,    0
 18323,102449,20180516,   31,    0
 18323,102449,20180517,   19,    0
 18323,102449,20180518,   26,    0
 18323,102449,20180519,   52,    0
 18323,102449,20180520,  222,    0
 18323,102449,20180521,  175,    0
 18323,102449,20180522,   58,    0
 18323,102449,20180523,    4,    0
 18323,102449,20180524,    2,    0
 18323,102449,20180525,   18,    0
 18323,102449,20180526,   14,    0
 18323,102449,20180527,    2,    0
 18323,102449,20180528,   23,    0
 18323,102449,20180529,   87,    0
 18323,102449,20180530,    0,    0
 18323,102449,20180531,    1,    0
 18323,102449,20180601,   17,    0
 18323,102449,20180602,  124,    0
 18323,102449,20180603,  325,    0
 18323,102449,20180604,   76,    0
 18323,102449,20180605,  111,    0
 18323,102449,20180606,  134,    0
 18323,102449,20180607,   44,    0
 18323,102449,20180608,   79,    0
 18323,102449,20180609,  113,    0
 18323,102449,20180610,   50,    0
 18323,102449,20180611,   57,    0
 18323,102449,20180612,   36,    0
 18323,102449,20180613,    5,    0
 18323,102449,20180614,   46,    0
 18323,102449,20180615,   26,    0
 18323,102449,20180616,   10,    0
 18323,102449,20180617,   20,    0
 18323,102449,20180618,  114,    0
 18323,102449,20180619,  158,    0
 18323,102449,20180620,  152,    0
 18323,102449,20180621,  409,    0
 18323,102449,20180622,  134,    0
 18323,102449,20180623,  239,    0
 18323,102449,20180624,   28,    0
 18323,102449,20180625,   20,    0
 18323,102449,20180626,   42,    0
 18323,102449,20180627,  104,    0
 18323,102449,20180628,   48,    0
 18323,102449,20180629,   63,    0
 18323,102449,20180630,    2,    0
 18323,102449,20180701,    2,    0
 18323,102449,20180702,    3,    0
 18323,102449,20180703,  114,    0
 18323,102449,20180704,    3,    0
 18323,102449,20180705,    4,    0
 18323,102449,20180706,   35,    0
 18323,102449,20180707,    2,    0
 18323,102449,20180708,   11,    0
 18323,102449,20180709,    9,    0
 18323,102449,20180710,    4,    0
 18323,102449,20180711,    3,    0
 18323,102449,20180712,    3,    0
 18323,102449,20180713,    3,    0
 18323,102449,20180714,    2,    0
 18323,102449,20180715,    1,    0
 18323,102449,20180716,    4,    0
 18323,102449,20180717,    8,    0
 18323,102449,20180718,   43,    0
 18323,102449,20180719,    8,    0
 18323,102449,20180720,    4,    0
 18323,102449,20180721,   54,    0
 18323,102449,20180722,    6,    0
 18323,102449,20180723,   24,    0
 18323,102449,20180724,   94,    0
 18323,102449,20180725,  116,    0
 18323,102449,20180726,    2,    0
 18323,102449,20180727,    2,    0
 18323,102449,20180728,    2,    0
 18323,102449,20180729,   16,    0
 18323,102449,20180730,    0,    0
 18323,102449,20180731,   27,    0
 18323,102449,20180801,  114,    0
 18323,102449,20180802,   89,    0
 18323,102449,20180803,  123,    0
 18323,102449,20180804,   38,    0
 18323,102449,20180805,  109,    0
 18323,102449,20180806,    8,    0
 18323,102449,20180807,    2,    0
 18323,102449,20180808,   77,    0
 18323,102449,20180809,  196,    0
 18323,102449,20180810,   92,    0
 18323,102449,20180811,  297,    0
 18323,102449,20180812,  147,    0
 18323,102449,20180813,  158,    0
 18323,102449,20180814,    4,    0
 18323,102449,20180815,   11,    0
 18323,102449,20180816,  163,    0
 18323,102449,20180817,   49,    0
 18323,102449,20180818,   74,    0
 18323,102449,20180819,  527,    0
 18323,102449,20180820,  145,    0
 18323,102449,20180821,  205,    0
 18323,102449,20180822,    9,    0
 18323,102449,20180823,   28,    0
 18323,102449,20180824,   44,    0
 18323,102449,20180825,  228,    0
 18323,102449,20180826,   11,    0
 18323,102449,20180827,    2,    0
 18323,102449,20180828,    1,    0
 18323,102449,20180829,   75,    0
 18323,102449,20180830,  105,    0
 18323,102449,20180831,   15,    0
 18323,102449,20180901,   35,    0
 18323,102449,20180902,    3,    0
 18323,102449,20180903,  107,    0
 18323,102449,20180904,   31,    0
 18323,102449,20180905,    0,    0
 18323,102449,20180906,   45,    0
 18323,102449,20180907,   10,    0
 18323,102449,20180908,    0,    0
 18323,102449,20180909,    0,    0
 18323,102449,20180910,   18,    0
 18323,102449,20180911,   27,    0
 18323,102449,20180912,   19,    0
 18323,102449,20180913,  134,    0
 18323,102449,20180914,    7,    0
 18323,102449,20180915,  123,    0
 18323,102449,20180916,  203,    0
 18323,102449,20180917,   86,    0
 18323,102449,20180918,   38,    0
 18323,102449,20180919,  123,    0
 18323,102449,20180920,  151,    0
 18323,102449,20180921,   73,    0
 18323,102449,20180922,  382,    0
 18323,102449,20180923,  239,    0
 18323,102449,20180924,   76,    0
 18323,102449,20180925,  402,    0
 18323,102449,20180926,  159,    0
 18323,102449,20180927,   28,    0
 18323,102449,20180928,   15,    0
 18323,102449,20180929,  216,    0
 18323,102449,20180930,  123,    0
 18323,102449,20181001,   46,    0
 18323,102449,20181002,    2,    0
 18323,102449,20181003,    7,    0
 18323,102449,20181004,   26,    0
 18323,102449,20181005,  154,    0
 18323,102449,20181006,  113,    0
 18323,102449,20181007,   23,    0
 18323,102449,20181008,   83,    0
 18323,102449,20181009,  181,    0
 18323,102449,20181010,   42,    0
 18323,102449,20181011,    9,    0
 18323,102449,20181012,    2,    0
 18323,102449,20181013,   53,    0
 18323,102449,20181014,  412,    0
 18323,102449,20181015,   16,    0
 18323,102449,20181016,   48,    0
 18323,102449,20181017,   44,    0
 18323,102449,20181018,  310,    0
 18323,102449,20181019,   69,    0
 18323,102449,20181020,  222,    0
 18323,102449,20181021,   84,    0
 18323,102449,20181022,  165,    0
 18323,102449,20181023,   49,    0
 18323,102449,20181024,   13,    0
 18323,102449,20181025,    3,    0
 18323,102449,20181026,    0,    0
 18323,102449,20181027,    0,    0
 18323,102449,20181028,    2,    0
 18323,102449,20181029,    1,    0
 18323,102449,20181030,    6,    0
 18323,102449,20181031,   80,    0
 18323,102449,20181101,    2,    0
 18323,102449,20181102,   76,    0
 18323,102449,20181103,   11,    0
 18323,102449,20181104,   58,    0
 18323,102449,20181105,   25,    0
 18323,102449,20181106,    0,    0
 18323,102449,20181107,    0,    0
 18323,102449,20181108,    0,    0
 18323,102449,20181109,   31,    0
 18323,102449,20181110,    1,    0
 18323,102449,20181111,   15,    0
 18323,102449,20181112,   40,    0
 18323,102449,20181113,   52,    0
 18323,102449,20181114,  239,    0
 18323,102449,20181115,  207,    0
 18323,102449,20181116,  170,    0
 18323,102449,20181117,   54,    0
 18323,102449,20181118,    0,    0
 18323,102449,20181119,   57,    0
 18323,102449,20181120,    4,    0
 18323,102449,20181121,    4,    0
 18323,102449,20181122,   14,    0
 18323,102449,20181123,  169,    0
 18323,102449,20181124,   61,    0
 18323,102449,20181125,   66,    0
 18323,102449,20181126,   23,    0
 18323,102449,20181127,    5,    0
 18323,102449,20181128,    1,    0
 18323,102449,20181129,   13,    0
 18323,102449,20181130,   14,    0
 18323,102449,20181201,   11,    0
 18323,102449,20181202,   12,    0
 18323,102449,20181203,    4,    0
 18323,102449,20181204,   58,    0
 18323,102449,20181205,   30,    0
 18323,102449,20181206,   74,    0
 18323,102449,20181207,    0,    0
 18323,102449,20181208,    0,    0
 18323,102449,20181209,   13,    0
 18323,102449,20181210,    8,    0
 18323,102449,20181211,    7,    0
 18323,102449,20181212,    0,    0
 18323,102449,20181213,    7,    0
 18323,102449,20181214,    3,    0
 18323,102449,20181215,    0,    0
 18323,102449,20181216,    0,    0
 18323,102449,20181217,    0,    0
 18323,102449,20181218,    3,    0
 18323,102449,20181219,    3,    0
 18323,102449,20181220,    0,    0
 18323,102449,20181221,    1,    0
 18323,102449,20181222,    0,    0
 18323,102449,20181223,   80,    0
 18323,102449,20181224,   36,    0
 18323,102449,20181225,  222,    0
 18323,102449,20181226,  143,    0
 18323,102449,20181227,   83,    0
 18323,102449,20181228,  152,    0
 18323,102449,20181229,   65,    0
 18323,102449,20181230,  107,    0
 18323,102449,20181231,   64,    0
 18323,102449,20190101,   45,    0
 18323,102449,20190102,   26,    0
 18323,102449,20190103,  255,    0
 18323,102449,20190104,    5,    0
 18323,102449,20190105,   38,    0
 18323,102449,20190106,   64,    0
 18323,102449,20190107,   41,    0
 18323,102449,20190108,  119,    0
 18323,102449,20190109,   57,    0
 18323,102449,20190110,  166,    0
 18323,102449,20190111,  101,    0
 18323,102449,20190112,   42,    0
 18323,102449,20190113,  142,    0
 18323,102449,20190114,   14,    0
 18323,102449,20190115,    7,    0
 18323,102449,20190116,    4,    0
 18323,102449,20190117,   10,    0
 18323,102449,20190118,   62,    0
 18323,102449,20190119,   11,    0
 18323,102449,20190120,   12,    0
 18323,102449,20190121,    4,    0
 18323,102449,20190122,    3,    0
 18323,102449,20190123,    1,    0
 18323,102449,20190124,   23,    0
 18323,102449,20190125,    7,    0
 18323,102449,20190126,    0,    0
 18323,102449,20190127,   14,    0
 18323,102449,20190128,    6,    0
 18323,102449,20190129,    0,    0
 18323,102449,20190130,    0,    0
 18323,102449,20190131,    0,    0
 18323,102449,20190201,    1,    0
 18323,102449,20190202,    4,    0
 18323,102449,20190203,    0,    0
 18323,102449,20190204,    2,    0
 18323,102449,20190205,   29,    0
 18323,102449,20190206,    0,    0
 18323,102449,20190207,    2,    0
 18323,102449,20190208,    0,    0
 18323,102449,20190209,   17,    0
 18323,102449,20190210,   18,    0
 18323,102449,20190211,   56,    0
 18323,102449,20190212,   11,    0
 18323,102449,20190213,   84,    0
 18323,102449,20190214,  156,    0
 18323,102449,20190215,   52,    0
 18323,102449,20190216,   90,    0
 18323,102449,20190217,    5,    0
 18323,102449,20190218,   28,    0
 18323,102449,20190219,   28,    0
 18323,102449,20190220,    0,    0
 18323,102449,20190221,    0,    0
 18323,102449,20190222,  654,    0
 18323,102449,20190223,  115,    0
 18323,102449,20190224,  160,    0
 18323,102449,20190225,  161,    0
 18323,102449,20190226,   62,    0
 18323,102449,20190227,  157,    0
 18323,102449,20190228,   17,    0
 18323,102449,20190301,  126,    0
 18323,102449,20190302,    5,    0
 18323,102449,20190303,    6,    0
 18323,102449,20190304,    8,    0
 18323,102449,20190305,   49,    0
 18323,102449,20190306,   39,    0
 18323,102449,20190307,    2,    0
 18323,102449,20190308,    9,    0
 18323,102449,20190309,    6,    0
 18323,102449,20190310,    3,    0
 18323,102449,20190311,    4,    0
 18323,102449,20190312,   15,    0
 18323,102449,20190313,    5,    0
 18323,102449,20190314,    3,    0
 18323,102449,20190315,   11,    0
 18323,102449,20190316,    4,    0
 18323,102449,20190317,    6,    0
 18323,102449,20190318,    6,    0
 18323,102449,20190319,   42,    0
 18323,102449,20190320,   23,    0
 18323,102449,20190321,  113,    0
 18323,102449,20190322,  148,    0
 18323,102449,20190323,  160,    0
 18323,102449,20190324,   68,    0
 18323,102449,20190325,   36,    0
 18323,102449,20190326,   34,    0
 18323,102449,20190327,   44,    0
 18323,102449,20190328,  197,    0
 18323,102449,20190329,  121,    0
 18323,102449,20190330,   73,    0
 18323,102449,20190331,   40,    0
 18323,102449,20190401,   73,    0
 18323,102449,20190402,   21,    0
 18323,102449,20190403,   42,    0
 18323,102449,20190404,    1,    0
 18323,102449,20190405,    2,    0
 18323,102449,20190406,    0,    0
 18323,102449,20190407,    0,    0
 18323,102449,20190408,    5,    0
 18323,102449,20190409,    0,    0
 18323,102449,20190410,    0,    0
 18323,102449,20190411,    2,    0
 18323,102449,20190412,   13,    0
 18323,102449,20190413,    1,    0
 18323,102449,20190414,    0,    0
 18323,102449,20190415,    0,    0
 18323,102449,20190416,    0,    0
 18323,102449,20190417,    0,    0
 18323,102449,20190418,   48,    0
 18323,102449,20190419,   27,    0
 18323,102449,20190420,   91,    0
 18323,102449,20190421,  143,    0
 18323,102449,20190422,   21,    0
 18323,102449,20190423,    0,    0
 18323,102449,20190424,    0,    0
 18323,102449,20190425,    0,    0
 18323,102449,20190426,    0,    0
 18323,102449,20190427,    0,    0
 18323,102449,20190428,    0,    0
 18323,102449,20190429,    1,    0
 18323,102449,20190430,   67,    0
 18323,102449,20190501,   38,    0
 18323,102449,20190502,    0,    0
 18323,102449,20190503,   30,    0
 18323,102449,20190504,   25,    0
 18323,102449,20190505,    1,    0
 18323,102449,20190506,    0,    0
 18323,102449,20190507,    0,    0
 18323,102449,20190508,   32,    0
 18323,102449,20190509,    0,    0
 18323,102449,20190510,    0,    0
 18323,102449,20190511,   32,    0
 18323,102449,20190512,  207,    0
 18323,102449,20190513,  174,    0
 18323,102449,20190514,   18,    0
 18323,102449,20190515,   29,    0
 18323,102449,20190516,   19,    0
 18323,102449,20190517,    0,    0
 18323,102449,20190518,    0,    0
 18323,102449,20190519,    0,    0
 18323,102449,20190520,    0,    0
 18323,102449,20190521,    0,    0
 18323,102449,20190522,    0,    0
 18323,102449,20190523,    0,    0
 18323,102449,20190524,    0,    0
 18323,102449,20190525,   76,    0
 18323,102449,20190526,   17,    0
 18323,102449,20190527,   79,    0
 18323,102449,20190528,  136,    0
 18323,102449,20190529,  161,    0
 18323,102449,20190530,   15,    0
 18323,102449,20190531,   64,    0
 18323,102449,20190601,   92,    0
 18323,102449,20190602,  115,    0
 18323,102449,20190603,   29,    0
 18323,102449,20190604,  137,    0
 18323,102449,20190605,   50,    0
 18323,102449,20190606,    3,    0
 18323,102449,20190607,   18,    0
 18323,102449,20190608,   16,    0
 18323,102449,20190609,  464,    0
 18323,102449,20190610,  121,    0
 18323,102449,20190611,    2,    0
 18323,102449,20190612,    5,    0
 18323,102449,20190613,    4,    0
 18323,102449,20190614,    6,    0
 18323,102449,20190615,    6,    0
 18323,102449,20190616,    4,    0
 18323,102449,20190617,   31,    0
 18323,102449,20190618,   11,    0
 18323,102449,20190619,   35,    0
 18323,102449,20190620,   12,    0
 18323,102449,20190621,  200,    0
 18323,102449,20190622,  180,    0
 18323,102449,20190623,   97,    0
 18323,102449,20190624,  206,    0
 18323,102449,20190625,   95,    0
 18323,102449,20190626,  180,    0
 18323,102449,20190627,  121,    0
 18323,102449,20190628,  358,    0
 18323,102449,20190629,   41,    0
 18323,102449,20190630,   94,    0
 18323,102449,20190701,  197,    0
 18323,102449,20190702,   11,    0
 18323,102449,20190703,    1,    0
 18323,102449,20190704,   32,    0
 18323,102449,20190705,    0,    0
 18323,102449,20190706,   90,    0
 18323,102449,20190707,    1,    0
 18323,102449,20190708,    2,    0
 18323,102449,20190709,    1,    0
 18323,102449,20190710,    2,    0
 18323,102449,20190711,    3,    0
 18323,102449,20190712,    5,    0
 18323,102449,20190713,   20,    0
 18323,102449,20190714,   59,    0
 18323,102449,20190715,    5,    0
 18323,102449,20190716,    7,    0
 18323,102449,20190717,    0,    0
 18323,102449,20190718,    0,    0
 18323,102449,20190719,    0,    0
 18323,102449,20190720,   20,    0
 18323,102449,20190721,    2,    0
 18323,102449,20190722,   15,    0
 18323,102449,20190723,   25,    0
 18323,102449,20190724,   58,    0
 18323,102449,20190725,    0,    0
 18323,102449,20190726,    2,    0
 18323,102449,20190727,    1,    0
 18323,102449,20190728,    0,    0
 18323,102449,20190729,    0,    0
 18323,102449,20190730,    0,    0
 18323,102449,20190731,    0,    0
 18323,102449,20190801,    0,    0
 18323,102449,20190802,    0,    0
 18323,102449,20190803,    0,    0
 18323,102449,20190804,    0,    0
 18323,102449,20190805,    0,    0
 18323,102449,20190806,    0,    0
 18323,102449,20190807,    1,    0
 18323,102449,20190808,   21,    0
 18323,102449,20190809,    0,    0
 18323,102449,20190810,    1,    0
 18323,102449,20190811,    0,    0
 18323,102449,20190812,    0,    0
 18323,102449,20190813,    0,    0
 18323,102449,20190814,  221,    0
 18323,102449,20190815,   35,    0
 18323,102449,20190816,   35,    0
 18323,102449,20190817,   34,    0
 18323,102449,20190818,   34,    0
 18323,102449,20190819,    7,    0
 18323,102449,20190820,   41,    0
 18323,102449,20190821,  125,    0
 18323,102449,20190822,    0,    0
 18323,102449,20190823,   10,    0
 18323,102449,20190824,   34,    0
 18323,102449,20190825,  543,    0
 18323,102449,20190826,   17,    0
 18323,102449,20190827,    0,    0
 18323,102449,20190828,    7,    0
 18323,102449,20190829,  233,    0
 18323,102449,20190830,  112,    0
 18323,102449,20190831,   61,    0
 18323,102449,20190901,  102,    0
 18323,102449,20190902,   20,    0
 18323,102449,20190903,   41,    0
 18323,102449,20190904,   26,    0
 18323,102449,20190905,  208,    0
 18323,102449,20190906,  135,    0
 18323,102449,20190907,    0,    0
 18323,102449,20190908,    0,    0
 18323,102449,20190909,    2,    0
 18323,102449,20190910,    2,    0
 18323,102449,20190911,   74,    0
 18323,102449,20190912,  239,    0
 18323,102449,20190913,  118,    0
 18323,102449,20190914,    9,    0
 18323,102449,20190915,    0,    0
 18323,102449,20190916,    3,    0
 18323,102449,20190917,   35,    0
 18323,102449,20190918,   63,    0
 18323,102449,20190919,   89,    0
 18323,102449,20190920,    6,    0
 18323,102449,20190921,    3,    0
 18323,102449,20190922,    0,    0
 18323,102449,20190923,    0,    0
 18323,102449,20190924,    4,    0
 18323,102449,20190925,    0,    0
 18323,102449,20190926,    0,    0
 18323,102449,20190927,    0,    0
 18323,102449,20190928,   33,    0
 18323,102449,20190929,   46,    0
 18323,102449,20190930,    5,    0
 18323,102449,20191001,    0,    0
 18323,102449,20191002,    2,    0
 18323,102449,20191003,    0,    0
 18323,102449,20191004,    0,    0
 18323,102449,20191005,   30,    0
 18323,102449,20191006,   89,    0
 18323,102449,20191007,    5,    0
 18323,102449,20191008,    0,    0
 18323,102449,20191009,    0,    0
 18323,102449,20191010,    0,    0
 18323,102449,20191011,    0,    0
 18323,102449,20191012,    5,    0
 18323,102449,20191013,    5,    0
 18323,102449,20191014,    0,    0
 18323,102449,20191015,    3,    0
 18323,102449,20191016,    0,    0
 18323,102449,20191017,    8,    0
 18323,102449,20191018,   16,    0
 18323,102449,20191019,    0,    0
 18323,102449,20191020,    1,    0
 18323,102449,20191021,  104,    0
 18323,102449,20191022,  209,    0
 18323,102449,20191023,   37,    0
 18323,102449,20191024,  170,    0
 18323,102449,20191025,   33,    0
 18323,102449,20191026,   18,    0
 18323,102449,20191027,    1,    0
 18323,102449,20191028,   82,    0
 18323,102449,20191029,    4,    0
 18323,102449,20191030,  131,    0
 18323,102449,20191031,  107,    0
 18323,102449,20191101,   19,    0
 18323,102449,20191102,   28,    0
 18323,102449,20191103,   28,    0
 18323,102449,20191104,   99,    0
 18323,102449,20191105,    0,    0
 18323,102449,20191106,    0,    0
 18323,102449,20191107,    0,    0
 18323,102449,20191108,    0,    0
 18323,102449,20191109,    0,    0
 18323,102449,20191110,    0,    0
 18323,102449,20191111,    7,    0
 18323,102449,20191112,    3,    0
 18323,102449,20191113,    1,    0
 18323,102449,20191114,    1,    0
 18323,102449,20191115,    3,    0
 18323,102449,20191116,    0,    0
 18323,102449,20191117,    0,    0
 18323,102449,20191118,   11,    0
 18323,102449,20191119,    0,    0
 18323,102449,20191120,    3,    0
 18323,102449,20191121,    0,    0
 18323,102449,20191122,    9,    0
 18323,102449,20191123,   67,    0
 18323,102449,20191124,   46,    0
 18323,102449,20191125,   28,    0
 18323,102449,20191126,   14,    0
 18323,102449,20191127,    0,    0
 18323,102449,20191128,    0,    0
 18323,102449,20191129,   37,    0
 18323,102449,20191130,   96,    0
 18323,102449,20191201,  230,    0
 18323,102449,20191202,   78,    0
 18323,102449,20191203,  310,    0
 18323,102449,20191204,  240,    0
 18323,102449,20191205,   80,    0
 18323,102449,20191206,   80,    0
 18323,102449,20191207,   54,    0
 18323,102449,20191208,    4,    0
 18323,102449,20191209,   15,    0
 18323,102449,20191210,  131,    0
 18323,102449,20191211,   51,    0
 18323,102449,20191212,    0,    0
 18323,102449,20191213,    0,    0
 18323,102449,20191214,   13,    0
 18323,102449,20191215,    3,    0
 18323,102449,20191216,   10,    0
 18323,102449,20191217,   15,    0
 18323,102449,20191218,  115,    0
 18323,102449,20191219,   33,    0
 18323,102449,20191220,   20,    0
 18323,102449,20191221,    5,    0
 18323,102449,20191222,    4,    0
 18323,102449,20191223,   36,    0
 18323,102449,20191224,   10,    0
 18323,102449,20191225,    0,    0
 18323,102449,20191226,    0,    0
 18323,102449,20191227,    2,    0
 18323,102449,20191228,  195,    0
 18323,102449,20191229,  403,    0
 18323,102449,20191230,   96,    0
 18323,102449,20191231,   65,    0
 18323,102449,20200101,  294,    0
 18323,102449,20200102,  421,    0
 18323,102449,20200103,   48,    0
 18323,102449,20200104,   23,    0
 18323,102449,20200105,  125,    0
 18323,102449,20200106,   48,    0
 18323,102449,20200107,   75,    0
 18323,102449,20200108,   72,    0
 18323,102449,20200109,   93,    0
 18323,102449,20200110,   36,    0
 18323,102449,20200111,   68,    0
 18323,102449,20200112,   80,    0
 18323,102449,20200113,   28,    0
 18323,102449,20200114,   17,    0
 18323,102449,20200115,    1,    0
 18323,102449,20200116,   35,    0
 18323,102449,20200117,    1,    0
 18323,102449,20200118,    0,    0
 18323,102449,20200119,  123,    0
 18323,102449,20200120,  221,    0
 18323,102449,20200121,   59,    0
 18323,102449,20200122,   29,    0
 18323,102449,20200123,   85,    0
 18323,102449,20200124,   65,    0
 18323,102449,20200125,   20,    0
 18323,102449,20200126,   24,    0
 18323,102449,20200127,    8,    0
 18323,102449,20200128,    4,    0
 18323,102449,20200129,    2,    0
 18323,102449,20200130,    0,    0
 18323,102449,20200131,   21,    0
 18323,102449,20200201,   39,    0
 18323,102449,20200202,   75,    0
 18323,102449,20200203,   26,    0
 18323,102449,20200204,   56,    0
 18323,102449,20200205,   74,    0
 18323,102449,20200206,   65,    0
 18323,102449,20200207,  219,    0
 18323,102449,20200208,    0,    0
 18323,102449,20200209,   13,    0
 18323,102449,20200210,  101,    0
 18323,102449,20200211,    9,    0
 18323,102449,20200212,   14,    0
 18323,102449,20200213,    4,    0
 18323,102449,20200214,   23,    0
 18323,102449,20200215,   29,    0
 18323,102449,20200216,   71,    0
 18323,102449,20200217,    9,    0
 18323,102449,20200218,   61,    0
 18323,102449,20200219,    0,    0
 18323,102449,20200220,   24,    0
 18323,102449,20200221,   41,    0
 18323,102449,20200222,   35,    0
 18323,102449,20200223,  139,    0
 18323,102449,20200224,   56,    0
 18323,102449,20200225,   11,    0
 18323,102449,20200226,    0,    0
 18323,102449,20200227,    9,    0
 18323,102449,20200228,   11,    0
 18323,102449,20200229,   46,    0
 18323,102449,20200301,    1,    0
 18323,102449,20200302,    1,    0
 18323,102449,20200303,    1,    0
 18323,102449,20200304,    0,    0
 18323,102449,20200305,   56,    0
 18323,102449,20200306,   64,    0
 18323,102449,20200307,    0,    0
 18323,102449,20200308,   21,    0
 18323,102449,20200309,   55,    0
 18323,102449,20200310,    2,    0
 18323,102449,20200311,   41,    0
 18323,102449,20200312,   71,    0
 18323,102449,20200313,   45,    0
 18323,102449,20200314,   37,    0
 18323,102449,20200315,   87,    0
 18323,102449,20200316,   69,    0
 18323,102449,20200317,   83,    0
 18323,102449,20200318,   70,    0
 18323,102449,20200319,   27,    0
 18323,102449,20200320,   47,    0
 18323,102449,20200321,    7,    0
 18323,102449,20200322,   10,    0
 18323,102449,20200323,   29,    0
 18323,102449,20200324,   79,    0
 18323,102449,20200325,   68,    0
 18323,102449,20200326,   51,    0
 18323,102449,20200327,  180,    0
 18323,102449,20200328,   71,    0
 18323,102449,20200329,   64,    0
 18323,102449,20200330,   73,    0
 18323,102449,20200331,  151,    0
 18323,102449,20200401,   26,    0
 18323,102449,20200402,   12,    0
 18323,102449,20200403,   62,    0
 18323,102449,20200404,   66,    0
 18323,102449,20200405,   34,    0
 18323,102449,20200406,   14,    0
 18323,102449,20200407,   94,    0
 18323,102449,20200408,   48,    0
 18323,102449,20200409,   41,    0
 18323,102449,20200410,   83,    0
 18323,102449,20200411,   16,    0
 18323,102449,20200412,  179,    0
 18323,102449,20200413,   65,    0
 18323,102449,20200414,   55,    0
 18323,102449,20200415,   45,    0
 18323,102449,20200416,   99,    0
 18323,102449,20200417,   34,    0
 18323,102449,20200418,   39,    0
 18323,102449,20200419,   57,    0
 18323,102449,20200420,   29,    0
 18323,102449,20200421,   29,    0
 18323,102449,20200422,   14,    0
 18323,102449,20200423,   48,    0
 18323,102449,20200424,    9,    0
 18323,102449,20200425,   12,    0
 18323,102449,20200426,   16,    0
 18323,102449,20200427,    7,    0
 18323,102449,20200428,    3,    0
 18323,102449,20200429,    1,    0
 18323,102449,20200430,    3,    0
 18323,102449,20200501,    2,    0
 18323,102449,20200502,   16,    0
 18323,102449,20200503,  101,    0
 18323,102449,20200504,   32,    0
 18323,102449,20200505,   37,    0
 18323,102449,20200506,  185,    0
 18323,102449,20200507,   57,    0
 18323,102449,20200508,   46,    0
 18323,102449,20200509,   46,    0
 18323,102449,20200510,   63,    0
 18323,102449,20200511,   64,    0
 18323,102449,20200512,   43,    0
 18323,102449,20200513,   11,    0
 18323,102449,20200514,   38,    0
 18323,102449,20200515,   39,    0
 18323,102449,20200516,    2,    0
 18323,102449,20200517,   31,    0
 18323,102449,20200518,  120,    0
 18323,102449,20200519,    0,    0
 18323,102449,20200520,   10,    0
 18323,102449,20200521,    0,    0
 18323,102449,20200522,    0,    0
 18323,102449,20200523,    3,    0
 18323,102449,20200524,    0,    0
 18323,102449,20200525,    0,    0
 18323,102449,20200526,    6,    0
 18323,102449,20200527,   28,    0
 18323,102449,20200528,  264,    0
 18323,102449,20200529,  326,    0
 18323,102449,20200530,    0,    0
 18323,102449,20200531,    0,    0
 18323,102449,20200601,   45,    0
 18323,102449,20200602,    0,    0
 18323,102449,20200603,    5,    0
 18323,102449,20200604,    0,    0
 18323,102449,20200605,    0,    0
 18323,102449,20200606,   50,    0
 18323,102449,20200607,  221,    0
 18323,102449,20200608,   99,    0
 18323,102449,20200609,    0,    0
 18323,102449,20200610,    0,    0
 18323,102449,20200611,    0,    0
 18323,102449,20200612,    0,    0
 18323,102449,20200613,    0,    0
 18323,102449,20200614,   59,    0
 18323,102449,20200615,   66,    0
 18323,102449,20200616,    0,    0
 18323,102449,20200617,    0,    0
 18323,102449,20200618,    0,    0
 18323,102449,20200619,    0,    0
 18323,102449,20200620,    1,    0
 18323,102449,20200621,    0,    0
 18323,102449,20200622,    0,    0
 18323,102449,20200623,   14,    0
 18323,102449,20200624,   29,    0
 18323,102449,20200625,    5,    0
 18323,102449,20200626,    0,    0
 18323,102449,20200627,    0,    0
 18323,102449,20200628,    0,    0
 18323,102449,20200629,   53,    0
 18323,102449,20200630,  154,    0
 18323,102449,20200701,  285,    0
 18323,102449,20200702,   32,    0
 18323,102449,20200703,    0,    0
 18323,102449,20200704,    6,    0
 18323,102449,20200705,    0,    0
 18323,102449,20200706,    1,    0
 18323,102449,20200707,  115,    0
 18323,102449,20200708,    1,    0
 18323,102449,20200709,   12,    0
 18323,102449,20200710,   13,    0
 18323,102449,20200711,   16,    0
 18323,102449,20200712,    0,    0
 18323,102449,20200713,    0,    0
 18323,102449,20200714,    0,    0
 18323,102449,20200715,   14,    0
 18323,102449,20200716,   15,    0
 18323,102449,20200717,  144,    0
 18323,102449,20200718,   91,    0
 18323,102449,20200719,   25,    0
 18323,102449,20200720,  181,    0
 18323,102449,20200721,  146,    0
 18323,102449,20200722,  160,    0
 18323,102449,20200723,  125,    0
 18323,102449,20200724,   86,    0
 18323,102449,20200725,    9,    0
 18323,102449,20200726,    3,    0
 18323,102449,20200727,   12,    0
 18323,102449,20200728,    0,    0
 18323,102449,20200729,    0,    0
 18323,102449,20200730,    0,    0
 18323,102449,20200731,   18,    0
 18323,102449,20200801,    0,    0
 18323,102449,20200802,    0,    0
 18323,102449,20200803,   59,    0
 18323,102449,20200804,   54,    0
 18323,102449,20200805,    0,    0
 18323,102449,20200806,   95,    0
 18323,102449,20200807,    0,    0
 18323,102449,20200808,  250,    0
 18323,102449,20200809,  103,    0
 18323,102449,20200810,    0,    0
 18323,102449,20200811,   72,    0
 18323,102449,20200812,    1,    0
 18323,102449,20200813,   29,    0
 18323,102449,20200814,    8,    0
 18323,102449,20200815,   52,    0
 18323,102449,20200816,   27,    0
 18323,102449,20200817,    3,    0
 18323,102449,20200818,    4,    0
 18323,102449,20200819,   33,    0
 18323,102449,20200820,    5,    0
 18323,102449,20200821,    5,    0
 18323,102449,20200822,  194,    0
 18323,102449,20200823,  183,    0
 18323,102449,20200824,   27,    0
 18323,102449,20200825,   30,    0
 18323,102449,20200826,   90,    0
 18323,102449,20200827,   41,    0
 18323,102449,20200828,    8,    0
 18323,102449,20200829,   28,    0
 18323,102449,20200830,   12,    0
 18323,102449,20200831,   37,    0
 18323,102449,20200901,    2,    0
 18323,102449,20200902,    0,    0
 18323,102449,20200903,    0,    0
 18323,102449,20200904,  107,    0
 18323,102449,20200905,  175,    0
 18323,102449,20200906,  147,    0
 18323,102449,20200907,  102,    0
 18323,102449,20200908,   11,    0
 18323,102449,20200909,   37,    0
 18323,102449,20200910,  121,    0
 18323,102449,20200911,  101,    0
 18323,102449,20200912,    3,    0
 18323,102449,20200913,  454,    0
 18323,102449,20200914,  219,    0
 18323,102449,20200915,   30,    0
 18323,102449,20200916,   34,    0
 18323,102449,20200917,  218,    0
 18323,102449,20200918,  221,    0
 18323,102449,20200919,  125,    0
 18323,102449,20200920,  573,    0
 18323,102449,20200921,  308,    0
 18323,102449,20200922,  100,    0
 18323,102449,20200923,   56,    0
 18323,102449,20200924,   38,    0
 18323,102449,20200925,  171,    0
 18323,102449,20200926,    0,    0
 18323,102449,20200927,    0,    0
 18323,102449,20200928,    0,    0
 18323,102449,20200929,    0,    0
 18323,102449,20200930,    5,    0
 18323,102449,20201001,    0,    0
 18323,102449,20201002,    0,    0
 18323,102449,20201003,    0,    0
 18323,102449,20201004,    0,    0
 18323,102449,20201005,   14,    0
 18323,102449,20201006,    0,    0
 18323,102449,20201007,   13,    0
 18323,102449,20201008,   41,    0
 18323,102449,20201009,    8,    0
 18323,102449,20201010,  102,    0
 18323,102449,20201011,    1,    0
 18323,102449,20201012,    7,    0
 18323,102449,20201013,    8,    0
 18323,102449,20201014,   92,    0
 18323,102449,20201015,  209,    0
 18323,102449,20201016,  226,    0
 18323,102449,20201017,   76,    0
 18323,102449,20201018,    0,    0
 18323,102449,20201019,    0,    0
 18323,102449,20201020,    0,    0
 18323,102449,20201021,    0,    0
 18323,102449,20201022,   16,    0
 18323,102449,20201023,   53,    0
 18323,102449,20201024,    3,    0
 18323,102449,20201025,   23,    0
 18323,102449,20201026,    0,    0
 18323,102449,20201027,    0,    0
 18323,102449,20201028,    0,    0
 18323,102449,20201029,   24,    0
 18323,102449,20201030,    5,    0
 18323,102449,20201031,    1,    0
 18323,102449,20201101,    2,    0
 18323,102449,20201102,  221,    0
 18323,102449,20201103,   24,    0
 18323,102449,20201104,  167,    0
 18323,102449,20201105,  178,    0
 18323,102449,20201106,  270,    0
 18323,102449,20201107,   68,    0
 18323,102449,20201108,   55,    0
 18323,102449,20201109,    6,    0
 18323,102449,20201110,    9,    0
 18323,102449,20201111,    0,    0
 18323,102449,20201112,    0,    0
 18323,102449,20201113,    0,    0
 18323,102449,20201114,    2,    0
 18323,102449,20201115,    9,    0
 18323,102449,20201116,    1,    0
 18323,102449,20201117,   29,    0
 18323,102449,20201118,   95,    0
 18323,102449,20201119,   37,    0
 18323,102449,20201120,   44,    0
 18323,102449,20201121,   32,    0
 18323,102449,20201122,   48,    0
 18323,102449,20201123,   22,    0
 18323,102449,20201124,    5,    0
 18323,102449,20201125,   26,    0
 18323,102449,20201126,    5,    0
 18323,102449,20201127,   26,    0
 18323,102449,20201128,    2,    0
 18323,102449,20201129,   13,    0
 18323,102449,20201130,   22,    0
 18323,102449,20201201,   27,    0
 18323,102449,20201202,   21,    0
 18323,102449,20201203,    4,    0
 18323,102449,20201204,   15,    0
 18323,102449,20201205,    8,    0
 18323,102449,20201206,   10,    0
 18323,102449,20201207,   15,    0
 18323,102449,20201208,    0,    0
 18323,102449,20201209,    5,    0
 18323,102449,20201210,    0,    0
 18323,102449,20201211,    0,    0
 18323,102449,20201212,    0,    0
 18323,102449,20201213,    7,    0
 18323,102449,20201214,    2,    0
 18323,102449,20201215,    4,    0
 18323,102449,20201216,    6,    0
 18323,102449,20201217,   18,    0
 18323,102449,20201218,    2,    0
 18323,102449,20201219,   27,    0
 18323,102449,20201220,   17,    0
 18323,102449,20201221,    5,    0
 18323,102449,20201222,    0,    0
 18323,102449,20201223,    6,    0
 18323,102449,20201224,    3,    0
 18323,102449,20201225,    0,    0
 18323,102449,20201226,    4,    0
 18323,102449,20201227,    8,    0
 18323,102449,20201228,    0,    0
 18323,102449,20201229,    0,    0
 18323,102449,20201230,    2,    0
 18323,102449,20201231,    1,    0
 18323,102449,20210101,    6,    0
 18323,102449,20210102,    9,    0
 18323,102449,20210103,   44,    0
 18323,102449,20210104,    2,    0
 18323,102449,20210105,   31,    0
 18323,102449,20210106,    3,    0
 18323,102449,20210107,    1,    0
 18323,102449,20210108,    0,    0
 18323,102449,20210109,    6,    0
 18323,102449,20210110,    0,    0
 18323,102449,20210111,    0,    0
 18323,102449,20210112,   27,    0
 18323,102449,20210113,    0,    0
 18323,102449,20210114,    4,    0
 18323,102449,20210115,   45,    0
 18323,102449,20210116,    0,    0
 18323,102449,20210117,    0,    0
 18323,102449,20210118,    0,    0
 18323,102449,20210119,    0,    0
 18323,102449,20210120,    1,    0
 18323,102449,20210121,  263,    0
 18323,102449,20210122,   67,    0
 18323,102449,20210123,    0,    0
 18323,102449,20210124,    6,    0
 18323,102449,20210125,    0,    0
 18323,102449,20210126,    0,    0
 18323,102449,20210127,    0,    0
 18323,102449,20210128,    0,    0
 18323,102449,20210129,    0,    0
 18323,102449,20210130,    0,    0
 18323,102449,20210131,    0,    0
 18323,102449,20210201,    0,    0
 18323,102449,20210202,    0,    0
 18323,102449,20210203,    0,    0
 18323,102449,20210204,    4,    0
 18323,102449,20210205,    3,    0
 18323,102449,20210206,   11,    0
 18323,102449,20210207,   21,    0
 18323,102449,20210208,   77,    0
 18323,102449,20210209,    0,    0
 18323,102449,20210210,   14,    0
 18323,102449,20210211,   49,    0
 18323,102449,20210212,   94,    0
 18323,102449,20210213,   81,    0
 18323,102449,20210214,   65,    0
 18323,102449,20210215,    0,    0
 18323,102449,20210216,    1,    0
 18323,102449,20210217,    2,    0
 18323,102449,20210218,    0,    0
 18323,102449,20210219,    4,    0
 18323,102449,20210220,    9,    0
 18323,102449,20210221,   82,    0
 18323,102449,20210222,    9,    0
 18323,102449,20210223,    9,    0
 18323,102449,20210224,  163,    0
 18323,102449,20210225,  181,    0
 18323,102449,20210226,   15,    0
 18323,102449,20210227,  287,    0
 18323,102449,20210228,  409,    0
 18323,102449,20210301,  172,    0
 18323,102449,20210302,  203,    0
 18323,102449,20210303,   63,    0
 18323,102449,20210304,   19,    0
 18323,102449,20210305,   68,    0
 18323,102449,20210306,   63,    0
 18323,102449,20210307,    0,    0
 18323,102449,20210308,   20,    0
 18323,102449,20210309,    6,    0
 18323,102449,20210310,   10,    0
 18323,102449,20210311,   44,    0
 18323,102449,20210312,    4,    0
 18323,102449,20210313,    5,    0
 18323,102449,20210314,   31,    0
 18323,102449,20210315,   25,    0
 18323,102449,20210316,    0,    0
 18323,102449,20210317,   34,    0
 18323,102449,20210318,    8,    0
 18323,102449,20210319,   47,    0
 18323,102449,20210320,   92,    0
 18323,102449,20210321,   14,    0
 18323,102449,20210322,   65,    0
 18323,102449,20210323,  104,    0
 18323,102449,20210324,   35,    0
 18323,102449,20210325,   22,    0
 18323,102449,20210326,    5,    0
 18323,102449,20210327,  105,    0
 18323,102449,20210328,    3,    0
 18323,102449,20210329,   75,    0
 18323,102449,20210330,   58,    0
 18323,102449,20210331,   69,    0
 18323,102449,20210401,   70,    0
 18323,102449,20210402,   37,    0
 18323,102449,20210403,   63,    0
 18323,102449,20210404,   85,    0
 18323,102449,20210405,   35,    0
 18323,102449,20210406,   69,    0
 18323,102449,20210407,   49,    0
 18323,102449,20210408,    7,    0
 18323,102449,20210409,   17,    0
 18323,102449,20210410,   75,    0
 18323,102449,20210411,   73,    0
 18323,102449,20210412,   26,    0
 18323,102449,20210413,   49,    0
 18323,102449,20210414,   32,    0
 18323,102449,20210415,   63,    0
 18323,102449,20210416,    0,    0
 18323,102449,20210417,    0,    0
 18323,102449,20210418,    0,    0
 18323,102449,20210419,    0,    0
 18323,102449,20210420,   34,    0
 18323,102449,20210421,   31,    0
 18323,102449,20210422,    0,    0
 18323,102449,20210423,   19,    0
 18323,102449,20210424,   20,    0
 18323,102449,20210425,   17,    0
 18323,102449,20210426,   96,    0
 18323,102449,20210427,   42,    0
 18323,102449,20210428,   45,    0
 18323,102449,20210429,   63,    0
 18323,102449,20210430,   13,    0
 18323,102449,20210501,   64,    0
 18323,102449,20210502,   19,    0
 18323,102449,20210503,    2,    0
 18323,102449,20210504,    0,    0
 18323,102449,20210505,    0,    0
 18323,102449,20210506,    0,    0
 18323,102449,20210507,   31,    0
 18323,102449,20210508,   38,    0
 18323,102449,20210509,   25,    0
 18323,102449,20210510,   55,    0
 18323,102449,20210511,   33,    0
 18323,102449,20210512,    0,    0
 18323,102449,20210513,    0,    0
 18323,102449,20210514,    7,    0
 18323,102449,20210515,    1,    0
 18323,102449,20210516,    0,    0
 18323,102449,20210517,   53,    0
 18323,102449,20210518,    4,    0
 18323,102449,20210519,   11,    0
 18323,102449,20210520,   18,    0
 18323,102449,20210521,   10,    0
 18323,102449,20210522,    0,    0
 18323,102449,20210523,    0,    0
 18323,102449,20210524,   15,    0
 18323,102449,20210525,    0,    0
 18323,102449,20210526,    0,    0
 18323,102449,20210527,    0,    0
 18323,102449,20210528,    0,    0
 18323,102449,20210529,    0,    0
 18323,102449,20210530,   47,    0
 18323,102449,20210531,    0,    0
 18323,102449,20210601,    0,    0
 18323,102449,20210602,    0,    0
 18323,102449,20210603,    0,    0
 18323,102449,20210604,    0,    0
 18323,102449,20210605,    0,    0
 18323,102449,20210606,    5,    0
 18323,102449,20210607,   19,    0
 18323,102449,20210608,    4,    0
 18323,102449,20210609,    2,    0
 18323,102449,20210610,    2,    0
 18323,102449,20210611,  277,    0
 18323,102449,20210612,  156,    0
 18323,102449,20210613,  111,    0
 18323,102449,20210614,  104,    0
 18323,102449,20210615,  239,    0
 18323,102449,20210616,   56,    0
 18323,102449,20210617,   55,    0
 18323,102449,20210618,  302,    0
 18323,102449,20210619,   12,    0
 18323,102449,20210620,   12,    0
 18323,102449,20210621,  261,    0
 18323,102449,20210622,   17,    0
 18323,102449,20210623,    0,    0
 18323,102449,20210624,    0,    0
 18323,102449,20210625,    2,    0
 18323,102449,20210626,    4,    0
 18323,102449,20210627,   18,    0
 18323,102449,20210628,   54,    0
 18323,102449,20210629,  102,    0
 18323,102449,20210630,    0,    0
 18323,102449,20210701,    0,    0
 18323,102449,20210702,    9,    0
 18323,102449,20210703,   10,    0
 18323,102449,20210704,    4,    0
 18323,102449,20210705,    3,    0
 18323,102449,20210706,    2,    0
 18323,102449,20210707,  108,    0
 18323,102449,20210708,  147,    0
 18323,102449,20210709,   17,    0
 18323,102449,20210710,   17,    0
 18323,102449,20210711,  160,    0
 18323,102449,20210712,    4,    0
 18323,102449,20210713,    2,    0
 18323,102449,20210714,   21,    0
 18323,102449,20210715,  260,    0
 18323,102449,20210716,  236,    0
 18323,102449,20210717,  236,    0
 18323,102449,20210718,  182,    0
 18323,102449,20210719,  318,    0
 18323,102449,20210720,  224,    0
 18323,102449,20210721,  463,    0
 18323,102449,20210722,   38,    0
 18323,102449,20210723,   81,    0
 18323,102449,20210724,  253,    0
 18323,102449,20210725,    7,    0
 18323,102449,20210726,   12,    0
 18323,102449,20210727,    9,    0
 18323,102449,20210728,   17,    0
 18323,102449,20210729,   12,    0
 18323,102449,20210730,   19,    0
 18323,102449,20210731,   50,    0
 18323,102449,20210801,   74,    0
 18323,102449,20210802,  107,    0
 18323,102449,20210803,  139,    0
 18323,102449,20210804,   32,    0
 18323,102449,20210805,    3,    0
 18323,102449,20210806,   20,    0
 18323,102449,20210807,    0,    0
 18323,102449,20210808,    7,    0
 18323,102449,20210809,   52,    0
 18323,102449,20210810,  123,    0
 18323,102449,20210811,  130,    0
 18323,102449,20210812,   42,    0
 18323,102449,20210813,    2,    0
 18323,102449,20210814,    3,    0
 18323,102449,20210815,    0,    0
 18323,102449,20210816,    6,    0
 18323,102449,20210817,   24,    0
 18323,102449,20210818,   77,    0
 18323,102449,20210819,  255,    0
 18323,102449,20210820,  174,    0
 18323,102449,20210821,   65,    0
 18323,102449,20210822,   18,    0
 18323,102449,20210823,    5,    0
 18323,102449,20210824,  129,    0
 18323,102449,20210825,    4,    0
 18323,102449,20210826,    0,    0
 18323,102449,20210827,    0,    0
 18323,102449,20210828,    0,    0
 18323,102449,20210829,    0,    0
 18323,102449,20210830,  235,    0
 18323,102449,20210831,  323,    0
 18323,102449,20210901,  234,    0
 18323,102449,20210902,  223,    0
 18323,102449,20210903,  101,    0
 18323,102449,20210904,   91,    0
 18323,102449,20210905,  113,    0
 18323,102449,20210906,  115,    0
 18323,102449,20210907,  568,    0
 18323,102449,20210908,   61,    0
 18323,102449,20210909,   55,    0
 18323,102449,20210910,    0,    0
 18323,102449,20210911,    0,    0
 18323,102449,20210912,   69,    0
 18323,102449,20210913,   67,    0
 18323,102449,20210914,    0,    0
 18323,102449,20210915,    0,    0
 18323,102449,20210916,    0,    0
 18323,102449,20210917,    0,    0
 18323,102449,20210918,    0,    0
 18323,102449,20210919,    0,    0
 18323,102449,20210920,    0,    0
 18323,102449,20210921,  222,    0
 18323,102449,20210922,   46,    0
 18323,102449,20210923,    3,    0
 18323,102449,20210924,    5,    0
 18323,102449,20210925,   63,    0
 18323,102449,20210926,   11,    0
 18323,102449,20210927,    0,    0
 18323,102449,20210928,    0,    0
 18323,102449,20210929,    0,    0
 18323,102449,20210930,    0,    0
 18323,102449,20211001,    0,    0
 18323,102449,20211002,   38,    0
 18323,102449,20211003,   22,    0
 18323,102449,20211004,    2,    0
 18323,102449,20211005,   32,    0
 18323,102449,20211006,   42,    0
 18323,102449,20211007,   65,    0
 18323,102449,20211008,  368,    0
 18323,102449,20211009,  104,    0
 18323,102449,20211010,  128,    0
 18323,102449,20211011,   86,    0
 18323,102449,20211012,  103,    0
 18323,102449,20211013,   32,    0
 18323,102449,20211014,   26,    0
 18323,102449,20211015,    3,    0
 18323,102449,20211016,    4,    0
 18323,102449,20211017,   40,    0
 18323,102449,20211018,   13,    0
 18323,102449,20211019,   35,    0
 18323,102449,20211020,   44,    0
 18323,102449,20211021,   10,    0
 18323,102449,20211022,    0,    0
 18323,102449,20211023,    0,    0
 18323,102449,20211024,  119,    0
 18323,102449,20211025,  139,    0
 18323,102449,20211026,   94,    0
 18323,102449,20211027,   54,    0
 18323,102449,20211028,  154,    0
 18323,102449,20211029,   14,    0
 18323,102449,20211030,   50,    0
 18323,102449,20211031,   52,    0
 18323,102449,20211101,   15,    0
 18323,102449,20211102,    0,    0
 18323,102449,20211103,    1,    0
 18323,102449,20211104,    3,    0
 18323,102449,20211105,   44,    0
 18323,102449,20211106,   47,    0
 18323,102449,20211107,    2,    0
 18323,102449,20211108,    5,    0
 18323,102449,20211109,   62,    0
 18323,102449,20211110,  180,    0
 18323,102449,20211111,   64,    0
 18323,102449,20211112,  106,    0
 18323,102449,20211113,   48,    0
 18323,102449,20211114,   39,    0
 18323,102449,20211115,  173,    0
 18323,102449,20211116,  132,    0
 18323,102449,20211117,  125,    0
 18323,102449,20211118,   42,    0
 18323,102449,20211119,  170,    0
 18323,102449,20211120,   31,    0
 18323,102449,20211121,   24,    0
 18323,102449,20211122,   22,    0
 18323,102449,20211123,   84,    0
 18323,102449,20211124,   15,    0
 18323,102449,20211125,   11,    0
 18323,102449,20211126,   20,    0
 18323,102449,20211127,    0,    0
 18323,102449,20211128,   10,    0
 18323,102449,20211129,    2,    0
 18323,102449,20211130,    0,    0
 18323,102449,20211201,    4,    0
 18323,102449,20211202,    8,    0
 18323,102449,20211203,    0,    0
 18323,102449,20211204,    0,    0
 18323,102449,20211205,    0,    0
 18323,102449,20211206,    2,    0
 18323,102449,20211207,    1,    0
 18323,102449,20211208,    0,    0
 18323,102449,20211209,    0,    0
 18323,102449,20211210,    0,    0
 18323,102449,20211211,   20,    0
 18323,102449,20211212,    4,    0
 18323,102449,20211213,   31,    0
 18323,102449,20211214,   49,    0
 18323,102449,20211215,  129,    0
 18323,102449,20211216,  145,    0
 18323,102449,20211217,   95,    0
 18323,102449,20211218,  141,    0
 18323,102449,20211219,   44,    0
 18323,102449,20211220,    0,    0
 18323,102449,20211221,    0,    0
 18323,102449,20211222,   24,    0
 18323,102449,20211223,   16,    0
 18323,102449,20211224,   27,    0
 18323,102449,20211225,   26,    0
 18323,102449,20211226,    5,    0
 18323,102449,20211227,    0,    0
 18323,102449,20211228,    0,    0
 18323,102449,20211229,    0,    0
 18323,102449,20211230,    0,    0
 18323,102449,20211231,    4,    0
 18323,102449,20220101,   32,    0
 18323,102449,20220102,   76,    0
 18323,102449,20220103,    0,    0
 18323,102449,20220104,    7,    0
 18323,102449,20220105,    9,    0
 18323,102449,20220106,    0,    0
 18323,102449,20220107,    1,    0
 18323,102449,20220108,    0,    0
 18323,102449,20220109,    0,    0
 18323,102449,20220110,    0,    0
 18323,102449,20220111,   27,    0
 18323,102449,20220112,  131,    0
 18323,102449,20220113,  182,    0
 18323,102449,20220114,  145,    0
 18323,102449,20220115,  175,    0
 18323,102449,20220116,   33,    0
 18323,102449,20220117,   36,    0
 18323,102449,20220118,  265,    0
 18323,102449,20220119,   96,    0
 18323,102449,20220120,   35,    0
 18323,102449,20220121,   10,    0
 18323,102449,20220122,   97,    0
 18323,102449,20220123,  294,    0
 18323,102449,20220124,   78,    0
 18323,102449,20220125,   50,    0
 18323,102449,20220126,    7,    0
 18323,102449,20220127,   82,    0
 18323,102449,20220128,   10,    0
 18323,102449,20220129,   12,    0
 18323,102449,20220130,    7,    0
 18323,102449,20220131,    0,    0
 18323,102449,20220201,    4,    0
 18323,102449,20220202,    4,    0
 18323,102449,20220203,   81,    0
 18323,102449,20220204,   32,    0
 18323,102449,20220205,   34,    0
 18323,102449,20220206,    4,    0
 18323,102449,20220207,   26,    0
 18323,102449,20220208,   25,    0
 18323,102449,20220209,  108,    0
 18323,102449,20220210,  174,    0
 18323,102449,20220211,   32,    0
 18323,102449,20220212,   33,    0
 18323,102449,20220213,   67,    0
 18323,102449,20220214,   44,    0
 18323,102449,20220215,   13,    0
 18323,102449,20220216,    2,    0
 18323,102449,20220217,    0,    0
 18323,102449,20220218,    0,    0
 18323,102449,20220219,    0,    0
 18323,102449,20220220,    0,    0
 18323,102449,20220221,    6,    0
 18323,102449,20220222,    0,    0
 18323,102449,20220223,   16,    0
 18323,102449,20220224,   97,    0
 18323,102449,20220225,   68,    0
 18323,102449,20220226,  179,    0
 18323,102449,20220227,   45,    0
 18323,102449,20220228,    8,    0
 18323,102449,20220301,   33,    0
 18323,102449,20220302,   45,    0
 18323,102449,20220303,   11,    0
 18323,102449,20220304,   24,    0
 18323,102449,20220305,   51,    0
 18323,102449,20220306,   43,    0
 18323,102449,20220307,   28,    0
 18323,102449,20220308,   27,    0
 18323,102449,20220309,    0,    0
 18323,102449,20220310,   12,    0
 18323,102449,20220311,    2,    0
 18323,102449,20220312,    0,    0
 18323,102449,20220313,    0,    0
 18323,102449,20220314,    0,    0
 18323,102449,20220315,    0,    0
 18323,102449,20220316,    0,    0
 18323,102449,20220317,    6,    0
 18323,102449,20220318,   48,    0
 18323,102449,20220319,   95,    0
 18323,102449,20220320,    0,    0
 18323,102449,20220321,   41,    0
 18323,102449,20220322,   16,    0
 18323,102449,20220323,  276,    0
 18323,102449,20220324,    0,    0
 18323,102449,20220325,   53,    0
 18323,102449,20220326,   11,    0
 18323,102449,20220327,   51,    0
 18323,102449,20220328,    3,    0
 18323,102449,20220329,   11,    0
 18323,102449,20220330,    2,    0
 18323,102449,20220331,    0,    0
 18323,102449,20220401,   26,    0
 18323,102449,20220402,   35,    0
 18323,102449,20220403,    5,    0
 18323,102449,20220404,    0,    0
 18323,102449,20220405,    4,    0
 18323,102449,20220406,    1,    0
 18323,102449,20220407,    0,    0
 18323,102449,20220408,   32,    0
 18323,102449,20220409,   37,    0
 18323,102449,20220410,    0,    0
 18323,102449,20220411,    0,    0
 18323,102449,20220412,   18,    0
 18323,102449,20220413,   26,    0
 18323,102449,20220414,    3,    0
 18323,102449,20220415,    0,    0
 18323,102449,20220416,    4,    0
 18323,102449,20220417,    1,    0
 18323,102449,20220418,    6,    0
 18323,102449,20220419,    0,    0
 18323,102449,20220420,    0,    0
 18323,102449,20220421,    3,    0
 18323,102449,20220422,    7,    0
 18323,102449,20220423,    0,    0
 18323,102449,20220424,   40,    0
 18323,102449,20220425,   39,    0
 18323,102449,20220426,   20,    0
 18323,102449,20220427,   27,    0
 18323,102449,20220428,    9,    0
 18323,102449,20220429,   49,    0
 18323,102449,20220430,    5,    0
 18323,102449,20220501,   89,    0
 18323,102449,20220502,   30,    0
 18323,102449,20220503,   22,    0
 18323,102449,20220504,    3,    0
 18323,102449,20220505,   52,    0
 18323,102449,20220506,   94,    0
 18323,102449,20220507,  121,    0
 18323,102449,20220508,   38,    0
 18323,102449,20220509,   94,    0
 18323,102449,20220510,   29,    0
 18323,102449,20220511,   12,    0
 18323,102449,20220512,   20,    0
 18323,102449,20220513,    9,    0
 18323,102449,20220514,   54,    0
 18323,102449,20220515,  117,    0
 18323,102449,20220516,   14,    0
 18323,102449,20220517,   52,    0
 18323,102449,20220518,    5,    0
 18323,102449,20220519,    0,    0
 18323,102449,20220520,    8,    0
 18323,102449,20220521,    0,    0
 18323,102449,20220522,    0,    0
 18323,102449,20220523,    0,    0
 18323,102449,20220524,    0,    0
 18323,102449,20220525,    7,    0
 18323,102449,20220526,    0,    0
 18323,102449,20220527,   19,    0
 18323,102449,20220528,   70,    0
 18323,102449,20220529,    0,    0
 18323,102449,20220530,    0,    0
 18323,102449,20220531,    0,    0
 18323,102449,20220601,    0,    0
 18323,102449,20220602,    0,    0
 18323,102449,20220603,  121,    0
 18323,102449,20220604,  118,    0
 18323,102449,20220605,   66,    0
 18323,102449,20220606,   27,    0
 18323,102449,20220607,   12,    0
 18323,102449,20220608,    0,    0
 18323,102449,20220609,    7,    0
 18323,102449,20220610,    0,    0
 18323,102449,20220611,   80,    0
 18323,102449,20220612,   24,    0
 18323,102449,20220613,    2,    0
 18323,102449,20220614,   34,    0
 18323,102449,20220615,    8,    0
 18323,102449,20220616,   17,    0
 18323,102449,20220617,   13,    0
 18323,102449,20220618,   39,    0
 18323,102449,20220619,    3,    0
 18323,102449,20220620,   27,    0
 18323,102449,20220621,   34,    0
 18323,102449,20220622,  122,    0
 18323,102449,20220623,   33,    0
 18323,102449,20220624,    0,    0
 18323,102449,20220625,    0,    0
 18323,102449,20220626,    0,    0
 18323,102449,20220627,    0,    0
 18323,102449,20220628,   26,    0
 18323,102449,20220629,   48,    0
 18323,102449,20220630,    0,    0
 18323,102449,20220701,    0,    0
 18323,102449,20220702,   62,    0
 18323,102449,20220703,    4,    0
 18323,102449,20220704,   20,    0
 18323,102449,20220705,  159,    0
 18323,102449,20220706,   48,    0
 18323,102449,20220707,  164,    0
 18323,102449,20220708,   21,    0
 18323,102449,20220709,   11,    0
 18323,102449,20220710,    6,    0
 18323,102449,20220711,    9,    0
 18323,102449,20220712,   76,    0
 18323,102449,20220713,  135,    0
 18323,102449,20220714,  332,    0
 18323,102449,20220715,  407,    0
 18323,102449,20220716,  202,    0
 18323,102449,20220717,   46,    0
 18323,102449,20220718,   29,    0
 18323,102449,20220719,    0,    0
 18323,102449,20220720,   13,    0
 18323,102449,20220721,   89,    0
 18323,102449,20220722,  315,    0
 18323,102449,20220723,   66,    0
 18323,102449,20220724,   16,    0
 18323,102449,20220725,   60,    0
 18323,102449,20220726,  427,    0
 18323,102449,20220727,  168,    0
 18323,102449,20220728,   36,    0
 18323,102449,20220729,    0,    0
 18323,102449,20220730,    0,    0
 18323,102449,20220731,    0,    0
 18323,102449,20220801,  144,    0
 18323,102449,20220802,   40,    0
 18323,102449,20220803,   29,    0
 18323,102449,20220804,  134,    0
 18323,102449,20220805,    2,    0
 18323,102449,20220806,   88,    0
 18323,102449,20220807,  387,    0
 18323,102449,20220808,   26,    0
 18323,102449,20220809,  150,    0
 18323,102449,20220810,  351,    0
 18323,102449,20220811,  266,    0
 18323,102449,20220812,   85,    0
 18323,102449,20220813,   35,    0
 18323,102449,20220814,    0,    0
 18323,102449,20220815,-9999,    9
 18323,102449,20220816,-9999,    9
 18323,102449,20220817,-9999,    9
 18323,102449,20220818,-9999,    9
 18323,102449,20220819,-9999,    9
 18323,102449,20220820,-9999,    9
 18323,102449,20220821,   96,    0
 18323,102449,20220822,-9999,    9
 18323,102449,20220823,    0,    0
 18323,102449,20220824,    0,    0
 18323,102449,20220825,    1,    0
 18323,102449,20220826,  133,    0
 18323,102449,20220827,  166,    0
 18323,102449,20220828,  190,    0
 18323,102449,20220829,   66,    0
 18323,102449,20220830,   99,    0
 18323,102449,20220831,   33,    0
 18323,102449,20220901,    1,    0
 18323,102449,20220902,    0,    0
 18323,102449,20220903,    0,    0
 18323,102449,20220904,    0,    0
 18323,102449,20220905,    4,    0
 18323,102449,20220906,   40,    0
 18323,102449,20220907,    1,    0
 18323,102449,20220908,    0,    0
 18323,102449,20220909,    0,    0
 18323,102449,20220910,    1,    0
 18323,102449,20220911,   80,    0
 18323,102449,20220912,    0,    0
 18323,102449,20220913,   52,    0
 18323,102449,20220914,   10,    0
 18323,102449,20220915,    0,    0
 18323,102449,20220916,    5,    0
 18323,102449,20220917,    0,    0
 18323,102449,20220918,    8,    0
 18323,102449,20220919,    1,    0
 18323,102449,20220920,    1,    0
 18323,102449,20220921,   27,    0
 18323,102449,20220922,   21,    0
 18323,102449,20220923,   58,    0
 18323,102449,20220924,    5,    0
 18323,102449,20220925,    0,    0
 18323,102449,20220926,    0,    0
 18323,102449,20220927,    0,    0
 18323,102449,20220928,    0,    0
 18323,102449,20220929,    0,    0
 18323,102449,20220930,    0,    0
 18323,102449,20221001,    0,    0
 18323,102449,20221002,   35,    0
 18323,102449,20221003,    1,    0
 18323,102449,20221004,  154,    0
 18323,102449,20221005,  119,    0
 18323,102449,20221006,  253,    0
 18323,102449,20221007,  107,    0
 18323,102449,20221008,  210,    0
 18323,102449,20221009,  177,    0
 18323,102449,20221010,   35,    0
 18323,102449,20221011,  177,    0
 18323,102449,20221012,  134,    0
 18323,102449,20221013,   78,    0
 18323,102449,20221014,    0,    0
 18323,102449,20221015,   14,    0
 18323,102449,20221016,   22,    0
 18323,102449,20221017,  128,    0
 18323,102449,20221018,   76,    0
 18323,102449,20221019,   71,    0
 18323,102449,20221020,  128,    0
 18323,102449,20221021,    1,    0
 18323,102449,20221022,  104,    0
 18323,102449,20221023,   11,    0
 18323,102449,20221024,    1,    0
 18323,102449,20221025,    6,    0
 18323,102449,20221026,   32,    0
 18323,102449,20221027,   77,    0
 18323,102449,20221028,  290,    0
 18323,102449,20221029,   88,    0
 18323,102449,20221030,    0,    0
 18323,102449,20221031,-9999,    9
