EUROPEAN CLIMATE ASSESSMENT & DATASET (ECA&D), file created on: 16-11-2022
THESE DATA CAN BE USED FOR NON-COMMERCIAL RESEARCH AND EDUCATION PROVIDED THAT THE FOLLOWING SOURCE IS ACKNOWLEDGED: 

Klein Tank, A.M.G. and Coauthors, 2002. Daily dataset of 20th-century surface
air temperature and precipitation series for the European Climate Assessment.
Int. J. of Climatol., 22, 1441-1453.
Data and metadata available at http://www.ecad.eu

FILE FORMAT (MISSING VALUE CODE = -9999):

01-06 STAID: Station identifier
08-13 SOUID: Source identifier
15-22 DATE : Date YYYYMMDD
24-28 RR   : Precipitation amount in 0.1 mm
30-34 Q_RR : quality code for RR (0='valid'; 1='suspect'; 9='missing')

This is the blended series of station NIKSIC, MONTENEGRO (STAID: 11380)
Blended and updated with sources:75543 913459 
See files sources.txt and stations.txt for more info.

STAID, SOUID,    DATE,   RR, Q_RR
 11380, 75543,20160701,    0,    0
 11380, 75543,20160702,   10,    0
 11380, 75543,20160703,    0,    0
 11380, 75543,20160704,    0,    0
 11380, 75543,20160705,    0,    0
 11380, 75543,20160706,   10,    0
 11380, 75543,20160707,    0,    0
 11380, 75543,20160708,    0,    0
 11380, 75543,20160709,    0,    0
 11380, 75543,20160710,    0,    0
 11380, 75543,20160711,    0,    0
 11380, 75543,20160712,    0,    0
 11380, 75543,20160713,    0,    0
 11380, 75543,20160714,    0,    0
 11380, 75543,20160715,  290,    0
 11380, 75543,20160716,  320,    0
 11380, 75543,20160717,    0,    0
 11380, 75543,20160718,    0,    0
 11380, 75543,20160719,    0,    0
 11380, 75543,20160720,    0,    0
 11380, 75543,20160721,    0,    0
 11380, 75543,20160722,    0,    0
 11380, 75543,20160723,    0,    0
 11380, 75543,20160724,    0,    0
 11380, 75543,20160725,    0,    0
 11380, 75543,20160726,    0,    0
 11380, 75543,20160727,    0,    0
 11380, 75543,20160728,    2,    0
 11380, 75543,20160729,   20,    0
 11380, 75543,20160730,    0,    0
 11380, 75543,20160731,    0,    0
 11380, 75543,20160801,    0,    0
 11380, 75543,20160802,    0,    0
 11380, 75543,20160803,    0,    0
 11380, 75543,20160804,    0,    0
 11380, 75543,20160805,    0,    0
 11380, 75543,20160806,    0,    0
 11380, 75543,20160807,  460,    0
 11380, 75543,20160808,   40,    0
 11380, 75543,20160809,    0,    0
 11380, 75543,20160810,    0,    0
 11380, 75543,20160811,    3,    0
 11380, 75543,20160812,    0,    0
 11380, 75543,20160813,    0,    0
 11380, 75543,20160814,    0,    0
 11380, 75543,20160815,    0,    0
 11380, 75543,20160816,    0,    0
 11380, 75543,20160817,    0,    0
 11380, 75543,20160818,    4,    0
 11380, 75543,20160819,   10,    0
 11380, 75543,20160820,    0,    0
 11380, 75543,20160821,    0,    0
 11380, 75543,20160822,   70,    0
 11380, 75543,20160823,    0,    0
 11380, 75543,20160824,    0,    0
 11380, 75543,20160825,    0,    0
 11380, 75543,20160826,    0,    0
 11380, 75543,20160827,    0,    0
 11380, 75543,20160828,    0,    0
 11380, 75543,20160829,    0,    0
 11380, 75543,20160830,    0,    0
 11380, 75543,20160831,    0,    0
 11380, 75543,20160901,    0,    0
 11380, 75543,20160902,    0,    0
 11380, 75543,20160903,    0,    0
 11380, 75543,20160904,    0,    0
 11380, 75543,20160905,   90,    0
 11380, 75543,20160906,  230,    0
 11380, 75543,20160907,   50,    0
 11380, 75543,20160908,    0,    0
 11380, 75543,20160909,    0,    0
 11380, 75543,20160910,   13,    0
 11380, 75543,20160911,    0,    0
 11380, 75543,20160912,  110,    0
 11380, 75543,20160913,   10,    0
 11380, 75543,20160914,    0,    0
 11380, 75543,20160915,    0,    0
 11380, 75543,20160916,    0,    0
 11380, 75543,20160917,  140,    0
 11380, 75543,20160918,    0,    0
 11380, 75543,20160919,   80,    0
 11380, 75543,20160920,    0,    0
 11380, 75543,20160921,    0,    0
 11380, 75543,20160922,    0,    0
 11380, 75543,20160923,    0,    0
 11380, 75543,20160924,    0,    0
 11380, 75543,20160925,    0,    0
 11380, 75543,20160926,    0,    0
 11380, 75543,20160927,    0,    0
 11380, 75543,20160928,    0,    0
 11380, 75543,20160929,    0,    0
 11380, 75543,20160930,    0,    0
 11380, 75543,20161001,    0,    0
 11380, 75543,20161002,   40,    0
 11380, 75543,20161003,    5,    0
 11380, 75543,20161004,   30,    0
 11380, 75543,20161005,    0,    0
 11380, 75543,20161006,  100,    0
 11380, 75543,20161007,  300,    0
 11380, 75543,20161008,    0,    0
 11380, 75543,20161009,   62,    0
 11380, 75543,20161010,  180,    0
 11380, 75543,20161011,  140,    0
 11380, 75543,20161012,  193,    0
 11380, 75543,20161013,    0,    0
 11380, 75543,20161014,    0,    0
 11380, 75543,20161015,    2,    0
 11380, 75543,20161016,  152,    0
 11380, 75543,20161017,    0,    0
 11380, 75543,20161018,    0,    0
 11380, 75543,20161019,  230,    0
 11380, 75543,20161020,    6,    0
 11380, 75543,20161021,  280,    0
 11380, 75543,20161022,   80,    0
 11380, 75543,20161023,    0,    0
 11380, 75543,20161024,    0,    0
 11380, 75543,20161025,    0,    0
 11380, 75543,20161026,    0,    0
 11380, 75543,20161027,    0,    0
 11380, 75543,20161028,    0,    0
 11380, 75543,20161029,    0,    0
 11380, 75543,20161030,    0,    0
 11380, 75543,20161031,    0,    0
 11380, 75543,20161101,    0,    0
 11380, 75543,20161102,    0,    0
 11380, 75543,20161103,   20,    0
 11380, 75543,20161104,   30,    0
 11380, 75543,20161105,    1,    0
 11380, 75543,20161106,  600,    0
 11380, 75543,20161107,  720,    0
 11380, 75543,20161108,  450,    0
 11380, 75543,20161109,  140,    0
 11380, 75543,20161110,   40,    0
 11380, 75543,20161111,   40,    0
 11380, 75543,20161112,  600,    0
 11380, 75543,20161113,    0,    0
 11380, 75543,20161114,    0,    0
 11380, 75543,20161115,    0,    0
 11380, 75543,20161116,    0,    0
 11380, 75543,20161117,    0,    0
 11380, 75543,20161118,    0,    0
 11380, 75543,20161119,    0,    0
 11380, 75543,20161120,    0,    0
 11380, 75543,20161121,    0,    0
 11380, 75543,20161122,    0,    0
 11380, 75543,20161123,    0,    0
 11380, 75543,20161124,    0,    0
 11380, 75543,20161125,    1,    0
 11380, 75543,20161126,  120,    0
 11380, 75543,20161127,   41,    0
 11380, 75543,20161128,    0,    0
 11380, 75543,20161129,    0,    0
 11380, 75543,20161130,    0,    0
 11380, 75543,20161201,    0,    0
 11380, 75543,20161202,    0,    0
 11380, 75543,20161203,    0,    0
 11380, 75543,20161204,    0,    0
 11380, 75543,20161205,    0,    0
 11380, 75543,20161206,    0,    0
 11380, 75543,20161207,    0,    0
 11380, 75543,20161208,    0,    0
 11380, 75543,20161209,    0,    0
 11380, 75543,20161210,    0,    0
 11380, 75543,20161211,    0,    0
 11380, 75543,20161212,    0,    0
 11380, 75543,20161213,    0,    0
 11380, 75543,20161214,    0,    0
 11380, 75543,20161215,    0,    0
 11380, 75543,20161216,    0,    0
 11380, 75543,20161217,    0,    0
 11380, 75543,20161218,    0,    0
 11380, 75543,20161219,    0,    0
 11380, 75543,20161220,    0,    0
 11380, 75543,20161221,    0,    0
 11380, 75543,20161222,    0,    0
 11380, 75543,20161223,    0,    0
 11380, 75543,20161224,    0,    0
 11380, 75543,20161225,    0,    0
 11380, 75543,20161226,    0,    0
 11380, 75543,20161227,    1,    0
 11380, 75543,20161228,    0,    0
 11380, 75543,20161229,    0,    0
 11380, 75543,20161230,    0,    0
 11380, 75543,20161231,    0,    0
 11380, 75543,20170101,    0,    0
 11380, 75543,20170102,    0,    0
 11380, 75543,20170103,   61,    0
 11380, 75543,20170104,    0,    0
 11380, 75543,20170105,   52,    0
 11380, 75543,20170106,    0,    0
 11380, 75543,20170107,    0,    0
 11380, 75543,20170108,    0,    0
 11380, 75543,20170109,    0,    0
 11380, 75543,20170110,    0,    0
 11380, 75543,20170111,    1,    0
 11380, 75543,20170112,    0,    0
 11380, 75543,20170113,  156,    0
 11380, 75543,20170114,  170,    0
 11380, 75543,20170115,    0,    0
 11380, 75543,20170116,    0,    0
 11380, 75543,20170117,   10,    0
 11380, 75543,20170118,    0,    0
 11380, 75543,20170119,    0,    0
 11380, 75543,20170120,    0,    0
 11380, 75543,20170121,    0,    0
 11380, 75543,20170122,    0,    0
 11380, 75543,20170123,    0,    0
 11380, 75543,20170124,    0,    0
 11380, 75543,20170125,    0,    0
 11380, 75543,20170126,    0,    0
 11380, 75543,20170127,    0,    0
 11380, 75543,20170128,    0,    0
 11380, 75543,20170129,    0,    0
 11380, 75543,20170130,    0,    0
 11380, 75543,20170131,    0,    0
 11380, 75543,20170201,   10,    0
 11380, 75543,20170202,   90,    0
 11380, 75543,20170203,  230,    0
 11380, 75543,20170204,  320,    0
 11380, 75543,20170205,  100,    0
 11380, 75543,20170206,  380,    0
 11380, 75543,20170207,  241,    0
 11380, 75543,20170208,   30,    0
 11380, 75543,20170209,    0,    0
 11380, 75543,20170210,    0,    0
 11380, 75543,20170211,    0,    0
 11380, 75543,20170212,    0,    0
 11380, 75543,20170213,    0,    0
 11380, 75543,20170214,    0,    0
 11380, 75543,20170215,    0,    0
 11380, 75543,20170216,    0,    0
 11380, 75543,20170217,    0,    0
 11380, 75543,20170218,  170,    0
 11380, 75543,20170219,   50,    0
 11380, 75543,20170220,    0,    0
 11380, 75543,20170221,    0,    0
 11380, 75543,20170222,    0,    0
 11380, 75543,20170223,    0,    0
 11380, 75543,20170224,   60,    0
 11380, 75543,20170225,  570,    0
 11380, 75543,20170226,   20,    0
 11380, 75543,20170227,    0,    0
 11380, 75543,20170228,    0,    0
 11380, 75543,20170301,  163,    0
 11380, 75543,20170302,    0,    0
 11380, 75543,20170303,    0,    0
 11380, 75543,20170304,    0,    0
 11380, 75543,20170305,  241,    0
 11380, 75543,20170306,  210,    0
 11380, 75543,20170307,  440,    0
 11380, 75543,20170308,   30,    0
 11380, 75543,20170309,    0,    0
 11380, 75543,20170310,    0,    0
 11380, 75543,20170311,    0,    0
 11380, 75543,20170312,    0,    0
 11380, 75543,20170313,    0,    0
 11380, 75543,20170314,    0,    0
 11380, 75543,20170315,    0,    0
 11380, 75543,20170316,    0,    0
 11380, 75543,20170317,    0,    0
 11380, 75543,20170318,    0,    0
 11380, 75543,20170319,    0,    0
 11380, 75543,20170320,    0,    0
 11380, 75543,20170321,    0,    0
 11380, 75543,20170322,    0,    0
 11380, 75543,20170323,    0,    0
 11380, 75543,20170324,    0,    0
 11380, 75543,20170325,    0,    0
 11380, 75543,20170326,  100,    0
 11380, 75543,20170327,    0,    0
 11380, 75543,20170328,    0,    0
 11380, 75543,20170329,    0,    0
 11380, 75543,20170330,    0,    0
 11380, 75543,20170331,    0,    0
 11380, 75543,20170401,    0,    0
 11380, 75543,20170402,    0,    0
 11380, 75543,20170403,    0,    0
 11380, 75543,20170404,   70,    0
 11380, 75543,20170405,   30,    0
 11380, 75543,20170406,    2,    0
 11380, 75543,20170407,    0,    0
 11380, 75543,20170408,    0,    0
 11380, 75543,20170409,    0,    0
 11380, 75543,20170410,    0,    0
 11380, 75543,20170411,    2,    0
 11380, 75543,20170412,    0,    0
 11380, 75543,20170413,    0,    0
 11380, 75543,20170414,    1,    0
 11380, 75543,20170415,   10,    0
 11380, 75543,20170416,  221,    0
 11380, 75543,20170417,    0,    0
 11380, 75543,20170418,   20,    0
 11380, 75543,20170419,  430,    0
 11380, 75543,20170420,    0,    0
 11380, 75543,20170421,    0,    0
 11380, 75543,20170422,    0,    0
 11380, 75543,20170423,    1,    0
 11380, 75543,20170424,    0,    0
 11380, 75543,20170425,    0,    0
 11380, 75543,20170426,    0,    0
 11380, 75543,20170427,    0,    0
 11380, 75543,20170428,    1,    0
 11380, 75543,20170429,  170,    0
 11380, 75543,20170430,    0,    0
 11380, 75543,20170501,    0,    0
 11380, 75543,20170502,    0,    0
 11380, 75543,20170503,    0,    0
 11380, 75543,20170504,    0,    0
 11380, 75543,20170505,   50,    0
 11380, 75543,20170506,    0,    0
 11380, 75543,20170507,  120,    0
 11380, 75543,20170508,  210,    0
 11380, 75543,20170509,    2,    0
 11380, 75543,20170510,   20,    0
 11380, 75543,20170511,    0,    0
 11380, 75543,20170512,    0,    0
 11380, 75543,20170513,    0,    0
 11380, 75543,20170514,   20,    0
 11380, 75543,20170515,   10,    0
 11380, 75543,20170516,    0,    0
 11380, 75543,20170517,    0,    0
 11380, 75543,20170518,    0,    0
 11380, 75543,20170519,    0,    0
 11380, 75543,20170520,    0,    0
 11380, 75543,20170521,  190,    0
 11380, 75543,20170522,    0,    0
 11380, 75543,20170523,    0,    0
 11380, 75543,20170524,   20,    0
 11380, 75543,20170525,   81,    0
 11380, 75543,20170526,    0,    0
 11380, 75543,20170527,    0,    0
 11380, 75543,20170528,    0,    0
 11380, 75543,20170529,    0,    0
 11380, 75543,20170530,    0,    0
 11380, 75543,20170531,    0,    0
 11380, 75543,20170601,    1,    0
 11380, 75543,20170602,    0,    0
 11380, 75543,20170603,  160,    0
 11380, 75543,20170604,   30,    0
 11380, 75543,20170605,    0,    0
 11380, 75543,20170606,    0,    0
 11380, 75543,20170607,    0,    0
 11380, 75543,20170608,    0,    0
 11380, 75543,20170609,    0,    0
 11380, 75543,20170610,    0,    0
 11380, 75543,20170611,   50,    0
 11380, 75543,20170612,    0,    0
 11380, 75543,20170613,    0,    0
 11380, 75543,20170614,    1,    0
 11380, 75543,20170615,  201,    0
 11380, 75543,20170616,    4,    0
 11380, 75543,20170617,   10,    0
 11380, 75543,20170618,    0,    0
 11380, 75543,20170619,    0,    0
 11380, 75543,20170620,    0,    0
 11380, 75543,20170621,    0,    0
 11380, 75543,20170622,    0,    0
 11380, 75543,20170623,    0,    0
 11380, 75543,20170624,    0,    0
 11380, 75543,20170625,    0,    0
 11380, 75543,20170626,  120,    0
 11380, 75543,20170627,    0,    0
 11380, 75543,20170628,    0,    0
 11380, 75543,20170629,    0,    0
 11380, 75543,20170630,    0,    0
 11380, 75543,20170701,    0,    0
 11380, 75543,20170702,    3,    0
 11380, 75543,20170703,    0,    0
 11380, 75543,20170704,    0,    0
 11380, 75543,20170705,    0,    0
 11380,913459,20170706,    0,    0
 11380, 75543,20170707,    0,    0
 11380, 75543,20170708,    0,    0
 11380, 75543,20170709,   90,    0
 11380, 75543,20170710,    0,    0
 11380, 75543,20170711,    0,    0
 11380, 75543,20170712,    0,    0
 11380, 75543,20170713,    0,    0
 11380, 75543,20170714,    0,    0
 11380, 75543,20170715,    0,    0
 11380, 75543,20170716,    0,    0
 11380, 75543,20170717,    0,    0
 11380, 75543,20170718,    0,    0
 11380, 75543,20170719,    0,    0
 11380, 75543,20170720,    0,    0
 11380, 75543,20170721,   50,    0
 11380, 75543,20170722,    0,    0
 11380, 75543,20170723,    0,    0
 11380, 75543,20170724,    0,    0
 11380, 75543,20170725,  220,    0
 11380, 75543,20170726,   80,    0
 11380, 75543,20170727,    0,    0
 11380, 75543,20170728,    0,    0
 11380, 75543,20170729,    0,    0
 11380,913459,20170730,    0,    0
 11380, 75543,20170731,  120,    0
 11380, 75543,20170801,    0,    0
 11380, 75543,20170802,    0,    0
 11380, 75543,20170803,    0,    0
 11380, 75543,20170804,    0,    0
 11380, 75543,20170805,    0,    0
 11380, 75543,20170806,   50,    0
 11380, 75543,20170807,    0,    0
 11380, 75543,20170808,    0,    0
 11380, 75543,20170809,    0,    0
 11380, 75543,20170810,    0,    0
 11380, 75543,20170811,    0,    0
 11380, 75543,20170812,    0,    0
 11380, 75543,20170813,   40,    0
 11380, 75543,20170814,    0,    0
 11380, 75543,20170815,    0,    0
 11380, 75543,20170816,    0,    0
 11380, 75543,20170817,    0,    0
 11380, 75543,20170818,    0,    0
 11380, 75543,20170819,    0,    0
 11380, 75543,20170820,    0,    0
 11380, 75543,20170821,    0,    0
 11380, 75543,20170822,    0,    0
 11380, 75543,20170823,    0,    0
 11380, 75543,20170824,    0,    0
 11380, 75543,20170825,    0,    0
 11380, 75543,20170826,    0,    0
 11380, 75543,20170827,    0,    0
 11380, 75543,20170828,  110,    0
 11380, 75543,20170829,    0,    0
 11380, 75543,20170830,    0,    0
 11380, 75543,20170831,    0,    0
 11380, 75543,20170901,    0,    0
 11380, 75543,20170902,    7,    0
 11380, 75543,20170903,  150,    0
 11380, 75543,20170904,   10,    0
 11380, 75543,20170905,    0,    0
 11380, 75543,20170906,    0,    0
 11380, 75543,20170907,    0,    0
 11380, 75543,20170908,   90,    0
 11380, 75543,20170909,  240,    0
 11380, 75543,20170910,    0,    0
 11380, 75543,20170911,   50,    0
 11380, 75543,20170912,  210,    0
 11380, 75543,20170913,   40,    0
 11380, 75543,20170914,    0,    0
 11380, 75543,20170915,    0,    0
 11380, 75543,20170916,    0,    0
 11380, 75543,20170917,   50,    0
 11380, 75543,20170918,    6,    0
 11380, 75543,20170919,    0,    0
 11380, 75543,20170920,  130,    0
 11380, 75543,20170921,    1,    0
 11380, 75543,20170922,    0,    0
 11380, 75543,20170923,    0,    0
 11380, 75543,20170924,    0,    0
 11380, 75543,20170925,   40,    0
 11380, 75543,20170926,    7,    0
 11380, 75543,20170927,    0,    0
 11380, 75543,20170928,    4,    0
 11380, 75543,20170929,    0,    0
 11380, 75543,20170930,    0,    0
 11380, 75543,20171001,    0,    0
 11380, 75543,20171002,    0,    0
 11380, 75543,20171003,    0,    0
 11380, 75543,20171004,    0,    0
 11380, 75543,20171005,    0,    0
 11380, 75543,20171006,   50,    0
 11380, 75543,20171007,  170,    0
 11380, 75543,20171008,    0,    0
 11380, 75543,20171009,    0,    0
 11380, 75543,20171010,    3,    0
 11380, 75543,20171011,    0,    0
 11380, 75543,20171012,    0,    0
 11380, 75543,20171013,    0,    0
 11380, 75543,20171014,    0,    0
 11380, 75543,20171015,    0,    0
 11380, 75543,20171016,    0,    0
 11380, 75543,20171017,    0,    0
 11380, 75543,20171018,    0,    0
 11380, 75543,20171019,    0,    0
 11380, 75543,20171020,    0,    0
 11380, 75543,20171021,    0,    0
 11380, 75543,20171022,    0,    0
 11380, 75543,20171023,  380,    0
 11380, 75543,20171024,    3,    0
 11380, 75543,20171025,    0,    0
 11380, 75543,20171026,    0,    0
 11380, 75543,20171027,    0,    0
 11380, 75543,20171028,    0,    0
 11380, 75543,20171029,    0,    0
 11380, 75543,20171030,    1,    0
 11380, 75543,20171031,    0,    0
 11380, 75543,20171101,    0,    0
 11380, 75543,20171102,    0,    0
 11380, 75543,20171103,    0,    0
 11380, 75543,20171104,    1,    0
 11380, 75543,20171105,    0,    0
 11380, 75543,20171106,    0,    0
 11380, 75543,20171107,  240,    0
 11380, 75543,20171108,  290,    0
 11380, 75543,20171109,    0,    0
 11380, 75543,20171110,    0,    0
 11380, 75543,20171111,   51,    0
 11380, 75543,20171112,   20,    0
 11380, 75543,20171113,  450,    0
 11380, 75543,20171114,  340,    0
 11380, 75543,20171115,   40,    0
 11380, 75543,20171116,   10,    0
 11380, 75543,20171117,    0,    0
 11380, 75543,20171118,    0,    0
 11380, 75543,20171119,   40,    0
 11380, 75543,20171120,    5,    0
 11380, 75543,20171121,    0,    0
 11380, 75543,20171122,    0,    0
 11380, 75543,20171123,    0,    0
 11380, 75543,20171124,    0,    0
 11380, 75543,20171125,    0,    0
 11380, 75543,20171126,  350,    0
 11380, 75543,20171127,  110,    0
 11380, 75543,20171128,    0,    0
 11380, 75543,20171129,   30,    0
 11380, 75543,20171130,  910,    0
 11380, 75543,20171201,   31,    0
 11380, 75543,20171202,  160,    0
 11380, 75543,20171203,  520,    0
 11380, 75543,20171204,   60,    0
 11380, 75543,20171205,    0,    0
 11380, 75543,20171206,    0,    0
 11380, 75543,20171207,    0,    0
 11380, 75543,20171208,   30,    0
 11380, 75543,20171209,  810,    0
 11380, 75543,20171210,   10,    0
 11380, 75543,20171211,  400,    0
 11380, 75543,20171212,  190,    0
 11380, 75543,20171213,  440,    0
 11380, 75543,20171214,   24,    0
 11380, 75543,20171215,  340,    0
 11380, 75543,20171216,  402,    0
 11380, 75543,20171217,  150,    0
 11380, 75543,20171218,    0,    0
 11380, 75543,20171219,    0,    0
 11380, 75543,20171220,    0,    0
 11380, 75543,20171221,    0,    0
 11380, 75543,20171222,    0,    0
 11380, 75543,20171223,    0,    0
 11380, 75543,20171224,    0,    0
 11380, 75543,20171225,    0,    0
 11380, 75543,20171226,   20,    0
 11380, 75543,20171227,  220,    0
 11380, 75543,20171228,  700,    0
 11380, 75543,20171229,   70,    0
 11380, 75543,20171230,    0,    0
 11380, 75543,20171231,    0,    0
 11380, 75543,20180101,    4,    0
 11380, 75543,20180102,  180,    0
 11380, 75543,20180103,    0,    0
 11380, 75543,20180104,   30,    0
 11380, 75543,20180105,    0,    0
 11380, 75543,20180106,    0,    0
 11380, 75543,20180107,    0,    0
 11380, 75543,20180108,    0,    0
 11380, 75543,20180109,    0,    0
 11380, 75543,20180110,    8,    0
 11380, 75543,20180111,  270,    0
 11380, 75543,20180112,    0,    0
 11380, 75543,20180113,    0,    0
 11380, 75543,20180114,   60,    0
 11380, 75543,20180115,   70,    0
 11380, 75543,20180116,  100,    0
 11380, 75543,20180117,  110,    0
 11380, 75543,20180118,    1,    0
 11380, 75543,20180119,   50,    0
 11380, 75543,20180120,  150,    0
 11380, 75543,20180121,  110,    0
 11380, 75543,20180122,    0,    0
 11380, 75543,20180123,    0,    0
 11380, 75543,20180124,    0,    0
 11380, 75543,20180125,    0,    0
 11380, 75543,20180126,    0,    0
 11380, 75543,20180127,    0,    0
 11380, 75543,20180128,    0,    0
 11380, 75543,20180129,    0,    0
 11380, 75543,20180130,    0,    0
 11380, 75543,20180131,    0,    0
 11380, 75543,20180201,  160,    0
 11380, 75543,20180202,  680,    0
 11380, 75543,20180203,  760,    0
 11380, 75543,20180204,  108,    0
 11380, 75543,20180205,    0,    0
 11380, 75543,20180206,    0,    0
 11380, 75543,20180207,  226,    0
 11380, 75543,20180208,   60,    0
 11380, 75543,20180209,    0,    0
 11380, 75543,20180210,    0,    0
 11380, 75543,20180211,    0,    0
 11380, 75543,20180212,    0,    0
 11380, 75543,20180213,  240,    0
 11380, 75543,20180214,   20,    0
 11380, 75543,20180215,    0,    0
 11380, 75543,20180216,    0,    0
 11380, 75543,20180217,    0,    0
 11380, 75543,20180218,   20,    0
 11380, 75543,20180219,   90,    0
 11380, 75543,20180220,  260,    0
 11380, 75543,20180221,  160,    0
 11380, 75543,20180222,   80,    0
 11380, 75543,20180223,    5,    0
 11380, 75543,20180224,    0,    0
 11380, 75543,20180225,   23,    0
 11380, 75543,20180226,    1,    0
 11380, 75543,20180227,   20,    0
 11380, 75543,20180228,    1,    0
 11380, 75543,20180301,   10,    0
 11380, 75543,20180302,  710,    0
 11380, 75543,20180303,  100,    0
 11380, 75543,20180304,  260,    0
 11380, 75543,20180305,    6,    0
 11380, 75543,20180306,  840,    0
 11380, 75543,20180307,  130,    0
 11380, 75543,20180308,  187,    0
 11380, 75543,20180309,    0,    0
 11380, 75543,20180310,    0,    0
 11380, 75543,20180311,    0,    0
 11380, 75543,20180312,  380,    0
 11380, 75543,20180313,  130,    0
 11380, 75543,20180314,   34,    0
 11380, 75543,20180315,    0,    0
 11380, 75543,20180316,  160,    0
 11380, 75543,20180317,  140,    0
 11380, 75543,20180318,  157,    0
 11380, 75543,20180319,  390,    0
 11380, 75543,20180320,  180,    0
 11380, 75543,20180321,  440,    0
 11380, 75543,20180322,    8,    0
 11380, 75543,20180323,   61,    0
 11380, 75543,20180324,    0,    0
 11380, 75543,20180325,   13,    0
 11380, 75543,20180326,   20,    0
 11380, 75543,20180327,    8,    0
 11380, 75543,20180328,    0,    0
 11380, 75543,20180329,    0,    0
 11380, 75543,20180330,    0,    0
 11380, 75543,20180331,   23,    0
 11380, 75543,20180401,  350,    0
 11380, 75543,20180402,    0,    0
 11380, 75543,20180403,    0,    0
 11380, 75543,20180404,    0,    0
 11380, 75543,20180405,   30,    0
 11380, 75543,20180406,    0,    0
 11380, 75543,20180407,    0,    0
 11380, 75543,20180408,    0,    0
 11380, 75543,20180409,    0,    0
 11380, 75543,20180410,    0,    0
 11380, 75543,20180411,    0,    0
 11380, 75543,20180412,    0,    0
 11380, 75543,20180413,    0,    0
 11380, 75543,20180414,    0,    0
 11380, 75543,20180415,    0,    0
 11380, 75543,20180416,    0,    0
 11380, 75543,20180417,   60,    0
 11380, 75543,20180418,    0,    0
 11380, 75543,20180419,    0,    0
 11380, 75543,20180420,    0,    0
 11380, 75543,20180421,    0,    0
 11380, 75543,20180422,    0,    0
 11380, 75543,20180423,    0,    0
 11380, 75543,20180424,    0,    0
 11380, 75543,20180425,    0,    0
 11380, 75543,20180426,    0,    0
 11380, 75543,20180427,    0,    0
 11380, 75543,20180428,    0,    0
 11380, 75543,20180429,    0,    0
 11380, 75543,20180430,    0,    0
 11380, 75543,20180501,    0,    0
 11380, 75543,20180502,    0,    0
 11380, 75543,20180503,   10,    0
 11380, 75543,20180504,  198,    0
 11380, 75543,20180505,  110,    0
 11380, 75543,20180506,  118,    0
 11380, 75543,20180507,   30,    0
 11380, 75543,20180508,    0,    0
 11380, 75543,20180509,    0,    0
 11380, 75543,20180510,   40,    0
 11380, 75543,20180511,   30,    0
 11380, 75543,20180512,    0,    0
 11380, 75543,20180513,  580,    0
 11380, 75543,20180514,   55,    0
 11380, 75543,20180515,    5,    0
 11380, 75543,20180516,  160,    0
 11380, 75543,20180517,    0,    0
 11380, 75543,20180518,    0,    0
 11380, 75543,20180519,    0,    0
 11380, 75543,20180520,    0,    0
 11380, 75543,20180521,    2,    0
 11380, 75543,20180522,   30,    0
 11380, 75543,20180523,  260,    0
 11380, 75543,20180524,  261,    0
 11380, 75543,20180525,    1,    0
 11380, 75543,20180526,   70,    0
 11380, 75543,20180527,    0,    0
 11380, 75543,20180528,    0,    0
 11380, 75543,20180529,    0,    0
 11380, 75543,20180530,   40,    0
 11380, 75543,20180531,    3,    0
 11380, 75543,20180601,    0,    0
 11380, 75543,20180602,    0,    0
 11380, 75543,20180603,    0,    0
 11380, 75543,20180604,    0,    0
 11380, 75543,20180605,    2,    0
 11380, 75543,20180606,    0,    0
 11380, 75543,20180607,    0,    0
 11380, 75543,20180608,    0,    0
 11380, 75543,20180609,  260,    0
 11380, 75543,20180610,    0,    0
 11380, 75543,20180611,    0,    0
 11380, 75543,20180612,    0,    0
 11380, 75543,20180613, 1050,    0
 11380, 75543,20180614,   90,    0
 11380, 75543,20180615,   11,    0
 11380, 75543,20180616,    0,    0
 11380, 75543,20180617,    0,    0
 11380, 75543,20180618,    0,    0
 11380, 75543,20180619,    0,    0
 11380, 75543,20180620,    0,    0
 11380, 75543,20180621,   50,    0
 11380, 75543,20180622,    2,    0
 11380, 75543,20180623,   70,    0
 11380, 75543,20180624,    0,    0
 11380, 75543,20180625,    0,    0
 11380, 75543,20180626,   21,    0
 11380, 75543,20180627,   10,    0
 11380, 75543,20180628,    0,    0
 11380, 75543,20180629,   20,    0
 11380, 75543,20180630,    3,    0
 11380, 75543,20180701,    4,    0
 11380, 75543,20180702,    0,    0
 11380, 75543,20180703,    0,    0
 11380, 75543,20180704,    1,    0
 11380, 75543,20180705,    0,    0
 11380, 75543,20180706,    0,    0
 11380, 75543,20180707,    1,    0
 11380, 75543,20180708,    0,    0
 11380, 75543,20180709,   20,    0
 11380, 75543,20180710,    0,    0
 11380, 75543,20180711,    0,    0
 11380, 75543,20180712,    0,    0
 11380, 75543,20180713,    0,    0
 11380, 75543,20180714,    0,    0
 11380, 75543,20180715,    0,    0
 11380, 75543,20180716,    0,    0
 11380, 75543,20180717,   60,    0
 11380, 75543,20180718,    0,    0
 11380, 75543,20180719,    0,    0
 11380, 75543,20180720,    0,    0
 11380, 75543,20180721,    0,    0
 11380, 75543,20180722,    0,    0
 11380, 75543,20180723,  120,    0
 11380, 75543,20180724,    0,    0
 11380, 75543,20180725,    0,    0
 11380, 75543,20180726,    0,    0
 11380, 75543,20180727,  180,    0
 11380, 75543,20180728,   90,    0
 11380, 75543,20180729,    0,    0
 11380, 75543,20180730,    0,    0
 11380,913459,20180731,    0,    0
 11380, 75543,20180801,    1,    0
 11380, 75543,20180802,    0,    0
 11380, 75543,20180803,  120,    0
 11380, 75543,20180804,    0,    0
 11380, 75543,20180805,    0,    0
 11380, 75543,20180806,    0,    0
 11380,913459,20180807,    0,    0
 11380, 75543,20180808,   10,    0
 11380, 75543,20180809,    0,    0
 11380, 75543,20180810,    0,    0
 11380, 75543,20180811,    3,    0
 11380, 75543,20180812,    0,    0
 11380, 75543,20180813,  240,    0
 11380, 75543,20180814,   50,    0
 11380, 75543,20180815,    0,    0
 11380, 75543,20180816,   60,    0
 11380, 75543,20180817,    0,    0
 11380, 75543,20180818,    0,    0
 11380, 75543,20180819,  120,    0
 11380, 75543,20180820,    3,    0
 11380, 75543,20180821,    0,    0
 11380, 75543,20180822,    0,    0
 11380, 75543,20180823,  120,    0
 11380, 75543,20180824,    0,    0
 11380, 75543,20180825,   20,    0
 11380, 75543,20180826,   70,    0
 11380, 75543,20180827,   50,    0
 11380, 75543,20180828,    0,    0
 11380, 75543,20180829,    0,    0
 11380, 75543,20180830,    0,    0
 11380, 75543,20180831,    0,    0
 11380, 75543,20180901,    0,    0
 11380, 75543,20180902,    0,    0
 11380, 75543,20180903,   50,    0
 11380, 75543,20180904,   40,    0
 11380, 75543,20180905,   10,    0
 11380, 75543,20180906,   20,    0
 11380, 75543,20180907,   81,    0
 11380, 75543,20180908,    0,    0
 11380, 75543,20180909,    0,    0
 11380, 75543,20180910,    0,    0
 11380, 75543,20180911,    0,    0
 11380, 75543,20180912,    0,    0
 11380, 75543,20180913,    0,    0
 11380, 75543,20180914,    0,    0
 11380, 75543,20180915,    1,    0
 11380, 75543,20180916,    0,    0
 11380, 75543,20180917,    0,    0
 11380, 75543,20180918,    0,    0
 11380, 75543,20180919,    0,    0
 11380, 75543,20180920,    0,    0
 11380, 75543,20180921,    0,    0
 11380, 75543,20180922,    0,    0
 11380, 75543,20180923,    0,    0
 11380, 75543,20180924,    0,    0
 11380, 75543,20180925,    0,    0
 11380, 75543,20180926,    0,    0
 11380, 75543,20180927,    0,    0
 11380, 75543,20180928,    0,    0
 11380, 75543,20180929,    0,    0
 11380, 75543,20180930,    0,    0
 11380, 75543,20181001,    0,    0
 11380, 75543,20181002,  270,    0
 11380, 75543,20181003,    0,    0
 11380, 75543,20181004,    0,    0
 11380, 75543,20181005,   30,    0
 11380, 75543,20181006,    0,    0
 11380, 75543,20181007,  120,    0
 11380, 75543,20181008,    3,    0
 11380, 75543,20181009,    0,    0
 11380, 75543,20181010,    0,    0
 11380, 75543,20181011,    0,    0
 11380, 75543,20181012,    0,    0
 11380, 75543,20181013,    0,    0
 11380, 75543,20181014,    0,    0
 11380, 75543,20181015,    0,    0
 11380, 75543,20181016,    0,    0
 11380, 75543,20181017,    0,    0
 11380, 75543,20181018,    0,    0
 11380, 75543,20181019,    0,    0
 11380, 75543,20181020,    0,    0
 11380, 75543,20181021,    1,    0
 11380, 75543,20181022,    0,    0
 11380, 75543,20181023,    0,    0
 11380, 75543,20181024,    0,    0
 11380, 75543,20181025,    0,    0
 11380, 75543,20181026,    0,    0
 11380, 75543,20181027,   21,    0
 11380, 75543,20181028,  600,    0
 11380, 75543,20181029,  630,    0
 11380, 75543,20181030,  320,    0
 11380, 75543,20181031,    0,    0
 11380, 75543,20181101,  200,    0
 11380, 75543,20181102,  111,    0
 11380, 75543,20181103,    0,    0
 11380, 75543,20181104,    0,    0
 11380, 75543,20181105,    0,    0
 11380, 75543,20181106,    0,    0
 11380, 75543,20181107,    0,    0
 11380, 75543,20181108,    0,    0
 11380, 75543,20181109,    0,    0
 11380, 75543,20181110,    0,    0
 11380, 75543,20181111,    0,    0
 11380, 75543,20181112,    0,    0
 11380, 75543,20181113,    0,    0
 11380, 75543,20181114,    0,    0
 11380, 75543,20181115,    0,    0
 11380, 75543,20181116,    0,    0
 11380, 75543,20181117,    0,    0
 11380, 75543,20181118,    0,    0
 11380, 75543,20181119,   27,    0
 11380, 75543,20181120, 1010,    0
 11380, 75543,20181121,  252,    0
 11380, 75543,20181122,    0,    0
 11380, 75543,20181123,    0,    0
 11380, 75543,20181124,    0,    0
 11380, 75543,20181125,  480,    0
 11380, 75543,20181126,  480,    0
 11380, 75543,20181127,  390,    0
 11380, 75543,20181128,   70,    0
 11380, 75543,20181129,    0,    0
 11380, 75543,20181130,    0,    0
 11380, 75543,20181201,    0,    0
 11380, 75543,20181202,    0,    0
 11380, 75543,20181203,   30,    0
 11380, 75543,20181204,    4,    0
 11380, 75543,20181205,    0,    0
 11380, 75543,20181206,    0,    0
 11380, 75543,20181207,    0,    0
 11380, 75543,20181208,  150,    0
 11380, 75543,20181209,    2,    0
 11380, 75543,20181210,  120,    0
 11380, 75543,20181211,    0,    0
 11380, 75543,20181212,    0,    0
 11380, 75543,20181213,    0,    0
 11380,913459,20181214,  390,    0
 11380, 75543,20181215,  530,    0
 11380, 75543,20181216,  100,    0
 11380, 75543,20181217,    1,    0
 11380, 75543,20181218,    0,    0
 11380, 75543,20181219,    0,    0
 11380, 75543,20181220,    0,    0
 11380, 75543,20181221,   30,    0
 11380, 75543,20181222,    1,    0
 11380, 75543,20181223,    0,    0
 11380, 75543,20181224,   70,    0
 11380, 75543,20181225,    0,    0
 11380, 75543,20181226,    0,    0
 11380, 75543,20181227,    0,    0
 11380, 75543,20181228,    0,    0
 11380, 75543,20181229,    0,    0
 11380, 75543,20181230,    0,    0
 11380, 75543,20181231,    0,    0
 11380, 75543,20190101,    0,    0
 11380, 75543,20190102,    0,    0
 11380, 75543,20190103,    0,    0
 11380, 75543,20190104,    0,    0
 11380, 75543,20190105,    0,    0
 11380, 75543,20190106,    0,    0
 11380, 75543,20190107,    0,    0
 11380, 75543,20190108,    0,    0
 11380, 75543,20190109,  140,    0
 11380, 75543,20190110,   90,    0
 11380, 75543,20190111,    0,    0
 11380, 75543,20190112,    0,    0
 11380, 75543,20190113,    0,    0
 11380, 75543,20190114,   83,    0
 11380, 75543,20190115,    0,    0
 11380, 75543,20190116,    0,    0
 11380, 75543,20190117,    0,    0
 11380, 75543,20190118,   90,    0
 11380, 75543,20190119,   60,    0
 11380, 75543,20190120,  240,    0
 11380, 75543,20190121,   10,    0
 11380, 75543,20190122,  210,    0
 11380, 75543,20190123,  250,    0
 11380, 75543,20190124,    7,    0
 11380, 75543,20190125,    0,    0
 11380, 75543,20190126,    0,    0
 11380, 75543,20190127,    0,    0
 11380, 75543,20190128,  480,    0
 11380, 75543,20190129,  130,    0
 11380, 75543,20190130,    7,    0
 11380, 75543,20190131,  150,    0
 11380, 75543,20190201,  130,    0
 11380, 75543,20190202,  407,    0
 11380, 75543,20190203,  310,    0
 11380, 75543,20190204,   80,    0
 11380, 75543,20190205,    0,    0
 11380, 75543,20190206,    0,    0
 11380, 75543,20190207,    0,    0
 11380, 75543,20190208,    0,    0
 11380, 75543,20190209,    0,    0
 11380, 75543,20190210,    0,    0
 11380, 75543,20190211,  230,    0
 11380, 75543,20190212,    0,    0
 11380, 75543,20190213,    0,    0
 11380, 75543,20190214,    0,    0
 11380, 75543,20190215,    2,    0
 11380, 75543,20190216,    0,    0
 11380, 75543,20190217,    0,    0
 11380, 75543,20190218,    0,    0
 11380, 75543,20190219,    0,    0
 11380, 75543,20190220,    0,    0
 11380, 75543,20190221,    0,    0
 11380, 75543,20190222,    0,    0
 11380, 75543,20190223,    0,    0
 11380, 75543,20190224,    0,    0
 11380, 75543,20190225,    0,    0
 11380, 75543,20190226,    0,    0
 11380, 75543,20190227,    0,    0
 11380, 75543,20190228,    0,    0
 11380, 75543,20190301,    0,    0
 11380, 75543,20190302,    0,    0
 11380, 75543,20190303,    0,    0
 11380, 75543,20190304,    0,    0
 11380, 75543,20190305,   60,    0
 11380, 75543,20190306,    0,    0
 11380, 75543,20190307,    0,    0
 11380, 75543,20190308,    0,    0
 11380, 75543,20190309,    7,    0
 11380, 75543,20190310,    0,    0
 11380, 75543,20190311,   90,    0
 11380, 75543,20190312,   50,    0
 11380, 75543,20190313,    0,    0
 11380, 75543,20190314,   10,    0
 11380, 75543,20190315,    0,    0
 11380, 75543,20190316,    0,    0
 11380, 75543,20190317,    0,    0
 11380, 75543,20190318,    0,    0
 11380, 75543,20190319,    0,    0
 11380, 75543,20190320,    0,    0
 11380, 75543,20190321,    0,    0
 11380, 75543,20190322,    0,    0
 11380, 75543,20190323,    0,    0
 11380, 75543,20190324,    0,    0
 11380, 75543,20190325,    0,    0
 11380, 75543,20190326,    0,    0
 11380, 75543,20190327,    0,    0
 11380, 75543,20190328,    0,    0
 11380, 75543,20190329,    0,    0
 11380, 75543,20190330,    0,    0
 11380, 75543,20190331,    0,    0
 11380, 75543,20190401,    0,    0
 11380, 75543,20190402,    0,    0
 11380, 75543,20190403,    0,    0
 11380, 75543,20190404,    5,    0
 11380, 75543,20190405,  490,    0
 11380, 75543,20190406,   65,    0
 11380, 75543,20190407,    0,    0
 11380, 75543,20190408,   70,    0
 11380, 75543,20190409,   20,    0
 11380, 75543,20190410,  110,    0
 11380, 75543,20190411,  112,    0
 11380, 75543,20190412,    0,    0
 11380, 75543,20190413,    2,    0
 11380, 75543,20190414,   21,    0
 11380, 75543,20190415,   10,    0
 11380, 75543,20190416,    8,    0
 11380, 75543,20190417,    0,    0
 11380, 75543,20190418,    0,    0
 11380, 75543,20190419,    0,    0
 11380, 75543,20190420,    0,    0
 11380, 75543,20190421,    0,    0
 11380, 75543,20190422,    0,    0
 11380, 75543,20190423,   31,    0
 11380, 75543,20190424,  170,    0
 11380, 75543,20190425,    0,    0
 11380, 75543,20190426,    0,    0
 11380, 75543,20190427,  170,    0
 11380, 75543,20190428,    2,    0
 11380, 75543,20190429,  320,    0
 11380, 75543,20190430,  180,    0
 11380, 75543,20190501,   50,    0
 11380, 75543,20190502,    0,    0
 11380, 75543,20190503,    0,    0
 11380, 75543,20190504,   40,    0
 11380, 75543,20190505,  270,    0
 11380, 75543,20190506,  160,    0
 11380, 75543,20190507,    5,    0
 11380, 75543,20190508,    0,    0
 11380, 75543,20190509,   82,    0
 11380, 75543,20190510,    0,    0
 11380, 75543,20190511,    0,    0
 11380, 75543,20190512,   20,    0
 11380, 75543,20190513,  210,    0
 11380, 75543,20190514,  100,    0
 11380, 75543,20190515,    2,    0
 11380, 75543,20190516,   60,    0
 11380, 75543,20190517,    0,    0
 11380, 75543,20190518,    1,    0
 11380, 75543,20190519,  170,    0
 11380, 75543,20190520,   80,    0
 11380, 75543,20190521,   50,    0
 11380, 75543,20190522,   20,    0
 11380, 75543,20190523,   13,    0
 11380, 75543,20190524,   37,    0
 11380, 75543,20190525,   20,    0
 11380, 75543,20190526,   10,    0
 11380, 75543,20190527,  220,    0
 11380, 75543,20190528,  370,    0
 11380, 75543,20190529,  180,    0
 11380, 75543,20190530,  130,    0
 11380, 75543,20190531,    7,    0
 11380, 75543,20190601,    1,    0
 11380, 75543,20190602,    3,    0
 11380, 75543,20190603,   61,    0
 11380, 75543,20190604,  110,    0
 11380, 75543,20190605,   30,    0
 11380, 75543,20190606,    0,    0
 11380, 75543,20190607,    0,    0
 11380, 75543,20190608,    0,    0
 11380, 75543,20190609,    0,    0
 11380, 75543,20190610,    0,    0
 11380,913459,20190611,-9999,    9
 11380, 75543,20190612,    0,    0
 11380, 75543,20190613,    0,    0
 11380, 75543,20190614,    0,    0
 11380, 75543,20190615,    0,    0
 11380, 75543,20190616,  100,    0
 11380, 75543,20190617,    0,    0
 11380, 75543,20190618,    0,    0
 11380, 75543,20190619,    0,    0
 11380, 75543,20190620,    0,    0
 11380, 75543,20190621,    0,    0
 11380, 75543,20190622,    0,    0
 11380, 75543,20190623,    0,    0
 11380, 75543,20190624,    1,    0
 11380, 75543,20190625,    0,    0
 11380, 75543,20190626,    0,    0
 11380, 75543,20190627,    0,    0
 11380, 75543,20190628,    0,    0
 11380, 75543,20190629,    0,    0
 11380, 75543,20190630,    0,    0
 11380, 75543,20190701,    0,    0
 11380, 75543,20190702,    0,    0
 11380, 75543,20190703,    0,    0
 11380, 75543,20190704,    0,    0
 11380, 75543,20190705,    0,    0
 11380, 75543,20190706,    1,    0
 11380, 75543,20190707,    0,    0
 11380, 75543,20190708,    0,    0
 11380, 75543,20190709,    4,    0
 11380, 75543,20190710,  340,    0
 11380, 75543,20190711,    0,    0
 11380, 75543,20190712,    0,    0
 11380, 75543,20190713,  120,    0
 11380, 75543,20190714,   50,    0
 11380, 75543,20190715,    0,    0
 11380, 75543,20190716,    0,    0
 11380, 75543,20190717,    0,    0
 11380, 75543,20190718,    0,    0
 11380, 75543,20190719,    0,    0
 11380, 75543,20190720,    0,    0
 11380, 75543,20190721,    0,    0
 11380, 75543,20190722,   80,    0
 11380, 75543,20190723,    0,    0
 11380, 75543,20190724,    0,    0
 11380, 75543,20190725,    0,    0
 11380, 75543,20190726,    0,    0
 11380, 75543,20190727,    0,    0
 11380, 75543,20190728,  230,    0
 11380, 75543,20190729,  310,    0
 11380, 75543,20190730,    0,    0
 11380, 75543,20190731,    6,    0
 11380, 75543,20190801,    0,    0
 11380, 75543,20190802,    0,    0
 11380, 75543,20190803,    4,    0
 11380, 75543,20190804,    0,    0
 11380, 75543,20190805,    0,    0
 11380, 75543,20190806,    0,    0
 11380, 75543,20190807,    0,    0
 11380, 75543,20190808,    0,    0
 11380, 75543,20190809,    0,    0
 11380, 75543,20190810,    0,    0
 11380, 75543,20190811,    0,    0
 11380, 75543,20190812,    0,    0
 11380, 75543,20190813,    0,    0
 11380, 75543,20190814,   20,    0
 11380, 75543,20190815,    0,    0
 11380, 75543,20190816,    1,    0
 11380, 75543,20190817,    0,    0
 11380, 75543,20190818,    0,    0
 11380, 75543,20190819,    0,    0
 11380, 75543,20190820,    0,    0
 11380, 75543,20190821,    0,    0
 11380, 75543,20190822,    0,    0
 11380, 75543,20190823,    0,    0
 11380, 75543,20190824,    6,    0
 11380, 75543,20190825,    0,    0
 11380, 75543,20190826,    0,    0
 11380, 75543,20190827,    0,    0
 11380, 75543,20190828,    3,    0
 11380, 75543,20190829,    0,    0
 11380, 75543,20190830,    0,    0
 11380, 75543,20190831,    1,    0
 11380, 75543,20190901,    0,    0
 11380, 75543,20190902,    3,    0
 11380, 75543,20190903,    0,    0
 11380, 75543,20190904,    0,    0
 11380, 75543,20190905,    0,    0
 11380, 75543,20190906,    4,    0
 11380, 75543,20190907,   20,    0
 11380, 75543,20190908,    6,    0
 11380, 75543,20190909,   51,    0
 11380, 75543,20190910,    0,    0
 11380, 75543,20190911,    1,    0
 11380, 75543,20190912,    0,    0
 11380, 75543,20190913,    0,    0
 11380, 75543,20190914,    0,    0
 11380, 75543,20190915,    0,    0
 11380, 75543,20190916,    0,    0
 11380, 75543,20190917,    0,    0
 11380, 75543,20190918,    0,    0
 11380, 75543,20190919,   50,    0
 11380, 75543,20190920,    0,    0
 11380, 75543,20190921,    0,    0
 11380, 75543,20190922,    0,    0
 11380, 75543,20190923,  221,    0
 11380, 75543,20190924,  320,    0
 11380, 75543,20190925,    0,    0
 11380, 75543,20190926,   60,    0
 11380, 75543,20190927,    0,    0
 11380, 75543,20190928,    0,    0
 11380, 75543,20190929,    0,    0
 11380, 75543,20190930,    0,    0
 11380, 75543,20191001,    0,    0
 11380, 75543,20191002,    0,    0
 11380, 75543,20191003,  270,    0
 11380, 75543,20191004,    2,    0
 11380, 75543,20191005,    1,    0
 11380, 75543,20191006,    0,    0
 11380, 75543,20191007,    0,    0
 11380, 75543,20191008,    0,    0
 11380, 75543,20191009,    0,    0
 11380, 75543,20191010,    1,    0
 11380, 75543,20191011,    0,    0
 11380, 75543,20191012,    0,    0
 11380, 75543,20191013,    0,    0
 11380, 75543,20191014,    0,    0
 11380, 75543,20191015,    0,    0
 11380, 75543,20191016,    0,    0
 11380, 75543,20191017,    0,    0
 11380, 75543,20191018,    0,    0
 11380, 75543,20191019,    0,    0
 11380, 75543,20191020,    0,    0
 11380, 75543,20191021,    0,    0
 11380, 75543,20191022,    0,    0
 11380, 75543,20191023,    0,    0
 11380, 75543,20191024,    0,    0
 11380, 75543,20191025,    0,    0
 11380, 75543,20191026,    0,    0
 11380, 75543,20191027,    0,    0
 11380, 75543,20191028,    0,    0
 11380, 75543,20191029,    0,    0
 11380, 75543,20191030,    0,    0
 11380, 75543,20191031,   40,    0
 11380, 75543,20191101,    0,    0
 11380, 75543,20191102,  140,    0
 11380, 75543,20191103,  280,    0
 11380, 75543,20191104,  540,    0
 11380, 75543,20191105,  126,    0
 11380, 75543,20191106, 1290,    0
 11380, 75543,20191107,   80,    0
 11380, 75543,20191108,  110,    0
 11380, 75543,20191109,  110,    0
 11380, 75543,20191110,  610,    0
 11380, 75543,20191111,    0,    0
 11380, 75543,20191112,  180,    0
 11380, 75543,20191113,  920,    0
 11380, 75543,20191114,  470,    0
 11380, 75543,20191115,   23,    0
 11380, 75543,20191116,   50,    0
 11380, 75543,20191117,   40,    0
 11380, 75543,20191118,  230,    0
 11380, 75543,20191119,    1,    0
 11380, 75543,20191120,  410,    0
 11380, 75543,20191121,   20,    0
 11380, 75543,20191122,    0,    0
 11380, 75543,20191123,    0,    0
 11380, 75543,20191124,   10,    0
 11380, 75543,20191125,    0,    0
 11380, 75543,20191126,    0,    0
 11380, 75543,20191127,   20,    0
 11380, 75543,20191128,  380,    0
 11380, 75543,20191129,  130,    0
 11380, 75543,20191130,  110,    0
 11380, 75543,20191201,    0,    0
 11380, 75543,20191202,   20,    0
 11380, 75543,20191203,  140,    0
 11380, 75543,20191204,    0,    0
 11380, 75543,20191205,    0,    0
 11380, 75543,20191206,    0,    0
 11380, 75543,20191207,  103,    0
 11380, 75543,20191208,    0,    0
 11380, 75543,20191209,   20,    0
 11380, 75543,20191210,  150,    0
 11380, 75543,20191211,    0,    0
 11380, 75543,20191212,    2,    0
 11380, 75543,20191213,  100,    0
 11380, 75543,20191214,  391,    0
 11380, 75543,20191215,    0,    0
 11380, 75543,20191216,    0,    0
 11380, 75543,20191217,    0,    0
 11380, 75543,20191218,    0,    0
 11380, 75543,20191219,    0,    0
 11380, 75543,20191220,  480,    0
 11380, 75543,20191221,  470,    0
 11380, 75543,20191222,  560,    0
 11380, 75543,20191223,  150,    0
 11380, 75543,20191224,    0,    0
 11380, 75543,20191225,    0,    0
 11380, 75543,20191226,    0,    0
 11380, 75543,20191227,    0,    0
 11380, 75543,20191228,    0,    0
 11380, 75543,20191229,    0,    0
 11380, 75543,20191230,    0,    0
 11380, 75543,20191231,    0,    0
 11380, 75543,20200101,    0,    0
 11380, 75543,20200102,    0,    0
 11380, 75543,20200103,    0,    0
 11380, 75543,20200104,    0,    0
 11380, 75543,20200105,    0,    0
 11380, 75543,20200106,    0,    0
 11380, 75543,20200107,    0,    0
 11380, 75543,20200108,    0,    0
 11380, 75543,20200109,    0,    0
 11380, 75543,20200110,    0,    0
 11380, 75543,20200111,    0,    0
 11380, 75543,20200112,    0,    0
 11380, 75543,20200113,    0,    0
 11380, 75543,20200114,    0,    0
 11380, 75543,20200115,    0,    0
 11380, 75543,20200116,    0,    0
 11380, 75543,20200117,    0,    0
 11380, 75543,20200118,    0,    0
 11380, 75543,20200119,   42,    0
 11380, 75543,20200120,    0,    0
 11380, 75543,20200121,    0,    0
 11380, 75543,20200122,    0,    0
 11380,913459,20200123,    0,    0
 11380, 75543,20200124,    0,    0
 11380, 75543,20200125,   40,    0
 11380, 75543,20200126,  158,    0
 11380, 75543,20200127,  450,    0
 11380, 75543,20200128,   30,    0
 11380, 75543,20200129,   90,    0
 11380, 75543,20200130,    3,    0
 11380, 75543,20200131,    0,    0
 11380, 75543,20200201,    0,    0
 11380, 75543,20200202,    0,    0
 11380, 75543,20200203,    1,    0
 11380, 75543,20200204,   62,    0
 11380, 75543,20200205,   40,    0
 11380, 75543,20200206,    0,    0
 11380, 75543,20200207,    0,    0
 11380, 75543,20200208,    0,    0
 11380, 75543,20200209,    0,    0
 11380, 75543,20200210,    0,    0
 11380, 75543,20200211,    5,    0
 11380, 75543,20200212,    0,    0
 11380, 75543,20200213,    0,    0
 11380, 75543,20200214,   40,    0
 11380, 75543,20200215,    0,    0
 11380, 75543,20200216,    0,    0
 11380, 75543,20200217,    0,    0
 11380, 75543,20200218,    0,    0
 11380, 75543,20200219,   30,    0
 11380, 75543,20200220,   10,    0
 11380, 75543,20200221,    0,    0
 11380, 75543,20200222,    0,    0
 11380, 75543,20200223,    0,    0
 11380, 75543,20200224,    0,    0
 11380, 75543,20200225,    0,    0
 11380, 75543,20200226,   73,    0
 11380, 75543,20200227,  220,    0
 11380, 75543,20200228,  130,    0
 11380, 75543,20200229,    0,    0
 11380, 75543,20200301,   30,    0
 11380, 75543,20200302,  190,    0
 11380, 75543,20200303,  760,    0
 11380, 75543,20200304,   41,    0
 11380, 75543,20200305,    0,    0
 11380, 75543,20200306,  261,    0
 11380, 75543,20200307,   82,    0
 11380, 75543,20200308,   10,    0
 11380, 75543,20200309,   21,    0
 11380, 75543,20200310,    0,    0
 11380, 75543,20200311,    0,    0
 11380, 75543,20200312,    0,    0
 11380, 75543,20200313,    0,    0
 11380, 75543,20200314,    0,    0
 11380, 75543,20200315,    0,    0
 11380, 75543,20200316,    0,    0
 11380, 75543,20200317,    0,    0
 11380, 75543,20200318,    0,    0
 11380, 75543,20200319,    0,    0
 11380, 75543,20200320,    0,    0
 11380, 75543,20200321,    0,    0
 11380, 75543,20200322,    0,    0
 11380, 75543,20200323,    0,    0
 11380, 75543,20200324,    0,    0
 11380, 75543,20200325,    1,    0
 11380, 75543,20200326,    0,    0
 11380, 75543,20200327,    0,    0
 11380, 75543,20200328,    2,    0
 11380, 75543,20200329,    0,    0
 11380, 75543,20200330,    0,    0
 11380, 75543,20200331,    3,    0
 11380, 75543,20200401,   40,    0
 11380, 75543,20200402,    0,    0
 11380, 75543,20200403,    0,    0
 11380, 75543,20200404,    0,    0
 11380, 75543,20200405,    0,    0
 11380, 75543,20200406,    0,    0
 11380, 75543,20200407,    0,    0
 11380, 75543,20200408,    0,    0
 11380, 75543,20200409,    0,    0
 11380, 75543,20200410,    0,    0
 11380, 75543,20200411,    0,    0
 11380, 75543,20200412,    0,    0
 11380, 75543,20200413,    0,    0
 11380, 75543,20200414,  230,    0
 11380, 75543,20200415,    8,    0
 11380, 75543,20200416,    0,    0
 11380, 75543,20200417,    0,    0
 11380, 75543,20200418,    0,    0
 11380, 75543,20200419,    0,    0
 11380, 75543,20200420,    0,    0
 11380, 75543,20200421,  140,    0
 11380, 75543,20200422,   10,    0
 11380, 75543,20200423,    0,    0
 11380, 75543,20200424,    0,    0
 11380, 75543,20200425,    0,    0
 11380, 75543,20200426,    0,    0
 11380, 75543,20200427,    0,    0
 11380, 75543,20200428,    0,    0
 11380, 75543,20200429,   51,    0
 11380, 75543,20200430,   10,    0
 11380, 75543,20200501,    1,    0
 11380, 75543,20200502,  380,    0
 11380, 75543,20200503,    0,    0
 11380, 75543,20200504,    0,    0
 11380, 75543,20200505,    0,    0
 11380, 75543,20200506,   40,    0
 11380, 75543,20200507,    0,    0
 11380, 75543,20200508,    0,    0
 11380, 75543,20200509,    0,    0
 11380, 75543,20200510,    0,    0
 11380, 75543,20200511,    0,    0
 11380, 75543,20200512,    0,    0
 11380, 75543,20200513,    0,    0
 11380, 75543,20200514,    1,    0
 11380, 75543,20200515,    0,    0
 11380, 75543,20200516,    0,    0
 11380, 75543,20200517,    0,    0
 11380, 75543,20200518,    0,    0
 11380, 75543,20200519,    0,    0
 11380, 75543,20200520,   22,    0
 11380, 75543,20200521,    0,    0
 11380, 75543,20200522,    0,    0
 11380, 75543,20200523,    0,    0
 11380, 75543,20200524,    0,    0
 11380, 75543,20200525,    0,    0
 11380, 75543,20200526,    0,    0
 11380, 75543,20200527,    0,    0
 11380, 75543,20200528,    0,    0
 11380, 75543,20200529,    0,    0
 11380, 75543,20200530,   40,    0
 11380, 75543,20200531,   90,    0
 11380, 75543,20200601,    0,    0
 11380, 75543,20200602,    0,    0
 11380, 75543,20200603,   30,    0
 11380, 75543,20200604,    0,    0
 11380, 75543,20200605,  200,    0
 11380, 75543,20200606,   50,    0
 11380, 75543,20200607,   50,    0
 11380, 75543,20200608,    0,    0
 11380, 75543,20200609,    0,    0
 11380, 75543,20200610,   20,    0
 11380, 75543,20200611,   60,    0
 11380, 75543,20200612,    0,    0
 11380, 75543,20200613,    0,    0
 11380, 75543,20200614,    0,    0
 11380, 75543,20200615,   20,    0
 11380, 75543,20200616,    5,    0
 11380, 75543,20200617,   70,    0
 11380, 75543,20200618,   10,    0
 11380, 75543,20200619,    0,    0
 11380, 75543,20200620,   10,    0
 11380, 75543,20200621,    0,    0
 11380, 75543,20200622,   36,    0
 11380, 75543,20200623,    0,    0
 11380, 75543,20200624,    0,    0
 11380, 75543,20200625,    0,    0
 11380, 75543,20200626,    0,    0
 11380, 75543,20200627,    0,    0
 11380, 75543,20200628,    6,    0
 11380, 75543,20200629,    0,    0
 11380, 75543,20200630,    0,    0
 11380,913459,20200701,    0,    0
 11380,913459,20200702,    0,    0
 11380,913459,20200703,    0,    0
 11380,913459,20200704,    0,    0
 11380,913459,20200705,    0,    0
 11380,913459,20200706,    0,    0
 11380,913459,20200707,    0,    0
 11380,913459,20200708,    0,    0
 11380,913459,20200709,    0,    0
 11380,913459,20200710,    0,    0
 11380,913459,20200711,    0,    0
 11380,913459,20200712,    0,    0
 11380,913459,20200713,    0,    0
 11380,913459,20200714,    0,    0
 11380,913459,20200715,    0,    0
 11380, 75543,20200716,  110,    0
 11380, 75543,20200717,    0,    0
 11380, 75543,20200718,   10,    0
 11380, 75543,20200719,    0,    0
 11380, 75543,20200720,    0,    0
 11380, 75543,20200721,    0,    0
 11380,913459,20200722,    0,    0
 11380, 75543,20200723,    0,    0
 11380, 75543,20200724,    0,    0
 11380, 75543,20200725,    0,    0
 11380, 75543,20200726,    0,    0
 11380, 75543,20200727,    0,    0
 11380, 75543,20200728,    0,    0
 11380, 75543,20200729,    0,    0
 11380, 75543,20200730,    0,    0
 11380, 75543,20200731,    0,    0
 11380, 75543,20200801,    0,    0
 11380, 75543,20200802,    0,    0
 11380, 75543,20200803,    0,    0
 11380, 75543,20200804,   40,    0
 11380, 75543,20200805,  220,    0
 11380, 75543,20200806,    0,    0
 11380, 75543,20200807,    0,    0
 11380, 75543,20200808,    0,    0
 11380, 75543,20200809,    0,    0
 11380, 75543,20200810,    0,    0
 11380, 75543,20200811,   70,    0
 11380, 75543,20200812,   80,    0
 11380, 75543,20200813,    0,    0
 11380, 75543,20200814,    0,    0
 11380, 75543,20200815,    0,    0
 11380, 75543,20200816,    0,    0
 11380, 75543,20200817,   30,    0
 11380, 75543,20200818,   70,    0
 11380, 75543,20200819,   30,    0
 11380, 75543,20200820,    0,    0
 11380, 75543,20200821,    0,    0
 11380, 75543,20200822,    0,    0
 11380, 75543,20200823,    0,    0
 11380, 75543,20200824,   80,    0
 11380, 75543,20200825,  241,    0
 11380, 75543,20200826,    0,    0
 11380, 75543,20200827,    0,    0
 11380, 75543,20200828,    0,    0
 11380, 75543,20200829,    0,    0
 11380, 75543,20200830,    0,    0
 11380, 75543,20200831,    0,    0
 11380, 75543,20200901,   10,    0
 11380, 75543,20200902,    0,    0
 11380, 75543,20200903,    0,    0
 11380, 75543,20200904,    0,    0
 11380, 75543,20200905,    0,    0
 11380, 75543,20200906,    0,    0
 11380, 75543,20200907,    0,    0
 11380, 75543,20200908,    0,    0
 11380, 75543,20200909,    0,    0
 11380, 75543,20200910,    0,    0
 11380, 75543,20200911,    0,    0
 11380, 75543,20200912,    0,    0
 11380, 75543,20200913,    0,    0
 11380, 75543,20200914,    0,    0
 11380, 75543,20200915,    0,    0
 11380, 75543,20200916,    0,    0
 11380, 75543,20200917,    0,    0
 11380, 75543,20200918,    0,    0
 11380, 75543,20200919,    0,    0
 11380, 75543,20200920,    0,    0
 11380, 75543,20200921,   20,    0
 11380, 75543,20200922,    3,    0
 11380, 75543,20200923,  260,    0
 11380, 75543,20200924,   30,    0
 11380, 75543,20200925, 1170,    0
 11380, 75543,20200926, 1700,    0
 11380, 75543,20200927,  370,    0
 11380, 75543,20200928,  540,    0
 11380, 75543,20200929,  120,    0
 11380, 75543,20200930,    1,    0
 11380, 75543,20201001,    0,    0
 11380, 75543,20201002,    0,    0
 11380, 75543,20201003,    0,    0
 11380, 75543,20201004,   60,    0
 11380, 75543,20201005,   60,    0
 11380, 75543,20201006,    0,    0
 11380, 75543,20201007,  290,    0
 11380, 75543,20201008,    3,    0
 11380, 75543,20201009,    0,    0
 11380, 75543,20201010,    0,    0
 11380, 75543,20201011,    0,    0
 11380, 75543,20201012,  800,    0
 11380, 75543,20201013,  240,    0
 11380, 75543,20201014,  130,    0
 11380, 75543,20201015,  610,    0
 11380, 75543,20201016,  290,    0
 11380, 75543,20201017,  100,    0
 11380, 75543,20201018,    0,    0
 11380, 75543,20201019,    0,    0
 11380, 75543,20201020,    0,    0
 11380, 75543,20201021,    0,    0
 11380, 75543,20201022,    0,    0
 11380, 75543,20201023,    0,    0
 11380, 75543,20201024,    2,    0
 11380, 75543,20201025,  117,    0
 11380, 75543,20201026,    0,    0
 11380, 75543,20201027,    2,    0
 11380, 75543,20201028,    0,    0
 11380, 75543,20201029,    0,    0
 11380, 75543,20201030,    0,    0
 11380, 75543,20201031,    0,    0
 11380, 75543,20201101,    0,    0
 11380, 75543,20201102,    0,    0
 11380, 75543,20201103,    0,    0
 11380, 75543,20201104,    0,    0
 11380, 75543,20201105,   10,    0
 11380, 75543,20201106,    0,    0
 11380, 75543,20201107,    0,    0
 11380, 75543,20201108,    0,    0
 11380, 75543,20201109,    0,    0
 11380, 75543,20201110,    0,    0
 11380, 75543,20201111,    0,    0
 11380, 75543,20201112,    0,    0
 11380, 75543,20201113,    0,    0
 11380, 75543,20201114,    0,    0
 11380, 75543,20201115,    0,    0
 11380, 75543,20201116,    8,    0
 11380, 75543,20201117,    0,    0
 11380, 75543,20201118,    0,    0
 11380, 75543,20201119,    0,    0
 11380, 75543,20201120,    0,    0
 11380, 75543,20201121,    0,    0
 11380, 75543,20201122,    0,    0
 11380, 75543,20201123,    0,    0
 11380, 75543,20201124,    0,    0
 11380, 75543,20201125,    0,    0
 11380, 75543,20201126,    0,    0
 11380, 75543,20201127,    0,    0
 11380, 75543,20201128,    0,    0
 11380, 75543,20201129,    5,    0
 11380, 75543,20201130,    0,    0
 11380,913459,20201201,    0,    0
 11380,913459,20201202,  140,    0
 11380,913459,20201203,  330,    0
 11380,913459,20201204,   90,    0
 11380,913459,20201205,   25,    0
 11380,913459,20201206,  143,    0
 11380,913459,20201207,-9999,    9
 11380,913459,20201208,  230,    0
 11380,913459,20201209,  760,    0
 11380,913459,20201210,  150,    0
 11380,913459,20201211,   20,    0
 11380,913459,20201212,    0,    0
 11380,913459,20201213,    0,    0
 11380,913459,20201214,    0,    0
 11380,913459,20201215,    0,    0
 11380, 75543,20201216,    0,    0
 11380, 75543,20201217,    0,    0
 11380, 75543,20201218,    0,    0
 11380, 75543,20201219,    0,    0
 11380, 75543,20201220,    0,    0
 11380, 75543,20201221,    0,    0
 11380, 75543,20201222,    0,    0
 11380, 75543,20201223,    0,    0
 11380, 75543,20201224,   22,    0
 11380, 75543,20201225,  300,    0
 11380, 75543,20201226,  400,    0
 11380, 75543,20201227,  190,    0
 11380, 75543,20201228,  600,    0
 11380, 75543,20201229,  360,    0
 11380, 75543,20201230,  560,    0
 11380, 75543,20201231,  620,    0
 11380, 75543,20210101,    5,    0
 11380, 75543,20210102,    9,    0
 11380, 75543,20210103,  300,    0
 11380, 75543,20210104,  110,    0
 11380, 75543,20210105,   30,    0
 11380, 75543,20210106,  450,    0
 11380, 75543,20210107,  230,    0
 11380, 75543,20210108,  300,    0
 11380, 75543,20210109,   24,    0
 11380, 75543,20210110,  330,    0
 11380, 75543,20210111,  130,    0
 11380, 75543,20210112,    1,    0
 11380, 75543,20210113,    2,    0
 11380, 75543,20210114,    6,    0
 11380, 75543,20210115,    0,    0
 11380, 75543,20210116,    0,    0
 11380, 75543,20210117,    6,    0
 11380, 75543,20210118,    0,    0
 11380, 75543,20210119,    0,    0
 11380, 75543,20210120,    0,    0
 11380, 75543,20210121,  110,    0
 11380, 75543,20210122,  160,    0
 11380, 75543,20210123, 1040,    0
 11380, 75543,20210124,  700,    0
 11380, 75543,20210125,  330,    0
 11380, 75543,20210126,   80,    0
 11380, 75543,20210127,    0,    0
 11380, 75543,20210128,    0,    0
 11380, 75543,20210129,   26,    0
 11380, 75543,20210130,  280,    0
 11380, 75543,20210131,  331,    0
 11380, 75543,20210201,  360,    0
 11380, 75543,20210202,   90,    0
 11380, 75543,20210203,    0,    0
 11380, 75543,20210204,    2,    0
 11380, 75543,20210205,    0,    0
 11380, 75543,20210206,    0,    0
 11380, 75543,20210207,    0,    0
 11380, 75543,20210208,  980,    0
 11380, 75543,20210209,  390,    0
 11380, 75543,20210210,  400,    0
 11380, 75543,20210211,  240,    0
 11380, 75543,20210212,    0,    0
 11380, 75543,20210213,    0,    0
 11380, 75543,20210214,    0,    0
 11380, 75543,20210215,    0,    0
 11380, 75543,20210216,    0,    0
 11380, 75543,20210217,    0,    0
 11380, 75543,20210218,    0,    0
 11380, 75543,20210219,    0,    0
 11380, 75543,20210220,    0,    0
 11380, 75543,20210221,    0,    0
 11380, 75543,20210222,    0,    0
 11380, 75543,20210223,    0,    0
 11380, 75543,20210224,    0,    0
 11380, 75543,20210225,    0,    0
 11380, 75543,20210226,    0,    0
 11380, 75543,20210227,    0,    0
 11380, 75543,20210228,    0,    0
 11380, 75543,20210301,    0,    0
 11380, 75543,20210302,    0,    0
 11380, 75543,20210303,    0,    0
 11380, 75543,20210304,    0,    0
 11380, 75543,20210305,    0,    0
 11380, 75543,20210306,   10,    0
 11380, 75543,20210307,    0,    0
 11380, 75543,20210308,    0,    0
 11380, 75543,20210309,   90,    0
 11380, 75543,20210310,  190,    0
 11380, 75543,20210311,    0,    0
 11380, 75543,20210312,    0,    0
 11380, 75543,20210313,  110,    0
 11380, 75543,20210314,   40,    0
 11380, 75543,20210315,   62,    0
 11380, 75543,20210316,    0,    0
 11380, 75543,20210317,    0,    0
 11380, 75543,20210318,    0,    0
 11380, 75543,20210319,    0,    0
 11380, 75543,20210320,    0,    0
 11380, 75543,20210321,    0,    0
 11380, 75543,20210322,    0,    0
 11380, 75543,20210323,    0,    0
 11380, 75543,20210324,    0,    0
 11380, 75543,20210325,    0,    0
 11380, 75543,20210326,    0,    0
 11380, 75543,20210327,    0,    0
 11380, 75543,20210328,    0,    0
 11380, 75543,20210329,    0,    0
 11380, 75543,20210330,    0,    0
 11380, 75543,20210331,    0,    0
 11380, 75543,20210401,    0,    0
 11380, 75543,20210402,    0,    0
 11380, 75543,20210403,  260,    0
 11380, 75543,20210404,    0,    0
 11380, 75543,20210405,    0,    0
 11380, 75543,20210406,    1,    0
 11380, 75543,20210407,  190,    0
 11380, 75543,20210408,    0,    0
 11380, 75543,20210409,    0,    0
 11380, 75543,20210410,    0,    0
 11380, 75543,20210411,    1,    0
 11380, 75543,20210412,    0,    0
 11380, 75543,20210413,  327,    0
 11380, 75543,20210414,    0,    0
 11380, 75543,20210415,    0,    0
 11380, 75543,20210416,    0,    0
 11380, 75543,20210417,    0,    0
 11380, 75543,20210418,    3,    0
 11380, 75543,20210419,  140,    0
 11380, 75543,20210420,   40,    0
 11380, 75543,20210421,   20,    0
 11380, 75543,20210422,   60,    0
 11380, 75543,20210423,  120,    0
 11380, 75543,20210424,    0,    0
 11380, 75543,20210425,    0,    0
 11380, 75543,20210426,    0,    0
 11380, 75543,20210427,    0,    0
 11380, 75543,20210428,    0,    0
 11380, 75543,20210429,    0,    0
 11380, 75543,20210430,    0,    0
 11380, 75543,20210501,  100,    0
 11380, 75543,20210502,   20,    0
 11380, 75543,20210503,    0,    0
 11380, 75543,20210504,    0,    0
 11380, 75543,20210505,    2,    0
 11380, 75543,20210506,    0,    0
 11380, 75543,20210507,    0,    0
 11380, 75543,20210508,    0,    0
 11380, 75543,20210509,    0,    0
 11380, 75543,20210510,    0,    0
 11380, 75543,20210511,    0,    0
 11380, 75543,20210512,    2,    0
 11380, 75543,20210513,   90,    0
 11380, 75543,20210514,  100,    0
 11380, 75543,20210515,  151,    0
 11380, 75543,20210516,    7,    0
 11380, 75543,20210517,   50,    0
 11380, 75543,20210518,    0,    0
 11380, 75543,20210519,    0,    0
 11380, 75543,20210520,   70,    0
 11380, 75543,20210521,    0,    0
 11380, 75543,20210522,    0,    0
 11380, 75543,20210523,    0,    0
 11380, 75543,20210524,    0,    0
 11380, 75543,20210525,    0,    0
 11380, 75543,20210526,    0,    0
 11380, 75543,20210527,   30,    0
 11380, 75543,20210528,    0,    0
 11380, 75543,20210529,    0,    0
 11380, 75543,20210530,   12,    0
 11380, 75543,20210531,    0,    0
 11380, 75543,20210601,    0,    0
 11380, 75543,20210602,    0,    0
 11380, 75543,20210603,    0,    0
 11380, 75543,20210604,    0,    0
 11380, 75543,20210605,  190,    0
 11380, 75543,20210606,    0,    0
 11380, 75543,20210607,   80,    0
 11380, 75543,20210608,    0,    0
 11380, 75543,20210609,    0,    0
 11380, 75543,20210610,    0,    0
 11380, 75543,20210611,   40,    0
 11380, 75543,20210612,   10,    0
 11380, 75543,20210613,    0,    0
 11380, 75543,20210614,    0,    0
 11380, 75543,20210615,    0,    0
 11380, 75543,20210616,    0,    0
 11380, 75543,20210617,   20,    0
 11380, 75543,20210618,    0,    0
 11380, 75543,20210619,    0,    0
 11380, 75543,20210620,    0,    0
 11380, 75543,20210621,    0,    0
 11380, 75543,20210622,    0,    0
 11380, 75543,20210623,    0,    0
 11380, 75543,20210624,    0,    0
 11380,913459,20210625,    0,    0
 11380, 75543,20210626,    0,    0
 11380, 75543,20210627,    0,    0
 11380, 75543,20210628,    0,    0
 11380, 75543,20210629,    0,    0
 11380, 75543,20210630,    0,    0
 11380, 75543,20210701,    0,    0
 11380, 75543,20210702,    0,    0
 11380, 75543,20210703,    0,    0
 11380, 75543,20210704,    0,    0
 11380, 75543,20210705,    1,    0
 11380, 75543,20210706,    0,    0
 11380, 75543,20210707,    0,    0
 11380, 75543,20210708,    0,    0
 11380, 75543,20210709,    0,    0
 11380, 75543,20210710,    0,    0
 11380, 75543,20210711,    3,    0
 11380, 75543,20210712,    0,    0
 11380, 75543,20210713,    0,    0
 11380, 75543,20210714,    0,    0
 11380, 75543,20210715,    0,    0
 11380, 75543,20210716,    0,    0
 11380, 75543,20210717,    7,    0
 11380, 75543,20210718,   70,    0
 11380, 75543,20210719,    0,    0
 11380, 75543,20210720,    0,    0
 11380, 75543,20210721,    0,    0
 11380, 75543,20210722,    0,    0
 11380, 75543,20210723,    0,    0
 11380, 75543,20210724,    0,    0
 11380, 75543,20210725,    0,    0
 11380, 75543,20210726,    0,    0
 11380, 75543,20210727,    0,    0
 11380, 75543,20210728,    0,    0
 11380, 75543,20210729,    0,    0
 11380, 75543,20210730,    0,    0
 11380, 75543,20210731,    0,    0
 11380, 75543,20210801,    0,    0
 11380, 75543,20210802,    0,    0
 11380, 75543,20210803,    0,    0
 11380, 75543,20210804,    0,    0
 11380, 75543,20210805,    0,    0
 11380, 75543,20210806,    0,    0
 11380, 75543,20210807,    0,    0
 11380, 75543,20210808,    0,    0
 11380,913459,20210809,    0,    0
 11380, 75543,20210810,    0,    0
 11380, 75543,20210811,   92,    0
 11380, 75543,20210812,    0,    0
 11380, 75543,20210813,    0,    0
 11380, 75543,20210814,    0,    0
 11380, 75543,20210815,    0,    0
 11380, 75543,20210816,    0,    0
 11380, 75543,20210817,    0,    0
 11380, 75543,20210818,    0,    0
 11380, 75543,20210819,    0,    0
 11380, 75543,20210820,    0,    0
 11380, 75543,20210821,    0,    0
 11380, 75543,20210822,    0,    0
 11380, 75543,20210823,    0,    0
 11380, 75543,20210824,    0,    0
 11380, 75543,20210825,  120,    0
 11380, 75543,20210826,  110,    0
 11380, 75543,20210827,    0,    0
 11380, 75543,20210828,  142,    0
 11380, 75543,20210829,  290,    0
 11380, 75543,20210830,    0,    0
 11380, 75543,20210831,    0,    0
 11380, 75543,20210901,    0,    0
 11380, 75543,20210902,    0,    0
 11380, 75543,20210903,    0,    0
 11380, 75543,20210904,    0,    0
 11380, 75543,20210905,    2,    0
 11380, 75543,20210906,    0,    0
 11380, 75543,20210907,    0,    0
 11380, 75543,20210908,    0,    0
 11380, 75543,20210909,    0,    0
 11380, 75543,20210910,   90,    0
 11380, 75543,20210911,    0,    0
 11380, 75543,20210912,    0,    0
 11380, 75543,20210913,    0,    0
 11380, 75543,20210914,    0,    0
 11380, 75543,20210915,    0,    0
 11380, 75543,20210916,    0,    0
 11380, 75543,20210917,    1,    0
 11380, 75543,20210918,   60,    0
 11380, 75543,20210919,   20,    0
 11380, 75543,20210920,   40,    0
 11380, 75543,20210921,   90,    0
 11380, 75543,20210922,    0,    0
 11380, 75543,20210923,    0,    0
 11380, 75543,20210924,    0,    0
 11380, 75543,20210925,    0,    0
 11380, 75543,20210926,    0,    0
 11380, 75543,20210927,    0,    0
 11380, 75543,20210928,    0,    0
 11380, 75543,20210929,    0,    0
 11380, 75543,20210930,   20,    0
 11380, 75543,20211001,    0,    0
 11380, 75543,20211002,    0,    0
 11380, 75543,20211003,    0,    0
 11380, 75543,20211004,    0,    0
 11380, 75543,20211005,    0,    0
 11380, 75543,20211006,  220,    0
 11380, 75543,20211007,  320,    0
 11380, 75543,20211008,   40,    0
 11380, 75543,20211009,    0,    0
 11380, 75543,20211010,  113,    0
 11380, 75543,20211011,  290,    0
 11380, 75543,20211012,    0,    0
 11380, 75543,20211013,    0,    0
 11380, 75543,20211014,    0,    0
 11380, 75543,20211015,    0,    0
 11380, 75543,20211016,    0,    0
 11380, 75543,20211017,    0,    0
 11380, 75543,20211018,    0,    0
 11380, 75543,20211019,    0,    0
 11380, 75543,20211020,    0,    0
 11380, 75543,20211021,    0,    0
 11380, 75543,20211022,   30,    0
 11380, 75543,20211023,  120,    0
 11380, 75543,20211024,    0,    0
 11380, 75543,20211025,    0,    0
 11380, 75543,20211026,    0,    0
 11380, 75543,20211027,    0,    0
 11380, 75543,20211028,    0,    0
 11380, 75543,20211029,    0,    0
 11380, 75543,20211030,    0,    0
 11380, 75543,20211031,    0,    0
 11380, 75543,20211101,    0,    0
 11380, 75543,20211102,  130,    0
 11380, 75543,20211103,  160,    0
 11380, 75543,20211104,  550,    0
 11380, 75543,20211105,  260,    0
 11380, 75543,20211106,   34,    0
 11380, 75543,20211107,    0,    0
 11380, 75543,20211108,   30,    0
 11380, 75543,20211109,    2,    0
 11380, 75543,20211110,    0,    0
 11380, 75543,20211111,    0,    0
 11380, 75543,20211112,    0,    0
 11380, 75543,20211113,    0,    0
 11380, 75543,20211114,    3,    0
 11380, 75543,20211115,    0,    0
 11380, 75543,20211116,    0,    0
 11380, 75543,20211117,    8,    0
 11380, 75543,20211118,   50,    0
 11380, 75543,20211119,    0,    0
 11380, 75543,20211120,    0,    0
 11380, 75543,20211121,    0,    0
 11380, 75543,20211122,  250,    0
 11380, 75543,20211123,    2,    0
 11380, 75543,20211124,    0,    0
 11380, 75543,20211125,    2,    0
 11380, 75543,20211126,  410,    0
 11380, 75543,20211127,  310,    0
 11380, 75543,20211128,  390,    0
 11380, 75543,20211129,  200,    0
 11380, 75543,20211130,   30,    0
 11380, 75543,20211201,    0,    0
 11380, 75543,20211202,  380,    0
 11380, 75543,20211203,  410,    0
 11380, 75543,20211204,   20,    0
 11380, 75543,20211205,  480,    0
 11380, 75543,20211206,  430,    0
 11380, 75543,20211207,    2,    0
 11380, 75543,20211208,    0,    0
 11380, 75543,20211209,  460,    0
 11380, 75543,20211210,  460,    0
 11380, 75543,20211211,  160,    0
 11380, 75543,20211212,    0,    0
 11380, 75543,20211213,    0,    0
 11380, 75543,20211214,    0,    0
 11380, 75543,20211215,    0,    0
 11380, 75543,20211216,    0,    0
 11380, 75543,20211217,    0,    0
 11380, 75543,20211218,    0,    0
 11380, 75543,20211219,    0,    0
 11380, 75543,20211220,    0,    0
 11380, 75543,20211221,    0,    0
 11380, 75543,20211222,    0,    0
 11380, 75543,20211223,    1,    0
 11380, 75543,20211224,   14,    0
 11380, 75543,20211225,   60,    0
 11380, 75543,20211226,  520,    0
 11380, 75543,20211227,  600,    0
 11380, 75543,20211228,    1,    0
 11380, 75543,20211229,   30,    0
 11380, 75543,20211230,    0,    0
 11380, 75543,20211231,    0,    0
 11380, 75543,20220101,    0,    0
 11380, 75543,20220102,    0,    0
 11380, 75543,20220103,    0,    0
 11380, 75543,20220104,    3,    0
 11380, 75543,20220105,   60,    0
 11380, 75543,20220106,  270,    0
 11380, 75543,20220107,   80,    0
 11380, 75543,20220108,  220,    0
 11380, 75543,20220109,   21,    0
 11380, 75543,20220110,    0,    0
 11380, 75543,20220111,    0,    0
 11380, 75543,20220112,    0,    0
 11380, 75543,20220113,    0,    0
 11380, 75543,20220114,    0,    0
 11380, 75543,20220115,    0,    0
 11380, 75543,20220116,    0,    0
 11380, 75543,20220117,    0,    0
 11380, 75543,20220118,    0,    0
 11380, 75543,20220119,    0,    0
 11380, 75543,20220120,    5,    0
 11380, 75543,20220121,   20,    0
 11380, 75543,20220122,    0,    0
 11380, 75543,20220123,    0,    0
 11380, 75543,20220124,    0,    0
 11380, 75543,20220125,    0,    0
 11380, 75543,20220126,    0,    0
 11380, 75543,20220127,    0,    0
 11380, 75543,20220128,    0,    0
 11380, 75543,20220129,    0,    0
 11380, 75543,20220130,    0,    0
 11380, 75543,20220131,    0,    0
 11380, 75543,20220201,  170,    0
 11380, 75543,20220202,    0,    0
 11380, 75543,20220203,    0,    0
 11380, 75543,20220204,    0,    0
 11380, 75543,20220205,    0,    0
 11380, 75543,20220206,    0,    0
 11380, 75543,20220207,  210,    0
 11380, 75543,20220208,    2,    0
 11380, 75543,20220209,    0,    0
 11380, 75543,20220210,    0,    0
 11380, 75543,20220211,    0,    0
 11380, 75543,20220212,    0,    0
 11380, 75543,20220213,    0,    0
 11380, 75543,20220214,   20,    0
 11380, 75543,20220215,  410,    0
 11380, 75543,20220216,  450,    0
 11380, 75543,20220217,    0,    0
 11380, 75543,20220218,    0,    0
 11380, 75543,20220219,    0,    0
 11380, 75543,20220220,  105,    0
 11380, 75543,20220221,  110,    0
 11380, 75543,20220222,  122,    0
 11380, 75543,20220223,    0,    0
 11380, 75543,20220224,    0,    0
 11380, 75543,20220225,    0,    0
 11380, 75543,20220226,    0,    0
 11380, 75543,20220227,    2,    0
 11380, 75543,20220228,    0,    0
 11380, 75543,20220301,    0,    0
 11380, 75543,20220302,    0,    0
 11380, 75543,20220303,    0,    0
 11380, 75543,20220304,    0,    0
 11380, 75543,20220305,    0,    0
 11380, 75543,20220306,    0,    0
 11380, 75543,20220307,   20,    0
 11380, 75543,20220308,    0,    0
 11380, 75543,20220309,    0,    0
 11380, 75543,20220310,    0,    0
 11380, 75543,20220311,    0,    0
 11380, 75543,20220312,    0,    0
 11380, 75543,20220313,    0,    0
 11380, 75543,20220314,    0,    0
 11380, 75543,20220315,    0,    0
 11380, 75543,20220316,    0,    0
 11380, 75543,20220317,    0,    0
 11380, 75543,20220318,    0,    0
 11380, 75543,20220319,    0,    0
 11380, 75543,20220320,    0,    0
 11380, 75543,20220321,    0,    0
 11380, 75543,20220322,    0,    0
 11380, 75543,20220323,    0,    0
 11380, 75543,20220324,    0,    0
 11380, 75543,20220325,    0,    0
 11380, 75543,20220326,    0,    0
 11380, 75543,20220327,    0,    0
 11380, 75543,20220328,    0,    0
 11380, 75543,20220329,    0,    0
 11380, 75543,20220330,   20,    0
 11380, 75543,20220331,  930,    0
 11380, 75543,20220401,  250,    0
 11380, 75543,20220402,  230,    0
 11380, 75543,20220403,  110,    0
 11380, 75543,20220404,    0,    0
 11380, 75543,20220405,    0,    0
 11380, 75543,20220406,    0,    0
 11380, 75543,20220407,  120,    0
 11380, 75543,20220408,    0,    0
 11380, 75543,20220409,    0,    0
 11380, 75543,20220410,  120,    0
 11380, 75543,20220411,    0,    0
 11380, 75543,20220412,    0,    0
 11380, 75543,20220413,    0,    0
 11380, 75543,20220414,    0,    0
 11380, 75543,20220415,    0,    0
 11380, 75543,20220416,    0,    0
 11380, 75543,20220417,    0,    0
 11380, 75543,20220418,    0,    0
 11380, 75543,20220419,    0,    0
 11380, 75543,20220420,  140,    0
 11380, 75543,20220421,   46,    0
 11380, 75543,20220422,  248,    0
 11380, 75543,20220423,  226,    0
 11380, 75543,20220424,    0,    0
 11380,913459,20220425,    0,    0
 11380, 75543,20220426,    0,    0
 11380, 75543,20220427,    0,    0
 11380, 75543,20220428,    0,    0
 11380, 75543,20220429,    0,    0
 11380, 75543,20220430,    0,    0
 11380, 75543,20220501,    0,    0
 11380, 75543,20220502,   98,    0
 11380, 75543,20220503,  440,    0
 11380, 75543,20220504,   30,    0
 11380, 75543,20220505,    0,    0
 11380, 75543,20220506,    2,    0
 11380, 75543,20220507,   20,    0
 11380, 75543,20220508,    0,    0
 11380, 75543,20220509,    0,    0
 11380, 75543,20220510,    1,    0
 11380, 75543,20220511,    0,    0
 11380, 75543,20220512,    0,    0
 11380, 75543,20220513,    0,    0
 11380, 75543,20220514,    5,    0
 11380, 75543,20220515,    0,    0
 11380, 75543,20220516,    0,    0
 11380, 75543,20220517,   60,    0
 11380, 75543,20220518,    0,    0
 11380, 75543,20220519,    0,    0
 11380, 75543,20220520,    0,    0
 11380, 75543,20220521,    0,    0
 11380, 75543,20220522,   10,    0
 11380, 75543,20220523,    1,    0
 11380, 75543,20220524,    0,    0
 11380, 75543,20220525,    0,    0
 11380, 75543,20220526,    0,    0
 11380, 75543,20220527,    0,    0
 11380, 75543,20220528,    0,    0
 11380, 75543,20220529,   60,    0
 11380, 75543,20220530,   10,    0
 11380, 75543,20220531,    0,    0
 11380, 75543,20220601,    0,    0
 11380, 75543,20220602,    0,    0
 11380, 75543,20220603,    0,    0
 11380, 75543,20220604,    0,    0
 11380, 75543,20220605,    0,    0
 11380, 75543,20220606,    0,    0
 11380, 75543,20220607,    0,    0
 11380, 75543,20220608,  190,    0
 11380, 75543,20220609,  210,    0
 11380, 75543,20220610,    0,    0
 11380, 75543,20220611,    0,    0
 11380, 75543,20220612,    0,    0
 11380, 75543,20220613,    0,    0
 11380, 75543,20220614,    0,    0
 11380, 75543,20220615,    0,    0
 11380, 75543,20220616,    0,    0
 11380, 75543,20220617,    0,    0
 11380, 75543,20220618,    0,    0
 11380, 75543,20220619,    0,    0
 11380, 75543,20220620,    0,    0
 11380, 75543,20220621,    0,    0
 11380, 75543,20220622,    0,    0
 11380, 75543,20220623,   30,    0
 11380, 75543,20220624,    0,    0
 11380, 75543,20220625,    3,    0
 11380, 75543,20220626,    0,    0
 11380, 75543,20220627,    0,    0
 11380,913459,20220628,    0,    0
 11380, 75543,20220629,    0,    0
 11380, 75543,20220630,    0,    0
 11380, 75543,20220701,    0,    0
 11380, 75543,20220702,   30,    0
 11380, 75543,20220703,    0,    0
 11380, 75543,20220704,    0,    0
 11380, 75543,20220705,    0,    0
 11380, 75543,20220706,    0,    0
 11380, 75543,20220707,    0,    0
 11380, 75543,20220708,  110,    0
 11380, 75543,20220709,    0,    0
 11380, 75543,20220710,    0,    0
 11380, 75543,20220711,    0,    0
 11380, 75543,20220712,    0,    0
 11380, 75543,20220713,    0,    0
 11380, 75543,20220714,    0,    0
 11380, 75543,20220715,    0,    0
 11380, 75543,20220716,    0,    0
 11380, 75543,20220717,    0,    0
 11380, 75543,20220718,    0,    0
 11380, 75543,20220719,    0,    0
 11380, 75543,20220720,    0,    0
 11380, 75543,20220721,    0,    0
 11380, 75543,20220722,    0,    0
 11380, 75543,20220723,    0,    0
 11380, 75543,20220724,  160,    0
 11380, 75543,20220725,    0,    0
 11380, 75543,20220726,    0,    0
 11380, 75543,20220727,   90,    0
 11380, 75543,20220728,  180,    0
 11380, 75543,20220729,    0,    0
 11380, 75543,20220730,    0,    0
 11380, 75543,20220731,    0,    0
 11380, 75543,20220801,    0,    0
 11380, 75543,20220802,    0,    0
 11380, 75543,20220803,    0,    0
 11380, 75543,20220804,    0,    0
 11380, 75543,20220805,    0,    0
 11380, 75543,20220806,    0,    0
 11380, 75543,20220807,    0,    0
 11380, 75543,20220808,    0,    0
 11380, 75543,20220809,    0,    0
 11380, 75543,20220810,    0,    0
 11380, 75543,20220811,    0,    0
 11380, 75543,20220812,   30,    0
 11380, 75543,20220813,   21,    0
 11380, 75543,20220814,   10,    0
 11380, 75543,20220815,    0,    0
 11380, 75543,20220816,   30,    0
 11380, 75543,20220817,    0,    0
 11380, 75543,20220818,    0,    0
 11380,913459,20220819,    0,    0
 11380, 75543,20220820,    1,    0
 11380, 75543,20220821,    0,    0
 11380, 75543,20220822,    4,    0
 11380, 75543,20220823,   30,    0
 11380, 75543,20220824,    5,    0
 11380, 75543,20220825,   20,    0
 11380, 75543,20220826,  160,    0
 11380, 75543,20220827,    0,    0
 11380, 75543,20220828,    2,    0
 11380, 75543,20220829,   30,    0
 11380, 75543,20220830,    0,    0
 11380, 75543,20220831,   90,    0
 11380, 75543,20220901,   30,    0
 11380, 75543,20220902,   30,    0
 11380, 75543,20220903,    0,    0
 11380, 75543,20220904,   20,    0
 11380, 75543,20220905,    0,    0
 11380, 75543,20220906,    0,    0
 11380, 75543,20220907,    0,    0
 11380, 75543,20220908,    0,    0
 11380, 75543,20220909,  260,    0
 11380, 75543,20220910,   16,    0
 11380, 75543,20220911,    0,    0
 11380, 75543,20220912,    0,    0
 11380, 75543,20220913,    0,    0
 11380, 75543,20220914,    0,    0
 11380, 75543,20220915,    0,    0
 11380, 75543,20220916,  190,    0
 11380, 75543,20220917,   30,    0
 11380, 75543,20220918,    0,    0
 11380, 75543,20220919,    0,    0
 11380, 75543,20220920,    0,    0
 11380, 75543,20220921,    0,    0
 11380, 75543,20220922,    0,    0
 11380, 75543,20220923,    0,    0
 11380, 75543,20220924,    0,    0
 11380, 75543,20220925,    8,    0
 11380, 75543,20220926,  920,    0
 11380, 75543,20220927,   50,    0
 11380, 75543,20220928,  120,    0
 11380, 75543,20220929,   90,    0
 11380, 75543,20220930,  360,    0
 11380, 75543,20221001,  201,    0
 11380, 75543,20221002,    0,    0
 11380, 75543,20221003,    0,    0
 11380, 75543,20221004,    0,    0
 11380, 75543,20221005,    0,    0
 11380, 75543,20221006,    0,    0
 11380, 75543,20221007,    0,    0
 11380, 75543,20221008,    0,    0
 11380, 75543,20221009,    0,    0
 11380, 75543,20221010,    1,    0
 11380, 75543,20221011,   86,    0
 11380, 75543,20221012,    0,    0
 11380, 75543,20221013,    0,    0
 11380, 75543,20221014,    5,    0
 11380, 75543,20221015,    0,    0
 11380, 75543,20221016,    0,    0
 11380, 75543,20221017,    0,    0
 11380, 75543,20221018,    0,    0
 11380, 75543,20221019,    0,    0
 11380, 75543,20221020,    0,    0
 11380, 75543,20221021,    0,    0
 11380, 75543,20221022,    0,    0
 11380, 75543,20221023,    0,    0
 11380, 75543,20221024,    0,    0
 11380, 75543,20221025,    0,    0
 11380, 75543,20221026,    0,    0
 11380, 75543,20221027,    0,    0
 11380, 75543,20221028,    0,    0
 11380, 75543,20221029,    0,    0
 11380, 75543,20221030,    0,    0
 11380, 75543,20221031,    0,    0
