EUROPEAN CLIMATE ASSESSMENT & DATASET (ECA&D), file created on: 16-11-2022
THESE DATA CAN BE USED FOR NON-COMMERCIAL RESEARCH AND EDUCATION PROVIDED THAT THE FOLLOWING SOURCE IS ACKNOWLEDGED: 

Klein Tank, A.M.G. and Coauthors, 2002. Daily dataset of 20th-century surface
air temperature and precipitation series for the European Climate Assessment.
Int. J. of Climatol., 22, 1441-1453.
Data and metadata available at http://www.ecad.eu

FILE FORMAT (MISSING VALUE CODE = -9999):

01-06 STAID: Station identifier
08-13 SOUID: Source identifier
15-22 DATE : Date YYYYMMDD
24-28 RR   : Precipitation amount in 0.1 mm
30-34 Q_RR : quality code for RR (0='valid'; 1='suspect'; 9='missing')

This is the blended series of station TYSSEDAL V, NORWAY (STAID: 18310)
Blended and updated with sources:102371 
See files sources.txt and stations.txt for more info.

STAID, SOUID,    DATE,   RR, Q_RR
 18310,102371,20181015,    0,    0
 18310,102371,20181016,    3,    0
 18310,102371,20181017,   43,    0
 18310,102371,20181018,   22,    0
 18310,102371,20181019,   19,    0
 18310,102371,20181020,   17,    0
 18310,102371,20181021,  209,    0
 18310,102371,20181022,  747,    0
 18310,102371,20181023,   34,    0
 18310,102371,20181024,  110,    0
 18310,102371,20181025,   10,    0
 18310,102371,20181026,    0,    0
 18310,102371,20181027,    0,    0
 18310,102371,20181028,    0,    0
 18310,102371,20181029,    0,    0
 18310,102371,20181030,   28,    0
 18310,102371,20181031,    4,    0
 18310,102371,20181101,  212,    0
 18310,102371,20181102,   25,    0
 18310,102371,20181103,    2,    0
 18310,102371,20181104,    0,    0
 18310,102371,20181105,    0,    0
 18310,102371,20181106,    0,    0
 18310,102371,20181107,    0,    0
 18310,102371,20181108,   70,    0
 18310,102371,20181109,    0,    0
 18310,102371,20181110,   87,    0
 18310,102371,20181111,   64,    0
 18310,102371,20181112,   50,    0
 18310,102371,20181113,   52,    0
 18310,102371,20181114,   13,    0
 18310,102371,20181115,    0,    0
 18310,102371,20181116,    0,    0
 18310,102371,20181117,    0,    0
 18310,102371,20181118,    0,    0
 18310,102371,20181119,    0,    0
 18310,102371,20181120,    0,    0
 18310,102371,20181121,    0,    0
 18310,102371,20181122,    0,    0
 18310,102371,20181123,    0,    0
 18310,102371,20181124,    0,    0
 18310,102371,20181125,    0,    0
 18310,102371,20181126,    0,    0
 18310,102371,20181127,    0,    0
 18310,102371,20181128,   70,    0
 18310,102371,20181129,  121,    0
 18310,102371,20181130,  301,    0
 18310,102371,20181201,   66,    0
 18310,102371,20181202,  112,    0
 18310,102371,20181203,  104,    0
 18310,102371,20181204,    4,    0
 18310,102371,20181205,    0,    0
 18310,102371,20181206,  138,    0
 18310,102371,20181207,   91,    0
 18310,102371,20181208,    0,    0
 18310,102371,20181209,    0,    0
 18310,102371,20181210,    0,    0
 18310,102371,20181211,    0,    0
 18310,102371,20181212,    0,    0
 18310,102371,20181213,    0,    0
 18310,102371,20181214,    0,    0
 18310,102371,20181215,    0,    0
 18310,102371,20181216,    0,    0
 18310,102371,20181217,    0,    0
 18310,102371,20181218,    0,    0
 18310,102371,20181219,    1,    0
 18310,102371,20181220,    0,    0
 18310,102371,20181221,    0,    0
 18310,102371,20181222,    0,    0
 18310,102371,20181223,    0,    0
 18310,102371,20181224,  158,    0
 18310,102371,20181225,    8,    0
 18310,102371,20181226,   97,    0
 18310,102371,20181227,  150,    0
 18310,102371,20181228,    1,    0
 18310,102371,20181229,   13,    0
 18310,102371,20181230,  100,    0
 18310,102371,20181231,  611,    0
 18310,102371,20190101,   18,    0
 18310,102371,20190102,    0,    0
 18310,102371,20190103,    1,    0
 18310,102371,20190104,    1,    0
 18310,102371,20190105,    0,    0
 18310,102371,20190106,    4,    0
 18310,102371,20190107,   79,    0
 18310,102371,20190108,    0,    0
 18310,102371,20190109,    0,    0
 18310,102371,20190110,   19,    0
 18310,102371,20190111,    0,    0
 18310,102371,20190112,   82,    0
 18310,102371,20190113,   40,    0
 18310,102371,20190114,   17,    0
 18310,102371,20190115,  116,    0
 18310,102371,20190116,   68,    0
 18310,102371,20190117,    0,    0
 18310,102371,20190118,   47,    0
 18310,102371,20190119,   15,    0
 18310,102371,20190120,   24,    0
 18310,102371,20190121,    0,    0
 18310,102371,20190122,    0,    0
 18310,102371,20190123,    0,    0
 18310,102371,20190124,    0,    0
 18310,102371,20190125,  105,    0
 18310,102371,20190126,    0,    0
 18310,102371,20190127,    0,    0
 18310,102371,20190128,    0,    0
 18310,102371,20190129,    0,    0
 18310,102371,20190130,    0,    0
 18310,102371,20190131,    0,    0
 18310,102371,20190201,    0,    0
 18310,102371,20190202,    0,    0
 18310,102371,20190203,    9,    0
 18310,102371,20190204,   71,    0
 18310,102371,20190205,    0,    0
 18310,102371,20190206,   49,    0
 18310,102371,20190207,   16,    0
 18310,102371,20190208,  103,    0
 18310,102371,20190209,   80,    0
 18310,102371,20190210,   52,    0
 18310,102371,20190211,    1,    0
 18310,102371,20190212,  236,    0
 18310,102371,20190213,    2,    0
 18310,102371,20190214,   27,    0
 18310,102371,20190215,    0,    0
 18310,102371,20190216,   57,    0
 18310,102371,20190217,    0,    0
 18310,102371,20190218,  112,    0
 18310,102371,20190219,   95,    0
 18310,102371,20190220,   86,    0
 18310,102371,20190221,    0,    0
 18310,102371,20190222,    0,    0
 18310,102371,20190223,    2,    0
 18310,102371,20190224,    0,    0
 18310,102371,20190225,    4,    0
 18310,102371,20190226,    0,    0
 18310,102371,20190227,   13,    0
 18310,102371,20190228,    0,    0
 18310,102371,20190301,    0,    0
 18310,102371,20190302,   66,    0
 18310,102371,20190303,   49,    0
 18310,102371,20190304,   28,    0
 18310,102371,20190305,   38,    0
 18310,102371,20190306,  148,    0
 18310,102371,20190307,   63,    0
 18310,102371,20190308,   32,    0
 18310,102371,20190309,    7,    0
 18310,102371,20190310,    0,    0
 18310,102371,20190311,    0,    0
 18310,102371,20190312,  165,    0
 18310,102371,20190313,    0,    0
 18310,102371,20190314,    4,    0
 18310,102371,20190315,   61,    0
 18310,102371,20190316,   21,    0
 18310,102371,20190317,    1,    0
 18310,102371,20190318,    0,    0
 18310,102371,20190319,   41,    0
 18310,102371,20190320,  272,    0
 18310,102371,20190321,  128,    0
 18310,102371,20190322,   85,    0
 18310,102371,20190323,  133,    0
 18310,102371,20190324,  102,    0
 18310,102371,20190325,    0,    0
 18310,102371,20190326,   62,    0
 18310,102371,20190327,   15,    0
 18310,102371,20190328,    3,    0
 18310,102371,20190329,   62,    0
 18310,102371,20190330,   91,    0
 18310,102371,20190331,    0,    0
 18310,102371,20190401,    0,    0
 18310,102371,20190402,    3,    0
 18310,102371,20190403,   20,    0
 18310,102371,20190404,    0,    0
 18310,102371,20190405,    0,    0
 18310,102371,20190406,    0,    0
 18310,102371,20190407,    0,    0
 18310,102371,20190408,    0,    0
 18310,102371,20190409,    0,    0
 18310,102371,20190410,    0,    0
 18310,102371,20190411,    0,    0
 18310,102371,20190412,    0,    0
 18310,102371,20190413,    0,    0
 18310,102371,20190414,    0,    0
 18310,102371,20190415,    0,    0
 18310,102371,20190416,    0,    0
 18310,102371,20190417,    0,    0
 18310,102371,20190418,    0,    0
 18310,102371,20190419,    0,    0
 18310,102371,20190420,    0,    0
 18310,102371,20190421,    0,    0
 18310,102371,20190422,    0,    0
 18310,102371,20190423,    0,    0
 18310,102371,20190424,   30,    0
 18310,102371,20190425,    7,    0
 18310,102371,20190426,   25,    0
 18310,102371,20190427,   25,    0
 18310,102371,20190428,    0,    0
 18310,102371,20190429,    0,    0
 18310,102371,20190430,    0,    0
 18310,102371,20190501,   10,    0
 18310,102371,20190502,    0,    0
 18310,102371,20190503,    5,    0
 18310,102371,20190504,    0,    0
 18310,102371,20190505,   48,    0
 18310,102371,20190506,    0,    0
 18310,102371,20190507,   15,    0
 18310,102371,20190508,    0,    0
 18310,102371,20190509,  103,    0
 18310,102371,20190510,   88,    0
 18310,102371,20190511,   14,    0
 18310,102371,20190512,    4,    0
 18310,102371,20190513,    0,    0
 18310,102371,20190514,    0,    0
 18310,102371,20190515,    0,    0
 18310,102371,20190516,    0,    0
 18310,102371,20190517,    0,    0
 18310,102371,20190518,    0,    0
 18310,102371,20190519,    0,    0
 18310,102371,20190520,    0,    0
 18310,102371,20190521,   52,    0
 18310,102371,20190522,  133,    0
 18310,102371,20190523,   84,    0
 18310,102371,20190524,    1,    0
 18310,102371,20190525,   17,    0
 18310,102371,20190526,    0,    0
 18310,102371,20190527,    0,    0
 18310,102371,20190528,   48,    0
 18310,102371,20190529,   92,    0
 18310,102371,20190530,   37,    0
 18310,102371,20190531,  129,    0
 18310,102371,20190601,   62,    0
 18310,102371,20190602,  249,    0
 18310,102371,20190603,   22,    0
 18310,102371,20190604,    5,    0
 18310,102371,20190605,   29,    0
 18310,102371,20190606,  123,    0
 18310,102371,20190607,    0,    0
 18310,102371,20190608,   65,    0
 18310,102371,20190609,   89,    0
 18310,102371,20190610,    0,    0
 18310,102371,20190611,    0,    0
 18310,102371,20190612,   15,    0
 18310,102371,20190613,    8,    0
 18310,102371,20190614,    6,    0
 18310,102371,20190615,   31,    0
 18310,102371,20190616,   18,    0
 18310,102371,20190617,   65,    0
 18310,102371,20190618,    5,    0
 18310,102371,20190619,   10,    0
 18310,102371,20190620,   11,    0
 18310,102371,20190621,   96,    0
 18310,102371,20190622,    4,    0
 18310,102371,20190623,    0,    0
 18310,102371,20190624,  341,    0
 18310,102371,20190625,   56,    0
 18310,102371,20190626,    0,    0
 18310,102371,20190627,    0,    0
 18310,102371,20190628,    0,    0
 18310,102371,20190629,    0,    0
 18310,102371,20190630,   91,    0
 18310,102371,20190701,   17,    0
 18310,102371,20190702,  135,    0
 18310,102371,20190703,  139,    0
 18310,102371,20190704,   37,    0
 18310,102371,20190705,    0,    0
 18310,102371,20190706,   13,    0
 18310,102371,20190707,    7,    0
 18310,102371,20190708,    0,    0
 18310,102371,20190709,    0,    0
 18310,102371,20190710,    0,    0
 18310,102371,20190711,    0,    0
 18310,102371,20190712,    0,    0
 18310,102371,20190713,    0,    0
 18310,102371,20190714,    0,    0
 18310,102371,20190715,    0,    0
 18310,102371,20190716,    0,    0
 18310,102371,20190717,    2,    0
 18310,102371,20190718,  189,    0
 18310,102371,20190719,    0,    0
 18310,102371,20190720,  164,    0
 18310,102371,20190721,   51,    0
 18310,102371,20190722,    1,    0
 18310,102371,20190723,    0,    0
 18310,102371,20190724,    0,    0
 18310,102371,20190725,    0,    0
 18310,102371,20190726,    0,    0
 18310,102371,20190727,    0,    0
 18310,102371,20190728,   70,    0
 18310,102371,20190729,    0,    0
 18310,102371,20190730,  179,    0
 18310,102371,20190731,    9,    0
 18310,102371,20190801,    0,    0
 18310,102371,20190802,    0,    0
 18310,102371,20190803,    0,    0
 18310,102371,20190804,    0,    0
 18310,102371,20190805,    0,    0
 18310,102371,20190806,  139,    0
 18310,102371,20190807,   45,    0
 18310,102371,20190808,    0,    0
 18310,102371,20190809,   35,    0
 18310,102371,20190810,   39,    0
 18310,102371,20190811,   43,    0
 18310,102371,20190812,   55,    0
 18310,102371,20190813,    9,    0
 18310,102371,20190814,    0,    0
 18310,102371,20190815,    0,    0
 18310,102371,20190816,    0,    0
 18310,102371,20190817,    0,    0
 18310,102371,20190818,    0,    0
 18310,102371,20190819,    0,    0
 18310,102371,20190820,    0,    0
 18310,102371,20190821,    0,    0
 18310,102371,20190822,    0,    0
 18310,102371,20190823,    0,    0
 18310,102371,20190824,    0,    0
 18310,102371,20190825,    0,    0
 18310,102371,20190826,    0,    0
 18310,102371,20190827,    0,    0
 18310,102371,20190828,  107,    0
 18310,102371,20190829,  128,    0
 18310,102371,20190830,  143,    0
 18310,102371,20190831,   88,    0
 18310,102371,20190901,   39,    0
 18310,102371,20190902,   55,    0
 18310,102371,20190903,    8,    0
 18310,102371,20190904,  274,    0
 18310,102371,20190905,   11,    0
 18310,102371,20190906,   18,    0
 18310,102371,20190907,    4,    0
 18310,102371,20190908,    0,    0
 18310,102371,20190909,    6,    0
 18310,102371,20190910,    2,    0
 18310,102371,20190911,   71,    0
 18310,102371,20190912,  190,    0
 18310,102371,20190913,  220,    0
 18310,102371,20190914,  551,    0
 18310,102371,20190915,  452,    0
 18310,102371,20190916,  189,    0
 18310,102371,20190917,    1,    0
 18310,102371,20190918,    0,    0
 18310,102371,20190919,    6,    0
 18310,102371,20190920,    0,    0
 18310,102371,20190921,    0,    0
 18310,102371,20190922,    0,    0
 18310,102371,20190923,    0,    0
 18310,102371,20190924,    0,    0
 18310,102371,20190925,    0,    0
 18310,102371,20190926,   26,    0
 18310,102371,20190927,   12,    0
 18310,102371,20190928,    0,    0
 18310,102371,20190929,    3,    0
 18310,102371,20190930,   49,    0
 18310,102371,20191001,    2,    0
 18310,102371,20191002,    0,    0
 18310,102371,20191003,    0,    0
 18310,102371,20191004,    0,    0
 18310,102371,20191005,    0,    0
 18310,102371,20191006,    0,    0
 18310,102371,20191007,  114,    0
 18310,102371,20191008,   82,    0
 18310,102371,20191009,   35,    0
 18310,102371,20191010,  135,    0
 18310,102371,20191011,  275,    0
 18310,102371,20191012,  126,    0
 18310,102371,20191013,   39,    0
 18310,102371,20191014,    1,    0
 18310,102371,20191015,   30,    0
 18310,102371,20191016,    0,    0
 18310,102371,20191017,   27,    0
 18310,102371,20191018,    2,    0
 18310,102371,20191019,    0,    0
 18310,102371,20191020,    0,    0
 18310,102371,20191021,   20,    0
 18310,102371,20191022,   13,    0
 18310,102371,20191023,    0,    0
 18310,102371,20191024,  360,    0
 18310,102371,20191025,   20,    0
 18310,102371,20191026,   16,    0
 18310,102371,20191027,    0,    0
 18310,102371,20191028,    0,    0
 18310,102371,20191029,    0,    0
 18310,102371,20191030,    9,    0
 18310,102371,20191031,    4,    0
 18310,102371,20191101,    0,    0
 18310,102371,20191102,    0,    0
 18310,102371,20191103,    0,    0
 18310,102371,20191104,    0,    0
 18310,102371,20191105,    0,    0
 18310,102371,20191106,    0,    0
 18310,102371,20191107,    0,    0
 18310,102371,20191108,    0,    0
 18310,102371,20191109,    0,    0
 18310,102371,20191110,    0,    0
 18310,102371,20191111,    0,    0
 18310,102371,20191112,   25,    0
 18310,102371,20191113,    0,    0
 18310,102371,20191114,    0,    0
 18310,102371,20191115,    0,    0
 18310,102371,20191116,   16,    0
 18310,102371,20191117,    0,    0
 18310,102371,20191118,   81,    0
 18310,102371,20191119,    0,    0
 18310,102371,20191120,    0,    0
 18310,102371,20191121,    0,    0
 18310,102371,20191122,    7,    0
 18310,102371,20191123,    1,    0
 18310,102371,20191124,    0,    0
 18310,102371,20191125,   27,    0
 18310,102371,20191126,    4,    0
 18310,102371,20191127,    4,    0
 18310,102371,20191128,    1,    0
 18310,102371,20191129,    0,    0
 18310,102371,20191130,    0,    0
 18310,102371,20191201,   10,    0
 18310,102371,20191202,   18,    0
 18310,102371,20191203,   34,    0
 18310,102371,20191204,  106,    0
 18310,102371,20191205,  334,    0
 18310,102371,20191206,   51,    0
 18310,102371,20191207,  161,    0
 18310,102371,20191208,  280,    0
 18310,102371,20191209,   30,    0
 18310,102371,20191210,  534,    0
 18310,102371,20191211,  216,    0
 18310,102371,20191212,    5,    0
 18310,102371,20191213,    0,    0
 18310,102371,20191214,   10,    0
 18310,102371,20191215,  137,    0
 18310,102371,20191216,   19,    0
 18310,102371,20191217,    6,    0
 18310,102371,20191218,    0,    0
 18310,102371,20191219,  232,    0
 18310,102371,20191220,   47,    0
 18310,102371,20191221,    0,    0
 18310,102371,20191222,    0,    0
 18310,102371,20191223,    9,    0
 18310,102371,20191224,    1,    0
 18310,102371,20191225,    8,    0
 18310,102371,20191226,    0,    0
 18310,102371,20191227,    3,    0
 18310,102371,20191228,   74,    0
 18310,102371,20191229,  640,    0
 18310,102371,20191230,  326,    0
 18310,102371,20191231,    0,    0
 18310,102371,20200101,    0,    0
 18310,102371,20200102,  289,    0
 18310,102371,20200103,  116,    0
 18310,102371,20200104,   12,    0
 18310,102371,20200105,  209,    0
 18310,102371,20200106,   19,    0
 18310,102371,20200107,  457,    0
 18310,102371,20200108,  150,    0
 18310,102371,20200109,    1,    0
 18310,102371,20200110,   44,    0
 18310,102371,20200111,  452,    0
 18310,102371,20200112,   33,    0
 18310,102371,20200113,  116,    0
 18310,102371,20200114,  203,    0
 18310,102371,20200115,  161,    0
 18310,102371,20200116,  128,    0
 18310,102371,20200117,  114,    0
 18310,102371,20200118,   81,    0
 18310,102371,20200119,   29,    0
 18310,102371,20200120,  298,    0
 18310,102371,20200121,   21,    0
 18310,102371,20200122,    6,    0
 18310,102371,20200123,  167,    0
 18310,102371,20200124,   25,    0
 18310,102371,20200125,    0,    0
 18310,102371,20200126,   44,    0
 18310,102371,20200127,   28,    0
 18310,102371,20200128,    0,    0
 18310,102371,20200129,   18,    0
 18310,102371,20200130,   88,    0
 18310,102371,20200131,   99,    0
 18310,102371,20200201,  117,    0
 18310,102371,20200202,    0,    0
 18310,102371,20200203,  169,    0
 18310,102371,20200204,    3,    0
 18310,102371,20200205,   55,    0
 18310,102371,20200206,    0,    0
 18310,102371,20200207,    0,    0
 18310,102371,20200208,  121,    0
 18310,102371,20200209,  650,    0
 18310,102371,20200210,  221,    0
 18310,102371,20200211,  108,    0
 18310,102371,20200212,   50,    0
 18310,102371,20200213,    0,    0
 18310,102371,20200214,   69,    0
 18310,102371,20200215,  325,    0
 18310,102371,20200216,  336,    0
 18310,102371,20200217,  459,    0
 18310,102371,20200218,  133,    0
 18310,102371,20200219,    4,    0
 18310,102371,20200220,  250,    0
 18310,102371,20200221,  226,    0
 18310,102371,20200222,  292,    0
 18310,102371,20200223,    4,    0
 18310,102371,20200224,    2,    0
 18310,102371,20200225,    0,    0
 18310,102371,20200226,   12,    0
 18310,102371,20200227,   27,    0
 18310,102371,20200228,   53,    0
 18310,102371,20200229,   21,    0
 18310,102371,20200301,   93,    0
 18310,102371,20200302,   12,    0
 18310,102371,20200303,    1,    0
 18310,102371,20200304,    2,    0
 18310,102371,20200305,    1,    0
 18310,102371,20200306,    0,    0
 18310,102371,20200307,  241,    0
 18310,102371,20200308,  197,    0
 18310,102371,20200309,    2,    0
 18310,102371,20200310,  294,    0
 18310,102371,20200311,   78,    0
 18310,102371,20200312,   89,    0
 18310,102371,20200313,    0,    0
 18310,102371,20200314,  143,    0
 18310,102371,20200315,  190,    0
 18310,102371,20200316,   62,    0
 18310,102371,20200317,   99,    0
 18310,102371,20200318,   58,    0
 18310,102371,20200319,    6,    0
 18310,102371,20200320,    0,    0
 18310,102371,20200321,    0,    0
 18310,102371,20200322,    0,    0
 18310,102371,20200323,    0,    0
 18310,102371,20200324,    0,    0
 18310,102371,20200325,   20,    0
 18310,102371,20200326,    7,    0
 18310,102371,20200327,    4,    0
 18310,102371,20200328,    0,    0
 18310,102371,20200329,    5,    0
 18310,102371,20200330,    0,    0
 18310,102371,20200331,    3,    0
 18310,102371,20200401,  195,    0
 18310,102371,20200402,  139,    0
 18310,102371,20200403,   36,    0
 18310,102371,20200404,   15,    0
 18310,102371,20200405,    1,    0
 18310,102371,20200406,   33,    0
 18310,102371,20200407,    4,    0
 18310,102371,20200408,   23,    0
 18310,102371,20200409,    0,    0
 18310,102371,20200410,    0,    0
 18310,102371,20200411,  135,    0
 18310,102371,20200412,   48,    0
 18310,102371,20200413,    0,    0
 18310,102371,20200414,   65,    0
 18310,102371,20200415,   92,    0
 18310,102371,20200416,    0,    0
 18310,102371,20200417,    0,    0
 18310,102371,20200418,    0,    0
 18310,102371,20200419,    0,    0
 18310,102371,20200420,    0,    0
 18310,102371,20200421,    0,    0
 18310,102371,20200422,    0,    0
 18310,102371,20200423,    0,    0
 18310,102371,20200424,    0,    0
 18310,102371,20200425,    0,    0
 18310,102371,20200426,   78,    0
 18310,102371,20200427,   27,    0
 18310,102371,20200428,    0,    0
 18310,102371,20200429,    0,    0
 18310,102371,20200430,   20,    0
 18310,102371,20200501,    0,    0
 18310,102371,20200502,   18,    0
 18310,102371,20200503,   14,    0
 18310,102371,20200504,    0,    0
 18310,102371,20200505,    0,    0
 18310,102371,20200506,   36,    0
 18310,102371,20200507,    0,    0
 18310,102371,20200508,   13,    0
 18310,102371,20200509,   47,    0
 18310,102371,20200510,    2,    0
 18310,102371,20200511,    6,    0
 18310,102371,20200512,    0,    0
 18310,102371,20200513,   23,    0
 18310,102371,20200514,    8,    0
 18310,102371,20200515,   50,    0
 18310,102371,20200516,  146,    0
 18310,102371,20200517,   54,    0
 18310,102371,20200518,    8,    0
 18310,102371,20200519,    0,    0
 18310,102371,20200520,    0,    0
 18310,102371,20200521,    0,    0
 18310,102371,20200522,  187,    0
 18310,102371,20200523,  149,    0
 18310,102371,20200524,   28,    0
 18310,102371,20200525,    0,    0
 18310,102371,20200526,   48,    0
 18310,102371,20200527,   57,    0
 18310,102371,20200528,    0,    0
 18310,102371,20200529,    0,    0
 18310,102371,20200530,    0,    0
 18310,102371,20200531,    0,    0
 18310,102371,20200601,    0,    0
 18310,102371,20200602,    0,    0
 18310,102371,20200603,   16,    0
 18310,102371,20200604,   85,    0
 18310,102371,20200605,    0,    0
 18310,102371,20200606,   43,    0
 18310,102371,20200607,   13,    0
 18310,102371,20200608,    0,    0
 18310,102371,20200609,    0,    0
 18310,102371,20200610,    0,    0
 18310,102371,20200611,    0,    0
 18310,102371,20200612,    0,    0
 18310,102371,20200613,   17,    0
 18310,102371,20200614,    0,    0
 18310,102371,20200615,    0,    0
 18310,102371,20200616,    0,    0
 18310,102371,20200617,    0,    0
 18310,102371,20200618,    0,    0
 18310,102371,20200619,   15,    0
 18310,102371,20200620,   34,    0
 18310,102371,20200621,   59,    0
 18310,102371,20200622,    0,    0
 18310,102371,20200623,    0,    0
 18310,102371,20200624,    0,    0
 18310,102371,20200625,    0,    0
 18310,102371,20200626,    0,    0
 18310,102371,20200627,   12,    0
 18310,102371,20200628,   34,    0
 18310,102371,20200629,    0,    0
 18310,102371,20200630,   55,    0
 18310,102371,20200701,   43,    0
 18310,102371,20200702,  204,    0
 18310,102371,20200703,   95,    0
 18310,102371,20200704,   13,    0
 18310,102371,20200705,  334,    0
 18310,102371,20200706,  105,    0
 18310,102371,20200707,    5,    0
 18310,102371,20200708,    1,    0
 18310,102371,20200709,    0,    0
 18310,102371,20200710,   45,    0
 18310,102371,20200711,   27,    0
 18310,102371,20200712,    7,    0
 18310,102371,20200713,   16,    0
 18310,102371,20200714,   54,    0
 18310,102371,20200715,    2,    0
 18310,102371,20200716,    0,    0
 18310,102371,20200717,   91,    0
 18310,102371,20200718,  114,    0
 18310,102371,20200719,    4,    0
 18310,102371,20200720,   13,    0
 18310,102371,20200721,   15,    0
 18310,102371,20200722,    0,    0
 18310,102371,20200723,    0,    0
 18310,102371,20200724,    0,    0
 18310,102371,20200725,   27,    0
 18310,102371,20200726,  255,    0
 18310,102371,20200727,   30,    0
 18310,102371,20200728,  107,    0
 18310,102371,20200729,    9,    0
 18310,102371,20200730,   31,    0
 18310,102371,20200731,    0,    0
 18310,102371,20200801,   24,    0
 18310,102371,20200802,   71,    0
 18310,102371,20200803,   14,    0
 18310,102371,20200804,   69,    0
 18310,102371,20200805,   10,    0
 18310,102371,20200806,    0,    0
 18310,102371,20200807,    0,    0
 18310,102371,20200808,   31,    0
 18310,102371,20200809,    0,    0
 18310,102371,20200810,    0,    0
 18310,102371,20200811,    0,    0
 18310,102371,20200812,    0,    0
 18310,102371,20200813,    0,    0
 18310,102371,20200814,    0,    0
 18310,102371,20200815,    0,    0
 18310,102371,20200816,    0,    0
 18310,102371,20200817,    0,    0
 18310,102371,20200818,   42,    0
 18310,102371,20200819,   37,    0
 18310,102371,20200820,    3,    0
 18310,102371,20200821,  296,    0
 18310,102371,20200822,  271,    0
 18310,102371,20200823,   83,    0
 18310,102371,20200824,  280,    0
 18310,102371,20200825,    2,    0
 18310,102371,20200826,    0,    0
 18310,102371,20200827,    0,    0
 18310,102371,20200828,    4,    0
 18310,102371,20200829,    0,    0
 18310,102371,20200830,    0,    0
 18310,102371,20200831,    0,    0
 18310,102371,20200901,    0,    0
 18310,102371,20200902,    0,    0
 18310,102371,20200903,   74,    0
 18310,102371,20200904,  305,    0
 18310,102371,20200905,  334,    0
 18310,102371,20200906,   21,    0
 18310,102371,20200907,   45,    0
 18310,102371,20200908,  126,    0
 18310,102371,20200909,  120,    0
 18310,102371,20200910,    0,    0
 18310,102371,20200911,  188,    0
 18310,102371,20200912,  181,    0
 18310,102371,20200913,  104,    0
 18310,102371,20200914,   18,    0
 18310,102371,20200915,   88,    0
 18310,102371,20200916,    1,    0
 18310,102371,20200917,    1,    0
 18310,102371,20200918,   16,    0
 18310,102371,20200919,    0,    0
 18310,102371,20200920,    0,    0
 18310,102371,20200921,    3,    0
 18310,102371,20200922,   10,    0
 18310,102371,20200923,  128,    0
 18310,102371,20200924,  172,    0
 18310,102371,20200925,   14,    0
 18310,102371,20200926,    0,    0
 18310,102371,20200927,    0,    0
 18310,102371,20200928,    0,    0
 18310,102371,20200929,   40,    0
 18310,102371,20200930,    0,    0
 18310,102371,20201001,    0,    0
 18310,102371,20201002,    0,    0
 18310,102371,20201003,    0,    0
 18310,102371,20201004,   19,    0
 18310,102371,20201005,    0,    0
 18310,102371,20201006,    0,    0
 18310,102371,20201007,   20,    0
 18310,102371,20201008,  165,    0
 18310,102371,20201009,   41,    0
 18310,102371,20201010,    0,    0
 18310,102371,20201011,    0,    0
 18310,102371,20201012,    0,    0
 18310,102371,20201013,    0,    0
 18310,102371,20201014,    0,    0
 18310,102371,20201015,    0,    0
 18310,102371,20201016,    0,    0
 18310,102371,20201017,    0,    0
 18310,102371,20201018,    0,    0
 18310,102371,20201019,  202,    0
 18310,102371,20201020,  231,    0
 18310,102371,20201021,   94,    0
 18310,102371,20201022,    4,    0
 18310,102371,20201023,   30,    0
 18310,102371,20201024,  373,    0
 18310,102371,20201025,   40,    0
 18310,102371,20201026,    4,    0
 18310,102371,20201027,   29,    0
 18310,102371,20201028,  277,    0
 18310,102371,20201029,    4,    0
 18310,102371,20201030,   35,    0
 18310,102371,20201031,   84,    0
 18310,102371,20201101,  359,    0
 18310,102371,20201102,  111,    0
 18310,102371,20201103,   80,    0
 18310,102371,20201104,   78,    0
 18310,102371,20201105,   11,    0
 18310,102371,20201106,    0,    0
 18310,102371,20201107,    0,    0
 18310,102371,20201108,    0,    0
 18310,102371,20201109,    0,    0
 18310,102371,20201110,   38,    0
 18310,102371,20201111,   16,    0
 18310,102371,20201112,    0,    0
 18310,102371,20201113,   49,    0
 18310,102371,20201114,  164,    0
 18310,102371,20201115,  169,    0
 18310,102371,20201116,   80,    0
 18310,102371,20201117,  135,    0
 18310,102371,20201118,  312,    0
 18310,102371,20201119,   46,    0
 18310,102371,20201120,  264,    0
 18310,102371,20201121,  375,    0
 18310,102371,20201122,  242,    0
 18310,102371,20201123,  101,    0
 18310,102371,20201124,  165,    0
 18310,102371,20201125,  118,    0
 18310,102371,20201126,    0,    0
 18310,102371,20201127,    0,    0
 18310,102371,20201128,    0,    0
 18310,102371,20201129,    1,    0
 18310,102371,20201130,   42,    0
 18310,102371,20201201,    0,    0
 18310,102371,20201202,   61,    0
 18310,102371,20201203,   64,    0
 18310,102371,20201204,    0,    0
 18310,102371,20201205,    1,    0
 18310,102371,20201206,   30,    0
 18310,102371,20201207,    2,    0
 18310,102371,20201208,   22,    0
 18310,102371,20201209,    0,    0
 18310,102371,20201210,    1,    0
 18310,102371,20201211,    0,    0
 18310,102371,20201212,    0,    0
 18310,102371,20201213,    0,    0
 18310,102371,20201214,   74,    0
 18310,102371,20201215,   98,    0
 18310,102371,20201216,    9,    0
 18310,102371,20201217,   77,    0
 18310,102371,20201218,   68,    0
 18310,102371,20201219,  128,    0
 18310,102371,20201220,   85,    0
 18310,102371,20201221,   88,    0
 18310,102371,20201222,  164,    0
 18310,102371,20201223,    7,    0
 18310,102371,20201224,    0,    0
 18310,102371,20201225,    4,    0
 18310,102371,20201226,  120,    0
 18310,102371,20201227,  141,    0
 18310,102371,20201228,    0,    0
 18310,102371,20201229,    0,    0
 18310,102371,20201230,    0,    0
 18310,102371,20201231,    0,    0
 18310,102371,20210101,    0,    0
 18310,102371,20210102,    0,    0
 18310,102371,20210103,    0,    0
 18310,102371,20210104,    0,    0
 18310,102371,20210105,    0,    0
 18310,102371,20210106,    0,    0
 18310,102371,20210107,    0,    0
 18310,102371,20210108,    0,    0
 18310,102371,20210109,   48,    0
 18310,102371,20210110,   33,    0
 18310,102371,20210111,    6,    0
 18310,102371,20210112,    6,    0
 18310,102371,20210113,    0,    0
 18310,102371,20210114,    0,    0
 18310,102371,20210115,    0,    0
 18310,102371,20210116,    0,    0
 18310,102371,20210117,    1,    0
 18310,102371,20210118,   23,    0
 18310,102371,20210119,    3,    0
 18310,102371,20210120,  212,    0
 18310,102371,20210121,   54,    0
 18310,102371,20210122,   93,    0
 18310,102371,20210123,    0,    0
 18310,102371,20210124,    0,    0
 18310,102371,20210125,    0,    0
 18310,102371,20210126,    1,    0
 18310,102371,20210127,    0,    0
 18310,102371,20210128,    2,    0
 18310,102371,20210129,    0,    0
 18310,102371,20210130,    0,    0
 18310,102371,20210131,    8,    0
 18310,102371,20210201,    0,    0
 18310,102371,20210202,    0,    0
 18310,102371,20210203,    0,    0
 18310,102371,20210204,    0,    0
 18310,102371,20210205,    0,    0
 18310,102371,20210206,    0,    0
 18310,102371,20210207,    0,    0
 18310,102371,20210208,    0,    0
 18310,102371,20210209,    0,    0
 18310,102371,20210210,    0,    0
 18310,102371,20210211,    0,    0
 18310,102371,20210212,    0,    0
 18310,102371,20210213,    0,    0
 18310,102371,20210214,   31,    0
 18310,102371,20210215,   12,    0
 18310,102371,20210216,   25,    0
 18310,102371,20210217,   19,    0
 18310,102371,20210218,   64,    0
 18310,102371,20210219,   42,    0
 18310,102371,20210220,  203,    0
 18310,102371,20210221,    3,    0
 18310,102371,20210222,   58,    0
 18310,102371,20210223,  244,    0
 18310,102371,20210224,  102,    0
 18310,102371,20210225,  247,    0
 18310,102371,20210226,    0,    0
 18310,102371,20210227,    6,    0
 18310,102371,20210228,    0,    0
 18310,102371,20210301,    0,    0
 18310,102371,20210302,    0,    0
 18310,102371,20210303,    0,    0
 18310,102371,20210304,    0,    0
 18310,102371,20210305,    4,    0
 18310,102371,20210306,   85,    0
 18310,102371,20210307,    0,    0
 18310,102371,20210308,    0,    0
 18310,102371,20210309,    0,    0
 18310,102371,20210310,   88,    0
 18310,102371,20210311,  107,    0
 18310,102371,20210312,   86,    0
 18310,102371,20210313,    0,    0
 18310,102371,20210314,   83,    0
 18310,102371,20210315,    0,    0
 18310,102371,20210316,    0,    0
 18310,102371,20210317,    0,    0
 18310,102371,20210318,    0,    0
 18310,102371,20210319,    0,    0
 18310,102371,20210320,    9,    0
 18310,102371,20210321,    0,    0
 18310,102371,20210322,    0,    0
 18310,102371,20210323,    3,    0
 18310,102371,20210324,   36,    0
 18310,102371,20210325,   18,    0
 18310,102371,20210326,  177,    0
 18310,102371,20210327,    7,    0
 18310,102371,20210328,   84,    0
 18310,102371,20210329,  284,    0
 18310,102371,20210330,  591,    0
 18310,102371,20210331,    1,    0
 18310,102371,20210401,    0,    0
 18310,102371,20210402,    0,    0
 18310,102371,20210403,    0,    0
 18310,102371,20210404,  196,    0
 18310,102371,20210405,    3,    0
 18310,102371,20210406,    2,    0
 18310,102371,20210407,    1,    0
 18310,102371,20210408,  209,    0
 18310,102371,20210409,   58,    0
 18310,102371,20210410,   28,    0
 18310,102371,20210411,    0,    0
 18310,102371,20210412,    0,    0
 18310,102371,20210413,    0,    0
 18310,102371,20210414,    0,    0
 18310,102371,20210415,    0,    0
 18310,102371,20210416,    0,    0
 18310,102371,20210417,    0,    0
 18310,102371,20210418,    0,    0
 18310,102371,20210419,    0,    0
 18310,102371,20210420,   26,    0
 18310,102371,20210421,    3,    0
 18310,102371,20210422,    0,    0
 18310,102371,20210423,    0,    0
 18310,102371,20210424,    0,    0
 18310,102371,20210425,    0,    0
 18310,102371,20210426,    0,    0
 18310,102371,20210427,    0,    0
 18310,102371,20210428,    0,    0
 18310,102371,20210429,    0,    0
 18310,102371,20210430,    0,    0
 18310,102371,20210501,    0,    0
 18310,102371,20210502,    0,    0
 18310,102371,20210503,    0,    0
 18310,102371,20210504,    0,    0
 18310,102371,20210505,    0,    0
 18310,102371,20210506,    0,    0
 18310,102371,20210507,    8,    0
 18310,102371,20210508,    7,    0
 18310,102371,20210509,   67,    0
 18310,102371,20210510,   61,    0
 18310,102371,20210511,    0,    0
 18310,102371,20210512,    0,    0
 18310,102371,20210513,    0,    0
 18310,102371,20210514,    9,    0
 18310,102371,20210515,    0,    0
 18310,102371,20210516,   17,    0
 18310,102371,20210517,    4,    0
 18310,102371,20210518,    0,    0
 18310,102371,20210519,    1,    0
 18310,102371,20210520,    5,    0
 18310,102371,20210521,    0,    0
 18310,102371,20210522,    0,    0
 18310,102371,20210523,    7,    0
 18310,102371,20210524,    3,    0
 18310,102371,20210525,    0,    0
 18310,102371,20210526,    0,    0
 18310,102371,20210527,    0,    0
 18310,102371,20210528,    0,    0
 18310,102371,20210529,    0,    0
 18310,102371,20210530,    0,    0
 18310,102371,20210531,    0,    0
 18310,102371,20210601,    0,    0
 18310,102371,20210602,    0,    0
 18310,102371,20210603,    0,    0
 18310,102371,20210604,    0,    0
 18310,102371,20210605,   14,    0
 18310,102371,20210606,    0,    0
 18310,102371,20210607,    0,    0
 18310,102371,20210608,    0,    0
 18310,102371,20210609,   21,    0
 18310,102371,20210610,    1,    0
 18310,102371,20210611,   43,    0
 18310,102371,20210612,   58,    0
 18310,102371,20210613,  168,    0
 18310,102371,20210614,  202,    0
 18310,102371,20210615,    8,    0
 18310,102371,20210616,    3,    0
 18310,102371,20210617,   99,    0
 18310,102371,20210618,   14,    0
 18310,102371,20210619,   46,    0
 18310,102371,20210620,  101,    0
 18310,102371,20210621,    0,    0
 18310,102371,20210622,    0,    0
 18310,102371,20210623,    0,    0
 18310,102371,20210624,   10,    0
 18310,102371,20210625,    0,    0
 18310,102371,20210626,    0,    0
 18310,102371,20210627,    0,    0
 18310,102371,20210628,    0,    0
 18310,102371,20210629,    0,    0
 18310,102371,20210630,    0,    0
 18310,102371,20210701,    0,    0
 18310,102371,20210702,    0,    0
 18310,102371,20210703,    4,    0
 18310,102371,20210704,   11,    0
 18310,102371,20210705,   81,    0
 18310,102371,20210706,   15,    0
 18310,102371,20210707,   25,    0
 18310,102371,20210708,  239,    0
 18310,102371,20210709,    9,    0
 18310,102371,20210710,    0,    0
 18310,102371,20210711,    0,    0
 18310,102371,20210712,    0,    0
 18310,102371,20210713,    3,    0
 18310,102371,20210714,   69,    0
 18310,102371,20210715,    0,    0
 18310,102371,20210716,    0,    0
 18310,102371,20210717,   11,    0
 18310,102371,20210718,    0,    0
 18310,102371,20210719,    0,    0
 18310,102371,20210720,    0,    0
 18310,102371,20210721,    0,    0
 18310,102371,20210722,    0,    0
 18310,102371,20210723,    0,    0
 18310,102371,20210724,    0,    0
 18310,102371,20210725,    0,    0
 18310,102371,20210726,   21,    0
 18310,102371,20210727,   10,    0
 18310,102371,20210728,  116,    0
 18310,102371,20210729,   15,    0
 18310,102371,20210730,    0,    0
 18310,102371,20210731,   13,    0
 18310,102371,20210801,    0,    0
 18310,102371,20210802,    0,    0
 18310,102371,20210803,    0,    0
 18310,102371,20210804,    0,    0
 18310,102371,20210805,    5,    0
 18310,102371,20210806,    0,    0
 18310,102371,20210807,    0,    0
 18310,102371,20210808,    0,    0
 18310,102371,20210809,  105,    0
 18310,102371,20210810,    0,    0
 18310,102371,20210811,    0,    0
 18310,102371,20210812,    9,    0
 18310,102371,20210813,   30,    0
 18310,102371,20210814,   38,    0
 18310,102371,20210815,   20,    0
 18310,102371,20210816,    0,    0
 18310,102371,20210817,    0,    0
 18310,102371,20210818,   22,    0
 18310,102371,20210819,   11,    0
 18310,102371,20210820,    0,    0
 18310,102371,20210821,    0,    0
 18310,102371,20210822,    0,    0
 18310,102371,20210823,    0,    0
 18310,102371,20210824,    1,    0
 18310,102371,20210825,    0,    0
 18310,102371,20210826,    0,    0
 18310,102371,20210827,    0,    0
 18310,102371,20210828,    0,    0
 18310,102371,20210829,    0,    0
 18310,102371,20210830,    0,    0
 18310,102371,20210831,    0,    0
 18310,102371,20210901,    0,    0
 18310,102371,20210902,    0,    0
 18310,102371,20210903,    0,    0
 18310,102371,20210904,    0,    0
 18310,102371,20210905,    0,    0
 18310,102371,20210906,    0,    0
 18310,102371,20210907,    0,    0
 18310,102371,20210908,    0,    0
 18310,102371,20210909,    0,    0
 18310,102371,20210910,   22,    0
 18310,102371,20210911,  316,    0
 18310,102371,20210912,    1,    0
 18310,102371,20210913,    0,    0
 18310,102371,20210914,    0,    0
 18310,102371,20210915,   10,    0
 18310,102371,20210916,    0,    0
 18310,102371,20210917,    0,    0
 18310,102371,20210918,    0,    0
 18310,102371,20210919,   16,    0
 18310,102371,20210920,   50,    0
 18310,102371,20210921,   35,    0
 18310,102371,20210922,  197,    0
 18310,102371,20210923,  184,    0
 18310,102371,20210924,  207,    0
 18310,102371,20210925,    3,    0
 18310,102371,20210926,   10,    0
 18310,102371,20210927,  170,    0
 18310,102371,20210928,    0,    0
 18310,102371,20210929,   25,    0
 18310,102371,20210930,   78,    0
 18310,102371,20211001,  171,    0
 18310,102371,20211002,   33,    0
 18310,102371,20211003,  273,    0
 18310,102371,20211004,  265,    0
 18310,102371,20211005,   14,    0
 18310,102371,20211006,    2,    0
 18310,102371,20211007,   63,    0
 18310,102371,20211008,   56,    0
 18310,102371,20211009,   18,    0
 18310,102371,20211010,  209,    0
 18310,102371,20211011,   25,    0
 18310,102371,20211012,    0,    0
 18310,102371,20211013,  127,    0
 18310,102371,20211014,  199,    0
 18310,102371,20211015,  158,    0
 18310,102371,20211016,   58,    0
 18310,102371,20211017,    0,    0
 18310,102371,20211018,   59,    0
 18310,102371,20211019,   86,    0
 18310,102371,20211020,   99,    0
 18310,102371,20211021,   53,    0
 18310,102371,20211022,    7,    0
 18310,102371,20211023,    0,    0
 18310,102371,20211024,  116,    0
 18310,102371,20211025,  169,    0
 18310,102371,20211026,  280,    0
 18310,102371,20211027,   92,    0
 18310,102371,20211028,  100,    0
 18310,102371,20211029,   43,    0
 18310,102371,20211030,   53,    0
 18310,102371,20211031,   18,    0
 18310,102371,20211101,   51,    0
 18310,102371,20211102,   75,    0
 18310,102371,20211103,    0,    0
 18310,102371,20211104,    5,    0
 18310,102371,20211105,  130,    0
 18310,102371,20211106,  139,    0
 18310,102371,20211107,    1,    0
 18310,102371,20211108,  132,    0
 18310,102371,20211109,   37,    0
 18310,102371,20211110,  105,    0
 18310,102371,20211111,  117,    0
 18310,102371,20211112,    0,    0
 18310,102371,20211113,    0,    0
 18310,102371,20211114,    0,    0
 18310,102371,20211115,    2,    0
 18310,102371,20211116,  160,    0
 18310,102371,20211117,  123,    0
 18310,102371,20211118,  255,    0
 18310,102371,20211119,   59,    0
 18310,102371,20211120,  101,    0
 18310,102371,20211121,    0,    0
 18310,102371,20211122,   23,    0
 18310,102371,20211123,   51,    0
 18310,102371,20211124,  138,    0
 18310,102371,20211125,    1,    0
 18310,102371,20211126,    6,    0
 18310,102371,20211127,   14,    0
 18310,102371,20211128,    0,    0
 18310,102371,20211129,   68,    0
 18310,102371,20211130,    0,    0
 18310,102371,20211201,    0,    0
 18310,102371,20211202,    0,    0
 18310,102371,20211203,   20,    0
 18310,102371,20211204,    1,    0
 18310,102371,20211205,    0,    0
 18310,102371,20211206,    0,    0
 18310,102371,20211207,    0,    0
 18310,102371,20211208,    0,    0
 18310,102371,20211209,    0,    0
 18310,102371,20211210,    0,    0
 18310,102371,20211211,    5,    0
 18310,102371,20211212,    8,    0
 18310,102371,20211213,   37,    0
 18310,102371,20211214,  522,    0
 18310,102371,20211215,  471,    0
 18310,102371,20211216,   40,    0
 18310,102371,20211217,    1,    0
 18310,102371,20211218,    0,    0
 18310,102371,20211219,    0,    0
 18310,102371,20211220,    0,    0
 18310,102371,20211221,    0,    0
 18310,102371,20211222,    0,    0
 18310,102371,20211223,    5,    0
 18310,102371,20211224,    0,    0
 18310,102371,20211225,    0,    0
 18310,102371,20211226,    0,    0
 18310,102371,20211227,    9,    0
 18310,102371,20211228,    0,    0
 18310,102371,20211229,   73,    0
 18310,102371,20211230,  226,    0
 18310,102371,20211231,    6,    0
 18310,102371,20220101,  136,    0
 18310,102371,20220102,   23,    0
 18310,102371,20220103,  184,    0
 18310,102371,20220104,   48,    0
 18310,102371,20220105,    0,    0
 18310,102371,20220106,   23,    0
 18310,102371,20220107,    7,    0
 18310,102371,20220108,    0,    0
 18310,102371,20220109,    0,    0
 18310,102371,20220110,   19,    0
 18310,102371,20220111,   38,    0
 18310,102371,20220112,  194,    0
 18310,102371,20220113,  380,    0
 18310,102371,20220114,    0,    0
 18310,102371,20220115,    3,    0
 18310,102371,20220116,  228,    0
 18310,102371,20220117,    0,    0
 18310,102371,20220118,   80,    0
 18310,102371,20220119,  116,    0
 18310,102371,20220120,    0,    0
 18310,102371,20220121,    1,    0
 18310,102371,20220122,    0,    0
 18310,102371,20220123,    3,    0
 18310,102371,20220124,  152,    0
 18310,102371,20220125,  121,    0
 18310,102371,20220126,  113,    0
 18310,102371,20220127,   44,    0
 18310,102371,20220128,  188,    0
 18310,102371,20220129,  308,    0
 18310,102371,20220130,    0,    0
 18310,102371,20220131,   41,    0
 18310,102371,20220201,  109,    0
 18310,102371,20220202,   17,    0
 18310,102371,20220203,  144,    0
 18310,102371,20220204,  109,    0
 18310,102371,20220205,  200,    0
 18310,102371,20220206,   62,    0
 18310,102371,20220207,   79,    0
 18310,102371,20220208,  115,    0
 18310,102371,20220209,  113,    0
 18310,102371,20220210,   45,    0
 18310,102371,20220211,  123,    0
 18310,102371,20220212,  104,    0
 18310,102371,20220213,   78,    0
 18310,102371,20220214,   11,    0
 18310,102371,20220215,   45,    0
 18310,102371,20220216,   39,    0
 18310,102371,20220217,  106,    0
 18310,102371,20220218,   19,    0
 18310,102371,20220219,    1,    0
 18310,102371,20220220,   74,    0
 18310,102371,20220221,    2,    0
 18310,102371,20220222,  108,    0
 18310,102371,20220223,  324,    0
 18310,102371,20220224,   91,    0
 18310,102371,20220225,    7,    0
 18310,102371,20220226,    0,    0
 18310,102371,20220227,    0,    0
 18310,102371,20220228,   82,    0
 18310,102371,20220301,   11,    0
 18310,102371,20220302,    0,    0
 18310,102371,20220303,    0,    0
 18310,102371,20220304,    0,    0
 18310,102371,20220305,    0,    0
 18310,102371,20220306,    0,    0
 18310,102371,20220307,    0,    0
 18310,102371,20220308,    0,    0
 18310,102371,20220309,    0,    0
 18310,102371,20220310,    0,    0
 18310,102371,20220311,    0,    0
 18310,102371,20220312,    0,    0
 18310,102371,20220313,    0,    0
 18310,102371,20220314,    0,    0
 18310,102371,20220315,    0,    0
 18310,102371,20220316,   42,    0
 18310,102371,20220317,   92,    0
 18310,102371,20220318,   24,    0
 18310,102371,20220319,    0,    0
 18310,102371,20220320,    0,    0
 18310,102371,20220321,    6,    0
 18310,102371,20220322,    0,    0
 18310,102371,20220323,   28,    0
 18310,102371,20220324,    9,    0
 18310,102371,20220325,   23,    0
 18310,102371,20220326,    0,    0
 18310,102371,20220327,   11,    0
 18310,102371,20220328,    1,    0
 18310,102371,20220329,    0,    0
 18310,102371,20220330,    0,    0
 18310,102371,20220331,    0,    0
 18310,102371,20220401,    0,    0
 18310,102371,20220402,    0,    0
 18310,102371,20220403,   61,    0
 18310,102371,20220404,   17,    0
 18310,102371,20220405,   17,    0
 18310,102371,20220406,    0,    0
 18310,102371,20220407,    0,    0
 18310,102371,20220408,    0,    0
 18310,102371,20220409,    3,    0
 18310,102371,20220410,    0,    0
 18310,102371,20220411,    0,    0
 18310,102371,20220412,    0,    0
 18310,102371,20220413,   53,    0
 18310,102371,20220414,    0,    0
 18310,102371,20220415,    0,    0
 18310,102371,20220416,    0,    0
 18310,102371,20220417,    0,    0
 18310,102371,20220418,    0,    0
 18310,102371,20220419,    0,    0
 18310,102371,20220420,    0,    0
 18310,102371,20220421,    0,    0
 18310,102371,20220422,    0,    0
 18310,102371,20220423,    0,    0
 18310,102371,20220424,    0,    0
 18310,102371,20220425,    0,    0
 18310,102371,20220426,    0,    0
 18310,102371,20220427,    0,    0
 18310,102371,20220428,    0,    0
 18310,102371,20220429,    0,    0
 18310,102371,20220430,    0,    0
 18310,102371,20220501,    0,    0
 18310,102371,20220502,    1,    0
 18310,102371,20220503,    0,    0
 18310,102371,20220504,    8,    0
 18310,102371,20220505,    0,    0
 18310,102371,20220506,   33,    0
 18310,102371,20220507,    0,    0
 18310,102371,20220508,    0,    0
 18310,102371,20220509,   63,    0
 18310,102371,20220510,  136,    0
 18310,102371,20220511,  243,    0
 18310,102371,20220512,   19,    0
 18310,102371,20220513,  116,    0
 18310,102371,20220514,   48,    0
 18310,102371,20220515,    1,    0
 18310,102371,20220516,    0,    0
 18310,102371,20220517,    0,    0
 18310,102371,20220518,   30,    0
 18310,102371,20220519,    0,    0
 18310,102371,20220520,   13,    0
 18310,102371,20220521,    8,    0
 18310,102371,20220522,    8,    0
 18310,102371,20220523,  215,    0
 18310,102371,20220524,   65,    0
 18310,102371,20220525,  145,    0
 18310,102371,20220526,   60,    0
 18310,102371,20220527,    3,    0
 18310,102371,20220528,    0,    0
 18310,102371,20220529,    4,    0
 18310,102371,20220530,    0,    0
 18310,102371,20220531,    1,    0
 18310,102371,20220601,   85,    0
 18310,102371,20220602,   23,    0
 18310,102371,20220603,    0,    0
 18310,102371,20220604,    0,    0
 18310,102371,20220605,    0,    0
 18310,102371,20220606,    0,    0
 18310,102371,20220607,    0,    0
 18310,102371,20220608,    5,    0
 18310,102371,20220609,   67,    0
 18310,102371,20220610,   38,    0
 18310,102371,20220611,  101,    0
 18310,102371,20220612,   46,    0
 18310,102371,20220613,   37,    0
 18310,102371,20220614,    0,    0
 18310,102371,20220615,    0,    0
 18310,102371,20220616,    0,    0
 18310,102371,20220617,  103,    0
 18310,102371,20220618,   72,    0
 18310,102371,20220619,   15,    0
 18310,102371,20220620,    0,    0
 18310,102371,20220621,    0,    0
 18310,102371,20220622,   10,    0
 18310,102371,20220623,    0,    0
 18310,102371,20220624,   33,    0
 18310,102371,20220625,    0,    0
 18310,102371,20220626,  167,    0
 18310,102371,20220627,   46,    0
 18310,102371,20220628,    0,    0
 18310,102371,20220629,    0,    0
 18310,102371,20220630,    0,    0
 18310,102371,20220701,   27,    0
 18310,102371,20220702,  182,    0
 18310,102371,20220703,  196,    0
 18310,102371,20220704,   67,    0
 18310,102371,20220705,   36,    0
 18310,102371,20220706,   40,    0
 18310,102371,20220707,    3,    0
 18310,102371,20220708,   42,    0
 18310,102371,20220709,    7,    0
 18310,102371,20220710,    0,    0
 18310,102371,20220711,    0,    0
 18310,102371,20220712,    1,    0
 18310,102371,20220713,  124,    0
 18310,102371,20220714,    6,    0
 18310,102371,20220715,   51,    0
 18310,102371,20220716,    0,    0
 18310,102371,20220717,  121,    0
 18310,102371,20220718,    1,    0
 18310,102371,20220719,    0,    0
 18310,102371,20220720,   43,    0
 18310,102371,20220721,    0,    0
 18310,102371,20220722,    0,    0
 18310,102371,20220723,    2,    0
 18310,102371,20220724,  149,    0
 18310,102371,20220725,   76,    0
 18310,102371,20220726,   34,    0
 18310,102371,20220727,    0,    0
 18310,102371,20220728,    0,    0
 18310,102371,20220729,    0,    0
 18310,102371,20220730,   16,    0
 18310,102371,20220731,   25,    0
 18310,102371,20220801,    0,    0
 18310,102371,20220802,   98,    0
 18310,102371,20220803,   84,    0
 18310,102371,20220804,  194,    0
 18310,102371,20220805,   42,    0
 18310,102371,20220806,   21,    0
 18310,102371,20220807,   22,    0
 18310,102371,20220808,    0,    0
 18310,102371,20220809,    0,    0
 18310,102371,20220810,    0,    0
 18310,102371,20220811,    0,    0
 18310,102371,20220812,    0,    0
 18310,102371,20220813,    0,    0
 18310,102371,20220814,    0,    0
 18310,102371,20220815,    0,    0
 18310,102371,20220816,   61,    0
 18310,102371,20220817,    0,    0
 18310,102371,20220818,    0,    0
 18310,102371,20220819,  143,    0
 18310,102371,20220820,  338,    0
 18310,102371,20220821,  122,    0
 18310,102371,20220822,    0,    0
 18310,102371,20220823,    0,    0
 18310,102371,20220824,    9,    0
 18310,102371,20220825,  204,    0
 18310,102371,20220826,  359,    0
 18310,102371,20220827,    0,    0
 18310,102371,20220828,    0,    0
 18310,102371,20220829,    0,    0
 18310,102371,20220830,    0,    0
 18310,102371,20220831,    0,    0
 18310,102371,20220901,    0,    0
 18310,102371,20220902,    0,    0
 18310,102371,20220903,    0,    0
 18310,102371,20220904,    0,    0
 18310,102371,20220905,    0,    0
 18310,102371,20220906,    0,    0
 18310,102371,20220907,    0,    0
 18310,102371,20220908,    0,    0
 18310,102371,20220909,    0,    0
 18310,102371,20220910,    0,    0
 18310,102371,20220911,    0,    0
 18310,102371,20220912,  262,    0
 18310,102371,20220913,   21,    0
 18310,102371,20220914,   65,    0
 18310,102371,20220915,   12,    0
 18310,102371,20220916,    8,    0
 18310,102371,20220917,   12,    0
 18310,102371,20220918,    0,    0
 18310,102371,20220919,    0,    0
 18310,102371,20220920,    0,    0
 18310,102371,20220921,    0,    0
 18310,102371,20220922,  178,    0
 18310,102371,20220923,    8,    0
 18310,102371,20220924,    0,    0
 18310,102371,20220925,  134,    0
 18310,102371,20220926,   55,    0
 18310,102371,20220927,   16,    0
 18310,102371,20220928,    0,    0
 18310,102371,20220929,    0,    0
 18310,102371,20220930,   36,    0
 18310,102371,20221001,   49,    0
 18310,102371,20221002,   45,    0
 18310,102371,20221003,    1,    0
 18310,102371,20221004,  131,    0
 18310,102371,20221005,  267,    0
 18310,102371,20221006,  541,    0
 18310,102371,20221007,  140,    0
 18310,102371,20221008,   59,    0
 18310,102371,20221009,   93,    0
 18310,102371,20221010,  280,    0
 18310,102371,20221011,   22,    0
 18310,102371,20221012,   66,    0
 18310,102371,20221013,    0,    0
 18310,102371,20221014,  424,    0
 18310,102371,20221015,  197,    0
 18310,102371,20221016,  482,    0
 18310,102371,20221017,  231,    0
 18310,102371,20221018,   10,    0
 18310,102371,20221019,    0,    0
 18310,102371,20221020,    0,    0
 18310,102371,20221021,    0,    0
 18310,102371,20221022,    9,    0
 18310,102371,20221023,   15,    0
 18310,102371,20221024,   41,    0
 18310,102371,20221025,   42,    0
 18310,102371,20221026,  152,    0
 18310,102371,20221027,    8,    0
 18310,102371,20221028,  106,    0
 18310,102371,20221029,   14,    0
 18310,102371,20221030,  163,    0
 18310,102371,20221031,-9999,    9
