EUROPEAN CLIMATE ASSESSMENT & DATASET (ECA&D), file created on: 16-11-2022
THESE DATA CAN BE USED FOR NON-COMMERCIAL RESEARCH AND EDUCATION PROVIDED THAT THE FOLLOWING SOURCE IS ACKNOWLEDGED: 

Klein Tank, A.M.G. and Coauthors, 2002. Daily dataset of 20th-century surface
air temperature and precipitation series for the European Climate Assessment.
Int. J. of Climatol., 22, 1441-1453.
Data and metadata available at http://www.ecad.eu

FILE FORMAT (MISSING VALUE CODE = -9999):

01-06 STAID: Station identifier
08-13 SOUID: Source identifier
15-22 DATE : Date YYYYMMDD
24-28 RR   : Precipitation amount in 0.1 mm
30-34 Q_RR : quality code for RR (0='valid'; 1='suspect'; 9='missing')

This is the blended series of station TORVHAUGDALEN, NORWAY (STAID: 18034)
Blended and updated with sources:101555 
See files sources.txt and stations.txt for more info.

STAID, SOUID,    DATE,   RR, Q_RR
 18034,101555,20180930,-9999,    9
 18034,101555,20181001,-9999,    9
 18034,101555,20181002,-9999,    9
 18034,101555,20181003,-9999,    9
 18034,101555,20181004,-9999,    9
 18034,101555,20181005,-9999,    9
 18034,101555,20181006,-9999,    9
 18034,101555,20181007,    2,    0
 18034,101555,20181008,   14,    0
 18034,101555,20181009,    5,    0
 18034,101555,20181010,    1,    0
 18034,101555,20181011,    2,    0
 18034,101555,20181012,    1,    0
 18034,101555,20181013,   21,    0
 18034,101555,20181014,   22,    0
 18034,101555,20181015,   18,    0
 18034,101555,20181016,    3,    0
 18034,101555,20181017,    2,    0
 18034,101555,20181018,    9,    0
 18034,101555,20181019,    4,    0
 18034,101555,20181020,    2,    0
 18034,101555,20181021,   76,    0
 18034,101555,20181022,    0,    0
 18034,101555,20181023,    1,    0
 18034,101555,20181024,    1,    0
 18034,101555,20181025,   11,    0
 18034,101555,20181026,   16,    0
 18034,101555,20181027,   31,    0
 18034,101555,20181028,    2,    0
 18034,101555,20181029,    0,    0
 18034,101555,20181030,   14,    0
 18034,101555,20181031,   46,    0
 18034,101555,20181101,   17,    0
 18034,101555,20181102,    1,    0
 18034,101555,20181103,   12,    0
 18034,101555,20181104,    0,    0
 18034,101555,20181105,    1,    0
 18034,101555,20181106,    0,    0
 18034,101555,20181107,    1,    0
 18034,101555,20181108,    4,    0
 18034,101555,20181109,    1,    0
 18034,101555,20181110,    2,    0
 18034,101555,20181111,   35,    0
 18034,101555,20181112,    4,    0
 18034,101555,20181113,   21,    0
 18034,101555,20181114,   21,    0
 18034,101555,20181115,   31,    0
 18034,101555,20181116,   70,    0
 18034,101555,20181117,   25,    0
 18034,101555,20181118,    0,    0
 18034,101555,20181119,   20,    0
 18034,101555,20181120,    5,    0
 18034,101555,20181121,    7,    0
 18034,101555,20181122,    8,    0
 18034,101555,20181123,   11,    0
 18034,101555,20181124,    4,    0
 18034,101555,20181125,   34,    0
 18034,101555,20181126,   13,    0
 18034,101555,20181127,    2,    0
 18034,101555,20181128,    0,    0
 18034,101555,20181129,    0,    0
 18034,101555,20181130,    0,    0
 18034,101555,20181201,    4,    0
 18034,101555,20181202,    0,    0
 18034,101555,20181203,    1,    0
 18034,101555,20181204,    5,    0
 18034,101555,20181205,   43,    0
 18034,101555,20181206,   28,    0
 18034,101555,20181207,    0,    0
 18034,101555,20181208,    2,    0
 18034,101555,20181209,   27,    0
 18034,101555,20181210,-9999,    9
 18034,101555,20181211,-9999,    9
 18034,101555,20181212,-9999,    9
 18034,101555,20181213,-9999,    9
 18034,101555,20181214,-9999,    9
 18034,101555,20181215,    0,    0
 18034,101555,20181216,    0,    0
 18034,101555,20181217,    0,    0
 18034,101555,20181218,    9,    0
 18034,101555,20181219,    2,    0
 18034,101555,20181220,    2,    0
 18034,101555,20181221,    0,    0
 18034,101555,20181222,    0,    0
 18034,101555,20181223,    1,    0
 18034,101555,20181224,    1,    0
 18034,101555,20181225,    5,    0
 18034,101555,20181226,    3,    0
 18034,101555,20181227,    0,    0
 18034,101555,20181228,   16,    0
 18034,101555,20181229,   16,    0
 18034,101555,20181230,    2,    0
 18034,101555,20181231,    2,    0
 18034,101555,20190101,    1,    0
 18034,101555,20190102,    6,    0
 18034,101555,20190103,   19,    0
 18034,101555,20190104,    2,    0
 18034,101555,20190105,   12,    0
 18034,101555,20190106,   25,    0
 18034,101555,20190107,    0,    0
 18034,101555,20190108,    0,    0
 18034,101555,20190109,    0,    0
 18034,101555,20190110,   31,    0
 18034,101555,20190111,   21,    0
 18034,101555,20190112,   14,    0
 18034,101555,20190113,   14,    0
 18034,101555,20190114,    1,    0
 18034,101555,20190115,    0,    0
 18034,101555,20190116,    6,    0
 18034,101555,20190117,    5,    0
 18034,101555,20190118,    0,    0
 18034,101555,20190119,    0,    0
 18034,101555,20190120,    2,    0
 18034,101555,20190121,    8,    0
 18034,101555,20190122,   26,    0
 18034,101555,20190123,   28,    0
 18034,101555,20190124,    3,    0
 18034,101555,20190125,   13,    0
 18034,101555,20190126,    0,    0
 18034,101555,20190127,    5,    0
 18034,101555,20190128,    2,    0
 18034,101555,20190129,    0,    0
 18034,101555,20190130,    2,    0
 18034,101555,20190131,    0,    0
 18034,101555,20190201,    2,    0
 18034,101555,20190202,    1,    0
 18034,101555,20190203,    4,    0
 18034,101555,20190204,    0,    0
 18034,101555,20190205,    2,    0
 18034,101555,20190206,    2,    0
 18034,101555,20190207,    1,    0
 18034,101555,20190208,    0,    0
 18034,101555,20190209,    0,    0
 18034,101555,20190210,    3,    0
 18034,101555,20190211,    3,    0
 18034,101555,20190212,    1,    0
 18034,101555,20190213,    1,    0
 18034,101555,20190214,    2,    0
 18034,101555,20190215,    2,    0
 18034,101555,20190216,    5,    0
 18034,101555,20190217,    0,    0
 18034,101555,20190218,    1,    0
 18034,101555,20190219,    0,    0
 18034,101555,20190220,    0,    0
 18034,101555,20190221,    9,    0
 18034,101555,20190222,   29,    0
 18034,101555,20190223,   14,    0
 18034,101555,20190224,   57,    0
 18034,101555,20190225,    0,    0
 18034,101555,20190226,   15,    0
 18034,101555,20190227,    3,    0
 18034,101555,20190228,   10,    0
 18034,101555,20190301,    0,    0
 18034,101555,20190302,    0,    0
 18034,101555,20190303,    1,    0
 18034,101555,20190304,-9999,    9
 18034,101555,20190305,-9999,    9
 18034,101555,20190306,-9999,    9
 18034,101555,20190307,-9999,    9
 18034,101555,20190308,-9999,    9
 18034,101555,20190309,-9999,    9
 18034,101555,20190310,-9999,    9
 18034,101555,20190311,-9999,    9
 18034,101555,20190312,-9999,    9
 18034,101555,20190313,-9999,    9
 18034,101555,20190314,-9999,    9
 18034,101555,20190315,-9999,    9
 18034,101555,20190316,-9999,    9
 18034,101555,20190317,-9999,    9
 18034,101555,20190318,-9999,    9
 18034,101555,20190319,-9999,    9
 18034,101555,20190320,-9999,    9
 18034,101555,20190321,-9999,    9
 18034,101555,20190322,-9999,    9
 18034,101555,20190323,-9999,    9
 18034,101555,20190324,-9999,    9
 18034,101555,20190325,-9999,    9
 18034,101555,20190326,-9999,    9
 18034,101555,20190327,-9999,    9
 18034,101555,20190328,-9999,    9
 18034,101555,20190329,-9999,    9
 18034,101555,20190330,-9999,    9
 18034,101555,20190331,-9999,    9
 18034,101555,20190401,-9999,    9
 18034,101555,20190402,-9999,    9
 18034,101555,20190403,-9999,    9
 18034,101555,20190404,-9999,    9
 18034,101555,20190405,-9999,    9
 18034,101555,20190406,-9999,    9
 18034,101555,20190407,-9999,    9
 18034,101555,20190408,-9999,    9
 18034,101555,20190409,-9999,    9
 18034,101555,20190410,-9999,    9
 18034,101555,20190411,-9999,    9
 18034,101555,20190412,-9999,    9
 18034,101555,20190413,-9999,    9
 18034,101555,20190414,-9999,    9
 18034,101555,20190415,-9999,    9
 18034,101555,20190416,-9999,    9
 18034,101555,20190417,-9999,    9
 18034,101555,20190418,-9999,    9
 18034,101555,20190419,-9999,    9
 18034,101555,20190420,-9999,    9
 18034,101555,20190421,-9999,    9
 18034,101555,20190422,-9999,    9
 18034,101555,20190423,-9999,    9
 18034,101555,20190424,-9999,    9
 18034,101555,20190425,-9999,    9
 18034,101555,20190426,-9999,    9
 18034,101555,20190427,-9999,    9
 18034,101555,20190428,-9999,    9
 18034,101555,20190429,-9999,    9
 18034,101555,20190430,-9999,    9
 18034,101555,20190501,-9999,    9
 18034,101555,20190502,-9999,    9
 18034,101555,20190503,-9999,    9
 18034,101555,20190504,-9999,    9
 18034,101555,20190505,-9999,    9
 18034,101555,20190506,-9999,    9
 18034,101555,20190507,-9999,    9
 18034,101555,20190508,-9999,    9
 18034,101555,20190509,-9999,    9
 18034,101555,20190510,-9999,    9
 18034,101555,20190511,-9999,    9
 18034,101555,20190512,-9999,    9
 18034,101555,20190513,-9999,    9
 18034,101555,20190514,-9999,    9
 18034,101555,20190515,-9999,    9
 18034,101555,20190516,-9999,    9
 18034,101555,20190517,-9999,    9
 18034,101555,20190518,-9999,    9
 18034,101555,20190519,-9999,    9
 18034,101555,20190520,-9999,    9
 18034,101555,20190521,-9999,    9
 18034,101555,20190522,-9999,    9
 18034,101555,20190523,-9999,    9
 18034,101555,20190524,-9999,    9
 18034,101555,20190525,-9999,    9
 18034,101555,20190526,-9999,    9
 18034,101555,20190527,-9999,    9
 18034,101555,20190528,-9999,    9
 18034,101555,20190529,-9999,    9
 18034,101555,20190530,-9999,    9
 18034,101555,20190531,-9999,    9
 18034,101555,20190601,-9999,    9
 18034,101555,20190602,-9999,    9
 18034,101555,20190603,-9999,    9
 18034,101555,20190604,-9999,    9
 18034,101555,20190605,-9999,    9
 18034,101555,20190606,-9999,    9
 18034,101555,20190607,-9999,    9
 18034,101555,20190608,-9999,    9
 18034,101555,20190609,-9999,    9
 18034,101555,20190610,-9999,    9
 18034,101555,20190611,-9999,    9
 18034,101555,20190612,-9999,    9
 18034,101555,20190613,-9999,    9
 18034,101555,20190614,    0,    0
 18034,101555,20190615,    0,    0
 18034,101555,20190616,    0,    0
 18034,101555,20190617,    0,    0
 18034,101555,20190618,    0,    0
 18034,101555,20190619,    1,    0
 18034,101555,20190620,    0,    0
 18034,101555,20190621,    0,    0
 18034,101555,20190622,    4,    0
 18034,101555,20190623,    0,    0
 18034,101555,20190624,    0,    0
 18034,101555,20190625,    0,    0
 18034,101555,20190626,    0,    0
 18034,101555,20190627,    8,    0
 18034,101555,20190628,   10,    0
 18034,101555,20190629,   81,    0
 18034,101555,20190630,    0,    0
 18034,101555,20190701,    3,    0
 18034,101555,20190702,   51,    0
 18034,101555,20190703,   25,    0
 18034,101555,20190704,   19,    0
 18034,101555,20190705,   11,    0
 18034,101555,20190706,    0,    0
 18034,101555,20190707,    0,    0
 18034,101555,20190708,    0,    0
 18034,101555,20190709,    0,    0
 18034,101555,20190710,    0,    0
 18034,101555,20190711,    0,    0
 18034,101555,20190712,    0,    0
 18034,101555,20190713,    4,    0
 18034,101555,20190714,    0,    0
 18034,101555,20190715,   13,    0
 18034,101555,20190716,   51,    0
 18034,101555,20190717,    7,    0
 18034,101555,20190718,    0,    0
 18034,101555,20190719,    0,    0
 18034,101555,20190720,    0,    0
 18034,101555,20190721,    1,    0
 18034,101555,20190722,    0,    0
 18034,101555,20190723,    0,    0
 18034,101555,20190724,    3,    0
 18034,101555,20190725,  141,    0
 18034,101555,20190726,    0,    0
 18034,101555,20190727,    1,    0
 18034,101555,20190728,    5,    0
 18034,101555,20190729,    2,    0
 18034,101555,20190730,    0,    0
 18034,101555,20190731,    2,    0
 18034,101555,20190801,    1,    0
 18034,101555,20190802,    1,    0
 18034,101555,20190803,    0,    0
 18034,101555,20190804,    3,    0
 18034,101555,20190805,    3,    0
 18034,101555,20190806,    5,    0
 18034,101555,20190807,    0,    0
 18034,101555,20190808,    0,    0
 18034,101555,20190809,-9999,    9
 18034,101555,20190810,-9999,    9
 18034,101555,20190811,-9999,    9
 18034,101555,20190812,-9999,    9
 18034,101555,20190813,-9999,    9
 18034,101555,20190814,-9999,    9
 18034,101555,20190815,-9999,    9
 18034,101555,20190816,-9999,    9
 18034,101555,20190817,-9999,    9
 18034,101555,20190818,-9999,    9
 18034,101555,20190819,-9999,    9
 18034,101555,20190820,-9999,    9
 18034,101555,20190821,-9999,    9
 18034,101555,20190822,-9999,    9
 18034,101555,20190823,-9999,    9
 18034,101555,20190824,-9999,    9
 18034,101555,20190825,-9999,    9
 18034,101555,20190826,-9999,    9
 18034,101555,20190827,-9999,    9
 18034,101555,20190828,-9999,    9
 18034,101555,20190829,-9999,    9
 18034,101555,20190830,-9999,    9
 18034,101555,20190831,-9999,    9
 18034,101555,20190901,-9999,    9
 18034,101555,20190902,-9999,    9
 18034,101555,20190903,-9999,    9
 18034,101555,20190904,-9999,    9
 18034,101555,20190905,-9999,    9
 18034,101555,20190906,-9999,    9
 18034,101555,20190907,-9999,    9
 18034,101555,20190908,-9999,    9
 18034,101555,20190909,-9999,    9
 18034,101555,20190910,-9999,    9
 18034,101555,20190911,-9999,    9
 18034,101555,20190912,-9999,    9
 18034,101555,20190913,-9999,    9
 18034,101555,20190914,-9999,    9
 18034,101555,20190915,-9999,    9
 18034,101555,20190916,-9999,    9
 18034,101555,20190917,-9999,    9
 18034,101555,20190918,   11,    0
 18034,101555,20190919,   55,    0
 18034,101555,20190920,    6,    0
 18034,101555,20190921,    2,    0
 18034,101555,20190922,   10,    0
 18034,101555,20190923,   29,    0
 18034,101555,20190924,    6,    0
 18034,101555,20190925,   26,    0
 18034,101555,20190926,    0,    0
 18034,101555,20190927,    0,    0
 18034,101555,20190928,   11,    0
 18034,101555,20190929,   10,    0
 18034,101555,20190930,    0,    0
 18034,101555,20191001,    6,    0
 18034,101555,20191002,    6,    0
 18034,101555,20191003,    6,    0
 18034,101555,20191004,    0,    0
 18034,101555,20191005,    4,    0
 18034,101555,20191006,    5,    0
 18034,101555,20191007,    1,    0
 18034,101555,20191008,    2,    0
 18034,101555,20191009,    7,    0
 18034,101555,20191010,    9,    0
 18034,101555,20191011,    1,    0
 18034,101555,20191012,    2,    0
 18034,101555,20191013,    1,    0
 18034,101555,20191014,    0,    0
 18034,101555,20191015,    5,    0
 18034,101555,20191016,    1,    0
 18034,101555,20191017,    3,    0
 18034,101555,20191018,   10,    0
 18034,101555,20191019,    3,    0
 18034,101555,20191020,    0,    0
 18034,101555,20191021,    4,    0
 18034,101555,20191022,    8,    0
 18034,101555,20191023,    9,    0
 18034,101555,20191024,    6,    0
 18034,101555,20191025,    6,    0
 18034,101555,20191026,    1,    0
 18034,101555,20191027,    1,    0
 18034,101555,20191028,   23,    0
 18034,101555,20191029,    7,    0
 18034,101555,20191030,    1,    0
 18034,101555,20191031,    1,    0
 18034,101555,20191101,    2,    0
 18034,101555,20191102,    0,    0
 18034,101555,20191103,   20,    0
 18034,101555,20191104,   21,    0
 18034,101555,20191105,    5,    0
 18034,101555,20191106,    1,    0
 18034,101555,20191107,    3,    0
 18034,101555,20191108,    2,    0
 18034,101555,20191109,    2,    0
 18034,101555,20191110,    0,    0
 18034,101555,20191111,    0,    0
 18034,101555,20191112,    1,    0
 18034,101555,20191113,   10,    0
 18034,101555,20191114,   30,    0
 18034,101555,20191115,    4,    0
 18034,101555,20191116,    1,    0
 18034,101555,20191117,    4,    0
 18034,101555,20191118,   28,    0
 18034,101555,20191119,    0,    0
 18034,101555,20191120,    2,    0
 18034,101555,20191121,    1,    0
 18034,101555,20191122,    0,    0
 18034,101555,20191123,    3,    0
 18034,101555,20191124,    2,    0
 18034,101555,20191125,   16,    0
 18034,101555,20191126,    4,    0
 18034,101555,20191127,    7,    0
 18034,101555,20191128,    4,    0
 18034,101555,20191129,   23,    0
 18034,101555,20191130,    3,    0
 18034,101555,20191201,   34,    0
 18034,101555,20191202,   28,    0
 18034,101555,20191203,    3,    0
 18034,101555,20191204,   44,    0
 18034,101555,20191205,   27,    0
 18034,101555,20191206,   13,    0
 18034,101555,20191207,    9,    0
 18034,101555,20191208,    1,    0
 18034,101555,20191209,   14,    0
 18034,101555,20191210,   18,    0
 18034,101555,20191211,   15,    0
 18034,101555,20191212,    1,    0
 18034,101555,20191213,   12,    0
 18034,101555,20191214,    0,    0
 18034,101555,20191215,    2,    0
 18034,101555,20191216,   15,    0
 18034,101555,20191217,    7,    0
 18034,101555,20191218,    1,    0
 18034,101555,20191219,    1,    0
 18034,101555,20191220,    1,    0
 18034,101555,20191221,    2,    0
 18034,101555,20191222,    0,    0
 18034,101555,20191223,    3,    0
 18034,101555,20191224,    3,    0
 18034,101555,20191225,    5,    0
 18034,101555,20191226,    0,    0
 18034,101555,20191227,    0,    0
 18034,101555,20191228,    5,    0
 18034,101555,20191229,    8,    0
 18034,101555,20191230,    2,    0
 18034,101555,20191231,    3,    0
 18034,101555,20200101,   11,    0
 18034,101555,20200102,   67,    0
 18034,101555,20200103,    6,    0
 18034,101555,20200104,   22,    0
 18034,101555,20200105,   18,    0
 18034,101555,20200106,    0,    0
 18034,101555,20200107,   13,    0
 18034,101555,20200108,    3,    0
 18034,101555,20200109,   20,    0
 18034,101555,20200110,    6,    0
 18034,101555,20200111,   14,    0
 18034,101555,20200112,    4,    0
 18034,101555,20200113,    2,    0
 18034,101555,20200114,    1,    0
 18034,101555,20200115,    2,    0
 18034,101555,20200116,    1,    0
 18034,101555,20200117,    2,    0
 18034,101555,20200118,    0,    0
 18034,101555,20200119,    9,    0
 18034,101555,20200120,    3,    0
 18034,101555,20200121,   16,    0
 18034,101555,20200122,   18,    0
 18034,101555,20200123,   10,    0
 18034,101555,20200124,    9,    0
 18034,101555,20200125,   17,    0
 18034,101555,20200126,    3,    0
 18034,101555,20200127,    0,    0
 18034,101555,20200128,    1,    0
 18034,101555,20200129,    2,    0
 18034,101555,20200130,    2,    0
 18034,101555,20200131,    0,    0
 18034,101555,20200201,    2,    0
 18034,101555,20200202,   14,    0
 18034,101555,20200203,    1,    0
 18034,101555,20200204,    1,    0
 18034,101555,20200205,   13,    0
 18034,101555,20200206,    9,    0
 18034,101555,20200207,   10,    0
 18034,101555,20200208,    5,    0
 18034,101555,20200209,   21,    0
 18034,101555,20200210,   14,    0
 18034,101555,20200211,    4,    0
 18034,101555,20200212,    0,    0
 18034,101555,20200213,    0,    0
 18034,101555,20200214,    1,    0
 18034,101555,20200215,    7,    0
 18034,101555,20200216,   24,    0
 18034,101555,20200217,   12,    0
 18034,101555,20200218,    8,    0
 18034,101555,20200219,    1,    0
 18034,101555,20200220,    6,    0
 18034,101555,20200221,    1,    0
 18034,101555,20200222,    0,    0
 18034,101555,20200223,    1,    0
 18034,101555,20200224,   13,    0
 18034,101555,20200225,    1,    0
 18034,101555,20200226,    5,    0
 18034,101555,20200227,    0,    0
 18034,101555,20200228,    0,    0
 18034,101555,20200229,    0,    0
 18034,101555,20200301,    7,    0
 18034,101555,20200302,   15,    0
 18034,101555,20200303,    7,    0
 18034,101555,20200304,    0,    0
 18034,101555,20200305,   25,    0
 18034,101555,20200306,    4,    0
 18034,101555,20200307,    1,    0
 18034,101555,20200308,    5,    0
 18034,101555,20200309,   12,    0
 18034,101555,20200310,    4,    0
 18034,101555,20200311,   26,    0
 18034,101555,20200312,   47,    0
 18034,101555,20200313,    2,    0
 18034,101555,20200314,    4,    0
 18034,101555,20200315,    2,    0
 18034,101555,20200316,    7,    0
 18034,101555,20200317,    6,    0
 18034,101555,20200318,   12,    0
 18034,101555,20200319,   13,    0
 18034,101555,20200320,    3,    0
 18034,101555,20200321,    3,    0
 18034,101555,20200322,    0,    0
 18034,101555,20200323,    1,    0
 18034,101555,20200324,    0,    0
 18034,101555,20200325,    0,    0
 18034,101555,20200326,    5,    0
 18034,101555,20200327,   28,    0
 18034,101555,20200328,   27,    0
 18034,101555,20200329,    1,    0
 18034,101555,20200330,    1,    0
 18034,101555,20200331,    5,    0
 18034,101555,20200401,    2,    0
 18034,101555,20200402,    2,    0
 18034,101555,20200403,    0,    0
 18034,101555,20200404,    0,    0
 18034,101555,20200405,    2,    0
 18034,101555,20200406,    2,    0
 18034,101555,20200407,    4,    0
 18034,101555,20200408,   28,    0
 18034,101555,20200409,    1,    0
 18034,101555,20200410,    5,    0
 18034,101555,20200411,    3,    0
 18034,101555,20200412,    0,    0
 18034,101555,20200413,    0,    0
 18034,101555,20200414,    1,    0
 18034,101555,20200415,    0,    0
 18034,101555,20200416,    2,    0
 18034,101555,20200417,   14,    0
 18034,101555,20200418,    4,    0
 18034,101555,20200419,    0,    0
 18034,101555,20200420,    2,    0
 18034,101555,20200421,    0,    0
 18034,101555,20200422,    0,    0
 18034,101555,20200423,    3,    0
 18034,101555,20200424,   19,    0
 18034,101555,20200425,   14,    0
 18034,101555,20200426,    9,    0
 18034,101555,20200427,    0,    0
 18034,101555,20200428,    0,    0
 18034,101555,20200429,    0,    0
 18034,101555,20200430,    0,    0
 18034,101555,20200501,    0,    0
 18034,101555,20200502,    2,    0
 18034,101555,20200503,   25,    0
 18034,101555,20200504,   15,    0
 18034,101555,20200505,    1,    0
 18034,101555,20200506,    0,    0
 18034,101555,20200507,    2,    0
 18034,101555,20200508,    0,    0
 18034,101555,20200509,    0,    0
 18034,101555,20200510,    0,    0
 18034,101555,20200511,    4,    0
 18034,101555,20200512,    5,    0
 18034,101555,20200513,    0,    0
 18034,101555,20200514,   23,    0
 18034,101555,20200515,    3,    0
 18034,101555,20200516,    7,    0
 18034,101555,20200517,    8,    0
 18034,101555,20200518,    8,    0
 18034,101555,20200519,    0,    0
 18034,101555,20200520,    0,    0
 18034,101555,20200521,    0,    0
 18034,101555,20200522,    0,    0
 18034,101555,20200523,    0,    0
 18034,101555,20200524,    0,    0
 18034,101555,20200525,    0,    0
 18034,101555,20200526,    0,    0
 18034,101555,20200527,    0,    0
 18034,101555,20200528,   26,    0
 18034,101555,20200529,    4,    0
 18034,101555,20200530,   29,    0
 18034,101555,20200531,   12,    0
 18034,101555,20200601,    0,    0
 18034,101555,20200602,    2,    0
 18034,101555,20200603,    0,    0
 18034,101555,20200604,    0,    0
 18034,101555,20200605,    1,    0
 18034,101555,20200606,    0,    0
 18034,101555,20200607,   26,    0
 18034,101555,20200608,   50,    0
 18034,101555,20200609,   31,    0
 18034,101555,20200610,    0,    0
 18034,101555,20200611,    4,    0
 18034,101555,20200612,    0,    0
 18034,101555,20200613,    0,    0
 18034,101555,20200614,   40,    0
 18034,101555,20200615,    0,    0
 18034,101555,20200616,    4,    0
 18034,101555,20200617,    0,    0
 18034,101555,20200618,    0,    0
 18034,101555,20200619,    3,    0
 18034,101555,20200620,    0,    0
 18034,101555,20200621,    0,    0
 18034,101555,20200622,    6,    0
 18034,101555,20200623,    1,    0
 18034,101555,20200624,    7,    0
 18034,101555,20200625,   24,    0
 18034,101555,20200626,   12,    0
 18034,101555,20200627,    0,    0
 18034,101555,20200628,    2,    0
 18034,101555,20200629,   39,    0
 18034,101555,20200630,   87,    0
 18034,101555,20200701,   63,    0
 18034,101555,20200702,    0,    0
 18034,101555,20200703,   23,    0
 18034,101555,20200704,    3,    0
 18034,101555,20200705,   68,    0
 18034,101555,20200706,   18,    0
 18034,101555,20200707,    4,    0
 18034,101555,20200708,  106,    0
 18034,101555,20200709,    3,    0
 18034,101555,20200710,   32,    0
 18034,101555,20200711,    0,    0
 18034,101555,20200712,    1,    0
 18034,101555,20200713,    2,    0
 18034,101555,20200714,    0,    0
 18034,101555,20200715,    1,    0
 18034,101555,20200716,   13,    0
 18034,101555,20200717,    0,    0
 18034,101555,20200718,   35,    0
 18034,101555,20200719,  109,    0
 18034,101555,20200720,    0,    0
 18034,101555,20200721,    0,    0
 18034,101555,20200722,    0,    0
 18034,101555,20200723,    1,    0
 18034,101555,20200724,    0,    0
 18034,101555,20200725,    1,    0
 18034,101555,20200726,    0,    0
 18034,101555,20200727,    0,    0
 18034,101555,20200728,    0,    0
 18034,101555,20200729,    5,    0
 18034,101555,20200730,    0,    0
 18034,101555,20200731,    0,    0
 18034,101555,20200801,    0,    0
 18034,101555,20200802,    7,    0
 18034,101555,20200803,    2,    0
 18034,101555,20200804,    0,    0
 18034,101555,20200805,    0,    0
 18034,101555,20200806,    7,    0
 18034,101555,20200807,    1,    0
 18034,101555,20200808,    0,    0
 18034,101555,20200809,  183,    0
 18034,101555,20200810,    7,    0
 18034,101555,20200811,    0,    0
 18034,101555,20200812,    0,    0
 18034,101555,20200813,    0,    0
 18034,101555,20200814,   37,    0
 18034,101555,20200815,   95,    0
 18034,101555,20200816,   57,    0
 18034,101555,20200817,   10,    0
 18034,101555,20200818,    5,    0
 18034,101555,20200819,    0,    0
 18034,101555,20200820,    7,    0
 18034,101555,20200821,   25,    0
 18034,101555,20200822,    0,    0
 18034,101555,20200823,   13,    0
 18034,101555,20200824,    0,    0
 18034,101555,20200825,    0,    0
 18034,101555,20200826,    1,    0
 18034,101555,20200827,    4,    0
 18034,101555,20200828,    4,    0
 18034,101555,20200829,    6,    0
 18034,101555,20200830,   12,    0
 18034,101555,20200831,    3,    0
 18034,101555,20200901,    0,    0
 18034,101555,20200902,    0,    0
 18034,101555,20200903,    3,    0
 18034,101555,20200904,    1,    0
 18034,101555,20200905,    7,    0
 18034,101555,20200906,    1,    0
 18034,101555,20200907,    0,    0
 18034,101555,20200908,    1,    0
 18034,101555,20200909,    1,    0
 18034,101555,20200910,    0,    0
 18034,101555,20200911,    0,    0
 18034,101555,20200912,    0,    0
 18034,101555,20200913,    0,    0
 18034,101555,20200914,    8,    0
 18034,101555,20200915,    1,    0
 18034,101555,20200916,   78,    0
 18034,101555,20200917,   24,    0
 18034,101555,20200918,  144,    0
 18034,101555,20200919,   58,    0
 18034,101555,20200920,   43,    0
 18034,101555,20200921,   89,    0
 18034,101555,20200922,   16,    0
 18034,101555,20200923,    0,    0
 18034,101555,20200924,    8,    0
 18034,101555,20200925,   82,    0
 18034,101555,20200926,    0,    0
 18034,101555,20200927,    0,    0
 18034,101555,20200928,    0,    0
 18034,101555,20200929,    0,    0
 18034,101555,20200930,    0,    0
 18034,101555,20201001,    0,    0
 18034,101555,20201002,    0,    0
 18034,101555,20201003,    0,    0
 18034,101555,20201004,    0,    0
 18034,101555,20201005,    4,    0
 18034,101555,20201006,    0,    0
 18034,101555,20201007,    0,    0
 18034,101555,20201008,    0,    0
 18034,101555,20201009,   11,    0
 18034,101555,20201010,    0,    0
 18034,101555,20201011,    2,    0
 18034,101555,20201012,    1,    0
 18034,101555,20201013,    0,    0
 18034,101555,20201014,   35,    0
 18034,101555,20201015,    3,    0
 18034,101555,20201016,    0,    0
 18034,101555,20201017,    0,    0
 18034,101555,20201018,    0,    0
 18034,101555,20201019,    2,    0
 18034,101555,20201020,    2,    0
 18034,101555,20201021,    3,    0
 18034,101555,20201022,    4,    0
 18034,101555,20201023,   12,    0
 18034,101555,20201024,    6,    0
 18034,101555,20201025,   16,    0
 18034,101555,20201026,   10,    0
 18034,101555,20201027,   62,    0
 18034,101555,20201028,    4,    0
 18034,101555,20201029,    6,    0
 18034,101555,20201030,    2,    0
 18034,101555,20201031,    0,    0
 18034,101555,20201101,    5,    0
 18034,101555,20201102,  130,    0
 18034,101555,20201103,    9,    0
 18034,101555,20201104,    1,    0
 18034,101555,20201105,   68,    0
 18034,101555,20201106,   17,    0
 18034,101555,20201107,   25,    0
 18034,101555,20201108,   14,    0
 18034,101555,20201109,    6,    0
 18034,101555,20201110,   19,    0
 18034,101555,20201111,    0,    0
 18034,101555,20201112,    2,    0
 18034,101555,20201113,    2,    0
 18034,101555,20201114,    0,    0
 18034,101555,20201115,   58,    0
 18034,101555,20201116,   19,    0
 18034,101555,20201117,    1,    0
 18034,101555,20201118,    5,    0
 18034,101555,20201119,    2,    0
 18034,101555,20201120,   15,    0
 18034,101555,20201121,   18,    0
 18034,101555,20201122,    2,    0
 18034,101555,20201123,    4,    0
 18034,101555,20201124,    3,    0
 18034,101555,20201125,    2,    0
 18034,101555,20201126,    0,    0
 18034,101555,20201127,    0,    0
 18034,101555,20201128,    2,    0
 18034,101555,20201129,    0,    0
 18034,101555,20201130,    1,    0
 18034,101555,20201201,    4,    0
 18034,101555,20201202,    2,    0
 18034,101555,20201203,    1,    0
 18034,101555,20201204,    8,    0
 18034,101555,20201205,    5,    0
 18034,101555,20201206,    8,    0
 18034,101555,20201207,    1,    0
 18034,101555,20201208,   17,    0
 18034,101555,20201209,    2,    0
 18034,101555,20201210,    6,    0
 18034,101555,20201211,    0,    0
 18034,101555,20201212,    2,    0
 18034,101555,20201213,    0,    0
 18034,101555,20201214,    8,    0
 18034,101555,20201215,    2,    0
 18034,101555,20201216,    4,    0
 18034,101555,20201217,    0,    0
 18034,101555,20201218,    1,    0
 18034,101555,20201219,    1,    0
 18034,101555,20201220,   21,    0
 18034,101555,20201221,    0,    0
 18034,101555,20201222,    2,    0
 18034,101555,20201223,    1,    0
 18034,101555,20201224,    3,    0
 18034,101555,20201225,    0,    0
 18034,101555,20201226,    1,    0
 18034,101555,20201227,    4,    0
 18034,101555,20201228,    4,    0
 18034,101555,20201229,    0,    0
 18034,101555,20201230,    0,    0
 18034,101555,20201231,    1,    0
 18034,101555,20210101,    0,    0
 18034,101555,20210102,   31,    0
 18034,101555,20210103,    0,    0
 18034,101555,20210104,    1,    0
 18034,101555,20210105,    1,    0
 18034,101555,20210106,    1,    0
 18034,101555,20210107,    1,    0
 18034,101555,20210108,    1,    0
 18034,101555,20210109,    1,    0
 18034,101555,20210110,    1,    0
 18034,101555,20210111,    0,    0
 18034,101555,20210112,    1,    0
 18034,101555,20210113,    2,    0
 18034,101555,20210114,    4,    0
 18034,101555,20210115,    7,    0
 18034,101555,20210116,    4,    0
 18034,101555,20210117,    7,    0
 18034,101555,20210118,   28,    0
 18034,101555,20210119,    2,    0
 18034,101555,20210120,    3,    0
 18034,101555,20210121,   21,    0
 18034,101555,20210122,    1,    0
 18034,101555,20210123,    2,    0
 18034,101555,20210124,    9,    0
 18034,101555,20210125,   27,    0
 18034,101555,20210126,    3,    0
 18034,101555,20210127,    0,    0
 18034,101555,20210128,    1,    0
 18034,101555,20210129,    9,    0
 18034,101555,20210130,    3,    0
 18034,101555,20210131,    2,    0
 18034,101555,20210201,    6,    0
 18034,101555,20210202,    8,    0
 18034,101555,20210203,    3,    0
 18034,101555,20210204,   10,    0
 18034,101555,20210205,   39,    0
 18034,101555,20210206,   62,    0
 18034,101555,20210207,  104,    0
 18034,101555,20210208,   77,    0
 18034,101555,20210209,   30,    0
 18034,101555,20210210,    4,    0
 18034,101555,20210211,    2,    0
 18034,101555,20210212,    3,    0
 18034,101555,20210213,    2,    0
 18034,101555,20210214,   13,    0
 18034,101555,20210215,    4,    0
 18034,101555,20210216,    1,    0
 18034,101555,20210217,    8,    0
 18034,101555,20210218,    2,    0
 18034,101555,20210219,    0,    0
 18034,101555,20210220,    1,    0
 18034,101555,20210221,    0,    0
 18034,101555,20210222,    0,    0
 18034,101555,20210223,   11,    0
 18034,101555,20210224,    7,    0
 18034,101555,20210225,    3,    0
 18034,101555,20210226,    0,    0
 18034,101555,20210227,    5,    0
 18034,101555,20210228,   27,    0
 18034,101555,20210301,   22,    0
 18034,101555,20210302,    0,    0
 18034,101555,20210303,   20,    0
 18034,101555,20210304,   32,    0
 18034,101555,20210305,    6,    0
 18034,101555,20210306,    7,    0
 18034,101555,20210307,    2,    0
 18034,101555,20210308,   14,    0
 18034,101555,20210309,    0,    0
 18034,101555,20210310,    0,    0
 18034,101555,20210311,    0,    0
 18034,101555,20210312,    1,    0
 18034,101555,20210313,   28,    0
 18034,101555,20210314,   25,    0
 18034,101555,20210315,    5,    0
 18034,101555,20210316,    5,    0
 18034,101555,20210317,   13,    0
 18034,101555,20210318,    0,    0
 18034,101555,20210319,   10,    0
 18034,101555,20210320,    1,    0
 18034,101555,20210321,   10,    0
 18034,101555,20210322,    5,    0
 18034,101555,20210323,   10,    0
 18034,101555,20210324,   13,    0
 18034,101555,20210325,    9,    0
 18034,101555,20210326,    0,    0
 18034,101555,20210327,    0,    0
 18034,101555,20210328,    1,    0
 18034,101555,20210329,    8,    0
 18034,101555,20210330,    3,    0
 18034,101555,20210331,    5,    0
 18034,101555,20210401,    0,    0
 18034,101555,20210402,    2,    0
 18034,101555,20210403,   19,    0
 18034,101555,20210404,   25,    0
 18034,101555,20210405,    5,    0
 18034,101555,20210406,    2,    0
 18034,101555,20210407,   10,    0
 18034,101555,20210408,    2,    0
 18034,101555,20210409,    1,    0
 18034,101555,20210410,    0,    0
 18034,101555,20210411,    3,    0
 18034,101555,20210412,    1,    0
 18034,101555,20210413,    0,    0
 18034,101555,20210414,   18,    0
 18034,101555,20210415,   38,    0
 18034,101555,20210416,   10,    0
 18034,101555,20210417,    3,    0
 18034,101555,20210418,    0,    0
 18034,101555,20210419,    0,    0
 18034,101555,20210420,    0,    0
 18034,101555,20210421,    0,    0
 18034,101555,20210422,    2,    0
 18034,101555,20210423,    1,    0
 18034,101555,20210424,    7,    0
 18034,101555,20210425,    0,    0
 18034,101555,20210426,    0,    0
 18034,101555,20210427,    1,    0
 18034,101555,20210428,    2,    0
 18034,101555,20210429,    5,    0
 18034,101555,20210430,   15,    0
 18034,101555,20210501,    8,    0
 18034,101555,20210502,    2,    0
 18034,101555,20210503,    0,    0
 18034,101555,20210504,    3,    0
 18034,101555,20210505,    0,    0
 18034,101555,20210506,    2,    0
 18034,101555,20210507,    5,    0
 18034,101555,20210508,    0,    0
 18034,101555,20210509,    0,    0
 18034,101555,20210510,    0,    0
 18034,101555,20210511,   29,    0
 18034,101555,20210512,    1,    0
 18034,101555,20210513,    0,    0
 18034,101555,20210514,    1,    0
 18034,101555,20210515,   11,    0
 18034,101555,20210516,   48,    0
 18034,101555,20210517,    0,    0
 18034,101555,20210518,   18,    0
 18034,101555,20210519,   15,    0
 18034,101555,20210520,    6,    0
 18034,101555,20210521,    4,    0
 18034,101555,20210522,    0,    0
 18034,101555,20210523,    0,    0
 18034,101555,20210524,    0,    0
 18034,101555,20210525,    0,    0
 18034,101555,20210526,    1,    0
 18034,101555,20210527,    4,    0
 18034,101555,20210528,    6,    0
 18034,101555,20210529,    0,    0
 18034,101555,20210530,    0,    0
 18034,101555,20210531,    0,    0
 18034,101555,20210601,    0,    0
 18034,101555,20210602,    0,    0
 18034,101555,20210603,    0,    0
 18034,101555,20210604,    1,    0
 18034,101555,20210605,    0,    0
 18034,101555,20210606,    0,    0
 18034,101555,20210607,    1,    0
 18034,101555,20210608,    0,    0
 18034,101555,20210609,    0,    0
 18034,101555,20210610,    0,    0
 18034,101555,20210611,   19,    0
 18034,101555,20210612,    0,    0
 18034,101555,20210613,   20,    0
 18034,101555,20210614,    3,    0
 18034,101555,20210615,    2,    0
 18034,101555,20210616,    0,    0
 18034,101555,20210617,    0,    0
 18034,101555,20210618,   44,    0
 18034,101555,20210619,    0,    0
 18034,101555,20210620,    0,    0
 18034,101555,20210621,   35,    0
 18034,101555,20210622,    9,    0
 18034,101555,20210623,    0,    0
 18034,101555,20210624,   30,    0
 18034,101555,20210625,    0,    0
 18034,101555,20210626,   13,    0
 18034,101555,20210627,   83,    0
 18034,101555,20210628,    5,    0
 18034,101555,20210629,   14,    0
 18034,101555,20210630,    0,    0
 18034,101555,20210701,    4,    0
 18034,101555,20210702,    0,    0
 18034,101555,20210703,    0,    0
 18034,101555,20210704,    0,    0
 18034,101555,20210705,    0,    0
 18034,101555,20210706,    0,    0
 18034,101555,20210707,    0,    0
 18034,101555,20210708,    7,    0
 18034,101555,20210709,    0,    0
 18034,101555,20210710,    0,    0
 18034,101555,20210711,    0,    0
 18034,101555,20210712,  128,    0
 18034,101555,20210713,  164,    0
 18034,101555,20210714,    0,    0
 18034,101555,20210715,  244,    0
 18034,101555,20210716,   11,    0
 18034,101555,20210717,  109,    0
 18034,101555,20210718,   13,    0
 18034,101555,20210719,   38,    0
 18034,101555,20210720,   29,    0
 18034,101555,20210721,   17,    0
 18034,101555,20210722,   16,    0
 18034,101555,20210723,    6,    0
 18034,101555,20210724,    8,    0
 18034,101555,20210725,    6,    0
 18034,101555,20210726,    0,    0
 18034,101555,20210727,    0,    0
 18034,101555,20210728,    2,    0
 18034,101555,20210729,   88,    0
 18034,101555,20210730,    6,    0
 18034,101555,20210731,    4,    0
 18034,101555,20210801,  138,    0
 18034,101555,20210802,   11,    0
 18034,101555,20210803,   34,    0
 18034,101555,20210804,   39,    0
 18034,101555,20210805,    0,    0
 18034,101555,20210806,    0,    0
 18034,101555,20210807,    0,    0
 18034,101555,20210808,    0,    0
 18034,101555,20210809,    2,    0
 18034,101555,20210810,    1,    0
 18034,101555,20210811,   41,    0
 18034,101555,20210812,    6,    0
 18034,101555,20210813,    0,    0
 18034,101555,20210814,    0,    0
 18034,101555,20210815,    1,    0
 18034,101555,20210816,    0,    0
 18034,101555,20210817,    1,    0
 18034,101555,20210818,   40,    0
 18034,101555,20210819,   37,    0
 18034,101555,20210820,    0,    0
 18034,101555,20210821,    1,    0
 18034,101555,20210822,    8,    0
 18034,101555,20210823,    0,    0
 18034,101555,20210824,    0,    0
 18034,101555,20210825,    1,    0
 18034,101555,20210826,    0,    0
 18034,101555,20210827,    4,    0
 18034,101555,20210828,    3,    0
 18034,101555,20210829,    0,    0
 18034,101555,20210830,    1,    0
 18034,101555,20210831,   26,    0
 18034,101555,20210901,   41,    0
 18034,101555,20210902,   51,    0
 18034,101555,20210903,  100,    0
 18034,101555,20210904,    4,    0
 18034,101555,20210905,   35,    0
 18034,101555,20210906,    5,    0
 18034,101555,20210907,    0,    0
 18034,101555,20210908,    0,    0
 18034,101555,20210909,    0,    0
 18034,101555,20210910,   27,    0
 18034,101555,20210911,    0,    0
 18034,101555,20210912,    1,    0
 18034,101555,20210913,    0,    0
 18034,101555,20210914,    1,    0
 18034,101555,20210915,    1,    0
 18034,101555,20210916,    0,    0
 18034,101555,20210917,    2,    0
 18034,101555,20210918,    3,    0
 18034,101555,20210919,    0,    0
 18034,101555,20210920,    0,    0
 18034,101555,20210921,    0,    0
 18034,101555,20210922,   15,    0
 18034,101555,20210923,    0,    0
 18034,101555,20210924,    8,    0
 18034,101555,20210925,    5,    0
 18034,101555,20210926,    3,    0
 18034,101555,20210927,    3,    0
 18034,101555,20210928,    0,    0
 18034,101555,20210929,    0,    0
 18034,101555,20210930,    0,    0
 18034,101555,20211001,    1,    0
 18034,101555,20211002,    1,    0
 18034,101555,20211003,    1,    0
 18034,101555,20211004,    2,    0
 18034,101555,20211005,    0,    0
 18034,101555,20211006,    1,    0
 18034,101555,20211007,   11,    0
 18034,101555,20211008,    7,    0
 18034,101555,20211009,    5,    0
 18034,101555,20211010,    8,    0
 18034,101555,20211011,   58,    0
 18034,101555,20211012,    5,    0
 18034,101555,20211013,    4,    0
 18034,101555,20211014,    0,    0
 18034,101555,20211015,   15,    0
 18034,101555,20211016,   53,    0
 18034,101555,20211017,   72,    0
 18034,101555,20211018,   15,    0
 18034,101555,20211019,    7,    0
 18034,101555,20211020,    8,    0
 18034,101555,20211021,   13,    0
 18034,101555,20211022,    3,    0
 18034,101555,20211023,   14,    0
 18034,101555,20211024,    6,    0
 18034,101555,20211025,    7,    0
 18034,101555,20211026,   11,    0
 18034,101555,20211027,    7,    0
 18034,101555,20211028,   10,    0
 18034,101555,20211029,   11,    0
 18034,101555,20211030,    0,    0
 18034,101555,20211031,    1,    0
 18034,101555,20211101,   35,    0
 18034,101555,20211102,    0,    0
 18034,101555,20211103,    0,    0
 18034,101555,20211104,    0,    0
 18034,101555,20211105,   15,    0
 18034,101555,20211106,    7,    0
 18034,101555,20211107,   26,    0
 18034,101555,20211108,    8,    0
 18034,101555,20211109,    6,    0
 18034,101555,20211110,    2,    0
 18034,101555,20211111,    4,    0
 18034,101555,20211112,    4,    0
 18034,101555,20211113,   22,    0
 18034,101555,20211114,    0,    0
 18034,101555,20211115,   16,    0
 18034,101555,20211116,    0,    0
 18034,101555,20211117,   44,    0
 18034,101555,20211118,   30,    0
 18034,101555,20211119,   13,    0
 18034,101555,20211120,   12,    0
 18034,101555,20211121,    7,    0
 18034,101555,20211122,    1,    0
 18034,101555,20211123,    5,    0
 18034,101555,20211124,    1,    0
 18034,101555,20211125,    1,    0
 18034,101555,20211126,    0,    0
 18034,101555,20211127,    1,    0
 18034,101555,20211128,    4,    0
 18034,101555,20211129,    0,    0
 18034,101555,20211130,    4,    0
 18034,101555,20211201,    7,    0
 18034,101555,20211202,    4,    0
 18034,101555,20211203,    1,    0
 18034,101555,20211204,    2,    0
 18034,101555,20211205,    0,    0
 18034,101555,20211206,    6,    0
 18034,101555,20211207,    0,    0
 18034,101555,20211208,    0,    0
 18034,101555,20211209,    0,    0
 18034,101555,20211210,    4,    0
 18034,101555,20211211,    0,    0
 18034,101555,20211212,   24,    0
 18034,101555,20211213,   10,    0
 18034,101555,20211214,    8,    0
 18034,101555,20211215,    0,    0
 18034,101555,20211216,    1,    0
 18034,101555,20211217,   22,    0
 18034,101555,20211218,    9,    0
 18034,101555,20211219,   11,    0
 18034,101555,20211220,    3,    0
 18034,101555,20211221,    0,    0
 18034,101555,20211222,   11,    0
 18034,101555,20211223,   18,    0
 18034,101555,20211224,    0,    0
 18034,101555,20211225,   22,    0
 18034,101555,20211226,    9,    0
 18034,101555,20211227,   22,    0
 18034,101555,20211228,    1,    0
 18034,101555,20211229,   51,    0
 18034,101555,20211230,   14,    0
 18034,101555,20211231,    1,    0
 18034,101555,20220101,   12,    0
 18034,101555,20220102,    1,    0
 18034,101555,20220103,    0,    0
 18034,101555,20220104,   11,    0
 18034,101555,20220105,   15,    0
 18034,101555,20220106,    4,    0
 18034,101555,20220107,    0,    0
 18034,101555,20220108,    7,    0
 18034,101555,20220109,    3,    0
 18034,101555,20220110,    1,    0
 18034,101555,20220111,    2,    0
 18034,101555,20220112,   12,    0
 18034,101555,20220113,   57,    0
 18034,101555,20220114,    0,    0
 18034,101555,20220115,    0,    0
 18034,101555,20220116,    0,    0
 18034,101555,20220117,    5,    0
 18034,101555,20220118,   13,    0
 18034,101555,20220119,    1,    0
 18034,101555,20220120,   17,    0
 18034,101555,20220121,    4,    0
 18034,101555,20220122,    5,    0
 18034,101555,20220123,   19,    0
 18034,101555,20220124,    8,    0
 18034,101555,20220125,    0,    0
 18034,101555,20220126,    4,    0
 18034,101555,20220127,   20,    0
 18034,101555,20220128,   15,    0
 18034,101555,20220129,    8,    0
 18034,101555,20220130,    8,    0
 18034,101555,20220131,    1,    0
 18034,101555,20220201,    0,    0
 18034,101555,20220202,   12,    0
 18034,101555,20220203,   10,    0
 18034,101555,20220204,    3,    0
 18034,101555,20220205,    1,    0
 18034,101555,20220206,    0,    0
 18034,101555,20220207,    0,    0
 18034,101555,20220208,    1,    0
 18034,101555,20220209,    0,    0
 18034,101555,20220210,    0,    0
 18034,101555,20220211,    5,    0
 18034,101555,20220212,    0,    0
 18034,101555,20220213,   19,    0
 18034,101555,20220214,   43,    0
 18034,101555,20220215,   40,    0
 18034,101555,20220216,    3,    0
 18034,101555,20220217,   12,    0
 18034,101555,20220218,    3,    0
 18034,101555,20220219,    0,    0
 18034,101555,20220220,    0,    0
 18034,101555,20220221,    5,    0
 18034,101555,20220222,    1,    0
 18034,101555,20220223,    2,    0
 18034,101555,20220224,    2,    0
 18034,101555,20220225,    1,    0
 18034,101555,20220226,   16,    0
 18034,101555,20220227,    2,    0
 18034,101555,20220228,    5,    0
 18034,101555,20220301,   11,    0
 18034,101555,20220302,   20,    0
 18034,101555,20220303,   33,    0
 18034,101555,20220304,   14,    0
 18034,101555,20220305,   16,    0
 18034,101555,20220306,    2,    0
 18034,101555,20220307,    3,    0
 18034,101555,20220308,    1,    0
 18034,101555,20220309,    0,    0
 18034,101555,20220310,    0,    0
 18034,101555,20220311,    3,    0
 18034,101555,20220312,    0,    0
 18034,101555,20220313,    0,    0
 18034,101555,20220314,    0,    0
 18034,101555,20220315,    1,    0
 18034,101555,20220316,    0,    0
 18034,101555,20220317,    0,    0
 18034,101555,20220318,    3,    0
 18034,101555,20220319,   11,    0
 18034,101555,20220320,    5,    0
 18034,101555,20220321,    7,    0
 18034,101555,20220322,    8,    0
 18034,101555,20220323,   17,    0
 18034,101555,20220324,    1,    0
 18034,101555,20220325,    1,    0
 18034,101555,20220326,   21,    0
 18034,101555,20220327,    1,    0
 18034,101555,20220328,   27,    0
 18034,101555,20220329,   11,    0
 18034,101555,20220330,    6,    0
 18034,101555,20220331,    1,    0
 18034,101555,20220401,    0,    0
 18034,101555,20220402,    0,    0
 18034,101555,20220403,    2,    0
 18034,101555,20220404,    1,    0
 18034,101555,20220405,    1,    0
 18034,101555,20220406,    8,    0
 18034,101555,20220407,    7,    0
 18034,101555,20220408,    1,    0
 18034,101555,20220409,    1,    0
 18034,101555,20220410,    4,    0
 18034,101555,20220411,    8,    0
 18034,101555,20220412,    3,    0
 18034,101555,20220413,    0,    0
 18034,101555,20220414,    1,    0
 18034,101555,20220415,    0,    0
 18034,101555,20220416,    5,    0
 18034,101555,20220417,    0,    0
 18034,101555,20220418,    1,    0
 18034,101555,20220419,    0,    0
 18034,101555,20220420,    0,    0
 18034,101555,20220421,    5,    0
 18034,101555,20220422,    0,    0
 18034,101555,20220423,    0,    0
 18034,101555,20220424,    4,    0
 18034,101555,20220425,    2,    0
 18034,101555,20220426,   10,    0
 18034,101555,20220427,   15,    0
 18034,101555,20220428,    7,    0
 18034,101555,20220429,   20,    0
 18034,101555,20220430,    2,    0
 18034,101555,20220501,    0,    0
 18034,101555,20220502,    1,    0
 18034,101555,20220503,   11,    0
 18034,101555,20220504,    1,    0
 18034,101555,20220505,    4,    0
 18034,101555,20220506,    4,    0
 18034,101555,20220507,    0,    0
 18034,101555,20220508,    2,    0
 18034,101555,20220509,   12,    0
 18034,101555,20220510,   27,    0
 18034,101555,20220511,  116,    0
 18034,101555,20220512,    0,    0
 18034,101555,20220513,    0,    0
 18034,101555,20220514,    0,    0
 18034,101555,20220515,    2,    0
 18034,101555,20220516,    1,    0
 18034,101555,20220517,    4,    0
 18034,101555,20220518,    3,    0
 18034,101555,20220519,    0,    0
 18034,101555,20220520,    0,    0
 18034,101555,20220521,   95,    0
 18034,101555,20220522,    0,    0
 18034,101555,20220523,    0,    0
 18034,101555,20220524,    0,    0
 18034,101555,20220525,    0,    0
 18034,101555,20220526,    0,    0
 18034,101555,20220527,   15,    0
 18034,101555,20220528,    1,    0
 18034,101555,20220529,    0,    0
 18034,101555,20220530,    0,    0
 18034,101555,20220531,    0,    0
 18034,101555,20220601,    1,    0
 18034,101555,20220602,    0,    0
 18034,101555,20220603,    8,    0
 18034,101555,20220604,    2,    0
 18034,101555,20220605,   19,    0
 18034,101555,20220606,   12,    0
 18034,101555,20220607,   21,    0
 18034,101555,20220608,    0,    0
 18034,101555,20220609,    2,    0
 18034,101555,20220610,    1,    0
 18034,101555,20220611,   61,    0
 18034,101555,20220612,    5,    0
 18034,101555,20220613,    0,    0
 18034,101555,20220614,    0,    0
 18034,101555,20220615,   10,    0
 18034,101555,20220616,    0,    0
 18034,101555,20220617,    0,    0
 18034,101555,20220618,    0,    0
 18034,101555,20220619,    2,    0
 18034,101555,20220620,    0,    0
 18034,101555,20220621,   34,    0
 18034,101555,20220622,   98,    0
 18034,101555,20220623,    3,    0
 18034,101555,20220624,   29,    0
 18034,101555,20220625,    1,    0
 18034,101555,20220626,    0,    0
 18034,101555,20220627,    0,    0
 18034,101555,20220628,    0,    0
 18034,101555,20220629,    0,    0
 18034,101555,20220630,    3,    0
 18034,101555,20220701,    0,    0
 18034,101555,20220702,    1,    0
 18034,101555,20220703,   11,    0
 18034,101555,20220704,    2,    0
 18034,101555,20220705,   70,    0
 18034,101555,20220706,    1,    0
 18034,101555,20220707,   64,    0
 18034,101555,20220708,   36,    0
 18034,101555,20220709,   42,    0
 18034,101555,20220710,   41,    0
 18034,101555,20220711,    1,    0
 18034,101555,20220712,    0,    0
 18034,101555,20220713,   39,    0
 18034,101555,20220714,   36,    0
 18034,101555,20220715,    2,    0
 18034,101555,20220716,  110,    0
 18034,101555,20220717,    1,    0
 18034,101555,20220718,   43,    0
 18034,101555,20220719,   31,    0
 18034,101555,20220720,   16,    0
 18034,101555,20220721,   50,    0
 18034,101555,20220722,    0,    0
 18034,101555,20220723,    4,    0
 18034,101555,20220724,    0,    0
 18034,101555,20220725,    3,    0
 18034,101555,20220726,   98,    0
 18034,101555,20220727,    4,    0
 18034,101555,20220728,    0,    0
 18034,101555,20220729,    0,    0
 18034,101555,20220730,   27,    0
 18034,101555,20220731,    1,    0
 18034,101555,20220801,    0,    0
 18034,101555,20220802,    0,    0
 18034,101555,20220803,    0,    0
 18034,101555,20220804,    6,    0
 18034,101555,20220805,    1,    0
 18034,101555,20220806,  311,    0
 18034,101555,20220807,   12,    0
 18034,101555,20220808,    7,    0
 18034,101555,20220809,    0,    0
 18034,101555,20220810,   88,    0
 18034,101555,20220811,   33,    0
 18034,101555,20220812,   27,    0
 18034,101555,20220813,    1,    0
 18034,101555,20220814,    2,    0
 18034,101555,20220815,    0,    0
 18034,101555,20220816,    4,    0
 18034,101555,20220817,  298,    0
 18034,101555,20220818,    0,    0
 18034,101555,20220819,    0,    0
 18034,101555,20220820,    2,    0
 18034,101555,20220821,   32,    0
 18034,101555,20220822,    8,    0
 18034,101555,20220823,    1,    0
 18034,101555,20220824,    0,    0
 18034,101555,20220825,    0,    0
 18034,101555,20220826,    0,    0
 18034,101555,20220827,   36,    0
 18034,101555,20220828,    8,    0
 18034,101555,20220829,    0,    0
 18034,101555,20220830,    7,    0
 18034,101555,20220831,    5,    0
 18034,101555,20220901,    3,    0
 18034,101555,20220902,    0,    0
 18034,101555,20220903,    4,    0
 18034,101555,20220904,    0,    0
 18034,101555,20220905,   27,    0
 18034,101555,20220906,   15,    0
 18034,101555,20220907,    2,    0
 18034,101555,20220908,    0,    0
 18034,101555,20220909,    6,    0
 18034,101555,20220910,    9,    0
 18034,101555,20220911,   59,    0
 18034,101555,20220912,   13,    0
 18034,101555,20220913,   47,    0
 18034,101555,20220914,   21,    0
 18034,101555,20220915,   61,    0
 18034,101555,20220916,    0,    0
 18034,101555,20220917,    6,    0
 18034,101555,20220918,   19,    0
 18034,101555,20220919,    9,    0
 18034,101555,20220920,    4,    0
 18034,101555,20220921,    6,    0
 18034,101555,20220922,    1,    0
 18034,101555,20220923,    0,    0
 18034,101555,20220924,   11,    0
 18034,101555,20220925,    0,    0
 18034,101555,20220926,    0,    0
 18034,101555,20220927,    2,    0
 18034,101555,20220928,    0,    0
 18034,101555,20220929,    2,    0
 18034,101555,20220930,    1,    0
 18034,101555,20221001,    0,    0
 18034,101555,20221002,    7,    0
 18034,101555,20221003,    7,    0
 18034,101555,20221004,    2,    0
 18034,101555,20221005,    0,    0
 18034,101555,20221006,  161,    0
 18034,101555,20221007,    1,    0
 18034,101555,20221008,    0,    0
 18034,101555,20221009,    0,    0
 18034,101555,20221010,    2,    0
 18034,101555,20221011,    1,    0
 18034,101555,20221012,    3,    0
 18034,101555,20221013,   21,    0
 18034,101555,20221014,    5,    0
 18034,101555,20221015,   38,    0
 18034,101555,20221016,   16,    0
 18034,101555,20221017,   28,    0
 18034,101555,20221018,   35,    0
 18034,101555,20221019,   25,    0
 18034,101555,20221020,   12,    0
 18034,101555,20221021,   12,    0
 18034,101555,20221022,   18,    0
 18034,101555,20221023,   52,    0
 18034,101555,20221024,    1,    0
 18034,101555,20221025,    0,    0
 18034,101555,20221026,    9,    0
 18034,101555,20221027,    0,    0
 18034,101555,20221028,    6,    0
 18034,101555,20221029,   26,    0
 18034,101555,20221030,    0,    0
 18034,101555,20221031,-9999,    9
