EUROPEAN CLIMATE ASSESSMENT & DATASET (ECA&D), file created on: 16-11-2022
THESE DATA CAN BE USED FOR NON-COMMERCIAL RESEARCH AND EDUCATION PROVIDED THAT THE FOLLOWING SOURCE IS ACKNOWLEDGED: 

Klein Tank, A.M.G. and Coauthors, 2002. Daily dataset of 20th-century surface
air temperature and precipitation series for the European Climate Assessment.
Int. J. of Climatol., 22, 1441-1453.
Data and metadata available at http://www.ecad.eu

FILE FORMAT (MISSING VALUE CODE = -9999):

01-06 STAID: Station identifier
08-13 SOUID: Source identifier
15-22 DATE : Date YYYYMMDD
24-28 RR   : Precipitation amount in 0.1 mm
30-34 Q_RR : quality code for RR (0='valid'; 1='suspect'; 9='missing')

This is the blended series of station SYKKYLVEN - STRAUMGJERDET, NORWAY (STAID: 20466)
Blended and updated with sources:109249 109251 
See files sources.txt and stations.txt for more info.

STAID, SOUID,    DATE,   RR, Q_RR
 20466,109251,20191118,   24,    0
 20466,109251,20191119,   10,    0
 20466,109251,20191120,    0,    0
 20466,109251,20191121,    0,    0
 20466,109251,20191122,    0,    0
 20466,109251,20191123,    0,    0
 20466,109251,20191124,    0,    0
 20466,109251,20191125,    6,    0
 20466,109251,20191126,    0,    0
 20466,109251,20191127,    0,    0
 20466,109251,20191128,   60,    0
 20466,109251,20191129,   89,    0
 20466,109251,20191130,   35,    0
 20466,109251,20191201,  135,    0
 20466,109251,20191202,  136,    0
 20466,109251,20191203,   93,    0
 20466,109251,20191204,  189,    0
 20466,109251,20191205,  226,    0
 20466,109251,20191206,   66,    0
 20466,109251,20191207,   62,    0
 20466,109251,20191208,   57,    0
 20466,109251,20191209,   94,    0
 20466,109251,20191210,   67,    0
 20466,109251,20191211,  125,    0
 20466,109251,20191212,   28,    0
 20466,109251,20191213,    0,    0
 20466,109251,20191214,    0,    0
 20466,109251,20191215,    0,    0
 20466,109251,20191216,   60,    0
 20466,109251,20191217,   12,    0
 20466,109251,20191218,    0,    0
 20466,109251,20191219,   29,    0
 20466,109251,20191220,   36,    0
 20466,109251,20191221,    0,    0
 20466,109251,20191222,    0,    0
 20466,109251,20191223,    0,    0
 20466,109251,20191224,    0,    0
 20466,109251,20191225,    4,    0
 20466,109251,20191226,    0,    0
 20466,109251,20191227,    3,    0
 20466,109251,20191228,   46,    0
 20466,109251,20191229,  729,    0
 20466,109251,20191230,  321,    0
 20466,109251,20191231,   43,    0
 20466,109251,20200101,  188,    0
 20466,109251,20200102,  473,    0
 20466,109251,20200103,  154,    0
 20466,109251,20200104,   37,    0
 20466,109251,20200105,  222,    0
 20466,109251,20200106,   49,    0
 20466,109251,20200107,  339,    0
 20466,109251,20200108,  127,    0
 20466,109251,20200109,    0,    0
 20466,109251,20200110,   29,    0
 20466,109251,20200111,  327,    0
 20466,109251,20200112,  136,    0
 20466,109251,20200113,   53,    0
 20466,109251,20200114,  128,    0
 20466,109251,20200115,  123,    0
 20466,109251,20200116,  239,    0
 20466,109251,20200117,    2,    0
 20466,109251,20200118,  215,    0
 20466,109251,20200119,  101,    0
 20466,109251,20200120,  447,    0
 20466,109251,20200121,  220,    0
 20466,109251,20200122,    1,    0
 20466,109251,20200123,  305,    0
 20466,109251,20200124,  123,    0
 20466,109251,20200125,   50,    0
 20466,109251,20200126,    4,    0
 20466,109251,20200127,   25,    0
 20466,109251,20200128,    0,    0
 20466,109251,20200129,    1,    0
 20466,109251,20200130,    0,    0
 20466,109251,20200131,  193,    0
 20466,109251,20200201,  144,    0
 20466,109251,20200202,  153,    0
 20466,109251,20200203,    0,    0
 20466,109251,20200204,   41,    0
 20466,109251,20200205,  368,    0
 20466,109251,20200206,   14,    0
 20466,109251,20200207,    0,    0
 20466,109251,20200208,   18,    0
 20466,109251,20200209,  134,    0
 20466,109251,20200210,   88,    0
 20466,109251,20200211,   36,    0
 20466,109251,20200212,  154,    0
 20466,109251,20200213,   17,    0
 20466,109251,20200214,    1,    0
 20466,109251,20200215,   50,    0
 20466,109251,20200216,  140,    0
 20466,109251,20200217,  127,    0
 20466,109251,20200218,   43,    0
 20466,109251,20200219,   12,    0
 20466,109251,20200220,  151,    0
 20466,109251,20200221,  301,    0
 20466,109251,20200222,  180,    0
 20466,109251,20200223,  115,    0
 20466,109251,20200224,   18,    0
 20466,109251,20200225,    0,    0
 20466,109251,20200226,    0,    0
 20466,109251,20200227,    0,    0
 20466,109251,20200228,   81,    0
 20466,109251,20200229,    0,    0
 20466,109251,20200301,    0,    0
 20466,109251,20200302,    1,    0
 20466,109251,20200303,    0,    0
 20466,109251,20200304,    0,    0
 20466,109251,20200305,    0,    0
 20466,109251,20200306,    0,    0
 20466,109251,20200307,   21,    0
 20466,109251,20200308,   71,    0
 20466,109251,20200309,   91,    0
 20466,109251,20200310,   30,    0
 20466,109251,20200311,  102,    0
 20466,109251,20200312,  140,    0
 20466,109251,20200313,   17,    0
 20466,109251,20200314,   12,    0
 20466,109251,20200315,  171,    0
 20466,109251,20200316,   66,    0
 20466,109251,20200317,  103,    0
 20466,109251,20200318,  250,    0
 20466,109251,20200319,    9,    0
 20466,109251,20200320,   15,    0
 20466,109251,20200321,    1,    0
 20466,109251,20200322,    5,    0
 20466,109251,20200323,  105,    0
 20466,109251,20200324,  217,    0
 20466,109251,20200325,  202,    0
 20466,109251,20200326,    1,    0
 20466,109251,20200327,   58,    0
 20466,109251,20200328,   55,    0
 20466,109251,20200329,  165,    0
 20466,109251,20200330,    0,    0
 20466,109251,20200331,  148,    0
 20466,109251,20200401,  173,    0
 20466,109251,20200402,   75,    0
 20466,109251,20200403,  120,    0
 20466,109251,20200404,   45,    0
 20466,109251,20200405,    1,    0
 20466,109251,20200406,   18,    0
 20466,109251,20200407,   73,    0
 20466,109251,20200408,  145,    0
 20466,109251,20200409,    5,    0
 20466,109251,20200410,    0,    0
 20466,109251,20200411,   52,    0
 20466,109251,20200412,  219,    0
 20466,109251,20200413,    8,    0
 20466,109251,20200414,   89,    0
 20466,109251,20200415,  325,    0
 20466,109251,20200416,   50,    0
 20466,109251,20200417,    0,    0
 20466,109251,20200418,    0,    0
 20466,109251,20200419,    0,    0
 20466,109251,20200420,    0,    0
 20466,109251,20200421,    0,    0
 20466,109251,20200422,    0,    0
 20466,109251,20200423,   10,    0
 20466,109251,20200424,    3,    0
 20466,109251,20200425,    0,    0
 20466,109251,20200426,    0,    0
 20466,109251,20200427,    0,    0
 20466,109251,20200428,    0,    0
 20466,109251,20200429,    0,    0
 20466,109251,20200430,    0,    0
 20466,109251,20200501,   30,    0
 20466,109251,20200502,   68,    0
 20466,109251,20200503,   61,    0
 20466,109251,20200504,   14,    0
 20466,109251,20200505,    9,    0
 20466,109251,20200506,   12,    0
 20466,109251,20200507,   16,    0
 20466,109251,20200508,   23,    0
 20466,109251,20200509,   84,    0
 20466,109251,20200510,   23,    0
 20466,109251,20200511,  116,    0
 20466,109251,20200512,   50,    0
 20466,109251,20200513,   47,    0
 20466,109251,20200514,   38,    0
 20466,109251,20200515,  146,    0
 20466,109251,20200516,  143,    0
 20466,109251,20200517,   94,    0
 20466,109251,20200518,    0,    0
 20466,109251,20200519,    0,    0
 20466,109251,20200520,    0,    0
 20466,109251,20200521,    0,    0
 20466,109251,20200522,    6,    0
 20466,109251,20200523,    0,    0
 20466,109251,20200524,    0,    0
 20466,109251,20200525,    0,    0
 20466,109251,20200526,   25,    0
 20466,109251,20200527,   39,    0
 20466,109251,20200528,    0,    0
 20466,109251,20200529,    0,    0
 20466,109251,20200530,    0,    0
 20466,109251,20200531,    0,    0
 20466,109251,20200601,    0,    0
 20466,109251,20200602,    0,    0
 20466,109251,20200603,    0,    0
 20466,109251,20200604,    0,    0
 20466,109251,20200605,    0,    0
 20466,109251,20200606,   10,    0
 20466,109251,20200607,    7,    0
 20466,109251,20200608,    5,    0
 20466,109251,20200609,    0,    0
 20466,109251,20200610,    0,    0
 20466,109251,20200611,    0,    0
 20466,109251,20200612,    0,    0
 20466,109251,20200613,    0,    0
 20466,109251,20200614,    0,    0
 20466,109251,20200615,    0,    0
 20466,109251,20200616,    0,    0
 20466,109251,20200617,    0,    0
 20466,109251,20200618,    0,    0
 20466,109251,20200619,    0,    0
 20466,109251,20200620,    7,    0
 20466,109251,20200621,   39,    0
 20466,109251,20200622,    0,    0
 20466,109251,20200623,    0,    0
 20466,109251,20200624,    0,    0
 20466,109251,20200625,    0,    0
 20466,109251,20200626,    0,    0
 20466,109251,20200627,    0,    0
 20466,109251,20200628,  187,    0
 20466,109251,20200629,    0,    0
 20466,109251,20200630,   28,    0
 20466,109251,20200701,   22,    0
 20466,109251,20200702,   48,    0
 20466,109251,20200703,    9,    0
 20466,109251,20200704,    0,    0
 20466,109251,20200705,  205,    0
 20466,109251,20200706,  278,    0
 20466,109251,20200707,   10,    0
 20466,109251,20200708,   44,    0
 20466,109251,20200709,   23,    0
 20466,109251,20200710,   25,    0
 20466,109251,20200711,   84,    0
 20466,109251,20200712,   25,    0
 20466,109251,20200713,    0,    0
 20466,109251,20200714,    0,    0
 20466,109251,20200715,    0,    0
 20466,109251,20200716,    3,    0
 20466,109251,20200717,   97,    0
 20466,109251,20200718,   12,    0
 20466,109251,20200719,    3,    0
 20466,109251,20200720,   75,    0
 20466,109251,20200721,   52,    0
 20466,109251,20200722,   59,    0
 20466,109251,20200723,    1,    0
 20466,109251,20200724,    0,    0
 20466,109251,20200725,    0,    0
 20466,109251,20200726,   87,    0
 20466,109251,20200727,    0,    0
 20466,109251,20200728,    2,    0
 20466,109251,20200729,   53,    0
 20466,109251,20200730,    0,    0
 20466,109251,20200731,    0,    0
 20466,109251,20200801,    0,    0
 20466,109251,20200802,  322,    0
 20466,109251,20200803,   61,    0
 20466,109251,20200804,    7,    0
 20466,109251,20200805,   35,    0
 20466,109251,20200806,    0,    0
 20466,109251,20200807,    0,    0
 20466,109251,20200808,  166,    0
 20466,109251,20200809,    0,    0
 20466,109251,20200810,    0,    0
 20466,109251,20200811,    0,    0
 20466,109251,20200812,   73,    0
 20466,109251,20200813,   94,    0
 20466,109251,20200814,    0,    0
 20466,109251,20200815,    0,    0
 20466,109251,20200816,    0,    0
 20466,109251,20200817,    0,    0
 20466,109251,20200818,    0,    0
 20466,109251,20200819,  100,    0
 20466,109251,20200820,    0,    0
 20466,109251,20200821,   85,    0
 20466,109251,20200822,  299,    0
 20466,109251,20200823,  131,    0
 20466,109251,20200824,  162,    0
 20466,109251,20200825,    5,    0
 20466,109251,20200826,    0,    0
 20466,109251,20200827,    0,    0
 20466,109251,20200828,    0,    0
 20466,109251,20200829,  133,    0
 20466,109251,20200830,   19,    0
 20466,109251,20200831,    0,    0
 20466,109251,20200901,    0,    0
 20466,109251,20200902,    0,    0
 20466,109251,20200903,   60,    0
 20466,109251,20200904,   44,    0
 20466,109251,20200905,   48,    0
 20466,109251,20200906,   14,    0
 20466,109251,20200907,  139,    0
 20466,109251,20200908,  316,    0
 20466,109251,20200909,  276,    0
 20466,109251,20200910,   11,    0
 20466,109251,20200911,  296,    0
 20466,109251,20200912,  449,    0
 20466,109251,20200913,   13,    0
 20466,109251,20200914,  119,    0
 20466,109251,20200915,  370,    0
 20466,109251,20200916,   41,    0
 20466,109251,20200917,    0,    0
 20466,109251,20200918,   69,    0
 20466,109251,20200919,    1,    0
 20466,109251,20200920,   42,    0
 20466,109251,20200921,  454,    0
 20466,109251,20200922,  221,    0
 20466,109251,20200923,   84,    0
 20466,109251,20200924,  176,    0
 20466,109251,20200925,    7,    0
 20466,109251,20200926,    0,    0
 20466,109251,20200927,    0,    0
 20466,109251,20200928,    8,    0
 20466,109251,20200929,   75,    0
 20466,109251,20200930,    0,    0
 20466,109251,20201001,    1,    0
 20466,109251,20201002,    0,    0
 20466,109251,20201003,    0,    0
 20466,109251,20201004,    6,    0
 20466,109251,20201005,   32,    0
 20466,109251,20201006,    0,    0
 20466,109251,20201007,   14,    0
 20466,109251,20201008,   28,    0
 20466,109251,20201009,    7,    0
 20466,109251,20201010,    0,    0
 20466,109251,20201011,   92,    0
 20466,109251,20201012,    0,    0
 20466,109251,20201013,    0,    0
 20466,109251,20201014,    0,    0
 20466,109251,20201015,    0,    0
 20466,109251,20201016,    0,    0
 20466,109251,20201017,  216,    0
 20466,109251,20201018,  103,    0
 20466,109251,20201019,    2,    0
 20466,109251,20201020,  179,    0
 20466,109251,20201021,   64,    0
 20466,109251,20201022,    2,    0
 20466,109251,20201023,    0,    0
 20466,109251,20201024,   85,    0
 20466,109251,20201025,   29,    0
 20466,109251,20201026,    0,    0
 20466,109251,20201027,    0,    0
 20466,109251,20201028,   34,    0
 20466,109251,20201029,    5,    0
 20466,109251,20201030,   31,    0
 20466,109251,20201031,    1,    0
 20466,109251,20201101,   20,    0
 20466,109251,20201102,   76,    0
 20466,109251,20201103,  122,    0
 20466,109251,20201104,  114,    0
 20466,109251,20201105,    7,    0
 20466,109251,20201106,    0,    0
 20466,109251,20201107,   40,    0
 20466,109251,20201108,   26,    0
 20466,109251,20201109,    3,    0
 20466,109251,20201110,    0,    0
 20466,109251,20201111,    1,    0
 20466,109251,20201112,    0,    0
 20466,109251,20201113,    0,    0
 20466,109251,20201114,    8,    0
 20466,109251,20201115,    9,    0
 20466,109251,20201116,  133,    0
 20466,109251,20201117,  260,    0
 20466,109251,20201118,  735,    0
 20466,109251,20201119,  121,    0
 20466,109251,20201120,   97,    0
 20466,109251,20201121,  331,    0
 20466,109251,20201122,  324,    0
 20466,109251,20201123,  132,    0
 20466,109251,20201124,  250,    0
 20466,109251,20201125,   82,    0
 20466,109251,20201126,    0,    0
 20466,109251,20201127,    0,    0
 20466,109251,20201128,    0,    0
 20466,109251,20201129,    9,    0
 20466,109251,20201130,  201,    0
 20466,109251,20201201,    0,    0
 20466,109251,20201202,    0,    0
 20466,109251,20201203,    0,    0
 20466,109251,20201204,    0,    0
 20466,109251,20201205,    0,    0
 20466,109251,20201206,   12,    0
 20466,109251,20201207,    0,    0
 20466,109251,20201208,    7,    0
 20466,109251,20201209,    0,    0
 20466,109251,20201210,    0,    0
 20466,109251,20201211,    0,    0
 20466,109251,20201212,    0,    0
 20466,109251,20201213,    0,    0
 20466,109251,20201214,    1,    0
 20466,109251,20201215,    0,    0
 20466,109251,20201216,    0,    0
 20466,109251,20201217,    0,    0
 20466,109251,20201218,    8,    0
 20466,109251,20201219,    9,    0
 20466,109251,20201220,    9,    0
 20466,109251,20201221,    0,    0
 20466,109251,20201222,  154,    0
 20466,109251,20201223,  269,    0
 20466,109251,20201224,  136,    0
 20466,109251,20201225,    4,    0
 20466,109251,20201226,    0,    0
 20466,109251,20201227,    0,    0
 20466,109251,20201228,    0,    0
 20466,109251,20201229,    0,    0
 20466,109251,20201230,    0,    0
 20466,109251,20201231,    1,    0
 20466,109251,20210101,    0,    0
 20466,109251,20210102,    0,    0
 20466,109251,20210103,    0,    0
 20466,109251,20210104,    0,    0
 20466,109251,20210105,    0,    0
 20466,109251,20210106,    0,    0
 20466,109251,20210107,    0,    0
 20466,109251,20210108,    0,    0
 20466,109251,20210109,  114,    0
 20466,109251,20210110,   51,    0
 20466,109251,20210111,   14,    0
 20466,109251,20210112,   82,    0
 20466,109251,20210113,    0,    0
 20466,109251,20210114,    0,    0
 20466,109251,20210115,    0,    0
 20466,109251,20210116,    0,    0
 20466,109251,20210117,    2,    0
 20466,109251,20210118,    0,    0
 20466,109251,20210119,    0,    0
 20466,109251,20210120,    0,    0
 20466,109251,20210121,    3,    0
 20466,109251,20210122,    0,    0
 20466,109251,20210123,    1,    0
 20466,109251,20210124,    0,    0
 20466,109251,20210125,    7,    0
 20466,109251,20210126,   18,    0
 20466,109251,20210127,   16,    0
 20466,109251,20210128,    0,    0
 20466,109251,20210129,    0,    0
 20466,109251,20210130,   49,    0
 20466,109251,20210131,    5,    0
 20466,109251,20210201,    3,    0
 20466,109251,20210202,    0,    0
 20466,109251,20210203,    0,    0
 20466,109251,20210204,    0,    0
 20466,109251,20210205,    0,    0
 20466,109251,20210206,    0,    0
 20466,109251,20210207,    0,    0
 20466,109251,20210208,    0,    0
 20466,109251,20210209,    1,    0
 20466,109251,20210210,    0,    0
 20466,109251,20210211,    0,    0
 20466,109251,20210212,    0,    0
 20466,109251,20210213,    0,    0
 20466,109251,20210214,    0,    0
 20466,109251,20210215,    0,    0
 20466,109251,20210216,    0,    0
 20466,109251,20210217,    0,    0
 20466,109251,20210218,    1,    0
 20466,109251,20210219,    0,    0
 20466,109251,20210220,   14,    0
 20466,109251,20210221,   40,    0
 20466,109251,20210222,  133,    0
 20466,109251,20210223,  131,    0
 20466,109251,20210224,  147,    0
 20466,109251,20210225,  232,    0
 20466,109251,20210226,   10,    0
 20466,109251,20210227,   13,    0
 20466,109251,20210228,    4,    0
 20466,109251,20210301,  214,    0
 20466,109251,20210302,   30,    0
 20466,109251,20210303,  125,    0
 20466,109251,20210304,  124,    0
 20466,109251,20210305,   96,    0
 20466,109251,20210306,  184,    0
 20466,109251,20210307,    7,    0
 20466,109251,20210308,    2,    0
 20466,109251,20210309,    0,    0
 20466,109251,20210310,    0,    0
 20466,109251,20210311,   12,    0
 20466,109251,20210312,    0,    0
 20466,109251,20210313,    0,    0
 20466,109251,20210314,    0,    0
 20466,109251,20210315,  127,    0
 20466,109251,20210316,    1,    0
 20466,109251,20210317,    2,    0
 20466,109251,20210318,    0,    0
 20466,109251,20210319,    0,    0
 20466,109251,20210320,  178,    0
 20466,109251,20210321,   14,    0
 20466,109251,20210322,    6,    0
 20466,109251,20210323,   30,    0
 20466,109251,20210324,   83,    0
 20466,109251,20210325,    2,    0
 20466,109251,20210326,   61,    0
 20466,109251,20210327,    7,    0
 20466,109251,20210328,   10,    0
 20466,109251,20210329,  168,    0
 20466,109251,20210330,   52,    0
 20466,109251,20210331,   19,    0
 20466,109251,20210401,   40,    0
 20466,109251,20210402,   24,    0
 20466,109251,20210403,    8,    0
 20466,109251,20210404,  341,    0
 20466,109251,20210405,  132,    0
 20466,109251,20210406,  238,    0
 20466,109251,20210407,   73,    0
 20466,109251,20210408,   16,    0
 20466,109251,20210409,  161,    0
 20466,109251,20210410,  108,    0
 20466,109251,20210411,    0,    0
 20466,109251,20210412,   45,    0
 20466,109251,20210413,   22,    0
 20466,109251,20210414,    0,    0
 20466,109251,20210415,    0,    0
 20466,109251,20210416,    0,    0
 20466,109251,20210417,    0,    0
 20466,109251,20210418,    0,    0
 20466,109251,20210419,    0,    0
 20466,109251,20210420,  148,    0
 20466,109251,20210421,  100,    0
 20466,109251,20210422,   55,    0
 20466,109251,20210423,   43,    0
 20466,109251,20210424,    5,    0
 20466,109251,20210425,    0,    0
 20466,109251,20210426,    0,    0
 20466,109251,20210427,    0,    0
 20466,109251,20210428,    0,    0
 20466,109251,20210429,    0,    0
 20466,109251,20210430,    0,    0
 20466,109251,20210501,    0,    0
 20466,109251,20210502,    0,    0
 20466,109251,20210503,    2,    0
 20466,109251,20210504,    0,    0
 20466,109251,20210505,    0,    0
 20466,109251,20210506,    0,    0
 20466,109251,20210507,    2,    0
 20466,109251,20210508,    6,    0
 20466,109251,20210509,   41,    0
 20466,109251,20210510,   23,    0
 20466,109251,20210511,    2,    0
 20466,109251,20210512,    2,    0
 20466,109251,20210513,    0,    0
 20466,109251,20210514,    0,    0
 20466,109251,20210515,  106,    0
 20466,109251,20210516,   44,    0
 20466,109251,20210517,   22,    0
 20466,109251,20210518,    4,    0
 20466,109251,20210519,   32,    0
 20466,109251,20210520,    7,    0
 20466,109251,20210521,    0,    0
 20466,109251,20210522,    0,    0
 20466,109251,20210523,   16,    0
 20466,109251,20210524,    0,    0
 20466,109251,20210525,    0,    0
 20466,109251,20210526,    0,    0
 20466,109251,20210527,    0,    0
 20466,109251,20210528,    0,    0
 20466,109251,20210529,    0,    0
 20466,109251,20210530,    0,    0
 20466,109251,20210531,    0,    0
 20466,109251,20210601,    0,    0
 20466,109251,20210602,    0,    0
 20466,109251,20210603,    0,    0
 20466,109251,20210604,    0,    0
 20466,109251,20210605,   51,    0
 20466,109251,20210606,    3,    0
 20466,109251,20210607,    0,    0
 20466,109251,20210608,    0,    0
 20466,109251,20210609,    0,    0
 20466,109251,20210610,    1,    0
 20466,109251,20210611,  285,    0
 20466,109251,20210612,   79,    0
 20466,109251,20210613,  183,    0
 20466,109251,20210614,  144,    0
 20466,109251,20210615,   49,    0
 20466,109251,20210616,   74,    0
 20466,109251,20210617,   51,    0
 20466,109251,20210618,    2,    0
 20466,109251,20210619,    0,    0
 20466,109251,20210620,    8,    0
 20466,109251,20210621,    6,    0
 20466,109251,20210622,    0,    0
 20466,109251,20210623,    0,    0
 20466,109251,20210624,   45,    0
 20466,109251,20210625,    4,    0
 20466,109251,20210626,   19,    0
 20466,109251,20210627,    0,    0
 20466,109251,20210628,   19,    0
 20466,109251,20210629,    0,    0
 20466,109251,20210630,    0,    0
 20466,109251,20210701,    0,    0
 20466,109251,20210702,    0,    0
 20466,109251,20210703,    0,    0
 20466,109251,20210704,    1,    0
 20466,109251,20210705,    0,    0
 20466,109251,20210706,    7,    0
 20466,109251,20210707,    3,    0
 20466,109251,20210708,   23,    0
 20466,109251,20210709,    5,    0
 20466,109251,20210710,    8,    0
 20466,109251,20210711,    1,    0
 20466,109251,20210712,    0,    0
 20466,109251,20210713,   18,    0
 20466,109251,20210714,    0,    0
 20466,109251,20210715,    0,    0
 20466,109251,20210716,    5,    0
 20466,109251,20210717,  104,    0
 20466,109251,20210718,   15,    0
 20466,109251,20210719,   14,    0
 20466,109251,20210720,    0,    0
 20466,109251,20210721,    0,    0
 20466,109251,20210722,    0,    0
 20466,109251,20210723,    0,    0
 20466,109251,20210724,    0,    0
 20466,109251,20210725,    0,    0
 20466,109251,20210726,    0,    0
 20466,109251,20210727,    0,    0
 20466,109251,20210728,    6,    0
 20466,109251,20210729,   12,    0
 20466,109251,20210730,    0,    0
 20466,109251,20210731,   26,    0
 20466,109251,20210801,    0,    0
 20466,109251,20210802,    0,    0
 20466,109251,20210803,    0,    0
 20466,109251,20210804,    0,    0
 20466,109251,20210805,    1,    0
 20466,109251,20210806,    4,    0
 20466,109251,20210807,    0,    0
 20466,109251,20210808,    0,    0
 20466,109251,20210809,   66,    0
 20466,109251,20210810,   81,    0
 20466,109251,20210811,    0,    0
 20466,109251,20210812,   63,    0
 20466,109251,20210813,  248,    0
 20466,109251,20210814,   68,    0
 20466,109251,20210815,   29,    0
 20466,109251,20210816,    0,    0
 20466,109251,20210817,    0,    0
 20466,109251,20210818,  123,    0
 20466,109251,20210819,  102,    0
 20466,109251,20210820,   18,    0
 20466,109251,20210821,    0,    0
 20466,109251,20210822,    0,    0
 20466,109251,20210823,    0,    0
 20466,109251,20210824,  139,    0
 20466,109251,20210825,   49,    0
 20466,109251,20210826,    0,    0
 20466,109251,20210827,    0,    0
 20466,109251,20210828,    0,    0
 20466,109251,20210829,    0,    0
 20466,109251,20210830,    0,    0
 20466,109251,20210831,    0,    0
 20466,109251,20210901,    5,    0
 20466,109251,20210902,   22,    0
 20466,109251,20210903,    7,    0
 20466,109251,20210904,    0,    0
 20466,109251,20210905,    0,    0
 20466,109251,20210906,   42,    0
 20466,109251,20210907,    3,    0
 20466,109251,20210908,  178,    0
 20466,109251,20210909,   18,    0
 20466,109251,20210910,  220,    0
 20466,109251,20210911,   54,    0
 20466,109251,20210912,    4,    0
 20466,109251,20210913,    0,    0
 20466,109251,20210914,    0,    0
 20466,109251,20210915,    7,    0
 20466,109251,20210916,    3,    0
 20466,109251,20210917,    0,    0
 20466,109251,20210918,    0,    0
 20466,109251,20210919,    1,    0
 20466,109251,20210920,   83,    0
 20466,109251,20210921,   41,    0
 20466,109251,20210922,  241,    0
 20466,109251,20210923,  123,    0
 20466,109251,20210924,  263,    0
 20466,109251,20210925,   12,    0
 20466,109251,20210926,    0,    0
 20466,109251,20210927,   23,    0
 20466,109251,20210928,    0,    0
 20466,109251,20210929,    0,    0
 20466,109251,20210930,    0,    0
 20466,109251,20211001,   12,    0
 20466,109251,20211002,    0,    0
 20466,109251,20211003,   80,    0
 20466,109251,20211004,   40,    0
 20466,109251,20211005,    1,    0
 20466,109251,20211006,   46,    0
 20466,109251,20211007,   89,    0
 20466,109251,20211008,   17,    0
 20466,109251,20211009,   63,    0
 20466,109251,20211010,  231,    0
 20466,109251,20211011,  140,    0
 20466,109251,20211012,   83,    0
 20466,109251,20211013,  221,    0
 20466,109251,20211014,  871,    0
 20466,109251,20211015,  232,    0
 20466,109251,20211016,  292,    0
 20466,109251,20211017,   51,    0
 20466,109251,20211018,   34,    0
 20466,109251,20211019,  369,    0
 20466,109251,20211020,  551,    0
 20466,109251,20211021,  311,    0
 20466,109251,20211022,  278,    0
 20466,109251,20211023,   33,    0
 20466,109251,20211024,   25,    0
 20466,109251,20211025,   99,    0
 20466,109251,20211026,  132,    0
 20466,109251,20211027,   54,    0
 20466,109251,20211028,  312,    0
 20466,109251,20211029,   25,    0
 20466,109251,20211030,   10,    0
 20466,109251,20211031,   15,    0
 20466,109251,20211101,    0,    0
 20466,109251,20211102,    0,    0
 20466,109251,20211103,    0,    0
 20466,109251,20211104,    7,    0
 20466,109251,20211105,  140,    0
 20466,109251,20211106,    0,    0
 20466,109251,20211107,    0,    0
 20466,109251,20211108,   89,    0
 20466,109251,20211109,  231,    0
 20466,109251,20211110,  184,    0
 20466,109251,20211111,  274,    0
 20466,109251,20211112,    0,    0
 20466,109251,20211113,    0,    0
 20466,109251,20211114,    0,    0
 20466,109251,20211115,   34,    0
 20466,109251,20211116,   57,    0
 20466,109251,20211117,  192,    0
 20466,109251,20211118,  103,    0
 20466,109251,20211119,  177,    0
 20466,109251,20211120,   83,    0
 20466,109251,20211121,   51,    0
 20466,109251,20211122,  108,    0
 20466,109251,20211123,  118,    0
 20466,109251,20211124,  249,    0
 20466,109251,20211125,   77,    0
 20466,109251,20211126,    0,    0
 20466,109251,20211127,    0,    0
 20466,109251,20211128,    0,    0
 20466,109251,20211129,   37,    0
 20466,109251,20211130,   41,    0
 20466,109251,20211201,   93,    0
 20466,109251,20211202,   37,    0
 20466,109251,20211203,    4,    0
 20466,109251,20211204,    0,    0
 20466,109251,20211205,    0,    0
 20466,109251,20211206,    0,    0
 20466,109251,20211207,    0,    0
 20466,109251,20211208,    0,    0
 20466,109251,20211209,    0,    0
 20466,109251,20211210,    0,    0
 20466,109251,20211211,    6,    0
 20466,109251,20211212,    0,    0
 20466,109251,20211213,   30,    0
 20466,109251,20211214,   98,    0
 20466,109251,20211215,  155,    0
 20466,109251,20211216,   20,    0
 20466,109251,20211217,   19,    0
 20466,109251,20211218,   41,    0
 20466,109251,20211219,   59,    0
 20466,109251,20211220,    0,    0
 20466,109251,20211221,    9,    0
 20466,109251,20211222,   18,    0
 20466,109251,20211223,   33,    0
 20466,109251,20211224,   49,    0
 20466,109251,20211225,   84,    0
 20466,109251,20211226,   10,    0
 20466,109251,20211227,    0,    0
 20466,109251,20211228,    0,    0
 20466,109251,20211229,    1,    0
 20466,109251,20211230,   81,    0
 20466,109251,20211231,  118,    0
 20466,109251,20220101,  102,    0
 20466,109251,20220102,   67,    0
 20466,109251,20220103,   56,    0
 20466,109251,20220104,    8,    0
 20466,109251,20220105,   96,    0
 20466,109251,20220106,    0,    0
 20466,109251,20220107,    0,    0
 20466,109251,20220108,    0,    0
 20466,109251,20220109,    0,    0
 20466,109251,20220110,   26,    0
 20466,109251,20220111,  170,    0
 20466,109251,20220112,  680,    0
 20466,109251,20220113,  319,    0
 20466,109251,20220114,   68,    0
 20466,109251,20220115,   91,    0
 20466,109251,20220116,  156,    0
 20466,109251,20220117,   14,    0
 20466,109251,20220118,  320,    0
 20466,109251,20220119,  206,    0
 20466,109251,20220120,   58,    0
 20466,109251,20220121,   70,    0
 20466,109251,20220122,    3,    0
 20466,109251,20220123,  144,    0
 20466,109251,20220124,  198,    0
 20466,109251,20220125,  146,    0
 20466,109251,20220126,  269,    0
 20466,109251,20220127,  212,    0
 20466,109251,20220128,   79,    0
 20466,109251,20220129,  261,    0
 20466,109251,20220130,   11,    0
 20466,109251,20220131,   75,    0
 20466,109251,20220201,  104,    0
 20466,109251,20220202,   30,    0
 20466,109251,20220203,  140,    0
 20466,109251,20220204,  208,    0
 20466,109251,20220205,  150,    0
 20466,109251,20220206,  114,    0
 20466,109251,20220207,  122,    0
 20466,109251,20220208,  201,    0
 20466,109251,20220209,  226,    0
 20466,109251,20220210,  103,    0
 20466,109251,20220211,   45,    0
 20466,109251,20220212,   40,    0
 20466,109251,20220213,  145,    0
 20466,109251,20220214,    4,    0
 20466,109251,20220215,    2,    0
 20466,109251,20220216,    0,    0
 20466,109251,20220217,   54,    0
 20466,109251,20220218,   30,    0
 20466,109251,20220219,  148,    0
 20466,109251,20220220,   60,    0
 20466,109251,20220221,   46,    0
 20466,109251,20220222,   73,    0
 20466,109251,20220223,  205,    0
 20466,109251,20220224,  101,    0
 20466,109251,20220225,   41,    0
 20466,109249,20220226,  111,    0
 20466,109251,20220227,   66,    0
 20466,109251,20220228,   65,    0
 20466,109251,20220301,  139,    0
 20466,109251,20220302,   10,    0
 20466,109251,20220303,    0,    0
 20466,109251,20220304,    0,    0
 20466,109251,20220305,   21,    0
 20466,109251,20220306,    0,    0
 20466,109251,20220307,    0,    0
 20466,109251,20220308,    0,    0
 20466,109251,20220309,   45,    0
 20466,109251,20220310,   12,    0
 20466,109251,20220311,    0,    0
 20466,109251,20220312,    0,    0
 20466,109251,20220313,    0,    0
 20466,109251,20220314,    0,    0
 20466,109251,20220315,    0,    0
 20466,109251,20220316,    1,    0
 20466,109251,20220317,   64,    0
 20466,109251,20220318,   23,    0
 20466,109251,20220319,    0,    0
 20466,109251,20220320,    0,    0
 20466,109251,20220321,    0,    0
 20466,109251,20220322,    0,    0
 20466,109251,20220323,   13,    0
 20466,109251,20220324,   34,    0
 20466,109251,20220325,    5,    0
 20466,109251,20220326,    0,    0
 20466,109251,20220327,   26,    0
 20466,109251,20220328,   52,    0
 20466,109251,20220329,  128,    0
 20466,109251,20220330,   18,    0
 20466,109251,20220331,   12,    0
 20466,109251,20220401,    6,    0
 20466,109251,20220402,   42,    0
 20466,109251,20220403,   59,    0
 20466,109251,20220404,   36,    0
 20466,109251,20220405,   79,    0
 20466,109251,20220406,   11,    0
 20466,109251,20220407,    0,    0
 20466,109251,20220408,   36,    0
 20466,109251,20220409,  289,    0
 20466,109251,20220410,  249,    0
 20466,109251,20220411,   15,    0
 20466,109251,20220412,    0,    0
 20466,109251,20220413,    0,    0
 20466,109251,20220414,    0,    0
 20466,109251,20220415,    0,    0
 20466,109251,20220416,    0,    0
 20466,109251,20220417,    0,    0
 20466,109251,20220418,    0,    0
 20466,109251,20220419,    0,    0
 20466,109251,20220420,    0,    0
 20466,109251,20220421,    0,    0
 20466,109251,20220422,    0,    0
 20466,109251,20220423,    0,    0
 20466,109251,20220424,    0,    0
 20466,109251,20220425,    1,    0
 20466,109251,20220426,    0,    0
 20466,109251,20220427,   93,    0
 20466,109251,20220428,   16,    0
 20466,109251,20220429,   17,    0
 20466,109251,20220430,    0,    0
 20466,109251,20220501,   22,    0
 20466,109251,20220502,   85,    0
 20466,109251,20220503,   10,    0
 20466,109251,20220504,   12,    0
 20466,109251,20220505,    1,    0
 20466,109251,20220506,  149,    0
 20466,109251,20220507,   27,    0
 20466,109251,20220508,    0,    0
 20466,109251,20220509,    0,    0
 20466,109251,20220510,   64,    0
 20466,109251,20220511,   34,    0
 20466,109251,20220512,   15,    0
 20466,109251,20220513,   97,    0
 20466,109251,20220514,   28,    0
 20466,109251,20220515,    0,    0
 20466,109251,20220516,    0,    0
 20466,109251,20220517,    0,    0
 20466,109251,20220518,    8,    0
 20466,109251,20220519,    0,    0
 20466,109251,20220520,    0,    0
 20466,109251,20220521,   36,    0
 20466,109251,20220522,    1,    0
 20466,109251,20220523,   25,    0
 20466,109251,20220524,    4,    0
 20466,109251,20220525,    9,    0
 20466,109251,20220526,   25,    0
 20466,109251,20220527,  131,    0
 20466,109251,20220528,   94,    0
 20466,109251,20220529,   61,    0
 20466,109251,20220530,    0,    0
 20466,109251,20220531,    0,    0
 20466,109251,20220601,   92,    0
 20466,109251,20220602,   18,    0
 20466,109251,20220603,   12,    0
 20466,109251,20220604,   46,    0
 20466,109251,20220605,    0,    0
 20466,109251,20220606,    0,    0
 20466,109251,20220607,    0,    0
 20466,109251,20220608,    0,    0
 20466,109251,20220609,    0,    0
 20466,109251,20220610,   16,    0
 20466,109251,20220611,   46,    0
 20466,109251,20220612,  116,    0
 20466,109251,20220613,   10,    0
 20466,109251,20220614,   13,    0
 20466,109251,20220615,   29,    0
 20466,109251,20220616,   18,    0
 20466,109251,20220617,   61,    0
 20466,109251,20220618,   23,    0
 20466,109251,20220619,    0,    0
 20466,109251,20220620,    4,    0
 20466,109251,20220621,   32,    0
 20466,109251,20220622,   24,    0
 20466,109251,20220623,    3,    0
 20466,109251,20220624,    0,    0
 20466,109251,20220625,    0,    0
 20466,109251,20220626,   17,    0
 20466,109251,20220627,  242,    0
 20466,109251,20220628,    0,    0
 20466,109251,20220629,    0,    0
 20466,109251,20220630,    0,    0
 20466,109251,20220701,    0,    0
 20466,109251,20220702,    1,    0
 20466,109251,20220703,   16,    0
 20466,109251,20220704,   29,    0
 20466,109251,20220705,   74,    0
 20466,109251,20220706,  131,    0
 20466,109251,20220707,   54,    0
 20466,109251,20220708,  280,    0
 20466,109251,20220709,  340,    0
 20466,109251,20220710,   37,    0
 20466,109251,20220711,    0,    0
 20466,109251,20220712,   47,    0
 20466,109251,20220713,   50,    0
 20466,109251,20220714,   35,    0
 20466,109251,20220715,   16,    0
 20466,109251,20220716,   29,    0
 20466,109251,20220717,   13,    0
 20466,109251,20220718,    0,    0
 20466,109251,20220719,    6,    0
 20466,109251,20220720,  115,    0
 20466,109251,20220721,    7,    0
 20466,109251,20220722,    0,    0
 20466,109251,20220723,    1,    0
 20466,109251,20220724,   71,    0
 20466,109251,20220725,   60,    0
 20466,109251,20220726,  267,    0
 20466,109251,20220727,    0,    0
 20466,109251,20220728,    0,    0
 20466,109251,20220729,    0,    0
 20466,109251,20220730,   10,    0
 20466,109251,20220731,   57,    0
 20466,109251,20220801,   22,    0
 20466,109251,20220802,  124,    0
 20466,109251,20220803,  228,    0
 20466,109251,20220804,  103,    0
 20466,109251,20220805,   37,    0
 20466,109251,20220806,   15,    0
 20466,109251,20220807,    3,    0
 20466,109251,20220808,    7,    0
 20466,109251,20220809,   32,    0
 20466,109251,20220810,  197,    0
 20466,109251,20220811,  153,    0
 20466,109251,20220812,    4,    0
 20466,109251,20220813,    0,    0
 20466,109251,20220814,    0,    0
 20466,109251,20220815,  110,    0
 20466,109251,20220816,  279,    0
 20466,109251,20220817,   10,    0
 20466,109251,20220818,    0,    0
 20466,109251,20220819,   58,    0
 20466,109251,20220820,   16,    0
 20466,109251,20220821,  132,    0
 20466,109251,20220822,    4,    0
 20466,109251,20220823,    0,    0
 20466,109251,20220824,    0,    0
 20466,109251,20220825,   91,    0
 20466,109251,20220826,   20,    0
 20466,109251,20220827,    2,    0
 20466,109251,20220828,    0,    0
 20466,109251,20220829,    0,    0
 20466,109251,20220830,    0,    0
 20466,109251,20220831,    0,    0
 20466,109251,20220901,    0,    0
 20466,109251,20220902,    0,    0
 20466,109251,20220903,    0,    0
 20466,109251,20220904,    0,    0
 20466,109251,20220905,    0,    0
 20466,109251,20220906,    0,    0
 20466,109251,20220907,    0,    0
 20466,109251,20220908,    0,    0
 20466,109251,20220909,    0,    0
 20466,109251,20220910,    0,    0
 20466,109251,20220911,    0,    0
 20466,109251,20220912,  109,    0
 20466,109251,20220913,  220,    0
 20466,109251,20220914,  363,    0
 20466,109251,20220915,  211,    0
 20466,109251,20220916,  460,    0
 20466,109251,20220917,  497,    0
 20466,109251,20220918,  169,    0
 20466,109251,20220919,   53,    0
 20466,109251,20220920,    1,    0
 20466,109251,20220921,    3,    0
 20466,109251,20220922,   52,    0
 20466,109251,20220923,   19,    0
 20466,109251,20220924,   10,    0
 20466,109251,20220925,   26,    0
 20466,109251,20220926,   34,    0
 20466,109251,20220927,    0,    0
 20466,109251,20220928,    0,    0
 20466,109251,20220929,    0,    0
 20466,109251,20220930,    0,    0
 20466,109251,20221001,    0,    0
 20466,109251,20221002,   42,    0
 20466,109251,20221003,    0,    0
 20466,109251,20221004,  152,    0
 20466,109251,20221005,  289,    0
 20466,109251,20221006,  228,    0
 20466,109251,20221007,  410,    0
 20466,109251,20221008,   40,    0
 20466,109251,20221009,   24,    0
 20466,109251,20221010,  199,    0
 20466,109251,20221011,   86,    0
 20466,109251,20221012,   38,    0
 20466,109251,20221013,   19,    0
 20466,109251,20221014,   38,    0
 20466,109251,20221015,    3,    0
 20466,109251,20221016,   40,    0
 20466,109251,20221017,    0,    0
 20466,109251,20221018,    0,    0
 20466,109251,20221019,    1,    0
 20466,109251,20221020,    0,    0
 20466,109251,20221021,    1,    0
 20466,109251,20221022,    0,    0
 20466,109251,20221023,    0,    0
 20466,109251,20221024,    1,    0
 20466,109251,20221025,   12,    0
 20466,109251,20221026,   47,    0
 20466,109251,20221027,   38,    0
 20466,109251,20221028,  106,    0
 20466,109251,20221029,  114,    0
 20466,109251,20221030,    0,    0
 20466,109251,20221031,-9999,    9
