EUROPEAN CLIMATE ASSESSMENT & DATASET (ECA&D), file created on: 16-11-2022
THESE DATA CAN BE USED FOR NON-COMMERCIAL RESEARCH AND EDUCATION PROVIDED THAT THE FOLLOWING SOURCE IS ACKNOWLEDGED: 

Klein Tank, A.M.G. and Coauthors, 2002. Daily dataset of 20th-century surface
air temperature and precipitation series for the European Climate Assessment.
Int. J. of Climatol., 22, 1441-1453.
Data and metadata available at http://www.ecad.eu

FILE FORMAT (MISSING VALUE CODE = -9999):

01-06 STAID: Station identifier
08-13 SOUID: Source identifier
15-22 DATE : Date YYYYMMDD
24-28 RR   : Precipitation amount in 0.1 mm
30-34 Q_RR : quality code for RR (0='valid'; 1='suspect'; 9='missing')

This is the blended series of station MITTERSILL, AUSTRIA (STAID: 24659)
Blended and updated with sources:134158 
See files sources.txt and stations.txt for more info.

STAID, SOUID,    DATE,   RR, Q_RR
 24659,134158,20171201,    0,    0
 24659,134158,20171202,    0,    0
 24659,134158,20171203,    3,    0
 24659,134158,20171204,   47,    0
 24659,134158,20171205,    0,    0
 24659,134158,20171206,    0,    0
 24659,134158,20171207,    0,    0
 24659,134158,20171208,   15,    0
 24659,134158,20171209,    3,    0
 24659,134158,20171210,    0,    0
 24659,134158,20171211,   58,    0
 24659,134158,20171212,   31,    0
 24659,134158,20171213,    0,    0
 24659,134158,20171214,  110,    0
 24659,134158,20171215,   39,    0
 24659,134158,20171216,    4,    0
 24659,134158,20171217,    6,    0
 24659,134158,20171218,    0,    0
 24659,134158,20171219,    8,    0
 24659,134158,20171220,    1,    0
 24659,134158,20171221,   29,    0
 24659,134158,20171222,   12,    0
 24659,134158,20171223,    0,    0
 24659,134158,20171224,    0,    0
 24659,134158,20171225,    0,    0
 24659,134158,20171226,    0,    0
 24659,134158,20171227,   19,    0
 24659,134158,20171228,   12,    0
 24659,134158,20171229,    1,    0
 24659,134158,20171230,   35,    0
 24659,134158,20171231,    0,    0
 24659,134158,20180101,    5,    0
 24659,134158,20180102,   13,    0
 24659,134158,20180103,   86,    0
 24659,134158,20180104,  237,    0
 24659,134158,20180105,    0,    0
 24659,134158,20180106,    0,    0
 24659,134158,20180107,    0,    0
 24659,134158,20180108,    0,    0
 24659,134158,20180109,  110,    0
 24659,134158,20180110,    0,    0
 24659,134158,20180111,    0,    0
 24659,134158,20180112,    0,    0
 24659,134158,20180113,    0,    0
 24659,134158,20180114,    0,    0
 24659,134158,20180115,    0,    0
 24659,134158,20180116,  102,    0
 24659,134158,20180117,   56,    0
 24659,134158,20180118,   57,    0
 24659,134158,20180119,   25,    0
 24659,134158,20180120,  119,    0
 24659,134158,20180121,   84,    0
 24659,134158,20180122,  113,    0
 24659,134158,20180123,    0,    0
 24659,134158,20180124,    0,    0
 24659,134158,20180125,    0,    0
 24659,134158,20180126,    0,    0
 24659,134158,20180127,    0,    0
 24659,134158,20180128,    0,    0
 24659,134158,20180129,    0,    0
 24659,134158,20180130,    0,    0
 24659,134158,20180131,    0,    0
 24659,134158,20180201,   91,    0
 24659,134158,20180202,   20,    0
 24659,134158,20180203,   12,    0
 24659,134158,20180204,    0,    0
 24659,134158,20180205,    0,    0
 24659,134158,20180206,    0,    0
 24659,134158,20180207,    3,    0
 24659,134158,20180208,    0,    0
 24659,134158,20180209,    0,    0
 24659,134158,20180210,   11,    0
 24659,134158,20180211,   24,    0
 24659,134158,20180212,    8,    0
 24659,134158,20180213,    0,    0
 24659,134158,20180214,    0,    0
 24659,134158,20180215,   69,    0
 24659,134158,20180216,   18,    0
 24659,134158,20180217,   10,    0
 24659,134158,20180218,    0,    0
 24659,134158,20180219,    4,    0
 24659,134158,20180220,   13,    0
 24659,134158,20180221,    3,    0
 24659,134158,20180222,    0,    0
 24659,134158,20180223,    0,    0
 24659,134158,20180224,    0,    0
 24659,134158,20180225,    0,    0
 24659,134158,20180226,    3,    0
 24659,134158,20180227,    0,    0
 24659,134158,20180228,    0,    0
 24659,134158,20180301,    0,    0
 24659,134158,20180302,    2,    0
 24659,134158,20180303,    0,    0
 24659,134158,20180304,    0,    0
 24659,134158,20180305,   15,    0
 24659,134158,20180306,   16,    0
 24659,134158,20180307,   45,    0
 24659,134158,20180308,    0,    0
 24659,134158,20180309,    0,    0
 24659,134158,20180310,    0,    0
 24659,134158,20180311,    1,    0
 24659,134158,20180312,   26,    0
 24659,134158,20180313,   22,    0
 24659,134158,20180314,    0,    0
 24659,134158,20180315,   13,    0
 24659,134158,20180316,    0,    0
 24659,134158,20180317,    0,    0
 24659,134158,20180318,    5,    0
 24659,134158,20180319,    2,    0
 24659,134158,20180320,    0,    0
 24659,134158,20180321,    0,    0
 24659,134158,20180322,    7,    0
 24659,134158,20180323,    1,    0
 24659,134158,20180324,    0,    0
 24659,134158,20180325,    0,    0
 24659,134158,20180326,    1,    0
 24659,134158,20180327,   32,    0
 24659,134158,20180328,   27,    0
 24659,134158,20180329,   41,    0
 24659,134158,20180330,   51,    0
 24659,134158,20180331,   18,    0
 24659,134158,20180401,    9,    0
 24659,134158,20180402,    0,    0
 24659,134158,20180403,    0,    0
 24659,134158,20180404,    1,    0
 24659,134158,20180405,   31,    0
 24659,134158,20180406,    0,    0
 24659,134158,20180407,    0,    0
 24659,134158,20180408,    0,    0
 24659,134158,20180409,    0,    0
 24659,134158,20180410,    0,    0
 24659,134158,20180411,    0,    0
 24659,134158,20180412,    0,    0
 24659,134158,20180413,   10,    0
 24659,134158,20180414,    0,    0
 24659,134158,20180415,   42,    0
 24659,134158,20180416,    6,    0
 24659,134158,20180417,    0,    0
 24659,134158,20180418,    0,    0
 24659,134158,20180419,    0,    0
 24659,134158,20180420,    0,    0
 24659,134158,20180421,    0,    0
 24659,134158,20180422,    0,    0
 24659,134158,20180423,  162,    0
 24659,134158,20180424,    0,    0
 24659,134158,20180425,    5,    0
 24659,134158,20180426,    3,    0
 24659,134158,20180427,    0,    0
 24659,134158,20180428,    0,    0
 24659,134158,20180429,   20,    0
 24659,134158,20180430,    0,    0
 24659,134158,20180501,    0,    0
 24659,134158,20180502,    0,    0
 24659,134158,20180503,   36,    0
 24659,134158,20180504,    0,    0
 24659,134158,20180505,    0,    0
 24659,134158,20180506,   16,    0
 24659,134158,20180507,    0,    0
 24659,134158,20180508,    0,    0
 24659,134158,20180509,    0,    0
 24659,134158,20180510,   69,    0
 24659,134158,20180511,    0,    0
 24659,134158,20180512,  202,    0
 24659,134158,20180513,    0,    0
 24659,134158,20180514,  239,    0
 24659,134158,20180515,  108,    0
 24659,134158,20180516,   64,    0
 24659,134158,20180517,   17,    0
 24659,134158,20180518,    5,    0
 24659,134158,20180519,    7,    0
 24659,134158,20180520,    0,    0
 24659,134158,20180521,    0,    0
 24659,134158,20180522,    1,    0
 24659,134158,20180523,    1,    0
 24659,134158,20180524,   82,    0
 24659,134158,20180525,    0,    0
 24659,134158,20180526,    0,    0
 24659,134158,20180527,    0,    0
 24659,134158,20180528,    0,    0
 24659,134158,20180529,    0,    0
 24659,134158,20180530,   11,    0
 24659,134158,20180531,    1,    0
 24659,134158,20180601,  139,    0
 24659,134158,20180602,  122,    0
 24659,134158,20180603,    0,    0
 24659,134158,20180604,   89,    0
 24659,134158,20180605,   56,    0
 24659,134158,20180606,  158,    0
 24659,134158,20180607,    3,    0
 24659,134158,20180608,    0,    0
 24659,134158,20180609,    1,    0
 24659,134158,20180610,   44,    0
 24659,134158,20180611,    0,    0
 24659,134158,20180612,   38,    0
 24659,134158,20180613,   80,    0
 24659,134158,20180614,    0,    0
 24659,134158,20180615,    0,    0
 24659,134158,20180616,    0,    0
 24659,134158,20180617,  165,    0
 24659,134158,20180618,    8,    0
 24659,134158,20180619,    0,    0
 24659,134158,20180620,    0,    0
 24659,134158,20180621,  201,    0
 24659,134158,20180622,    0,    0
 24659,134158,20180623,   29,    0
 24659,134158,20180624,   89,    0
 24659,134158,20180625,   13,    0
 24659,134158,20180626,   16,    0
 24659,134158,20180627,   86,    0
 24659,134158,20180628,   22,    0
 24659,134158,20180629,   13,    0
 24659,134158,20180630,    0,    0
 24659,134158,20180701,    0,    0
 24659,134158,20180702,    0,    0
 24659,134158,20180703,   28,    0
 24659,134158,20180704,   12,    0
 24659,134158,20180705,  288,    0
 24659,134158,20180706,  191,    0
 24659,134158,20180707,    0,    0
 24659,134158,20180708,   15,    0
 24659,134158,20180709,    0,    0
 24659,134158,20180710,   45,    0
 24659,134158,20180711,    6,    0
 24659,134158,20180712,    0,    0
 24659,134158,20180713,    0,    0
 24659,134158,20180714,    0,    0
 24659,134158,20180715,   13,    0
 24659,134158,20180716,    1,    0
 24659,134158,20180717,    7,    0
 24659,134158,20180718,    0,    0
 24659,134158,20180719,    0,    0
 24659,134158,20180720,   16,    0
 24659,134158,20180721,  106,    0
 24659,134158,20180722,   29,    0
 24659,134158,20180723,    4,    0
 24659,134158,20180724,    0,    0
 24659,134158,20180725,   34,    0
 24659,134158,20180726,    0,    0
 24659,134158,20180727,    0,    0
 24659,134158,20180728,   75,    0
 24659,134158,20180729,    0,    0
 24659,134158,20180730,    0,    0
 24659,134158,20180731,    0,    0
 24659,134158,20180801,    0,    0
 24659,134158,20180802,   87,    0
 24659,134158,20180803,    6,    0
 24659,134158,20180804,    0,    0
 24659,134158,20180805,    0,    0
 24659,134158,20180806,    0,    0
 24659,134158,20180807,    0,    0
 24659,134158,20180808,   21,    0
 24659,134158,20180809,    0,    0
 24659,134158,20180810,   42,    0
 24659,134158,20180811,    0,    0
 24659,134158,20180812,    0,    0
 24659,134158,20180813,   72,    0
 24659,134158,20180814,   31,    0
 24659,134158,20180815,   23,    0
 24659,134158,20180816,    0,    0
 24659,134158,20180817,    0,    0
 24659,134158,20180818,    0,    0
 24659,134158,20180819,    1,    0
 24659,134158,20180820,    0,    0
 24659,134158,20180821,    0,    0
 24659,134158,20180822,   29,    0
 24659,134158,20180823,  247,    0
 24659,134158,20180824,  267,    0
 24659,134158,20180825,  480,    0
 24659,134158,20180826,   21,    0
 24659,134158,20180827,    0,    0
 24659,134158,20180828,    0,    0
 24659,134158,20180829,    0,    0
 24659,134158,20180830,  214,    0
 24659,134158,20180831,  186,    0
 24659,134158,20180901,   50,    0
 24659,134158,20180902,    0,    0
 24659,134158,20180903,    0,    0
 24659,134158,20180904,    0,    0
 24659,134158,20180905,    0,    0
 24659,134158,20180906,   85,    0
 24659,134158,20180907,    3,    0
 24659,134158,20180908,    0,    0
 24659,134158,20180909,    0,    0
 24659,134158,20180910,    0,    0
 24659,134158,20180911,    0,    0
 24659,134158,20180912,    0,    0
 24659,134158,20180913,  173,    0
 24659,134158,20180914,   58,    0
 24659,134158,20180915,    0,    0
 24659,134158,20180916,    0,    0
 24659,134158,20180917,    0,    0
 24659,134158,20180918,   43,    0
 24659,134158,20180919,    0,    0
 24659,134158,20180920,    0,    0
 24659,134158,20180921,  100,    0
 24659,134158,20180922,   17,    0
 24659,134158,20180923,   70,    0
 24659,134158,20180924,    0,    0
 24659,134158,20180925,    0,    0
 24659,134158,20180926,    0,    0
 24659,134158,20180927,    0,    0
 24659,134158,20180928,    0,    0
 24659,134158,20180929,    0,    0
 24659,134158,20180930,    0,    0
 24659,134158,20181001,   35,    0
 24659,134158,20181002,    1,    0
 24659,134158,20181003,    0,    0
 24659,134158,20181004,    0,    0
 24659,134158,20181005,    0,    0
 24659,134158,20181006,   67,    0
 24659,134158,20181007,   10,    0
 24659,134158,20181008,    0,    0
 24659,134158,20181009,    0,    0
 24659,134158,20181010,    0,    0
 24659,134158,20181011,    0,    0
 24659,134158,20181012,    0,    0
 24659,134158,20181013,    0,    0
 24659,134158,20181014,    0,    0
 24659,134158,20181015,    0,    0
 24659,134158,20181016,    0,    0
 24659,134158,20181017,    0,    0
 24659,134158,20181018,    0,    0
 24659,134158,20181019,    0,    0
 24659,134158,20181020,    0,    0
 24659,134158,20181021,    0,    0
 24659,134158,20181022,    0,    0
 24659,134158,20181023,   70,    0
 24659,134158,20181024,  194,    0
 24659,134158,20181025,    0,    0
 24659,134158,20181026,    7,    0
 24659,134158,20181027,  155,    0
 24659,134158,20181028,  119,    0
 24659,134158,20181029,  226,    0
 24659,134158,20181030,    1,    0
 24659,134158,20181031,    0,    0
 24659,134158,20181101,    0,    0
 24659,134158,20181102,   15,    0
 24659,134158,20181103,    0,    0
 24659,134158,20181104,    0,    0
 24659,134158,20181105,    0,    0
 24659,134158,20181106,    0,    0
 24659,134158,20181107,    0,    0
 24659,134158,20181108,    0,    0
 24659,134158,20181109,    0,    0
 24659,134158,20181110,    0,    0
 24659,134158,20181111,    0,    0
 24659,134158,20181112,    0,    0
 24659,134158,20181113,    0,    0
 24659,134158,20181114,    0,    0
 24659,134158,20181115,    0,    0
 24659,134158,20181116,    0,    0
 24659,134158,20181117,    0,    0
 24659,134158,20181118,    6,    0
 24659,134158,20181119,    1,    0
 24659,134158,20181120,    0,    0
 24659,134158,20181121,    0,    0
 24659,134158,20181122,    0,    0
 24659,134158,20181123,    0,    0
 24659,134158,20181124,    0,    0
 24659,134158,20181125,    0,    0
 24659,134158,20181126,    6,    0
 24659,134158,20181127,    0,    0
 24659,134158,20181128,    0,    0
 24659,134158,20181129,    0,    0
 24659,134158,20181130,    7,    0
 24659,134158,20181201,    1,    0
 24659,134158,20181202,   45,    0
 24659,134158,20181203,   12,    0
 24659,134158,20181204,   38,    0
 24659,134158,20181205,   44,    0
 24659,134158,20181206,    1,    0
 24659,134158,20181207,   33,    0
 24659,134158,20181208,    0,    0
 24659,134158,20181209,  126,    0
 24659,134158,20181210,   37,    0
 24659,134158,20181211,    1,    0
 24659,134158,20181212,    0,    0
 24659,134158,20181213,    0,    0
 24659,134158,20181214,    0,    0
 24659,134158,20181215,    0,    0
 24659,134158,20181216,    0,    0
 24659,134158,20181217,    1,    0
 24659,134158,20181218,    0,    0
 24659,134158,20181219,   22,    0
 24659,134158,20181220,    1,    0
 24659,134158,20181221,   38,    0
 24659,134158,20181222,   43,    0
 24659,134158,20181223,  133,    0
 24659,134158,20181224,   85,    0
 24659,134158,20181225,    0,    0
 24659,134158,20181226,    0,    0
 24659,134158,20181227,    0,    0
 24659,134158,20181228,    0,    0
 24659,134158,20181229,   23,    0
 24659,134158,20181230,   60,    0
 24659,134158,20181231,  143,    0
 24659,134158,20190101,    7,    0
 24659,134158,20190102,   27,    0
 24659,134158,20190103,    4,    0
 24659,134158,20190104,   48,    0
 24659,134158,20190105,  139,    0
 24659,134158,20190106,   10,    0
 24659,134158,20190107,    8,    0
 24659,134158,20190108,   34,    0
 24659,134158,20190109,   21,    0
 24659,134158,20190110,    4,    0
 24659,134158,20190111,   36,    0
 24659,134158,20190112,   44,    0
 24659,134158,20190113,  163,    0
 24659,134158,20190114,   72,    0
 24659,134158,20190115,    1,    0
 24659,134158,20190116,    0,    0
 24659,134158,20190117,   31,    0
 24659,134158,20190118,    0,    0
 24659,134158,20190119,    0,    0
 24659,134158,20190120,    0,    0
 24659,134158,20190121,    0,    0
 24659,134158,20190122,    0,    0
 24659,134158,20190123,    0,    0
 24659,134158,20190124,    0,    0
 24659,134158,20190125,    7,    0
 24659,134158,20190126,   61,    0
 24659,134158,20190127,   20,    0
 24659,134158,20190128,    0,    0
 24659,134158,20190129,    0,    0
 24659,134158,20190130,   25,    0
 24659,134158,20190131,    0,    0
 24659,134158,20190201,    3,    0
 24659,134158,20190202,  143,    0
 24659,134158,20190203,    8,    0
 24659,134158,20190204,    0,    0
 24659,134158,20190205,    0,    0
 24659,134158,20190206,    0,    0
 24659,134158,20190207,   10,    0
 24659,134158,20190208,    0,    0
 24659,134158,20190209,    0,    0
 24659,134158,20190210,   37,    0
 24659,134158,20190211,   34,    0
 24659,134158,20190212,    4,    0
 24659,134158,20190213,    0,    0
 24659,134158,20190214,    0,    0
 24659,134158,20190215,    0,    0
 24659,134158,20190216,    0,    0
 24659,134158,20190217,    0,    0
 24659,134158,20190218,    0,    0
 24659,134158,20190219,    0,    0
 24659,134158,20190220,    0,    0
 24659,134158,20190221,    9,    0
 24659,134158,20190222,   24,    0
 24659,134158,20190223,    0,    0
 24659,134158,20190224,    0,    0
 24659,134158,20190225,    0,    0
 24659,134158,20190226,    0,    0
 24659,134158,20190227,    0,    0
 24659,134158,20190228,    0,    0
 24659,134158,20190301,   11,    0
 24659,134158,20190302,    0,    0
 24659,134158,20190303,    0,    0
 24659,134158,20190304,   38,    0
 24659,134158,20190305,    0,    0
 24659,134158,20190306,    0,    0
 24659,134158,20190307,   71,    0
 24659,134158,20190308,   22,    0
 24659,134158,20190309,   11,    0
 24659,134158,20190310,   10,    0
 24659,134158,20190311,   33,    0
 24659,134158,20190312,    0,    0
 24659,134158,20190313,   30,    0
 24659,134158,20190314,  105,    0
 24659,134158,20190315,  142,    0
 24659,134158,20190316,    0,    0
 24659,134158,20190317,   17,    0
 24659,134158,20190318,    3,    0
 24659,134158,20190319,    2,    0
 24659,134158,20190320,    0,    0
 24659,134158,20190321,    0,    0
 24659,134158,20190322,    0,    0
 24659,134158,20190323,    0,    0
 24659,134158,20190324,    0,    0
 24659,134158,20190325,   32,    0
 24659,134158,20190326,    1,    0
 24659,134158,20190327,    0,    0
 24659,134158,20190328,    0,    0
 24659,134158,20190329,    0,    0
 24659,134158,20190330,    0,    0
 24659,134158,20190331,    0,    0
 24659,134158,20190401,    0,    0
 24659,134158,20190402,    0,    0
 24659,134158,20190403,    0,    0
 24659,134158,20190404,    1,    0
 24659,134158,20190405,    0,    0
 24659,134158,20190406,    0,    0
 24659,134158,20190407,   27,    0
 24659,134158,20190408,   43,    0
 24659,134158,20190409,   16,    0
 24659,134158,20190410,   72,    0
 24659,134158,20190411,   42,    0
 24659,134158,20190412,    0,    0
 24659,134158,20190413,   21,    0
 24659,134158,20190414,    3,    0
 24659,134158,20190415,    0,    0
 24659,134158,20190416,    0,    0
 24659,134158,20190417,    0,    0
 24659,134158,20190418,    0,    0
 24659,134158,20190419,    0,    0
 24659,134158,20190420,    0,    0
 24659,134158,20190421,    0,    0
 24659,134158,20190422,    0,    0
 24659,134158,20190423,    0,    0
 24659,134158,20190424,    0,    0
 24659,134158,20190425,    0,    0
 24659,134158,20190426,  111,    0
 24659,134158,20190427,   39,    0
 24659,134158,20190428,   34,    0
 24659,134158,20190429,   29,    0
 24659,134158,20190430,   37,    0
 24659,134158,20190501,    0,    0
 24659,134158,20190502,  133,    0
 24659,134158,20190503,   40,    0
 24659,134158,20190504,   94,    0
 24659,134158,20190505,   23,    0
 24659,134158,20190506,    0,    0
 24659,134158,20190507,    0,    0
 24659,134158,20190508,   21,    0
 24659,134158,20190509,   36,    0
 24659,134158,20190510,    0,    0
 24659,134158,20190511,  128,    0
 24659,134158,20190512,   29,    0
 24659,134158,20190513,   14,    0
 24659,134158,20190514,    8,    0
 24659,134158,20190515,    0,    0
 24659,134158,20190516,    0,    0
 24659,134158,20190517,    0,    0
 24659,134158,20190518,    0,    0
 24659,134158,20190519,   73,    0
 24659,134158,20190520,  262,    0
 24659,134158,20190521,   54,    0
 24659,134158,20190522,   15,    0
 24659,134158,20190523,    0,    0
 24659,134158,20190524,    0,    0
 24659,134158,20190525,   40,    0
 24659,134158,20190526,    0,    0
 24659,134158,20190527,   67,    0
 24659,134158,20190528,  153,    0
 24659,134158,20190529,   51,    0
 24659,134158,20190530,    0,    0
 24659,134158,20190531,    1,    0
 24659,134158,20190601,    0,    0
 24659,134158,20190602,    0,    0
 24659,134158,20190603,    0,    0
 24659,134158,20190604,    0,    0
 24659,134158,20190605,    0,    0
 24659,134158,20190606,    0,    0
 24659,134158,20190607,    0,    0
 24659,134158,20190608,    0,    0
 24659,134158,20190609,    0,    0
 24659,134158,20190610,    0,    0
 24659,134158,20190611,   39,    0
 24659,134158,20190612,    0,    0
 24659,134158,20190613,    0,    0
 24659,134158,20190614,    0,    0
 24659,134158,20190615,   21,    0
 24659,134158,20190616,   51,    0
 24659,134158,20190617,   19,    0
 24659,134158,20190618,    6,    0
 24659,134158,20190619,    0,    0
 24659,134158,20190620,    3,    0
 24659,134158,20190621,   71,    0
 24659,134158,20190622,   98,    0
 24659,134158,20190623,    3,    0
 24659,134158,20190624,    0,    0
 24659,134158,20190625,    0,    0
 24659,134158,20190626,    0,    0
 24659,134158,20190627,    0,    0
 24659,134158,20190628,    0,    0
 24659,134158,20190629,    0,    0
 24659,134158,20190630,    0,    0
 24659,134158,20190701,   99,    0
 24659,134158,20190702,   47,    0
 24659,134158,20190703,    0,    0
 24659,134158,20190704,    0,    0
 24659,134158,20190705,    0,    0
 24659,134158,20190706,   17,    0
 24659,134158,20190707,  144,    0
 24659,134158,20190708,   64,    0
 24659,134158,20190709,    0,    0
 24659,134158,20190710,    0,    0
 24659,134158,20190711,   39,    0
 24659,134158,20190712,   63,    0
 24659,134158,20190713,   16,    0
 24659,134158,20190714,    0,    0
 24659,134158,20190715,   70,    0
 24659,134158,20190716,    0,    0
 24659,134158,20190717,    2,    0
 24659,134158,20190718,    5,    0
 24659,134158,20190719,    0,    0
 24659,134158,20190720,   43,    0
 24659,134158,20190721,   45,    0
 24659,134158,20190722,    0,    0
 24659,134158,20190723,    0,    0
 24659,134158,20190724,    0,    0
 24659,134158,20190725,  161,    0
 24659,134158,20190726,    0,    0
 24659,134158,20190727,    0,    0
 24659,134158,20190728,  383,    0
 24659,134158,20190729,    4,    0
 24659,134158,20190730,    5,    0
 24659,134158,20190731,   14,    0
 24659,134158,20190801,  158,    0
 24659,134158,20190802,   34,    0
 24659,134158,20190803,   83,    0
 24659,134158,20190804,    0,    0
 24659,134158,20190805,   58,    0
 24659,134158,20190806,   15,    0
 24659,134158,20190807,    5,    0
 24659,134158,20190808,    3,    0
 24659,134158,20190809,    0,    0
 24659,134158,20190810,    1,    0
 24659,134158,20190811,    0,    0
 24659,134158,20190812,   95,    0
 24659,134158,20190813,  168,    0
 24659,134158,20190814,    0,    0
 24659,134158,20190815,   41,    0
 24659,134158,20190816,    0,    0
 24659,134158,20190817,    0,    0
 24659,134158,20190818,    0,    0
 24659,134158,20190819,   16,    0
 24659,134158,20190820,  120,    0
 24659,134158,20190821,  131,    0
 24659,134158,20190822,    0,    0
 24659,134158,20190823,    0,    0
 24659,134158,20190824,    6,    0
 24659,134158,20190825,   41,    0
 24659,134158,20190826,    0,    0
 24659,134158,20190827,    0,    0
 24659,134158,20190828,    0,    0
 24659,134158,20190829,   87,    0
 24659,134158,20190830,   25,    0
 24659,134158,20190831,    0,    0
 24659,134158,20190901,  170,    0
 24659,134158,20190902,  103,    0
 24659,134158,20190903,    0,    0
 24659,134158,20190904,    0,    0
 24659,134158,20190905,  163,    0
 24659,134158,20190906,   34,    0
 24659,134158,20190907,   17,    0
 24659,134158,20190908,  177,    0
 24659,134158,20190909,   31,    0
 24659,134158,20190910,    0,    0
 24659,134158,20190911,   82,    0
 24659,134158,20190912,    0,    0
 24659,134158,20190913,    0,    0
 24659,134158,20190914,    0,    0
 24659,134158,20190915,    0,    0
 24659,134158,20190916,    0,    0
 24659,134158,20190917,    0,    0
 24659,134158,20190918,    0,    0
 24659,134158,20190919,    0,    0
 24659,134158,20190920,    0,    0
 24659,134158,20190921,    0,    0
 24659,134158,20190922,    0,    0
 24659,134158,20190923,   72,    0
 24659,134158,20190924,    0,    0
 24659,134158,20190925,  137,    0
 24659,134158,20190926,    3,    0
 24659,134158,20190927,   42,    0
 24659,134158,20190928,    9,    0
 24659,134158,20190929,    0,    0
 24659,134158,20190930,    0,    0
 24659,134158,20191001,   72,    0
 24659,134158,20191002,  112,    0
 24659,134158,20191003,    0,    0
 24659,134158,20191004,   33,    0
 24659,134158,20191005,   47,    0
 24659,134158,20191006,   83,    0
 24659,134158,20191007,    3,    0
 24659,134158,20191008,    0,    0
 24659,134158,20191009,  114,    0
 24659,134158,20191010,    6,    0
 24659,134158,20191011,    0,    0
 24659,134158,20191012,    0,    0
 24659,134158,20191013,    0,    0
 24659,134158,20191014,    0,    0
 24659,134158,20191015,   16,    0
 24659,134158,20191016,    0,    0
 24659,134158,20191017,    0,    0
 24659,134158,20191018,    0,    0
 24659,134158,20191019,    0,    0
 24659,134158,20191020,    0,    0
 24659,134158,20191021,    0,    0
 24659,134158,20191022,    0,    0
 24659,134158,20191023,    0,    0
 24659,134158,20191024,    0,    0
 24659,134158,20191025,    0,    0
 24659,134158,20191026,    0,    0
 24659,134158,20191027,   17,    0
 24659,134158,20191028,   94,    0
 24659,134158,20191029,   66,    0
 24659,134158,20191030,  145,    0
 24659,134158,20191031,    0,    0
 24659,134158,20191101,    1,    0
 24659,134158,20191102,    0,    0
 24659,134158,20191103,  112,    0
 24659,134158,20191104,   49,    0
 24659,134158,20191105,  163,    0
 24659,134158,20191106,    5,    0
 24659,134158,20191107,    0,    0
 24659,134158,20191108,   85,    0
 24659,134158,20191109,    8,    0
 24659,134158,20191110,    0,    0
 24659,134158,20191111,   39,    0
 24659,134158,20191112,  234,    0
 24659,134158,20191113,   81,    0
 24659,134158,20191114,    0,    0
 24659,134158,20191115,  259,    0
 24659,134158,20191116,  208,    0
 24659,134158,20191117,  574,    0
 24659,134158,20191118,    0,    0
 24659,134158,20191119,    0,    0
 24659,134158,20191120,    0,    0
 24659,134158,20191121,    0,    0
 24659,134158,20191122,    0,    0
 24659,134158,20191123,    0,    0
 24659,134158,20191124,    0,    0
 24659,134158,20191125,    0,    0
 24659,134158,20191126,    0,    0
 24659,134158,20191127,    0,    0
 24659,134158,20191128,   17,    0
 24659,134158,20191129,   24,    0
 24659,134158,20191130,    0,    0
 24659,134158,20191201,    8,    0
 24659,134158,20191202,    1,    0
 24659,134158,20191203,    0,    0
 24659,134158,20191204,    0,    0
 24659,134158,20191205,    0,    0
 24659,134158,20191206,    0,    0
 24659,134158,20191207,    0,    0
 24659,134158,20191208,    0,    0
 24659,134158,20191209,   24,    0
 24659,134158,20191210,    1,    0
 24659,134158,20191211,    0,    0
 24659,134158,20191212,    7,    0
 24659,134158,20191213,    1,    0
 24659,134158,20191214,    0,    0
 24659,134158,20191215,    0,    0
 24659,134158,20191216,    0,    0
 24659,134158,20191217,    0,    0
 24659,134158,20191218,    0,    0
 24659,134158,20191219,    1,    0
 24659,134158,20191220,    0,    0
 24659,134158,20191221,  172,    0
 24659,134158,20191222,   37,    0
 24659,134158,20191223,   62,    0
 24659,134158,20191224,   87,    0
 24659,134158,20191225,   35,    0
 24659,134158,20191226,    4,    0
 24659,134158,20191227,   37,    0
 24659,134158,20191228,    0,    0
 24659,134158,20191229,    0,    0
 24659,134158,20191230,    0,    0
 24659,134158,20191231,    0,    0
 24659,134158,20200101,    0,    0
 24659,134158,20200102,    0,    0
 24659,134158,20200103,    0,    0
 24659,134158,20200104,   30,    0
 24659,134158,20200105,    0,    0
 24659,134158,20200106,    0,    0
 24659,134158,20200107,    0,    0
 24659,134158,20200108,    0,    0
 24659,134158,20200109,    0,    0
 24659,134158,20200110,    0,    0
 24659,134158,20200111,    0,    0
 24659,134158,20200112,    0,    0
 24659,134158,20200113,    0,    0
 24659,134158,20200114,    0,    0
 24659,134158,20200115,    0,    0
 24659,134158,20200116,    0,    0
 24659,134158,20200117,    6,    0
 24659,134158,20200118,   22,    0
 24659,134158,20200119,    5,    0
 24659,134158,20200120,    0,    0
 24659,134158,20200121,    0,    0
 24659,134158,20200122,    0,    0
 24659,134158,20200123,    0,    0
 24659,134158,20200124,    0,    0
 24659,134158,20200125,    0,    0
 24659,134158,20200126,    0,    0
 24659,134158,20200127,    0,    0
 24659,134158,20200128,   37,    0
 24659,134158,20200129,  103,    0
 24659,134158,20200130,    1,    0
 24659,134158,20200131,    0,    0
 24659,134158,20200201,    3,    0
 24659,134158,20200202,   41,    0
 24659,134158,20200203,   97,    0
 24659,134158,20200204,  120,    0
 24659,134158,20200205,   42,    0
 24659,134158,20200206,    0,    0
 24659,134158,20200207,    0,    0
 24659,134158,20200208,    0,    0
 24659,134158,20200209,    0,    0
 24659,134158,20200210,   32,    0
 24659,134158,20200211,   12,    0
 24659,134158,20200212,    0,    0
 24659,134158,20200213,    0,    0
 24659,134158,20200214,    1,    0
 24659,134158,20200215,    0,    0
 24659,134158,20200216,    0,    0
 24659,134158,20200217,    5,    0
 24659,134158,20200218,    0,    0
 24659,134158,20200219,   15,    0
 24659,134158,20200220,    0,    0
 24659,134158,20200221,    0,    0
 24659,134158,20200222,    0,    0
 24659,134158,20200223,   35,    0
 24659,134158,20200224,    0,    0
 24659,134158,20200225,   82,    0
 24659,134158,20200226,   10,    0
 24659,134158,20200227,    4,    0
 24659,134158,20200228,    0,    0
 24659,134158,20200229,    0,    0
 24659,134158,20200301,   12,    0
 24659,134158,20200302,   31,    0
 24659,134158,20200303,    1,    0
 24659,134158,20200304,    0,    0
 24659,134158,20200305,    2,    0
 24659,134158,20200306,    8,    0
 24659,134158,20200307,    1,    0
 24659,134158,20200308,    0,    0
 24659,134158,20200309,    0,    0
 24659,134158,20200310,  107,    0
 24659,134158,20200311,    0,    0
 24659,134158,20200312,   15,    0
 24659,134158,20200313,    1,    0
 24659,134158,20200314,    1,    0
 24659,134158,20200315,    0,    0
 24659,134158,20200316,    0,    0
 24659,134158,20200317,   20,    0
 24659,134158,20200318,    0,    0
 24659,134158,20200319,    0,    0
 24659,134158,20200320,  275,    0
 24659,134158,20200321,    4,    0
 24659,134158,20200322,    0,    0
 24659,134158,20200323,    0,    0
 24659,134158,20200324,    0,    0
 24659,134158,20200325,    0,    0
 24659,134158,20200326,    0,    0
 24659,134158,20200327,    0,    0
 24659,134158,20200328,    0,    0
 24659,134158,20200329,   17,    0
 24659,134158,20200330,    1,    0
 24659,134158,20200331,    0,    0
 24659,134158,20200401,    0,    0
 24659,134158,20200402,    0,    0
 24659,134158,20200403,    0,    0
 24659,134158,20200404,    0,    0
 24659,134158,20200405,    0,    0
 24659,134158,20200406,    0,    0
 24659,134158,20200407,    0,    0
 24659,134158,20200408,    0,    0
 24659,134158,20200409,    0,    0
 24659,134158,20200410,    0,    0
 24659,134158,20200411,    0,    0
 24659,134158,20200412,    0,    0
 24659,134158,20200413,   34,    0
 24659,134158,20200414,    0,    0
 24659,134158,20200415,    0,    0
 24659,134158,20200416,    0,    0
 24659,134158,20200417,    0,    0
 24659,134158,20200418,    9,    0
 24659,134158,20200419,   10,    0
 24659,134158,20200420,    0,    0
 24659,134158,20200421,    0,    0
 24659,134158,20200422,    0,    0
 24659,134158,20200423,    0,    0
 24659,134158,20200424,    0,    0
 24659,134158,20200425,   15,    0
 24659,134158,20200426,    0,    0
 24659,134158,20200427,   17,    0
 24659,134158,20200428,   29,    0
 24659,134158,20200429,   63,    0
 24659,134158,20200430,  105,    0
 24659,134158,20200501,   90,    0
 24659,134158,20200502,   50,    0
 24659,134158,20200503,    7,    0
 24659,134158,20200504,   22,    0
 24659,134158,20200505,   36,    0
 24659,134158,20200506,    0,    0
 24659,134158,20200507,    0,    0
 24659,134158,20200508,    0,    0
 24659,134158,20200509,   56,    0
 24659,134158,20200510,    2,    0
 24659,134158,20200511,    5,    0
 24659,134158,20200512,    0,    0
 24659,134158,20200513,    0,    0
 24659,134158,20200514,  140,    0
 24659,134158,20200515,   59,    0
 24659,134158,20200516,    8,    0
 24659,134158,20200517,    0,    0
 24659,134158,20200518,   16,    0
 24659,134158,20200519,   13,    0
 24659,134158,20200520,    0,    0
 24659,134158,20200521,    0,    0
 24659,134158,20200522,    0,    0
 24659,134158,20200523,   50,    0
 24659,134158,20200524,    5,    0
 24659,134158,20200525,   87,    0
 24659,134158,20200526,   10,    0
 24659,134158,20200527,    0,    0
 24659,134158,20200528,   70,    0
 24659,134158,20200529,    5,    0
 24659,134158,20200530,    0,    0
 24659,134158,20200531,    6,    0
 24659,134158,20200601,    0,    0
 24659,134158,20200602,    0,    0
 24659,134158,20200603,    2,    0
 24659,134158,20200604,  147,    0
 24659,134158,20200605,    7,    0
 24659,134158,20200606,    0,    0
 24659,134158,20200607,   52,    0
 24659,134158,20200608,   78,    0
 24659,134158,20200609,   36,    0
 24659,134158,20200610,  113,    0
 24659,134158,20200611,    0,    0
 24659,134158,20200612,    0,    0
 24659,134158,20200613,  126,    0
 24659,134158,20200614,  109,    0
 24659,134158,20200615,  199,    0
 24659,134158,20200616,    3,    0
 24659,134158,20200617,   10,    0
 24659,134158,20200618,   45,    0
 24659,134158,20200619,   69,    0
 24659,134158,20200620,   11,    0
 24659,134158,20200621,   14,    0
 24659,134158,20200622,   14,    0
 24659,134158,20200623,    0,    0
 24659,134158,20200624,    1,    0
 24659,134158,20200625,   50,    0
 24659,134158,20200626,    3,    0
 24659,134158,20200627,    1,    0
 24659,134158,20200628,   45,    0
 24659,134158,20200629,  142,    0
 24659,134158,20200630,    0,    0
 24659,134158,20200701,   23,    0
 24659,134158,20200702,  269,    0
 24659,134158,20200703,    0,    0
 24659,134158,20200704,    0,    0
 24659,134158,20200705,    0,    0
 24659,134158,20200706,   68,    0
 24659,134158,20200707,    0,    0
 24659,134158,20200708,    0,    0
 24659,134158,20200709,    0,    0
 24659,134158,20200710,  156,    0
 24659,134158,20200711,   90,    0
 24659,134158,20200712,    0,    0
 24659,134158,20200713,    0,    0
 24659,134158,20200714,    0,    0
 24659,134158,20200715,  132,    0
 24659,134158,20200716,  130,    0
 24659,134158,20200717,   84,    0
 24659,134158,20200718,   15,    0
 24659,134158,20200719,    0,    0
 24659,134158,20200720,    0,    0
 24659,134158,20200721,   24,    0
 24659,134158,20200722,   60,    0
 24659,134158,20200723,    0,    0
 24659,134158,20200724,   83,    0
 24659,134158,20200725,    2,    0
 24659,134158,20200726,   77,    0
 24659,134158,20200727,    0,    0
 24659,134158,20200728,    4,    0
 24659,134158,20200729,    0,    0
 24659,134158,20200730,    0,    0
 24659,134158,20200731,    0,    0
 24659,134158,20200801,   45,    0
 24659,134158,20200802,  190,    0
 24659,134158,20200803,  498,    0
 24659,134158,20200804,   26,    0
 24659,134158,20200805,    0,    0
 24659,134158,20200806,    0,    0
 24659,134158,20200807,    0,    0
 24659,134158,20200808,    0,    0
 24659,134158,20200809,    0,    0
 24659,134158,20200810,    0,    0
 24659,134158,20200811,    0,    0
 24659,134158,20200812,    0,    0
 24659,134158,20200813,  181,    0
 24659,134158,20200814,   77,    0
 24659,134158,20200815,    0,    0
 24659,134158,20200816,   37,    0
 24659,134158,20200817,   68,    0
 24659,134158,20200818,   33,    0
 24659,134158,20200819,    3,    0
 24659,134158,20200820,    0,    0
 24659,134158,20200821,    0,    0
 24659,134158,20200822,  431,    0
 24659,134158,20200823,    1,    0
 24659,134158,20200824,    0,    0
 24659,134158,20200825,    0,    0
 24659,134158,20200826,    0,    0
 24659,134158,20200827,    0,    0
 24659,134158,20200828,  169,    0
 24659,134158,20200829,  268,    0
 24659,134158,20200830,  178,    0
 24659,134158,20200831,   69,    0
 24659,134158,20200901,   16,    0
 24659,134158,20200902,   16,    0
 24659,134158,20200903,    0,    0
 24659,134158,20200904,    0,    0
 24659,134158,20200905,   13,    0
 24659,134158,20200906,  245,    0
 24659,134158,20200907,    1,    0
 24659,134158,20200908,    0,    0
 24659,134158,20200909,    0,    0
 24659,134158,20200910,    0,    0
 24659,134158,20200911,    0,    0
 24659,134158,20200912,    0,    0
 24659,134158,20200913,    0,    0
 24659,134158,20200914,    0,    0
 24659,134158,20200915,    0,    0
 24659,134158,20200916,    5,    0
 24659,134158,20200917,   53,    0
 24659,134158,20200918,    0,    0
 24659,134158,20200919,    0,    0
 24659,134158,20200920,    0,    0
 24659,134158,20200921,    0,    0
 24659,134158,20200922,    0,    0
 24659,134158,20200923,  110,    0
 24659,134158,20200924,  121,    0
 24659,134158,20200925,  359,    0
 24659,134158,20200926,   10,    0
 24659,134158,20200927,   25,    0
 24659,134158,20200928,    8,    0
 24659,134158,20200929,   34,    0
 24659,134158,20200930,    0,    0
 24659,134158,20201001,    0,    0
 24659,134158,20201002,    0,    0
 24659,134158,20201003,   30,    0
 24659,134158,20201004,    0,    0
 24659,134158,20201005,   17,    0
 24659,134158,20201006,   79,    0
 24659,134158,20201007,   26,    0
 24659,134158,20201008,    0,    0
 24659,134158,20201009,    0,    0
 24659,134158,20201010,  100,    0
 24659,134158,20201011,  109,    0
 24659,134158,20201012,    4,    0
 24659,134158,20201013,    0,    0
 24659,134158,20201014,    0,    0
 24659,134158,20201015,   64,    0
 24659,134158,20201016,   33,    0
 24659,134158,20201017,    2,    0
 24659,134158,20201018,    0,    0
 24659,134158,20201019,    0,    0
 24659,134158,20201020,    0,    0
 24659,134158,20201021,    0,    0
 24659,134158,20201022,    0,    0
 24659,134158,20201023,   71,    0
 24659,134158,20201024,   28,    0
 24659,134158,20201025,    0,    0
 24659,134158,20201026,  200,    0
 24659,134158,20201027,   51,    0
 24659,134158,20201028,    0,    0
 24659,134158,20201029,  131,    0
 24659,134158,20201030,    1,    0
 24659,134158,20201031,    0,    0
 24659,134158,20201101,    1,    0
 24659,134158,20201102,    0,    0
 24659,134158,20201103,    5,    0
 24659,134158,20201104,    4,    0
 24659,134158,20201105,    0,    0
 24659,134158,20201106,    0,    0
 24659,134158,20201107,    0,    0
 24659,134158,20201108,    0,    0
 24659,134158,20201109,    0,    0
 24659,134158,20201110,    0,    0
 24659,134158,20201111,    0,    0
 24659,134158,20201112,    0,    0
 24659,134158,20201113,    0,    0
 24659,134158,20201114,    0,    0
 24659,134158,20201115,    0,    0
 24659,134158,20201116,   19,    0
 24659,134158,20201117,    0,    0
 24659,134158,20201118,    0,    0
 24659,134158,20201119,   20,    0
 24659,134158,20201120,    0,    0
 24659,134158,20201121,    0,    0
 24659,134158,20201122,    0,    0
 24659,134158,20201123,    0,    0
 24659,134158,20201124,    0,    0
 24659,134158,20201125,    0,    0
 24659,134158,20201126,    0,    0
 24659,134158,20201127,    0,    0
 24659,134158,20201128,    0,    0
 24659,134158,20201129,    0,    0
 24659,134158,20201130,    0,    0
 24659,134158,20201201,    0,    0
 24659,134158,20201202,   42,    0
 24659,134158,20201203,    5,    0
 24659,134158,20201204,   88,    0
 24659,134158,20201205,  474,    0
 24659,134158,20201206,  278,    0
 24659,134158,20201207,    0,    0
 24659,134158,20201208,   16,    0
 24659,134158,20201209,   39,    0
 24659,134158,20201210,    0,    0
 24659,134158,20201211,    0,    0
 24659,134158,20201212,   15,    0
 24659,134158,20201213,   30,    0
 24659,134158,20201214,    0,    0
 24659,134158,20201215,    0,    0
 24659,134158,20201216,    8,    0
 24659,134158,20201217,    0,    0
 24659,134158,20201218,    0,    0
 24659,134158,20201219,    0,    0
 24659,134158,20201220,    0,    0
 24659,134158,20201221,    9,    0
 24659,134158,20201222,    0,    0
 24659,134158,20201223,    0,    0
 24659,134158,20201224,   65,    0
 24659,134158,20201225,    0,    0
 24659,134158,20201226,    0,    0
 24659,134158,20201227,    0,    0
 24659,134158,20201228,    2,    0
 24659,134158,20201229,    0,    0
 24659,134158,20201230,    0,    0
 24659,134158,20201231,    0,    0
 24659,134158,20210101,    0,    0
 24659,134158,20210102,    5,    0
 24659,134158,20210103,    0,    0
 24659,134158,20210104,    0,    0
 24659,134158,20210105,    0,    0
 24659,134158,20210106,    0,    0
 24659,134158,20210107,    0,    0
 24659,134158,20210108,    0,    0
 24659,134158,20210109,    0,    0
 24659,134158,20210110,    0,    0
 24659,134158,20210111,    0,    0
 24659,134158,20210112,   22,    0
 24659,134158,20210113,  100,    0
 24659,134158,20210114,   32,    0
 24659,134158,20210115,    0,    0
 24659,134158,20210116,    4,    0
 24659,134158,20210117,   32,    0
 24659,134158,20210118,    3,    0
 24659,134158,20210119,    0,    0
 24659,134158,20210120,    0,    0
 24659,134158,20210121,    0,    0
 24659,134158,20210122,    7,    0
 24659,134158,20210123,   14,    0
 24659,134158,20210124,    1,    0
 24659,134158,20210125,   10,    0
 24659,134158,20210126,    3,    0
 24659,134158,20210127,    6,    0
 24659,134158,20210128,   49,    0
 24659,134158,20210129,   29,    0
 24659,134158,20210130,   24,    0
 24659,134158,20210131,    3,    0
 24659,134158,20210201,    3,    0
 24659,134158,20210202,    1,    0
 24659,134158,20210203,    0,    0
 24659,134158,20210204,    0,    0
 24659,134158,20210205,    0,    0
 24659,134158,20210206,    0,    0
 24659,134158,20210207,   15,    0
 24659,134158,20210208,    0,    0
 24659,134158,20210209,    0,    0
 24659,134158,20210210,    5,    0
 24659,134158,20210211,    0,    0
 24659,134158,20210212,    0,    0
 24659,134158,20210213,    0,    0
 24659,134158,20210214,    0,    0
 24659,134158,20210215,   20,    0
 24659,134158,20210216,   17,    0
 24659,134158,20210217,    0,    0
 24659,134158,20210218,    0,    0
 24659,134158,20210219,    0,    0
 24659,134158,20210220,    0,    0
 24659,134158,20210221,    0,    0
 24659,134158,20210222,    0,    0
 24659,134158,20210223,    0,    0
 24659,134158,20210224,    0,    0
 24659,134158,20210225,    0,    0
 24659,134158,20210226,   10,    0
 24659,134158,20210227,    0,    0
 24659,134158,20210228,    0,    0
 24659,134158,20210301,    0,    0
 24659,134158,20210302,    0,    0
 24659,134158,20210303,    0,    0
 24659,134158,20210304,   13,    0
 24659,134158,20210305,    2,    0
 24659,134158,20210306,    0,    0
 24659,134158,20210307,    3,    0
 24659,134158,20210308,    1,    0
 24659,134158,20210309,    0,    0
 24659,134158,20210310,    5,    0
 24659,134158,20210311,   28,    0
 24659,134158,20210312,    2,    0
 24659,134158,20210313,   36,    0
 24659,134158,20210314,   63,    0
 24659,134158,20210315,   63,    0
 24659,134158,20210316,   41,    0
 24659,134158,20210317,   10,    0
 24659,134158,20210318,    7,    0
 24659,134158,20210319,   13,    0
 24659,134158,20210320,    1,    0
 24659,134158,20210321,   23,    0
 24659,134158,20210322,    1,    0
 24659,134158,20210323,    0,    0
 24659,134158,20210324,    0,    0
 24659,134158,20210325,    0,    0
 24659,134158,20210326,    0,    0
 24659,134158,20210327,    0,    0
 24659,134158,20210328,    0,    0
 24659,134158,20210329,    0,    0
 24659,134158,20210330,    0,    0
 24659,134158,20210331,    0,    0
 24659,134158,20210401,   15,    0
 24659,134158,20210402,    7,    0
 24659,134158,20210403,    0,    0
 24659,134158,20210404,    0,    0
 24659,134158,20210405,    0,    0
 24659,134158,20210406,    4,    0
 24659,134158,20210407,   16,    0
 24659,134158,20210408,    0,    0
 24659,134158,20210409,    0,    0
 24659,134158,20210410,    0,    0
 24659,134158,20210411,    0,    0
 24659,134158,20210412,   32,    0
 24659,134158,20210413,    1,    0
 24659,134158,20210414,    0,    0
 24659,134158,20210415,    0,    0
 24659,134158,20210416,    0,    0
 24659,134158,20210417,    0,    0
 24659,134158,20210418,    1,    0
 24659,134158,20210419,    5,    0
 24659,134158,20210420,    0,    0
 24659,134158,20210421,    2,    0
 24659,134158,20210422,   17,    0
 24659,134158,20210423,    0,    0
 24659,134158,20210424,    0,    0
 24659,134158,20210425,    0,    0
 24659,134158,20210426,    9,    0
 24659,134158,20210427,    0,    0
 24659,134158,20210428,    0,    0
 24659,134158,20210429,   49,    0
 24659,134158,20210430,    0,    0
 24659,134158,20210501,   94,    0
 24659,134158,20210502,    0,    0
 24659,134158,20210503,    0,    0
 24659,134158,20210504,    0,    0
 24659,134158,20210505,   17,    0
 24659,134158,20210506,   69,    0
 24659,134158,20210507,   35,    0
 24659,134158,20210508,    0,    0
 24659,134158,20210509,    0,    0
 24659,134158,20210510,    0,    0
 24659,134158,20210511,   82,    0
 24659,134158,20210512,   70,    0
 24659,134158,20210513,   26,    0
 24659,134158,20210514,   16,    0
 24659,134158,20210515,   35,    0
 24659,134158,20210516,  176,    0
 24659,134158,20210517,   40,    0
 24659,134158,20210518,   95,    0
 24659,134158,20210519,   23,    0
 24659,134158,20210520,   18,    0
 24659,134158,20210521,   65,    0
 24659,134158,20210522,  112,    0
 24659,134158,20210523,   30,    0
 24659,134158,20210524,    6,    0
 24659,134158,20210525,   44,    0
 24659,134158,20210526,   14,    0
 24659,134158,20210527,   15,    0
 24659,134158,20210528,    0,    0
 24659,134158,20210529,    5,    0
 24659,134158,20210530,    0,    0
 24659,134158,20210531,    0,    0
 24659,134158,20210601,    0,    0
 24659,134158,20210602,    2,    0
 24659,134158,20210603,    0,    0
 24659,134158,20210604,   40,    0
 24659,134158,20210605,  135,    0
 24659,134158,20210606,   24,    0
 24659,134158,20210607,    8,    0
 24659,134158,20210608,    9,    0
 24659,134158,20210609,   37,    0
 24659,134158,20210610,   64,    0
 24659,134158,20210611,   58,    0
 24659,134158,20210612,   17,    0
 24659,134158,20210613,    0,    0
 24659,134158,20210614,    0,    0
 24659,134158,20210615,    0,    0
 24659,134158,20210616,    0,    0
 24659,134158,20210617,    0,    0
 24659,134158,20210618,    0,    0
 24659,134158,20210619,    0,    0
 24659,134158,20210620,    0,    0
 24659,134158,20210621,    0,    0
 24659,134158,20210622,    0,    0
 24659,134158,20210623,   25,    0
 24659,134158,20210624,    0,    0
 24659,134158,20210625,   24,    0
 24659,134158,20210626,  205,    0
 24659,134158,20210627,    1,    0
 24659,134158,20210628,    0,    0
 24659,134158,20210629,    0,    0
 24659,134158,20210630,  196,    0
 24659,134158,20210701,   23,    0
 24659,134158,20210702,    0,    0
 24659,134158,20210703,   19,    0
 24659,134158,20210704,  131,    0
 24659,134158,20210705,    0,    0
 24659,134158,20210706,    0,    0
 24659,134158,20210707,   26,    0
 24659,134158,20210708,  305,    0
 24659,134158,20210709,    0,    0
 24659,134158,20210710,  220,    0
 24659,134158,20210711,    6,    0
 24659,134158,20210712,    0,    0
 24659,134158,20210713,  205,    0
 24659,134158,20210714,   12,    0
 24659,134158,20210715,   44,    0
 24659,134158,20210716,   25,    0
 24659,134158,20210717,  497,    0
 24659,134158,20210718,   47,    0
 24659,134158,20210719,   35,    0
 24659,134158,20210720,    3,    0
 24659,134158,20210721,    0,    0
 24659,134158,20210722,    0,    0
 24659,134158,20210723,    0,    0
 24659,134158,20210724,   61,    0
 24659,134158,20210725,    7,    0
 24659,134158,20210726,   15,    0
 24659,134158,20210727,    2,    0
 24659,134158,20210728,   43,    0
 24659,134158,20210729,    0,    0
 24659,134158,20210730,  257,    0
 24659,134158,20210731,  214,    0
 24659,134158,20210801,  117,    0
 24659,134158,20210802,   13,    0
 24659,134158,20210803,    8,    0
 24659,134158,20210804,  165,    0
 24659,134158,20210805,   12,    0
 24659,134158,20210806,    0,    0
 24659,134158,20210807,  126,    0
 24659,134158,20210808,   88,    0
 24659,134158,20210809,   29,    0
 24659,134158,20210810,    0,    0
 24659,134158,20210811,    6,    0
 24659,134158,20210812,    0,    0
 24659,134158,20210813,    0,    0
 24659,134158,20210814,    4,    0
 24659,134158,20210815,  101,    0
 24659,134158,20210816,  428,    0
 24659,134158,20210817,    9,    0
 24659,134158,20210818,    0,    0
 24659,134158,20210819,    0,    0
 24659,134158,20210820,    0,    0
 24659,134158,20210821,    0,    0
 24659,134158,20210822,  118,    0
 24659,134158,20210823,   22,    0
 24659,134158,20210824,   27,    0
 24659,134158,20210825,    1,    0
 24659,134158,20210826,   49,    0
 24659,134158,20210827,   11,    0
 24659,134158,20210828,   73,    0
 24659,134158,20210829,  129,    0
 24659,134158,20210830,  103,    0
 24659,134158,20210831,   32,    0
 24659,134158,20210901,    0,    0
 24659,134158,20210902,    0,    0
 24659,134158,20210903,    0,    0
 24659,134158,20210904,    0,    0
 24659,134158,20210905,   54,    0
 24659,134158,20210906,    0,    0
 24659,134158,20210907,    0,    0
 24659,134158,20210908,    0,    0
 24659,134158,20210909,    0,    0
 24659,134158,20210910,    0,    0
 24659,134158,20210911,    2,    0
 24659,134158,20210912,    0,    0
 24659,134158,20210913,    0,    0
 24659,134158,20210914,    0,    0
 24659,134158,20210915,   39,    0
 24659,134158,20210916,  116,    0
 24659,134158,20210917,    0,    0
 24659,134158,20210918,    0,    0
 24659,134158,20210919,  292,    0
 24659,134158,20210920,    0,    0
 24659,134158,20210921,    0,    0
 24659,134158,20210922,    0,    0
 24659,134158,20210923,    0,    0
 24659,134158,20210924,    0,    0
 24659,134158,20210925,    0,    0
 24659,134158,20210926,  130,    0
 24659,134158,20210927,    0,    0
 24659,134158,20210928,   17,    0
 24659,134158,20210929,  104,    0
 24659,134158,20210930,    0,    0
 24659,134158,20211001,    0,    0
 24659,134158,20211002,    0,    0
 24659,134158,20211003,    0,    0
 24659,134158,20211004,    8,    0
 24659,134158,20211005,   91,    0
 24659,134158,20211006,  114,    0
 24659,134158,20211007,   14,    0
 24659,134158,20211008,    0,    0
 24659,134158,20211009,    0,    0
 24659,134158,20211010,    0,    0
 24659,134158,20211011,    0,    0
 24659,134158,20211012,   52,    0
 24659,134158,20211013,    1,    0
 24659,134158,20211014,    0,    0
 24659,134158,20211015,    0,    0
 24659,134158,20211016,    0,    0
 24659,134158,20211017,    0,    0
 24659,134158,20211018,    0,    0
 24659,134158,20211019,    0,    0
 24659,134158,20211020,    0,    0
 24659,134158,20211021,    0,    0
 24659,134158,20211022,    0,    0
 24659,134158,20211023,    0,    0
 24659,134158,20211024,    0,    0
 24659,134158,20211025,    0,    0
 24659,134158,20211026,    0,    0
 24659,134158,20211027,    0,    0
 24659,134158,20211028,    0,    0
 24659,134158,20211029,    0,    0
 24659,134158,20211030,    0,    0
 24659,134158,20211031,    0,    0
 24659,134158,20211101,  352,    0
 24659,134158,20211102,    0,    0
 24659,134158,20211103,  273,    0
 24659,134158,20211104,   84,    0
 24659,134158,20211105,    0,    0
 24659,134158,20211106,    0,    0
 24659,134158,20211107,    0,    0
 24659,134158,20211108,    0,    0
 24659,134158,20211109,    0,    0
 24659,134158,20211110,    0,    0
 24659,134158,20211111,    0,    0
 24659,134158,20211112,    0,    0
 24659,134158,20211113,    9,    0
 24659,134158,20211114,    0,    0
 24659,134158,20211115,    0,    0
 24659,134158,20211116,    0,    0
 24659,134158,20211117,   15,    0
 24659,134158,20211118,    0,    0
 24659,134158,20211119,    0,    0
 24659,134158,20211120,    0,    0
 24659,134158,20211121,    0,    0
 24659,134158,20211122,   13,    0
 24659,134158,20211123,    0,    0
 24659,134158,20211124,    0,    0
 24659,134158,20211125,    0,    0
 24659,134158,20211126,   64,    0
 24659,134158,20211127,  164,    0
 24659,134158,20211128,   26,    0
 24659,134158,20211129,    5,    0
 24659,134158,20211130,   83,    0
 24659,134158,20211201,   29,    0
 24659,134158,20211202,   24,    0
 24659,134158,20211203,    0,    0
 24659,134158,20211204,   80,    0
 24659,134158,20211205,   43,    0
 24659,134158,20211206,    0,    0
 24659,134158,20211207,    7,    0
 24659,134158,20211208,   30,    0
 24659,134158,20211209,   28,    0
 24659,134158,20211210,    0,    0
 24659,134158,20211211,    1,    0
 24659,134158,20211212,   24,    0
 24659,134158,20211213,    3,    0
 24659,134158,20211214,    0,    0
 24659,134158,20211215,    0,    0
 24659,134158,20211216,    0,    0
 24659,134158,20211217,    0,    0
 24659,134158,20211218,    0,    0
 24659,134158,20211219,    0,    0
 24659,134158,20211220,    0,    0
 24659,134158,20211221,    0,    0
 24659,134158,20211222,    0,    0
 24659,134158,20211223,    0,    0
 24659,134158,20211224,    1,    0
 24659,134158,20211225,    0,    0
 24659,134158,20211226,    0,    0
 24659,134158,20211227,    0,    0
 24659,134158,20211228,   34,    0
 24659,134158,20211229,  112,    0
 24659,134158,20211230,    9,    0
 24659,134158,20211231,    0,    0
 24659,134158,20220101,-9999,    9
 24659,134158,20220102,-9999,    9
 24659,134158,20220103,-9999,    9
 24659,134158,20220104,-9999,    9
 24659,134158,20220105,-9999,    9
 24659,134158,20220106,-9999,    9
 24659,134158,20220107,-9999,    9
 24659,134158,20220108,-9999,    9
 24659,134158,20220109,-9999,    9
 24659,134158,20220110,-9999,    9
 24659,134158,20220111,-9999,    9
 24659,134158,20220112,-9999,    9
 24659,134158,20220113,-9999,    9
 24659,134158,20220114,-9999,    9
 24659,134158,20220115,-9999,    9
 24659,134158,20220116,-9999,    9
 24659,134158,20220117,-9999,    9
 24659,134158,20220118,-9999,    9
 24659,134158,20220119,-9999,    9
 24659,134158,20220120,-9999,    9
 24659,134158,20220121,-9999,    9
 24659,134158,20220122,-9999,    9
 24659,134158,20220123,-9999,    9
 24659,134158,20220124,-9999,    9
 24659,134158,20220125,-9999,    9
 24659,134158,20220126,-9999,    9
 24659,134158,20220127,-9999,    9
 24659,134158,20220128,-9999,    9
 24659,134158,20220129,-9999,    9
 24659,134158,20220130,-9999,    9
 24659,134158,20220131,-9999,    9
 24659,134158,20220201,-9999,    9
 24659,134158,20220202,-9999,    9
 24659,134158,20220203,-9999,    9
 24659,134158,20220204,-9999,    9
 24659,134158,20220205,-9999,    9
 24659,134158,20220206,-9999,    9
 24659,134158,20220207,-9999,    9
 24659,134158,20220208,-9999,    9
 24659,134158,20220209,-9999,    9
 24659,134158,20220210,-9999,    9
 24659,134158,20220211,-9999,    9
 24659,134158,20220212,-9999,    9
 24659,134158,20220213,-9999,    9
 24659,134158,20220214,-9999,    9
 24659,134158,20220215,-9999,    9
 24659,134158,20220216,-9999,    9
 24659,134158,20220217,-9999,    9
 24659,134158,20220218,-9999,    9
 24659,134158,20220219,-9999,    9
 24659,134158,20220220,-9999,    9
 24659,134158,20220221,-9999,    9
 24659,134158,20220222,-9999,    9
 24659,134158,20220223,-9999,    9
 24659,134158,20220224,-9999,    9
 24659,134158,20220225,-9999,    9
 24659,134158,20220226,-9999,    9
 24659,134158,20220227,-9999,    9
 24659,134158,20220228,-9999,    9
 24659,134158,20220301,-9999,    9
 24659,134158,20220302,-9999,    9
 24659,134158,20220303,-9999,    9
 24659,134158,20220304,-9999,    9
 24659,134158,20220305,-9999,    9
 24659,134158,20220306,-9999,    9
 24659,134158,20220307,-9999,    9
 24659,134158,20220308,-9999,    9
 24659,134158,20220309,-9999,    9
 24659,134158,20220310,-9999,    9
 24659,134158,20220311,-9999,    9
 24659,134158,20220312,-9999,    9
 24659,134158,20220313,-9999,    9
 24659,134158,20220314,-9999,    9
 24659,134158,20220315,-9999,    9
 24659,134158,20220316,-9999,    9
 24659,134158,20220317,-9999,    9
 24659,134158,20220318,-9999,    9
 24659,134158,20220319,-9999,    9
 24659,134158,20220320,-9999,    9
 24659,134158,20220321,-9999,    9
 24659,134158,20220322,-9999,    9
 24659,134158,20220323,-9999,    9
 24659,134158,20220324,-9999,    9
 24659,134158,20220325,-9999,    9
 24659,134158,20220326,-9999,    9
 24659,134158,20220327,-9999,    9
 24659,134158,20220328,-9999,    9
 24659,134158,20220329,-9999,    9
 24659,134158,20220330,-9999,    9
 24659,134158,20220331,-9999,    9
 24659,134158,20220401,-9999,    9
 24659,134158,20220402,-9999,    9
 24659,134158,20220403,-9999,    9
 24659,134158,20220404,-9999,    9
 24659,134158,20220405,-9999,    9
 24659,134158,20220406,-9999,    9
 24659,134158,20220407,-9999,    9
 24659,134158,20220408,-9999,    9
 24659,134158,20220409,-9999,    9
 24659,134158,20220410,-9999,    9
 24659,134158,20220411,-9999,    9
 24659,134158,20220412,-9999,    9
 24659,134158,20220413,-9999,    9
 24659,134158,20220414,-9999,    9
 24659,134158,20220415,-9999,    9
 24659,134158,20220416,-9999,    9
 24659,134158,20220417,-9999,    9
 24659,134158,20220418,-9999,    9
 24659,134158,20220419,-9999,    9
 24659,134158,20220420,-9999,    9
 24659,134158,20220421,-9999,    9
 24659,134158,20220422,-9999,    9
 24659,134158,20220423,-9999,    9
 24659,134158,20220424,-9999,    9
 24659,134158,20220425,-9999,    9
 24659,134158,20220426,-9999,    9
 24659,134158,20220427,-9999,    9
 24659,134158,20220428,-9999,    9
 24659,134158,20220429,-9999,    9
 24659,134158,20220430,-9999,    9
 24659,134158,20220501,-9999,    9
 24659,134158,20220502,-9999,    9
 24659,134158,20220503,-9999,    9
 24659,134158,20220504,-9999,    9
 24659,134158,20220505,-9999,    9
 24659,134158,20220506,-9999,    9
 24659,134158,20220507,-9999,    9
 24659,134158,20220508,-9999,    9
 24659,134158,20220509,-9999,    9
 24659,134158,20220510,-9999,    9
 24659,134158,20220511,-9999,    9
 24659,134158,20220512,-9999,    9
 24659,134158,20220513,-9999,    9
 24659,134158,20220514,-9999,    9
 24659,134158,20220515,-9999,    9
 24659,134158,20220516,-9999,    9
 24659,134158,20220517,-9999,    9
 24659,134158,20220518,-9999,    9
 24659,134158,20220519,-9999,    9
 24659,134158,20220520,-9999,    9
 24659,134158,20220521,-9999,    9
 24659,134158,20220522,-9999,    9
 24659,134158,20220523,-9999,    9
 24659,134158,20220524,-9999,    9
 24659,134158,20220525,-9999,    9
 24659,134158,20220526,-9999,    9
 24659,134158,20220527,-9999,    9
 24659,134158,20220528,-9999,    9
 24659,134158,20220529,-9999,    9
 24659,134158,20220530,-9999,    9
 24659,134158,20220531,-9999,    9
 24659,134158,20220601,-9999,    9
 24659,134158,20220602,-9999,    9
 24659,134158,20220603,-9999,    9
 24659,134158,20220604,-9999,    9
 24659,134158,20220605,-9999,    9
 24659,134158,20220606,-9999,    9
 24659,134158,20220607,-9999,    9
 24659,134158,20220608,-9999,    9
 24659,134158,20220609,-9999,    9
 24659,134158,20220610,-9999,    9
 24659,134158,20220611,-9999,    9
 24659,134158,20220612,-9999,    9
 24659,134158,20220613,-9999,    9
 24659,134158,20220614,-9999,    9
 24659,134158,20220615,-9999,    9
 24659,134158,20220616,-9999,    9
 24659,134158,20220617,-9999,    9
 24659,134158,20220618,-9999,    9
 24659,134158,20220619,-9999,    9
 24659,134158,20220620,-9999,    9
 24659,134158,20220621,-9999,    9
 24659,134158,20220622,-9999,    9
 24659,134158,20220623,-9999,    9
 24659,134158,20220624,-9999,    9
 24659,134158,20220625,-9999,    9
 24659,134158,20220626,-9999,    9
 24659,134158,20220627,-9999,    9
 24659,134158,20220628,-9999,    9
 24659,134158,20220629,-9999,    9
 24659,134158,20220630,-9999,    9
 24659,134158,20220701,-9999,    9
 24659,134158,20220702,-9999,    9
 24659,134158,20220703,-9999,    9
 24659,134158,20220704,-9999,    9
 24659,134158,20220705,-9999,    9
 24659,134158,20220706,-9999,    9
 24659,134158,20220707,-9999,    9
 24659,134158,20220708,-9999,    9
 24659,134158,20220709,-9999,    9
 24659,134158,20220710,-9999,    9
 24659,134158,20220711,-9999,    9
 24659,134158,20220712,-9999,    9
 24659,134158,20220713,-9999,    9
 24659,134158,20220714,-9999,    9
 24659,134158,20220715,-9999,    9
 24659,134158,20220716,-9999,    9
 24659,134158,20220717,-9999,    9
 24659,134158,20220718,-9999,    9
 24659,134158,20220719,-9999,    9
 24659,134158,20220720,-9999,    9
 24659,134158,20220721,-9999,    9
 24659,134158,20220722,-9999,    9
 24659,134158,20220723,-9999,    9
 24659,134158,20220724,-9999,    9
 24659,134158,20220725,-9999,    9
 24659,134158,20220726,-9999,    9
 24659,134158,20220727,-9999,    9
 24659,134158,20220728,-9999,    9
 24659,134158,20220729,-9999,    9
 24659,134158,20220730,-9999,    9
 24659,134158,20220731,-9999,    9
 24659,134158,20220801,-9999,    9
 24659,134158,20220802,-9999,    9
 24659,134158,20220803,-9999,    9
 24659,134158,20220804,-9999,    9
 24659,134158,20220805,-9999,    9
 24659,134158,20220806,-9999,    9
 24659,134158,20220807,-9999,    9
 24659,134158,20220808,-9999,    9
 24659,134158,20220809,-9999,    9
 24659,134158,20220810,-9999,    9
 24659,134158,20220811,-9999,    9
 24659,134158,20220812,-9999,    9
 24659,134158,20220813,-9999,    9
 24659,134158,20220814,-9999,    9
 24659,134158,20220815,-9999,    9
 24659,134158,20220816,-9999,    9
 24659,134158,20220817,-9999,    9
 24659,134158,20220818,-9999,    9
 24659,134158,20220819,-9999,    9
 24659,134158,20220820,-9999,    9
 24659,134158,20220821,-9999,    9
 24659,134158,20220822,-9999,    9
 24659,134158,20220823,-9999,    9
 24659,134158,20220824,-9999,    9
 24659,134158,20220825,-9999,    9
 24659,134158,20220826,-9999,    9
 24659,134158,20220827,-9999,    9
 24659,134158,20220828,-9999,    9
 24659,134158,20220829,-9999,    9
 24659,134158,20220830,-9999,    9
 24659,134158,20220831,-9999,    9
 24659,134158,20220901,-9999,    9
 24659,134158,20220902,-9999,    9
 24659,134158,20220903,-9999,    9
 24659,134158,20220904,-9999,    9
 24659,134158,20220905,-9999,    9
 24659,134158,20220906,-9999,    9
 24659,134158,20220907,-9999,    9
 24659,134158,20220908,-9999,    9
 24659,134158,20220909,-9999,    9
 24659,134158,20220910,-9999,    9
 24659,134158,20220911,-9999,    9
 24659,134158,20220912,-9999,    9
 24659,134158,20220913,-9999,    9
 24659,134158,20220914,-9999,    9
 24659,134158,20220915,-9999,    9
 24659,134158,20220916,-9999,    9
 24659,134158,20220917,-9999,    9
 24659,134158,20220918,-9999,    9
 24659,134158,20220919,-9999,    9
 24659,134158,20220920,-9999,    9
 24659,134158,20220921,-9999,    9
 24659,134158,20220922,-9999,    9
 24659,134158,20220923,-9999,    9
 24659,134158,20220924,-9999,    9
 24659,134158,20220925,-9999,    9
 24659,134158,20220926,-9999,    9
 24659,134158,20220927,-9999,    9
 24659,134158,20220928,-9999,    9
 24659,134158,20220929,-9999,    9
 24659,134158,20220930,-9999,    9
 24659,134158,20221001,-9999,    9
 24659,134158,20221002,-9999,    9
 24659,134158,20221003,-9999,    9
 24659,134158,20221004,-9999,    9
 24659,134158,20221005,-9999,    9
 24659,134158,20221006,-9999,    9
 24659,134158,20221007,-9999,    9
 24659,134158,20221008,-9999,    9
 24659,134158,20221009,-9999,    9
 24659,134158,20221010,-9999,    9
 24659,134158,20221011,-9999,    9
 24659,134158,20221012,-9999,    9
 24659,134158,20221013,-9999,    9
 24659,134158,20221014,-9999,    9
 24659,134158,20221015,-9999,    9
 24659,134158,20221016,-9999,    9
 24659,134158,20221017,-9999,    9
 24659,134158,20221018,-9999,    9
 24659,134158,20221019,-9999,    9
 24659,134158,20221020,-9999,    9
 24659,134158,20221021,-9999,    9
 24659,134158,20221022,-9999,    9
 24659,134158,20221023,-9999,    9
 24659,134158,20221024,-9999,    9
 24659,134158,20221025,-9999,    9
 24659,134158,20221026,-9999,    9
 24659,134158,20221027,-9999,    9
 24659,134158,20221028,-9999,    9
 24659,134158,20221029,-9999,    9
 24659,134158,20221030,-9999,    9
 24659,134158,20221031,-9999,    9
