EUROPEAN CLIMATE ASSESSMENT & DATASET (ECA&D), file created on: 16-11-2022
THESE DATA CAN BE USED FOR NON-COMMERCIAL RESEARCH AND EDUCATION PROVIDED THAT THE FOLLOWING SOURCE IS ACKNOWLEDGED: 

Klein Tank, A.M.G. and Coauthors, 2002. Daily dataset of 20th-century surface
air temperature and precipitation series for the European Climate Assessment.
Int. J. of Climatol., 22, 1441-1453.
Data and metadata available at http://www.ecad.eu

FILE FORMAT (MISSING VALUE CODE = -9999):

01-06 STAID: Station identifier
08-13 SOUID: Source identifier
15-22 DATE : Date YYYYMMDD
24-28 RR   : Precipitation amount in 0.1 mm
30-34 Q_RR : quality code for RR (0='valid'; 1='suspect'; 9='missing')

This is the blended series of station GAMANJUNNI, NORWAY (STAID: 18024)
Blended and updated with sources:101254 
See files sources.txt and stations.txt for more info.

STAID, SOUID,    DATE,   RR, Q_RR
 18024,101254,20160930,-9999,    9
 18024,101254,20161001,-9999,    9
 18024,101254,20161002,-9999,    9
 18024,101254,20161003,-9999,    9
 18024,101254,20161004,-9999,    9
 18024,101254,20161005,-9999,    9
 18024,101254,20161006,-9999,    9
 18024,101254,20161007,-9999,    9
 18024,101254,20161008,-9999,    9
 18024,101254,20161009,-9999,    9
 18024,101254,20161010,-9999,    9
 18024,101254,20161011,-9999,    9
 18024,101254,20161012,    7,    0
 18024,101254,20161013,    0,    0
 18024,101254,20161014,    0,    0
 18024,101254,20161015,    0,    0
 18024,101254,20161016,    0,    0
 18024,101254,20161017,    0,    0
 18024,101254,20161018,    0,    0
 18024,101254,20161019,    0,    0
 18024,101254,20161020,    0,    0
 18024,101254,20161021,    0,    0
 18024,101254,20161022,    0,    0
 18024,101254,20161023,    0,    0
 18024,101254,20161024,    0,    0
 18024,101254,20161025,    0,    0
 18024,101254,20161026,    0,    0
 18024,101254,20161027,    1,    0
 18024,101254,20161028,    3,    0
 18024,101254,20161029,   75,    0
 18024,101254,20161030,    9,    0
 18024,101254,20161031,    0,    0
 18024,101254,20161101,    0,    0
 18024,101254,20161102,    0,    0
 18024,101254,20161103,    1,    0
 18024,101254,20161104,    0,    0
 18024,101254,20161105,    1,    0
 18024,101254,20161106,    0,    0
 18024,101254,20161107,    0,    0
 18024,101254,20161108,    0,    0
 18024,101254,20161109,    0,    0
 18024,101254,20161110,    0,    0
 18024,101254,20161111,    3,    0
 18024,101254,20161112,    5,    0
 18024,101254,20161113,    1,    0
 18024,101254,20161114,    0,    0
 18024,101254,20161115,    2,    0
 18024,101254,20161116,    0,    0
 18024,101254,20161117,    0,    0
 18024,101254,20161118,    7,    0
 18024,101254,20161119,    5,    0
 18024,101254,20161120,    0,    0
 18024,101254,20161121,    0,    0
 18024,101254,20161122,    2,    0
 18024,101254,20161123,    0,    0
 18024,101254,20161124,    0,    0
 18024,101254,20161125,    0,    0
 18024,101254,20161126,   45,    0
 18024,101254,20161127,  115,    0
 18024,101254,20161128,   16,    0
 18024,101254,20161129,    1,    0
 18024,101254,20161130,-9999,    9
 18024,101254,20161201,-9999,    9
 18024,101254,20161202,-9999,    9
 18024,101254,20161203,-9999,    9
 18024,101254,20161204,-9999,    9
 18024,101254,20161205,-9999,    9
 18024,101254,20161206,-9999,    9
 18024,101254,20161207,-9999,    9
 18024,101254,20161208,-9999,    9
 18024,101254,20161209,-9999,    9
 18024,101254,20161210,-9999,    9
 18024,101254,20161211,-9999,    9
 18024,101254,20161212,-9999,    9
 18024,101254,20161213,-9999,    9
 18024,101254,20161214,-9999,    9
 18024,101254,20161215,-9999,    9
 18024,101254,20161216,-9999,    9
 18024,101254,20161217,-9999,    9
 18024,101254,20161218,-9999,    9
 18024,101254,20161219,-9999,    9
 18024,101254,20161220,-9999,    9
 18024,101254,20161221,-9999,    9
 18024,101254,20161222,-9999,    9
 18024,101254,20161223,-9999,    9
 18024,101254,20161224,-9999,    9
 18024,101254,20161225,-9999,    9
 18024,101254,20161226,-9999,    9
 18024,101254,20161227,-9999,    9
 18024,101254,20161228,-9999,    9
 18024,101254,20161229,-9999,    9
 18024,101254,20161230,-9999,    9
 18024,101254,20161231,-9999,    9
 18024,101254,20170101,-9999,    9
 18024,101254,20170102,-9999,    9
 18024,101254,20170103,-9999,    9
 18024,101254,20170104,-9999,    9
 18024,101254,20170105,-9999,    9
 18024,101254,20170106,-9999,    9
 18024,101254,20170107,  124,    0
 18024,101254,20170108,   51,    0
 18024,101254,20170109,   97,    0
 18024,101254,20170110,    1,    0
 18024,101254,20170111,    0,    0
 18024,101254,20170112,    0,    0
 18024,101254,20170113,    4,    0
 18024,101254,20170114,    0,    0
 18024,101254,20170115,   23,    0
 18024,101254,20170116,-9999,    9
 18024,101254,20170117,  117,    0
 18024,101254,20170118,   83,    0
 18024,101254,20170119,   98,    0
 18024,101254,20170120,  141,    0
 18024,101254,20170121,   32,    0
 18024,101254,20170122,    9,    0
 18024,101254,20170123,    0,    0
 18024,101254,20170124,    1,    0
 18024,101254,20170125,   62,    0
 18024,101254,20170126,    2,    0
 18024,101254,20170127,    0,    0
 18024,101254,20170128,    4,    0
 18024,101254,20170129,    1,    0
 18024,101254,20170130,   90,    0
 18024,101254,20170131,   27,    0
 18024,101254,20170201,   10,    0
 18024,101254,20170202,    0,    0
 18024,101254,20170203,    0,    0
 18024,101254,20170204,    0,    0
 18024,101254,20170205,    0,    0
 18024,101254,20170206,    0,    0
 18024,101254,20170207,    0,    0
 18024,101254,20170208,    0,    0
 18024,101254,20170209,    0,    0
 18024,101254,20170210,    0,    0
 18024,101254,20170211,    2,    0
 18024,101254,20170212,   68,    0
 18024,101254,20170213,   22,    0
 18024,101254,20170214,    4,    0
 18024,101254,20170215,    5,    0
 18024,101254,20170216,   75,    0
 18024,101254,20170217,   64,    0
 18024,101254,20170218,   23,    0
 18024,101254,20170219,    0,    0
 18024,101254,20170220,   12,    0
 18024,101254,20170221,    1,    0
 18024,101254,20170222,    2,    0
 18024,101254,20170223,   13,    0
 18024,101254,20170224,   50,    0
 18024,101254,20170225,-9999,    9
 18024,101254,20170226,    1,    0
 18024,101254,20170227,    0,    0
 18024,101254,20170228,    0,    0
 18024,101254,20170301,    0,    0
 18024,101254,20170302,    1,    0
 18024,101254,20170303,   13,    0
 18024,101254,20170304,    1,    0
 18024,101254,20170305,    0,    0
 18024,101254,20170306,    0,    0
 18024,101254,20170307,    0,    0
 18024,101254,20170308,   10,    0
 18024,101254,20170309,    1,    0
 18024,101254,20170310,   44,    0
 18024,101254,20170311,  101,    0
 18024,101254,20170312,    1,    0
 18024,101254,20170313,    0,    0
 18024,101254,20170314,    0,    0
 18024,101254,20170315,   75,    0
 18024,101254,20170316,    5,    0
 18024,101254,20170317,   77,    0
 18024,101254,20170318,   15,    0
 18024,101254,20170319,    0,    0
 18024,101254,20170320,    0,    0
 18024,101254,20170321,    0,    0
 18024,101254,20170322,    8,    0
 18024,101254,20170323,   20,    0
 18024,101254,20170324,    0,    0
 18024,101254,20170325,   59,    0
 18024,101254,20170326,  158,    0
 18024,101254,20170327,   46,    0
 18024,101254,20170328,   37,    0
 18024,101254,20170329,    5,    0
 18024,101254,20170330,   18,    0
 18024,101254,20170331,    3,    0
 18024,101254,20170401,    7,    0
 18024,101254,20170402,    0,    0
 18024,101254,20170403,    5,    0
 18024,101254,20170404,    0,    0
 18024,101254,20170405,  101,    0
 18024,101254,20170406,    6,    0
 18024,101254,20170407,    0,    0
 18024,101254,20170408,    0,    0
 18024,101254,20170409,    3,    0
 18024,101254,20170410,   19,    0
 18024,101254,20170411,    7,    0
 18024,101254,20170412,    4,    0
 18024,101254,20170413,    0,    0
 18024,101254,20170414,    2,    0
 18024,101254,20170415,    5,    0
 18024,101254,20170416,    9,    0
 18024,101254,20170417,    1,    0
 18024,101254,20170418,   39,    0
 18024,101254,20170419,    1,    0
 18024,101254,20170420,    0,    0
 18024,101254,20170421,   26,    0
 18024,101254,20170422,    1,    0
 18024,101254,20170423,    0,    0
 18024,101254,20170424,    0,    0
 18024,101254,20170425,    0,    0
 18024,101254,20170426,    0,    0
 18024,101254,20170427,    0,    0
 18024,101254,20170428,    0,    0
 18024,101254,20170429,    0,    0
 18024,101254,20170430,   36,    0
 18024,101254,20170501,   78,    0
 18024,101254,20170502,   28,    0
 18024,101254,20170503,    0,    0
 18024,101254,20170504,    0,    0
 18024,101254,20170505,   11,    0
 18024,101254,20170506,   56,    0
 18024,101254,20170507,   72,    0
 18024,101254,20170508,   19,    0
 18024,101254,20170509,   11,    0
 18024,101254,20170510,   13,    0
 18024,101254,20170511,    1,    0
 18024,101254,20170512,    2,    0
 18024,101254,20170513,    0,    0
 18024,101254,20170514,    0,    0
 18024,101254,20170515,    0,    0
 18024,101254,20170516,    0,    0
 18024,101254,20170517,    1,    0
 18024,101254,20170518,    0,    0
 18024,101254,20170519,    6,    0
 18024,101254,20170520,    0,    0
 18024,101254,20170521,    0,    0
 18024,101254,20170522,   10,    0
 18024,101254,20170523,    1,    0
 18024,101254,20170524,    6,    0
 18024,101254,20170525,   28,    0
 18024,101254,20170526,    2,    0
 18024,101254,20170527,    0,    0
 18024,101254,20170528,   22,    0
 18024,101254,20170529,   52,    0
 18024,101254,20170530,   11,    0
 18024,101254,20170531,   16,    0
 18024,101254,20170601,    8,    0
 18024,101254,20170602,    0,    0
 18024,101254,20170603,    0,    0
 18024,101254,20170604,    2,    0
 18024,101254,20170605,   38,    0
 18024,101254,20170606,    0,    0
 18024,101254,20170607,    0,    0
 18024,101254,20170608,    0,    0
 18024,101254,20170609,    0,    0
 18024,101254,20170610,    0,    0
 18024,101254,20170611,    0,    0
 18024,101254,20170612,    0,    0
 18024,101254,20170613,    0,    0
 18024,101254,20170614,    0,    0
 18024,101254,20170615,    4,    0
 18024,101254,20170616,    0,    0
 18024,101254,20170617,    2,    0
 18024,101254,20170618,   65,    0
 18024,101254,20170619,    5,    0
 18024,101254,20170620,    8,    0
 18024,101254,20170621,   20,    0
 18024,101254,20170622,    0,    0
 18024,101254,20170623,    0,    0
 18024,101254,20170624,    0,    0
 18024,101254,20170625,   52,    0
 18024,101254,20170626,   22,    0
 18024,101254,20170627,   15,    0
 18024,101254,20170628,    0,    0
 18024,101254,20170629,    0,    0
 18024,101254,20170630,    0,    0
 18024,101254,20170701,    0,    0
 18024,101254,20170702,    1,    0
 18024,101254,20170703,   98,    0
 18024,101254,20170704,    5,    0
 18024,101254,20170705,    4,    0
 18024,101254,20170706,    2,    0
 18024,101254,20170707,    3,    0
 18024,101254,20170708,    2,    0
 18024,101254,20170709,    0,    0
 18024,101254,20170710,   12,    0
 18024,101254,20170711,    8,    0
 18024,101254,20170712,   15,    0
 18024,101254,20170713,   77,    0
 18024,101254,20170714,   12,    0
 18024,101254,20170715,    1,    0
 18024,101254,20170716,   26,    0
 18024,101254,20170717,  157,    0
 18024,101254,20170718,   19,    0
 18024,101254,20170719,    0,    0
 18024,101254,20170720,    0,    0
 18024,101254,20170721,    1,    0
 18024,101254,20170722,    0,    0
 18024,101254,20170723,    0,    0
 18024,101254,20170724,    0,    0
 18024,101254,20170725,    0,    0
 18024,101254,20170726,    0,    0
 18024,101254,20170727,    0,    0
 18024,101254,20170728,    4,    0
 18024,101254,20170729,   75,    0
 18024,101254,20170730,  197,    0
 18024,101254,20170731,    1,    0
 18024,101254,20170801,   24,    0
 18024,101254,20170802,    9,    0
 18024,101254,20170803,    1,    0
 18024,101254,20170804,   43,    0
 18024,101254,20170805,   10,    0
 18024,101254,20170806,    2,    0
 18024,101254,20170807,   28,    0
 18024,101254,20170808,    1,    0
 18024,101254,20170809,   14,    0
 18024,101254,20170810,   60,    0
 18024,101254,20170811,    0,    0
 18024,101254,20170812,   32,    0
 18024,101254,20170813,    1,    0
 18024,101254,20170814,   22,    0
 18024,101254,20170815,    1,    0
 18024,101254,20170816,   28,    0
 18024,101254,20170817,    3,    0
 18024,101254,20170818,    0,    0
 18024,101254,20170819,   23,    0
 18024,101254,20170820,  114,    0
 18024,101254,20170821,   16,    0
 18024,101254,20170822,    2,    0
 18024,101254,20170823,   22,    0
 18024,101254,20170824,    0,    0
 18024,101254,20170825,  136,    0
 18024,101254,20170826,   13,    0
 18024,101254,20170827,    0,    0
 18024,101254,20170828,    2,    0
 18024,101254,20170829,   16,    0
 18024,101254,20170830,   95,    0
 18024,101254,20170831,   65,    0
 18024,101254,20170901,   24,    0
 18024,101254,20170902,    0,    0
 18024,101254,20170903,    0,    0
 18024,101254,20170904,    0,    0
 18024,101254,20170905,    0,    0
 18024,101254,20170906,    0,    0
 18024,101254,20170907,    0,    0
 18024,101254,20170908,    0,    0
 18024,101254,20170909,    0,    0
 18024,101254,20170910,   12,    0
 18024,101254,20170911,   11,    0
 18024,101254,20170912,   26,    0
 18024,101254,20170913,    0,    0
 18024,101254,20170914,    0,    0
 18024,101254,20170915,   30,    0
 18024,101254,20170916,    3,    0
 18024,101254,20170917,    0,    0
 18024,101254,20170918,    0,    0
 18024,101254,20170919,    0,    0
 18024,101254,20170920,    0,    0
 18024,101254,20170921,    2,    0
 18024,101254,20170922,    0,    0
 18024,101254,20170923,    0,    0
 18024,101254,20170924,    0,    0
 18024,101254,20170925,    0,    0
 18024,101254,20170926,    0,    0
 18024,101254,20170927,    0,    0
 18024,101254,20170928,    0,    0
 18024,101254,20170929,    0,    0
 18024,101254,20170930,    0,    0
 18024,101254,20171001,    0,    0
 18024,101254,20171002,    4,    0
 18024,101254,20171003,    3,    0
 18024,101254,20171004,    0,    0
 18024,101254,20171005,-9999,    9
 18024,101254,20171006,-9999,    9
 18024,101254,20171007,-9999,    9
 18024,101254,20171008,-9999,    9
 18024,101254,20171009,-9999,    9
 18024,101254,20171010,   85,    0
 18024,101254,20171011,   75,    0
 18024,101254,20171012,    9,    0
 18024,101254,20171013,  239,    0
 18024,101254,20171014,   83,    0
 18024,101254,20171015,   40,    0
 18024,101254,20171016,  139,    0
 18024,101254,20171017,   16,    0
 18024,101254,20171018,   17,    0
 18024,101254,20171019,   16,    0
 18024,101254,20171020,   26,    0
 18024,101254,20171021,    7,    0
 18024,101254,20171022,   10,    0
 18024,101254,20171023,   31,    0
 18024,101254,20171024,-9999,    9
 18024,101254,20171025,-9999,    9
 18024,101254,20171026,    2,    0
 18024,101254,20171027,   68,    0
 18024,101254,20171028,   57,    0
 18024,101254,20171029,   57,    0
 18024,101254,20171030,   65,    0
 18024,101254,20171031,    5,    0
 18024,101254,20171101,   34,    0
 18024,101254,20171102,   69,    0
 18024,101254,20171103,   41,    0
 18024,101254,20171104,   17,    0
 18024,101254,20171105,   10,    0
 18024,101254,20171106,   88,    0
 18024,101254,20171107,   11,    0
 18024,101254,20171108,   51,    0
 18024,101254,20171109,    0,    0
 18024,101254,20171110,    5,    0
 18024,101254,20171111,    0,    0
 18024,101254,20171112,   21,    0
 18024,101254,20171113,    4,    0
 18024,101254,20171114,   19,    0
 18024,101254,20171115,   19,    0
 18024,101254,20171116,    2,    0
 18024,101254,20171117,    2,    0
 18024,101254,20171118,    1,    0
 18024,101254,20171119,    1,    0
 18024,101254,20171120,   53,    0
 18024,101254,20171121,    0,    0
 18024,101254,20171122,    4,    0
 18024,101254,20171123,   43,    0
 18024,101254,20171124,   17,    0
 18024,101254,20171125,    2,    0
 18024,101254,20171126,    0,    0
 18024,101254,20171127,    7,    0
 18024,101254,20171128,    5,    0
 18024,101254,20171129,    0,    0
 18024,101254,20171130,    8,    0
 18024,101254,20171201,   22,    0
 18024,101254,20171202,-9999,    9
 18024,101254,20171203,-9999,    9
 18024,101254,20171204,-9999,    9
 18024,101254,20171205,    7,    0
 18024,101254,20171206,    4,    0
 18024,101254,20171207,   29,    0
 18024,101254,20171208,    5,    0
 18024,101254,20171209,    6,    0
 18024,101254,20171210,    5,    0
 18024,101254,20171211,-9999,    9
 18024,101254,20171212,-9999,    9
 18024,101254,20171213,-9999,    9
 18024,101254,20171214,-9999,    9
 18024,101254,20171215,-9999,    9
 18024,101254,20171216,    1,    0
 18024,101254,20171217,    1,    0
 18024,101254,20171218,    0,    0
 18024,101254,20171219,   70,    0
 18024,101254,20171220,   39,    0
 18024,101254,20171221,   86,    0
 18024,101254,20171222,   52,    0
 18024,101254,20171223,    0,    0
 18024,101254,20171224,    1,    0
 18024,101254,20171225,    0,    0
 18024,101254,20171226,   14,    0
 18024,101254,20171227,    3,    0
 18024,101254,20171228,    1,    0
 18024,101254,20171229,   24,    0
 18024,101254,20171230,    0,    0
 18024,101254,20171231,    4,    0
 18024,101254,20180101,    1,    0
 18024,101254,20180102,    8,    0
 18024,101254,20180103,   25,    0
 18024,101254,20180104,   17,    0
 18024,101254,20180105,    2,    0
 18024,101254,20180106,    7,    0
 18024,101254,20180107,   61,    0
 18024,101254,20180108,  213,    0
 18024,101254,20180109,   13,    0
 18024,101254,20180110,    5,    0
 18024,101254,20180111,    3,    0
 18024,101254,20180112,   19,    0
 18024,101254,20180113,    5,    0
 18024,101254,20180114,    0,    0
 18024,101254,20180115,    4,    0
 18024,101254,20180116,    0,    0
 18024,101254,20180117,    0,    0
 18024,101254,20180118,    8,    0
 18024,101254,20180119,    0,    0
 18024,101254,20180120,    0,    0
 18024,101254,20180121,    4,    0
 18024,101254,20180122,    0,    0
 18024,101254,20180123,    1,    0
 18024,101254,20180124,    6,    0
 18024,101254,20180125,   18,    0
 18024,101254,20180126,   26,    0
 18024,101254,20180127,    1,    0
 18024,101254,20180128,    2,    0
 18024,101254,20180129,    0,    0
 18024,101254,20180130,    0,    0
 18024,101254,20180131,    5,    0
 18024,101254,20180201,    0,    0
 18024,101254,20180202,    1,    0
 18024,101254,20180203,    2,    0
 18024,101254,20180204,    0,    0
 18024,101254,20180205,   12,    0
 18024,101254,20180206,    2,    0
 18024,101254,20180207,    2,    0
 18024,101254,20180208,    1,    0
 18024,101254,20180209,    0,    0
 18024,101254,20180210,    5,    0
 18024,101254,20180211,    0,    0
 18024,101254,20180212,    0,    0
 18024,101254,20180213,    0,    0
 18024,101254,20180214,    1,    0
 18024,101254,20180215,    0,    0
 18024,101254,20180216,    0,    0
 18024,101254,20180217,    0,    0
 18024,101254,20180218,    2,    0
 18024,101254,20180219,    1,    0
 18024,101254,20180220,    0,    0
 18024,101254,20180221,    8,    0
 18024,101254,20180222,    3,    0
 18024,101254,20180223,    1,    0
 18024,101254,20180224,    0,    0
 18024,101254,20180225,    1,    0
 18024,101254,20180226,    1,    0
 18024,101254,20180227,    4,    0
 18024,101254,20180228,   18,    0
 18024,101254,20180301,   13,    0
 18024,101254,20180302,   20,    0
 18024,101254,20180303,    4,    0
 18024,101254,20180304,    7,    0
 18024,101254,20180305,    2,    0
 18024,101254,20180306,    9,    0
 18024,101254,20180307,    6,    0
 18024,101254,20180308,    0,    0
 18024,101254,20180309,    2,    0
 18024,101254,20180310,   10,    0
 18024,101254,20180311,    7,    0
 18024,101254,20180312,    5,    0
 18024,101254,20180313,   12,    0
 18024,101254,20180314,    0,    0
 18024,101254,20180315,    2,    0
 18024,101254,20180316,    3,    0
 18024,101254,20180317,  149,    0
 18024,101254,20180318,  123,    0
 18024,101254,20180319,    6,    0
 18024,101254,20180320,    0,    0
 18024,101254,20180321,   61,    0
 18024,101254,20180322,    6,    0
 18024,101254,20180323,    2,    0
 18024,101254,20180324,   14,    0
 18024,101254,20180325,   82,    0
 18024,101254,20180326,   74,    0
 18024,101254,20180327,   37,    0
 18024,101254,20180328,   51,    0
 18024,101254,20180329,   18,    0
 18024,101254,20180330,   29,    0
 18024,101254,20180331,   17,    0
 18024,101254,20180401,    8,    0
 18024,101254,20180402,   47,    0
 18024,101254,20180403,    9,    0
 18024,101254,20180404,    9,    0
 18024,101254,20180405,    2,    0
 18024,101254,20180406,   10,    0
 18024,101254,20180407,   20,    0
 18024,101254,20180408,   13,    0
 18024,101254,20180409,    5,    0
 18024,101254,20180410,   33,    0
 18024,101254,20180411,   21,    0
 18024,101254,20180412,    2,    0
 18024,101254,20180413,    5,    0
 18024,101254,20180414,    4,    0
 18024,101254,20180415,    0,    0
 18024,101254,20180416,    1,    0
 18024,101254,20180417,    1,    0
 18024,101254,20180418,   29,    0
 18024,101254,20180419,   14,    0
 18024,101254,20180420,   25,    0
 18024,101254,20180421,   20,    0
 18024,101254,20180422,    1,    0
 18024,101254,20180423,    5,    0
 18024,101254,20180424,   22,    0
 18024,101254,20180425,   11,    0
 18024,101254,20180426,    4,    0
 18024,101254,20180427,    4,    0
 18024,101254,20180428,   57,    0
 18024,101254,20180429,    0,    0
 18024,101254,20180430,   21,    0
 18024,101254,20180501,    3,    0
 18024,101254,20180502,    3,    0
 18024,101254,20180503,    1,    0
 18024,101254,20180504,    9,    0
 18024,101254,20180505,    6,    0
 18024,101254,20180506,   16,    0
 18024,101254,20180507,   42,    0
 18024,101254,20180508,    4,    0
 18024,101254,20180509,    4,    0
 18024,101254,20180510,    0,    0
 18024,101254,20180511,   28,    0
 18024,101254,20180512,    0,    0
 18024,101254,20180513,    1,    0
 18024,101254,20180514,    0,    0
 18024,101254,20180515,    0,    0
 18024,101254,20180516,   19,    0
 18024,101254,20180517,    6,    0
 18024,101254,20180518,   12,    0
 18024,101254,20180519,    9,    0
 18024,101254,20180520,   33,    0
 18024,101254,20180521,    6,    0
 18024,101254,20180522,   43,    0
 18024,101254,20180523,   10,    0
 18024,101254,20180524,    0,    0
 18024,101254,20180525,   20,    0
 18024,101254,20180526,   30,    0
 18024,101254,20180527,    0,    0
 18024,101254,20180528,   10,    0
 18024,101254,20180529,   10,    0
 18024,101254,20180530,   60,    0
 18024,101254,20180531,   10,    0
 18024,101254,20180601,    0,    0
 18024,101254,20180602,    0,    0
 18024,101254,20180603,  100,    0
 18024,101254,20180604,   90,    0
 18024,101254,20180605,   30,    0
 18024,101254,20180606,   30,    0
 18024,101254,20180607,   10,    0
 18024,101254,20180608,   60,    0
 18024,101254,20180609,   20,    0
 18024,101254,20180610,   30,    0
 18024,101254,20180611,   30,    0
 18024,101254,20180612,   10,    0
 18024,101254,20180613,   10,    0
 18024,101254,20180614,   10,    0
 18024,101254,20180615,   20,    0
 18024,101254,20180616,    0,    0
 18024,101254,20180617,    0,    0
 18024,101254,20180618,  120,    0
 18024,101254,20180619,   50,    0
 18024,101254,20180620,  320,    0
 18024,101254,20180621,   50,    0
 18024,101254,20180622,   30,    0
 18024,101254,20180623,  140,    0
 18024,101254,20180624,   10,    0
 18024,101254,20180625,   10,    0
 18024,101254,20180626,   30,    0
 18024,101254,20180627,   20,    0
 18024,101254,20180628,   60,    0
 18024,101254,20180629,   20,    0
 18024,101254,20180630,   10,    0
 18024,101254,20180701,    0,    0
 18024,101254,20180702,    0,    0
 18024,101254,20180703,   77,    0
 18024,101254,20180704,    0,    0
 18024,101254,20180705,    0,    0
 18024,101254,20180706,   16,    0
 18024,101254,20180707,   38,    0
 18024,101254,20180708,    0,    0
 18024,101254,20180709,    0,    0
 18024,101254,20180710,    0,    0
 18024,101254,20180711,    0,    0
 18024,101254,20180712,    0,    0
 18024,101254,20180713,    0,    0
 18024,101254,20180714,    0,    0
 18024,101254,20180715,    4,    0
 18024,101254,20180716,    0,    0
 18024,101254,20180717,    0,    0
 18024,101254,20180718,    0,    0
 18024,101254,20180719,    9,    0
 18024,101254,20180720,    1,    0
 18024,101254,20180721,   35,    0
 18024,101254,20180722,   59,    0
 18024,101254,20180723,    2,    0
 18024,101254,20180724,   12,    0
 18024,101254,20180725,   96,    0
 18024,101254,20180726,    0,    0
 18024,101254,20180727,    0,    0
 18024,101254,20180728,    0,    0
 18024,101254,20180729,    0,    0
 18024,101254,20180730,    0,    0
 18024,101254,20180731,    0,    0
 18024,101254,20180801,  226,    0
 18024,101254,20180802,    4,    0
 18024,101254,20180803,   52,    0
 18024,101254,20180804,  128,    0
 18024,101254,20180805,   11,    0
 18024,101254,20180806,   12,    0
 18024,101254,20180807,    0,    0
 18024,101254,20180808,    0,    0
 18024,101254,20180809,   30,    0
 18024,101254,20180810,   68,    0
 18024,101254,20180811,  177,    0
 18024,101254,20180812,   83,    0
 18024,101254,20180813,   24,    0
 18024,101254,20180814,    0,    0
 18024,101254,20180815,    0,    0
 18024,101254,20180816,   21,    0
 18024,101254,20180817,   43,    0
 18024,101254,20180818,   25,    0
 18024,101254,20180819,   87,    0
 18024,101254,20180820,   47,    0
 18024,101254,20180821,   20,    0
 18024,101254,20180822,    2,    0
 18024,101254,20180823,    0,    0
 18024,101254,20180824,   36,    0
 18024,101254,20180825,   89,    0
 18024,101254,20180826,    1,    0
 18024,101254,20180827,    5,    0
 18024,101254,20180828,    0,    0
 18024,101254,20180829,    4,    0
 18024,101254,20180830,   51,    0
 18024,101254,20180831,    0,    0
 18024,101254,20180901,    0,    0
 18024,101254,20180902,    3,    0
 18024,101254,20180903,   22,    0
 18024,101254,20180904,    1,    0
 18024,101254,20180905,    3,    0
 18024,101254,20180906,    0,    0
 18024,101254,20180907,    0,    0
 18024,101254,20180908,    0,    0
 18024,101254,20180909,    0,    0
 18024,101254,20180910,    4,    0
 18024,101254,20180911,    6,    0
 18024,101254,20180912,   18,    0
 18024,101254,20180913,    2,    0
 18024,101254,20180914,    0,    0
 18024,101254,20180915,   27,    0
 18024,101254,20180916,   93,    0
 18024,101254,20180917,   14,    0
 18024,101254,20180918,    0,    0
 18024,101254,20180919,    7,    0
 18024,101254,20180920,   32,    0
 18024,101254,20180921,   13,    0
 18024,101254,20180922,   49,    0
 18024,101254,20180923,   23,    0
 18024,101254,20180924,  145,    0
 18024,101254,20180925,   15,    0
 18024,101254,20180926,   39,    0
 18024,101254,20180927,   26,    0
 18024,101254,20180928,   28,    0
 18024,101254,20180929,    0,    0
 18024,101254,20180930,    4,    0
 18024,101254,20181001,   15,    0
 18024,101254,20181002,   19,    0
 18024,101254,20181003,   18,    0
 18024,101254,20181004,    1,    0
 18024,101254,20181005,    0,    0
 18024,101254,20181006,    0,    0
 18024,101254,20181007,    2,    0
 18024,101254,20181008,   23,    0
 18024,101254,20181009,   61,    0
 18024,101254,20181010,    7,    0
 18024,101254,20181011,    0,    0
 18024,101254,20181012,    3,    0
 18024,101254,20181013,    6,    0
 18024,101254,20181014,   48,    0
 18024,101254,20181015,    4,    0
 18024,101254,20181016,    5,    0
 18024,101254,20181017,    0,    0
 18024,101254,20181018,   65,    0
 18024,101254,20181019,   16,    0
 18024,101254,20181020,   11,    0
 18024,101254,20181021,   45,    0
 18024,101254,20181022,   10,    0
 18024,101254,20181023,    2,    0
 18024,101254,20181024,    0,    0
 18024,101254,20181025,    1,    0
 18024,101254,20181026,    4,    0
 18024,101254,20181027,   34,    0
 18024,101254,20181028,    2,    0
 18024,101254,20181029,    1,    0
 18024,101254,20181030,    4,    0
 18024,101254,20181031,   16,    0
 18024,101254,20181101,   20,    0
 18024,101254,20181102,    4,    0
 18024,101254,20181103,   34,    0
 18024,101254,20181104,    9,    0
 18024,101254,20181105,    6,    0
 18024,101254,20181106,   27,    0
 18024,101254,20181107,    1,    0
 18024,101254,20181108,    9,    0
 18024,101254,20181109,    5,    0
 18024,101254,20181110,    0,    0
 18024,101254,20181111,    0,    0
 18024,101254,20181112,   55,    0
 18024,101254,20181113,    4,    0
 18024,101254,20181114,    0,    0
 18024,101254,20181115,    0,    0
 18024,101254,20181116,  124,    0
 18024,101254,20181117,   48,    0
 18024,101254,20181118,    2,    0
 18024,101254,20181119,   43,    0
 18024,101254,20181120,    5,    0
 18024,101254,20181121,    1,    0
 18024,101254,20181122,   21,    0
 18024,101254,20181123,  278,    0
 18024,101254,20181124,  180,    0
 18024,101254,20181125,  150,    0
 18024,101254,20181126,   40,    0
 18024,101254,20181127,   20,    0
 18024,101254,20181128,   10,    0
 18024,101254,20181129,    0,    0
 18024,101254,20181130,    0,    0
 18024,101254,20181201,-9999,    9
 18024,101254,20181202,-9999,    9
 18024,101254,20181203,-9999,    9
 18024,101254,20181204,-9999,    9
 18024,101254,20181205,-9999,    9
 18024,101254,20181206,-9999,    9
 18024,101254,20181207,-9999,    9
 18024,101254,20181208,-9999,    9
 18024,101254,20181209,-9999,    9
 18024,101254,20181210,-9999,    9
 18024,101254,20181211,-9999,    9
 18024,101254,20181212,-9999,    9
 18024,101254,20181213,-9999,    9
 18024,101254,20181214,-9999,    9
 18024,101254,20181215,-9999,    9
 18024,101254,20181216,-9999,    9
 18024,101254,20181217,-9999,    9
 18024,101254,20181218,-9999,    9
 18024,101254,20181219,-9999,    9
 18024,101254,20181220,-9999,    9
 18024,101254,20181221,-9999,    9
 18024,101254,20181222,-9999,    9
 18024,101254,20181223,-9999,    9
 18024,101254,20181224,-9999,    9
 18024,101254,20181225,-9999,    9
 18024,101254,20181226,-9999,    9
 18024,101254,20181227,-9999,    9
 18024,101254,20181228,-9999,    9
 18024,101254,20181229,-9999,    9
 18024,101254,20181230,-9999,    9
 18024,101254,20181231,-9999,    9
 18024,101254,20190101,-9999,    9
 18024,101254,20190102,-9999,    9
 18024,101254,20190103,-9999,    9
 18024,101254,20190104,-9999,    9
 18024,101254,20190105,-9999,    9
 18024,101254,20190106,-9999,    9
 18024,101254,20190107,-9999,    9
 18024,101254,20190108,-9999,    9
 18024,101254,20190109,-9999,    9
 18024,101254,20190110,-9999,    9
 18024,101254,20190111,-9999,    9
 18024,101254,20190112,-9999,    9
 18024,101254,20190113,-9999,    9
 18024,101254,20190114,-9999,    9
 18024,101254,20190115,-9999,    9
 18024,101254,20190116,-9999,    9
 18024,101254,20190117,-9999,    9
 18024,101254,20190118,-9999,    9
 18024,101254,20190119,-9999,    9
 18024,101254,20190120,-9999,    9
 18024,101254,20190121,-9999,    9
 18024,101254,20190122,-9999,    9
 18024,101254,20190123,-9999,    9
 18024,101254,20190124,-9999,    9
 18024,101254,20190125,-9999,    9
 18024,101254,20190126,-9999,    9
 18024,101254,20190127,-9999,    9
 18024,101254,20190128,-9999,    9
 18024,101254,20190129,-9999,    9
 18024,101254,20190130,-9999,    9
 18024,101254,20190131,    0,    0
 18024,101254,20190201,    0,    0
 18024,101254,20190202,    0,    0
 18024,101254,20190203,   10,    0
 18024,101254,20190204,    0,    0
 18024,101254,20190205,   10,    0
 18024,101254,20190206,   10,    0
 18024,101254,20190207,    0,    0
 18024,101254,20190208,    0,    0
 18024,101254,20190209,   10,    0
 18024,101254,20190210,    0,    0
 18024,101254,20190211,   10,    0
 18024,101254,20190212,   30,    0
 18024,101254,20190213,   20,    0
 18024,101254,20190214,   80,    0
 18024,101254,20190215,   40,    0
 18024,101254,20190216,   93,    0
 18024,101254,20190217,    2,    0
 18024,101254,20190218,   45,    0
 18024,101254,20190219,   20,    0
 18024,101254,20190220,   10,    0
 18024,101254,20190221,    0,    0
 18024,101254,20190222,   10,    0
 18024,101254,20190223,   50,    0
 18024,101254,20190224,   60,    0
 18024,101254,20190225,   80,    0
 18024,101254,20190226,   40,    0
 18024,101254,20190227,   60,    0
 18024,101254,20190228,    0,    0
 18024,101254,20190301,   30,    0
 18024,101254,20190302,    0,    0
 18024,101254,20190303,   10,    0
 18024,101254,20190304,   10,    0
 18024,101254,20190305,   50,    0
 18024,101254,20190306,    0,    0
 18024,101254,20190307,    0,    0
 18024,101254,20190308,    0,    0
 18024,101254,20190309,   10,    0
 18024,101254,20190310,    0,    0
 18024,101254,20190311,    0,    0
 18024,101254,20190312,    4,    0
 18024,101254,20190313,    1,    0
 18024,101254,20190314,    0,    0
 18024,101254,20190315,    6,    0
 18024,101254,20190316,    7,    0
 18024,101254,20190317,   11,    0
 18024,101254,20190318,    0,    0
 18024,101254,20190319,    0,    0
 18024,101254,20190320,    1,    0
 18024,101254,20190321,  107,    0
 18024,101254,20190322,   44,    0
 18024,101254,20190323,    4,    0
 18024,101254,20190324,   79,    0
 18024,101254,20190325,   26,    0
 18024,101254,20190326,    7,    0
 18024,101254,20190327,  125,    0
 18024,101254,20190328,   90,    0
 18024,101254,20190329,   87,    0
 18024,101254,20190330,  127,    0
 18024,101254,20190331,  191,    0
 18024,101254,20190401,   32,    0
 18024,101254,20190402,   10,    0
 18024,101254,20190403,   22,    0
 18024,101254,20190404,    2,    0
 18024,101254,20190405,    0,    0
 18024,101254,20190406,   37,    0
 18024,101254,20190407,   13,    0
 18024,101254,20190408,    5,    0
 18024,101254,20190409,    0,    0
 18024,101254,20190410,    0,    0
 18024,101254,20190411,   47,    0
 18024,101254,20190412,   19,    0
 18024,101254,20190413,   14,    0
 18024,101254,20190414,   10,    0
 18024,101254,20190415,    0,    0
 18024,101254,20190416,    0,    0
 18024,101254,20190417,    0,    0
 18024,101254,20190418,    1,    0
 18024,101254,20190419,    4,    0
 18024,101254,20190420,    6,    0
 18024,101254,20190421,   57,    0
 18024,101254,20190422,  161,    0
 18024,101254,20190423,   14,    0
 18024,101254,20190424,    0,    0
 18024,101254,20190425,    0,    0
 18024,101254,20190426,    3,    0
 18024,101254,20190427,    1,    0
 18024,101254,20190428,    0,    0
 18024,101254,20190429,    4,    0
 18024,101254,20190430,   43,    0
 18024,101254,20190501,   33,    0
 18024,101254,20190502,   12,    0
 18024,101254,20190503,   70,    0
 18024,101254,20190504,   17,    0
 18024,101254,20190505,    0,    0
 18024,101254,20190506,    0,    0
 18024,101254,20190507,   34,    0
 18024,101254,20190508,  126,    0
 18024,101254,20190509,   16,    0
 18024,101254,20190510,   27,    0
 18024,101254,20190511,    0,    0
 18024,101254,20190512,  123,    0
 18024,101254,20190513,   25,    0
 18024,101254,20190514,   15,    0
 18024,101254,20190515,    1,    0
 18024,101254,20190516,   44,    0
 18024,101254,20190517,    0,    0
 18024,101254,20190518,    0,    0
 18024,101254,20190519,    0,    0
 18024,101254,20190520,    1,    0
 18024,101254,20190521,    2,    0
 18024,101254,20190522,    2,    0
 18024,101254,20190523,    1,    0
 18024,101254,20190524,    1,    0
 18024,101254,20190525,    0,    0
 18024,101254,20190526,    9,    0
 18024,101254,20190527,   18,    0
 18024,101254,20190528,   13,    0
 18024,101254,20190529,  160,    0
 18024,101254,20190530,   24,    0
 18024,101254,20190531,   20,    0
 18024,101254,20190601,   35,    0
 18024,101254,20190602,   15,    0
 18024,101254,20190603,    0,    0
 18024,101254,20190604,   10,    0
 18024,101254,20190605,    9,    0
 18024,101254,20190606,    7,    0
 18024,101254,20190607,    0,    0
 18024,101254,20190608,    3,    0
 18024,101254,20190609,   72,    0
 18024,101254,20190610,   19,    0
 18024,101254,20190611,    4,    0
 18024,101254,20190612,    0,    0
 18024,101254,20190613,    0,    0
 18024,101254,20190614,    0,    0
 18024,101254,20190615,    0,    0
 18024,101254,20190616,    0,    0
 18024,101254,20190617,    0,    0
 18024,101254,20190618,   67,    0
 18024,101254,20190619,    3,    0
 18024,101254,20190620,    0,    0
 18024,101254,20190621,   61,    0
 18024,101254,20190622,  246,    0
 18024,101254,20190623,   52,    0
 18024,101254,20190624,    0,    0
 18024,101254,20190625,    3,    0
 18024,101254,20190626,    3,    0
 18024,101254,20190627,   82,    0
 18024,101254,20190628,   65,    0
 18024,101254,20190629,   72,    0
 18024,101254,20190630,    1,    0
 18024,101254,20190701,  102,    0
 18024,101254,20190702,   10,    0
 18024,101254,20190703,   10,    0
 18024,101254,20190704,   10,    0
 18024,101254,20190705,   30,    0
 18024,101254,20190706,   40,    0
 18024,101254,20190707,    0,    0
 18024,101254,20190708,    0,    0
 18024,101254,20190709,    0,    0
 18024,101254,20190710,    0,    0
 18024,101254,20190711,    0,    0
 18024,101254,20190712,    0,    0
 18024,101254,20190713,    0,    0
 18024,101254,20190714,    0,    0
 18024,101254,20190715,    0,    0
 18024,101254,20190716,   10,    0
 18024,101254,20190717,    0,    0
 18024,101254,20190718,    0,    0
 18024,101254,20190719,    0,    0
 18024,101254,20190720,    0,    0
 18024,101254,20190721,    0,    0
 18024,101254,20190722,    0,    0
 18024,101254,20190723,    0,    0
 18024,101254,20190724,    0,    0
 18024,101254,20190725,   10,    0
 18024,101254,20190726,    0,    0
 18024,101254,20190727,    0,    0
 18024,101254,20190728,    0,    0
 18024,101254,20190729,    0,    0
 18024,101254,20190730,    0,    0
 18024,101254,20190731,    0,    0
 18024,101254,20190801,    0,    0
 18024,101254,20190802,    0,    0
 18024,101254,20190803,    0,    0
 18024,101254,20190804,    0,    0
 18024,101254,20190805,    0,    0
 18024,101254,20190806,    0,    0
 18024,101254,20190807,    0,    0
 18024,101254,20190808,    0,    0
 18024,101254,20190809,    0,    0
 18024,101254,20190810,    0,    0
 18024,101254,20190811,   10,    0
 18024,101254,20190812,    0,    0
 18024,101254,20190813,    0,    0
 18024,101254,20190814,   30,    0
 18024,101254,20190815,   30,    0
 18024,101254,20190816,    0,    0
 18024,101254,20190817,  100,    0
 18024,101254,20190818,   20,    0
 18024,101254,20190819,  110,    0
 18024,101254,20190820,   10,    0
 18024,101254,20190821,   10,    0
 18024,101254,20190822,    0,    0
 18024,101254,20190823,   50,    0
 18024,101254,20190824,    0,    0
 18024,101254,20190825,  140,    0
 18024,101254,20190826,   20,    0
 18024,101254,20190827,    0,    0
 18024,101254,20190828,    0,    0
 18024,101254,20190829,    0,    0
 18024,101254,20190830,  130,    0
 18024,101254,20190831,    0,    0
 18024,101254,20190901,  130,    0
 18024,101254,20190902,  120,    0
 18024,101254,20190903,    0,    0
 18024,101254,20190904,    0,    0
 18024,101254,20190905,   70,    0
 18024,101254,20190906,   40,    0
 18024,101254,20190907,    0,    0
 18024,101254,20190908,   10,    0
 18024,101254,20190909,    0,    0
 18024,101254,20190910,   10,    0
 18024,101254,20190911,    0,    0
 18024,101254,20190912,  150,    0
 18024,101254,20190913,   30,    0
 18024,101254,20190914,   10,    0
 18024,101254,20190915,   10,    0
 18024,101254,20190916,   20,    0
 18024,101254,20190917,   60,    0
 18024,101254,20190918,   60,    0
 18024,101254,20190919,   38,    0
 18024,101254,20190920,   20,    0
 18024,101254,20190921,   40,    0
 18024,101254,20190922,   20,    0
 18024,101254,20190923,    0,    0
 18024,101254,20190924,   15,    0
 18024,101254,20190925,   46,    0
 18024,101254,20190926,   34,    0
 18024,101254,20190927,    0,    0
 18024,101254,20190928,   39,    0
 18024,101254,20190929,   27,    0
 18024,101254,20190930,   79,    0
 18024,101254,20191001,   45,    0
 18024,101254,20191002,    9,    0
 18024,101254,20191003,   20,    0
 18024,101254,20191004,   11,    0
 18024,101254,20191005,   25,    0
 18024,101254,20191006,   55,    0
 18024,101254,20191007,    9,    0
 18024,101254,20191008,    2,    0
 18024,101254,20191009,    0,    0
 18024,101254,20191010,    2,    0
 18024,101254,20191011,    0,    0
 18024,101254,20191012,    0,    0
 18024,101254,20191013,    0,    0
 18024,101254,20191014,    0,    0
 18024,101254,20191015,    0,    0
 18024,101254,20191016,    2,    0
 18024,101254,20191017,   18,    0
 18024,101254,20191018,   19,    0
 18024,101254,20191019,    6,    0
 18024,101254,20191020,   23,    0
 18024,101254,20191021,   14,    0
 18024,101254,20191022,   36,    0
 18024,101254,20191023,   14,    0
 18024,101254,20191024,   70,    0
 18024,101254,20191025,  125,    0
 18024,101254,20191026,    5,    0
 18024,101254,20191027,    9,    0
 18024,101254,20191028,   73,    0
 18024,101254,20191029,    3,    0
 18024,101254,20191030,    0,    0
 18024,101254,20191031,    6,    0
 18024,101254,20191101,   18,    0
 18024,101254,20191102,   11,    0
 18024,101254,20191103,    2,    0
 18024,101254,20191104,   12,    0
 18024,101254,20191105,-9999,    9
 18024,101254,20191106,-9999,    9
 18024,101254,20191107,-9999,    9
 18024,101254,20191108,-9999,    9
 18024,101254,20191109,    0,    0
 18024,101254,20191110,    0,    0
 18024,101254,20191111,    0,    0
 18024,101254,20191112,    3,    0
 18024,101254,20191113,    4,    0
 18024,101254,20191114,    1,    0
 18024,101254,20191115,    3,    0
 18024,101254,20191116,    0,    0
 18024,101254,20191117,-9999,    9
 18024,101254,20191118,-9999,    9
 18024,101254,20191119,-9999,    9
 18024,101254,20191120,-9999,    9
 18024,101254,20191121,-9999,    9
 18024,101254,20191122,-9999,    9
 18024,101254,20191123,    4,    0
 18024,101254,20191124,    5,    0
 18024,101254,20191125,   63,    0
 18024,101254,20191126,   26,    0
 18024,101254,20191127,    2,    0
 18024,101254,20191128,    2,    0
 18024,101254,20191129,   95,    0
 18024,101254,20191130,  110,    0
 18024,101254,20191201,   57,    0
 18024,101254,20191202,    4,    0
 18024,101254,20191203,    0,    0
 18024,101254,20191204,    0,    0
 18024,101254,20191205,    4,    0
 18024,101254,20191206,    2,    0
 18024,101254,20191207,    0,    0
 18024,101254,20191208,    2,    0
 18024,101254,20191209,    0,    0
 18024,101254,20191210,   52,    0
 18024,101254,20191211,    3,    0
 18024,101254,20191212,    1,    0
 18024,101254,20191213,    0,    0
 18024,101254,20191214,    2,    0
 18024,101254,20191215,    0,    0
 18024,101254,20191216,    1,    0
 18024,101254,20191217,    0,    0
 18024,101254,20191218,    1,    0
 18024,101254,20191219,    0,    0
 18024,101254,20191220,    0,    0
 18024,101254,20191221,    0,    0
 18024,101254,20191222,    0,    0
 18024,101254,20191223,    0,    0
 18024,101254,20191224,    0,    0
 18024,101254,20191225,    2,    0
 18024,101254,20191226,    1,    0
 18024,101254,20191227,    0,    0
 18024,101254,20191228,    5,    0
 18024,101254,20191229,    0,    0
 18024,101254,20191230,    2,    0
 18024,101254,20191231,    0,    0
 18024,101254,20200101,    0,    0
 18024,101254,20200102,    0,    0
 18024,101254,20200103,    2,    0
 18024,101254,20200104,    1,    0
 18024,101254,20200105,    1,    0
 18024,101254,20200106,    0,    0
 18024,101254,20200107,    0,    0
 18024,101254,20200108,    2,    0
 18024,101254,20200109,    0,    0
 18024,101254,20200110,    0,    0
 18024,101254,20200111,    0,    0
 18024,101254,20200112,    1,    0
 18024,101254,20200113,    0,    0
 18024,101254,20200114,    2,    0
 18024,101254,20200115,    9,    0
 18024,101254,20200116,    3,    0
 18024,101254,20200117,    3,    0
 18024,101254,20200118,    4,    0
 18024,101254,20200119,    3,    0
 18024,101254,20200120,  101,    0
 18024,101254,20200121,  154,    0
 18024,101254,20200122,   20,    0
 18024,101254,20200123,    6,    0
 18024,101254,20200124,    3,    0
 18024,101254,20200125,    8,    0
 18024,101254,20200126,    1,    0
 18024,101254,20200127,   30,    0
 18024,101254,20200128,    3,    0
 18024,101254,20200129,    0,    0
 18024,101254,20200130,    3,    0
 18024,101254,20200131,    8,    0
 18024,101254,20200201,    0,    0
 18024,101254,20200202,   35,    0
 18024,101254,20200203,    6,    0
 18024,101254,20200204,    0,    0
 18024,101254,20200205,    0,    0
 18024,101254,20200206,    1,    0
 18024,101254,20200207,    0,    0
 18024,101254,20200208,    0,    0
 18024,101254,20200209,    0,    0
 18024,101254,20200210,    1,    0
 18024,101254,20200211,    0,    0
 18024,101254,20200212,  181,    0
 18024,101254,20200213,    6,    0
 18024,101254,20200214,   28,    0
 18024,101254,20200215,    0,    0
 18024,101254,20200216,   24,    0
 18024,101254,20200217,   19,    0
 18024,101254,20200218,   40,    0
 18024,101254,20200219,    4,    0
 18024,101254,20200220,   12,    0
 18024,101254,20200221,    0,    0
 18024,101254,20200222,    0,    0
 18024,101254,20200223,   48,    0
 18024,101254,20200224,   22,    0
 18024,101254,20200225,    5,    0
 18024,101254,20200226,   35,    0
 18024,101254,20200227,   10,    0
 18024,101254,20200228,    4,    0
 18024,101254,20200229,   42,    0
 18024,101254,20200301,   12,    0
 18024,101254,20200302,   67,    0
 18024,101254,20200303,   24,    0
 18024,101254,20200304,    4,    0
 18024,101254,20200305,   13,    0
 18024,101254,20200306,   43,    0
 18024,101254,20200307,   14,    0
 18024,101254,20200308,   11,    0
 18024,101254,20200309,   34,    0
 18024,101254,20200310,   16,    0
 18024,101254,20200311,   26,    0
 18024,101254,20200312,   61,    0
 18024,101254,20200313,   58,    0
 18024,101254,20200314,   86,    0
 18024,101254,20200315,  110,    0
 18024,101254,20200316,  162,    0
 18024,101254,20200317,   30,    0
 18024,101254,20200318,   40,    0
 18024,101254,20200319,   20,    0
 18024,101254,20200320,   20,    0
 18024,101254,20200321,   50,    0
 18024,101254,20200322,   70,    0
 18024,101254,20200323,   10,    0
 18024,101254,20200324,   90,    0
 18024,101254,20200325,   90,    0
 18024,101254,20200326,  110,    0
 18024,101254,20200327,   80,    0
 18024,101254,20200328,  190,    0
 18024,101254,20200329,    0,    0
 18024,101254,20200330,  170,    0
 18024,101254,20200331,   50,    0
 18024,101254,20200401,    0,    0
 18024,101254,20200402,   10,    0
 18024,101254,20200403,    3,    0
 18024,101254,20200404,    4,    0
 18024,101254,20200405,   88,    0
 18024,101254,20200406,    0,    0
 18024,101254,20200407,   64,    0
 18024,101254,20200408,   67,    0
 18024,101254,20200409,   67,    0
 18024,101254,20200410,   53,    0
 18024,101254,20200411,   16,    0
 18024,101254,20200412,   53,    0
 18024,101254,20200413,   33,    0
 18024,101254,20200414,   70,    0
 18024,101254,20200415,   11,    0
 18024,101254,20200416,    9,    0
 18024,101254,20200417,   38,    0
 18024,101254,20200418,   20,    0
 18024,101254,20200419,   86,    0
 18024,101254,20200420,   77,    0
 18024,101254,20200421,    2,    0
 18024,101254,20200422,    8,    0
 18024,101254,20200423,   23,    0
 18024,101254,20200424,   47,    0
 18024,101254,20200425,  178,    0
 18024,101254,20200426,   47,    0
 18024,101254,20200427,   11,    0
 18024,101254,20200428,   34,    0
 18024,101254,20200429,    7,    0
 18024,101254,20200430,    1,    0
 18024,101254,20200501,    0,    0
 18024,101254,20200502,    6,    0
 18024,101254,20200503,   29,    0
 18024,101254,20200504,   18,    0
 18024,101254,20200505,   39,    0
 18024,101254,20200506,  100,    0
 18024,101254,20200507,   27,    0
 18024,101254,20200508,   17,    0
 18024,101254,20200509,    0,    0
 18024,101254,20200510,    4,    0
 18024,101254,20200511,   65,    0
 18024,101254,20200512,   29,    0
 18024,101254,20200513,    6,    0
 18024,101254,20200514,  165,    0
 18024,101254,20200515,   15,    0
 18024,101254,20200516,    8,    0
 18024,101254,20200517,   21,    0
 18024,101254,20200518,    7,    0
 18024,101254,20200519,    0,    0
 18024,101254,20200520,    3,    0
 18024,101254,20200521,    0,    0
 18024,101254,20200522,    0,    0
 18024,101254,20200523,    5,    0
 18024,101254,20200524,    0,    0
 18024,101254,20200525,    0,    0
 18024,101254,20200526,    0,    0
 18024,101254,20200527,   14,    0
 18024,101254,20200528,    3,    0
 18024,101254,20200529,   27,    0
 18024,101254,20200530,    0,    0
 18024,101254,20200531,    0,    0
 18024,101254,20200601,    4,    0
 18024,101254,20200602,   26,    0
 18024,101254,20200603,    0,    0
 18024,101254,20200604,    0,    0
 18024,101254,20200605,   10,    0
 18024,101254,20200606,    4,    0
 18024,101254,20200607,   11,    0
 18024,101254,20200608,  122,    0
 18024,101254,20200609,    4,    0
 18024,101254,20200610,    0,    0
 18024,101254,20200611,   12,    0
 18024,101254,20200612,    0,    0
 18024,101254,20200613,    0,    0
 18024,101254,20200614,   36,    0
 18024,101254,20200615,   14,    0
 18024,101254,20200616,    0,    0
 18024,101254,20200617,    0,    0
 18024,101254,20200618,   17,    0
 18024,101254,20200619,    0,    0
 18024,101254,20200620,    0,    0
 18024,101254,20200621,    0,    0
 18024,101254,20200622,    0,    0
 18024,101254,20200623,    5,    0
 18024,101254,20200624,    1,    0
 18024,101254,20200625,   28,    0
 18024,101254,20200626,   13,    0
 18024,101254,20200627,    0,    0
 18024,101254,20200628,    0,    0
 18024,101254,20200629,   19,    0
 18024,101254,20200630,   55,    0
 18024,101254,20200701,  207,    0
 18024,101254,20200702,  132,    0
 18024,101254,20200703,    5,    0
 18024,101254,20200704,   56,    0
 18024,101254,20200705,    0,    0
 18024,101254,20200706,   10,    0
 18024,101254,20200707,    0,    0
 18024,101254,20200708,    0,    0
 18024,101254,20200709,    4,    0
 18024,101254,20200710,    7,    0
 18024,101254,20200711,    8,    0
 18024,101254,20200712,   79,    0
 18024,101254,20200713,   60,    0
 18024,101254,20200714,    0,    0
 18024,101254,20200715,   39,    0
 18024,101254,20200716,    0,    0
 18024,101254,20200717,   41,    0
 18024,101254,20200718,    0,    0
 18024,101254,20200719,   28,    0
 18024,101254,20200720,   55,    0
 18024,101254,20200721,  183,    0
 18024,101254,20200722,  186,    0
 18024,101254,20200723,   70,    0
 18024,101254,20200724,   20,    0
 18024,101254,20200725,   10,    0
 18024,101254,20200726,    0,    0
 18024,101254,20200727,    0,    0
 18024,101254,20200728,    0,    0
 18024,101254,20200729,    0,    0
 18024,101254,20200730,    0,    0
 18024,101254,20200731,    0,    0
 18024,101254,20200801,   30,    0
 18024,101254,20200802,    0,    0
 18024,101254,20200803,    0,    0
 18024,101254,20200804,   90,    0
 18024,101254,20200805,   20,    0
 18024,101254,20200806,    0,    0
 18024,101254,20200807,   10,    0
 18024,101254,20200808,  220,    0
 18024,101254,20200809,   60,    0
 18024,101254,20200810,    0,    0
 18024,101254,20200811,    0,    0
 18024,101254,20200812,    0,    0
 18024,101254,20200813,   60,    0
 18024,101254,20200814,   60,    0
 18024,101254,20200815,  220,    0
 18024,101254,20200816,   90,    0
 18024,101254,20200817,   40,    0
 18024,101254,20200818,   30,    0
 18024,101254,20200819,    0,    0
 18024,101254,20200820,    0,    0
 18024,101254,20200821,    0,    0
 18024,101254,20200822,  360,    0
 18024,101254,20200823,  120,    0
 18024,101254,20200824,   60,    0
 18024,101254,20200825,   10,    0
 18024,101254,20200826,   20,    0
 18024,101254,20200827,   11,    0
 18024,101254,20200828,   12,    0
 18024,101254,20200829,    0,    0
 18024,101254,20200830,    6,    0
 18024,101254,20200831,   23,    0
 18024,101254,20200901,    0,    0
 18024,101254,20200902,    0,    0
 18024,101254,20200903,    0,    0
 18024,101254,20200904,   76,    0
 18024,101254,20200905,  205,    0
 18024,101254,20200906,   62,    0
 18024,101254,20200907,    0,    0
 18024,101254,20200908,    6,    0
 18024,101254,20200909,    2,    0
 18024,101254,20200910,    5,    0
 18024,101254,20200911,   21,    0
 18024,101254,20200912,   17,    0
 18024,101254,20200913,    0,    0
 18024,101254,20200914,   55,    0
 18024,101254,20200915,    0,    0
 18024,101254,20200916,   25,    0
 18024,101254,20200917,    8,    0
 18024,101254,20200918,  219,    0
 18024,101254,20200919,    0,    0
 18024,101254,20200920,   44,    0
 18024,101254,20200921,  413,    0
 18024,101254,20200922,   32,    0
 18024,101254,20200923,   53,    0
 18024,101254,20200924,   47,    0
 18024,101254,20200925,    7,    0
 18024,101254,20200926,   67,    0
 18024,101254,20200927,    0,    0
 18024,101254,20200928,   12,    0
 18024,101254,20200929,    0,    0
 18024,101254,20200930,    2,    0
 18024,101254,20201001,   13,    0
 18024,101254,20201002,   18,    0
 18024,101254,20201003,    4,    0
 18024,101254,20201004,    0,    0
 18024,101254,20201005,   14,    0
 18024,101254,20201006,    0,    0
 18024,101254,20201007,   11,    0
 18024,101254,20201008,   12,    0
 18024,101254,20201009,   13,    0
 18024,101254,20201010,   56,    0
 18024,101254,20201011,   16,    0
 18024,101254,20201012,   19,    0
 18024,101254,20201013,   20,    0
 18024,101254,20201014,   41,    0
 18024,101254,20201015,   27,    0
 18024,101254,20201016,  105,    0
 18024,101254,20201017,   25,    0
 18024,101254,20201018,   15,    0
 18024,101254,20201019,   18,    0
 18024,101254,20201020,    0,    0
 18024,101254,20201021,   12,    0
 18024,101254,20201022,   13,    0
 18024,101254,20201023,   24,    0
 18024,101254,20201024,   41,    0
 18024,101254,20201025,   23,    0
 18024,101254,20201026,    1,    0
 18024,101254,20201027,   14,    0
 18024,101254,20201028,   20,    0
 18024,101254,20201029,   24,    0
 18024,101254,20201030,   32,    0
 18024,101254,20201031,    4,    0
 18024,101254,20201101,    0,    0
 18024,101254,20201102,   26,    0
 18024,101254,20201103,    4,    0
 18024,101254,20201104,   11,    0
 18024,101254,20201105,  198,    0
 18024,101254,20201106,  159,    0
 18024,101254,20201107,  192,    0
 18024,101254,20201108,   69,    0
 18024,101254,20201109,   46,    0
 18024,101254,20201110,   16,    0
 18024,101254,20201111,  164,    0
 18024,101254,20201112,    0,    0
 18024,101254,20201113,    2,    0
 18024,101254,20201114,   10,    0
 18024,101254,20201115,    0,    0
 18024,101254,20201116,    5,    0
 18024,101254,20201117,    0,    0
 18024,101254,20201118,  112,    0
 18024,101254,20201119,   97,    0
 18024,101254,20201120,   11,    0
 18024,101254,20201121,   57,    0
 18024,101254,20201122,    0,    0
 18024,101254,20201123,    0,    0
 18024,101254,20201124,   64,    0
 18024,101254,20201125,    0,    0
 18024,101254,20201126,    0,    0
 18024,101254,20201127,    0,    0
 18024,101254,20201128,    1,    0
 18024,101254,20201129,    5,    0
 18024,101254,20201130,   22,    0
 18024,101254,20201201,   48,    0
 18024,101254,20201202,    0,    0
 18024,101254,20201203,   17,    0
 18024,101254,20201204,   17,    0
 18024,101254,20201205,    3,    0
 18024,101254,20201206,   20,    0
 18024,101254,20201207,    0,    0
 18024,101254,20201208,    0,    0
 18024,101254,20201209,    2,    0
 18024,101254,20201210,   19,    0
 18024,101254,20201211,    6,    0
 18024,101254,20201212,    7,    0
 18024,101254,20201213,   12,    0
 18024,101254,20201214,    0,    0
 18024,101254,20201215,   29,    0
 18024,101254,20201216,   24,    0
 18024,101254,20201217,    0,    0
 18024,101254,20201218,    0,    0
 18024,101254,20201219,    0,    0
 18024,101254,20201220,   15,    0
 18024,101254,20201221,   10,    0
 18024,101254,20201222,    0,    0
 18024,101254,20201223,    0,    0
 18024,101254,20201224,   10,    0
 18024,101254,20201225,   30,    0
 18024,101254,20201226,    0,    0
 18024,101254,20201227,   20,    0
 18024,101254,20201228,    0,    0
 18024,101254,20201229,    0,    0
 18024,101254,20201230,    0,    0
 18024,101254,20201231,   20,    0
 18024,101254,20210101,    0,    0
 18024,101254,20210102,    0,    0
 18024,101254,20210103,    0,    0
 18024,101254,20210104,    0,    0
 18024,101254,20210105,    0,    0
 18024,101254,20210106,    0,    0
 18024,101254,20210107,   20,    0
 18024,101254,20210108,    0,    0
 18024,101254,20210109,    0,    0
 18024,101254,20210110,    0,    0
 18024,101254,20210111,    0,    0
 18024,101254,20210112,    0,    0
 18024,101254,20210113,    0,    0
 18024,101254,20210114,   10,    0
 18024,101254,20210115,   30,    0
 18024,101254,20210116,   10,    0
 18024,101254,20210117,   10,    0
 18024,101254,20210118,   20,    0
 18024,101254,20210119,   80,    0
 18024,101254,20210120,    0,    0
 18024,101254,20210121,    0,    0
 18024,101254,20210122,    0,    0
 18024,101254,20210123,    0,    0
 18024,101254,20210124,    0,    0
 18024,101254,20210125,    0,    0
 18024,101254,20210126,    0,    0
 18024,101254,20210127,    0,    0
 18024,101254,20210128,    0,    0
 18024,101254,20210129,    0,    0
 18024,101254,20210130,    0,    0
 18024,101254,20210131,    0,    0
 18024,101254,20210201,   20,    0
 18024,101254,20210202,    0,    0
 18024,101254,20210203,   10,    0
 18024,101254,20210204,   27,    0
 18024,101254,20210205,   19,    0
 18024,101254,20210206,    9,    0
 18024,101254,20210207,   24,    0
 18024,101254,20210208,   13,    0
 18024,101254,20210209,   16,    0
 18024,101254,20210210,   11,    0
 18024,101254,20210211,   85,    0
 18024,101254,20210212,  109,    0
 18024,101254,20210213,   17,    0
 18024,101254,20210214,   26,    0
 18024,101254,20210215,    9,    0
 18024,101254,20210216,    1,    0
 18024,101254,20210217,   34,    0
 18024,101254,20210218,   62,    0
 18024,101254,20210219,  194,    0
 18024,101254,20210220,  163,    0
 18024,101254,20210221,  200,    0
 18024,101254,20210222,   24,    0
 18024,101254,20210223,   59,    0
 18024,101254,20210224,  122,    0
 18024,101254,20210225,  133,    0
 18024,101254,20210226,  105,    0
 18024,101254,20210227,   76,    0
 18024,101254,20210228,  330,    0
 18024,101254,20210301,  208,    0
 18024,101254,20210302,   74,    0
 18024,101254,20210303,   53,    0
 18024,101254,20210304,   22,    0
 18024,101254,20210305,   30,    0
 18024,101254,20210306,   40,    0
 18024,101254,20210307,   28,    0
 18024,101254,20210308,    6,    0
 18024,101254,20210309,   12,    0
 18024,101254,20210310,   24,    0
 18024,101254,20210311,  123,    0
 18024,101254,20210312,   25,    0
 18024,101254,20210313,   79,    0
 18024,101254,20210314,   50,    0
 18024,101254,20210315,   23,    0
 18024,101254,20210316,   24,    0
 18024,101254,20210317,   41,    0
 18024,101254,20210318,   82,    0
 18024,101254,20210319,  133,    0
 18024,101254,20210320,   91,    0
 18024,101254,20210321,   49,    0
 18024,101254,20210322,   86,    0
 18024,101254,20210323,  212,    0
 18024,101254,20210324,  247,    0
 18024,101254,20210325,   44,    0
 18024,101254,20210326,    3,    0
 18024,101254,20210327,   25,    0
 18024,101254,20210328,    1,    0
 18024,101254,20210329,    0,    0
 18024,101254,20210330,   65,    0
 18024,101254,20210331,   51,    0
 18024,101254,20210401,   29,    0
 18024,101254,20210402,   70,    0
 18024,101254,20210403,   98,    0
 18024,101254,20210404,   17,    0
 18024,101254,20210405,   50,    0
 18024,101254,20210406,  251,    0
 18024,101254,20210407,   65,    0
 18024,101254,20210408,    1,    0
 18024,101254,20210409,    3,    0
 18024,101254,20210410,   53,    0
 18024,101254,20210411,  107,    0
 18024,101254,20210412,   10,    0
 18024,101254,20210413,   39,    0
 18024,101254,20210414,  213,    0
 18024,101254,20210415,   80,    0
 18024,101254,20210416,    0,    0
 18024,101254,20210417,    0,    0
 18024,101254,20210418,    0,    0
 18024,101254,20210419,    0,    0
 18024,101254,20210420,    0,    0
 18024,101254,20210421,  120,    0
 18024,101254,20210422,   10,    0
 18024,101254,20210423,   10,    0
 18024,101254,20210424,    0,    0
 18024,101254,20210425,   10,    0
 18024,101254,20210426,   30,    0
 18024,101254,20210427,   40,    0
 18024,101254,20210428,   50,    0
 18024,101254,20210429,  130,    0
 18024,101254,20210430,   80,    0
 18024,101254,20210501,   20,    0
 18024,101254,20210502,    0,    0
 18024,101254,20210503,   10,    0
 18024,101254,20210504,    0,    0
 18024,101254,20210505,    0,    0
 18024,101254,20210506,    0,    0
 18024,101254,20210507,   60,    0
 18024,101254,20210508,   10,    0
 18024,101254,20210509,    0,    0
 18024,101254,20210510,    0,    0
 18024,101254,20210511,   20,    0
 18024,101254,20210512,    0,    0
 18024,101254,20210513,   20,    0
 18024,101254,20210514,   10,    0
 18024,101254,20210515,    0,    0
 18024,101254,20210516,    0,    0
 18024,101254,20210517,   20,    0
 18024,101254,20210518,   20,    0
 18024,101254,20210519,    0,    0
 18024,101254,20210520,    0,    0
 18024,101254,20210521,   10,    0
 18024,101254,20210522,    0,    0
 18024,101254,20210523,    0,    0
 18024,101254,20210524,    0,    0
 18024,101254,20210525,   10,    0
 18024,101254,20210526,   10,    0
 18024,101254,20210527,    0,    0
 18024,101254,20210528,   10,    0
 18024,101254,20210529,   10,    0
 18024,101254,20210530,   10,    0
 18024,101254,20210531,    0,    0
 18024,101254,20210601,    0,    0
 18024,101254,20210602,    0,    0
 18024,101254,20210603,    0,    0
 18024,101254,20210604,    1,    0
 18024,101254,20210605,    0,    0
 18024,101254,20210606,    0,    0
 18024,101254,20210607,    3,    0
 18024,101254,20210608,    0,    0
 18024,101254,20210609,    0,    0
 18024,101254,20210610,    0,    0
 18024,101254,20210611,  120,    0
 18024,101254,20210612,  190,    0
 18024,101254,20210613,    6,    0
 18024,101254,20210614,    0,    0
 18024,101254,20210615,   49,    0
 18024,101254,20210616,   12,    0
 18024,101254,20210617,    6,    0
 18024,101254,20210618,   65,    0
 18024,101254,20210619,    3,    0
 18024,101254,20210620,   14,    0
 18024,101254,20210621,    1,    0
 18024,101254,20210622,   13,    0
 18024,101254,20210623,    0,    0
 18024,101254,20210624,    0,    0
 18024,101254,20210625,    1,    0
 18024,101254,20210626,    4,    0
 18024,101254,20210627,    1,    0
 18024,101254,20210628,   19,    0
 18024,101254,20210629,   17,    0
 18024,101254,20210630,    0,    0
 18024,101254,20210701,    0,    0
 18024,101254,20210702,    0,    0
 18024,101254,20210703,    0,    0
 18024,101254,20210704,    0,    0
 18024,101254,20210705,    0,    0
 18024,101254,20210706,    0,    0
 18024,101254,20210707,   21,    0
 18024,101254,20210708,    7,    0
 18024,101254,20210709,    0,    0
 18024,101254,20210710,    0,    0
 18024,101254,20210711,    5,    0
 18024,101254,20210712,   90,    0
 18024,101254,20210713,    6,    0
 18024,101254,20210714,    0,    0
 18024,101254,20210715,   41,    0
 18024,101254,20210716,   14,    0
 18024,101254,20210717,    5,    0
 18024,101254,20210718,   36,    0
 18024,101254,20210719,   38,    0
 18024,101254,20210720,   96,    0
 18024,101254,20210721,   56,    0
 18024,101254,20210722,   38,    0
 18024,101254,20210723,   23,    0
 18024,101254,20210724,   22,    0
 18024,101254,20210725,   73,    0
 18024,101254,20210726,    0,    0
 18024,101254,20210727,    0,    0
 18024,101254,20210728,    0,    0
 18024,101254,20210729,    1,    0
 18024,101254,20210730,    1,    0
 18024,101254,20210731,   22,    0
 18024,101254,20210801,   19,    0
 18024,101254,20210802,    0,    0
 18024,101254,20210803,    3,    0
 18024,101254,20210804,    6,    0
 18024,101254,20210805,    0,    0
 18024,101254,20210806,    0,    0
 18024,101254,20210807,    0,    0
 18024,101254,20210808,    1,    0
 18024,101254,20210809,   36,    0
 18024,101254,20210810,    0,    0
 18024,101254,20210811,    2,    0
 18024,101254,20210812,    1,    0
 18024,101254,20210813,    1,    0
 18024,101254,20210814,    0,    0
 18024,101254,20210815,    4,    0
 18024,101254,20210816,    0,    0
 18024,101254,20210817,    0,    0
 18024,101254,20210818,  143,    0
 18024,101254,20210819,    0,    0
 18024,101254,20210820,   27,    0
 18024,101254,20210821,    6,    0
 18024,101254,20210822,    7,    0
 18024,101254,20210823,    9,    0
 18024,101254,20210824,    0,    0
 18024,101254,20210825,    2,    0
 18024,101254,20210826,    0,    0
 18024,101254,20210827,    2,    0
 18024,101254,20210828,    0,    0
 18024,101254,20210829,    3,    0
 18024,101254,20210830,   26,    0
 18024,101254,20210831,   71,    0
 18024,101254,20210901,   42,    0
 18024,101254,20210902,   90,    0
 18024,101254,20210903,  116,    0
 18024,101254,20210904,    5,    0
 18024,101254,20210905,  147,    0
 18024,101254,20210906,    6,    0
 18024,101254,20210907,   75,    0
 18024,101254,20210908,   50,    0
 18024,101254,20210909,   30,    0
 18024,101254,20210910,   35,    0
 18024,101254,20210911,    1,    0
 18024,101254,20210912,  108,    0
 18024,101254,20210913,  143,    0
 18024,101254,20210914,    5,    0
 18024,101254,20210915,   42,    0
 18024,101254,20210916,    0,    0
 18024,101254,20210917,    0,    0
 18024,101254,20210918,    0,    0
 18024,101254,20210919,    0,    0
 18024,101254,20210920,    1,    0
 18024,101254,20210921,    0,    0
 18024,101254,20210922,   32,    0
 18024,101254,20210923,    2,    0
 18024,101254,20210924,    4,    0
 18024,101254,20210925,   18,    0
 18024,101254,20210926,   10,    0
 18024,101254,20210927,    0,    0
 18024,101254,20210928,    0,    0
 18024,101254,20210929,    0,    0
 18024,101254,20210930,    1,    0
 18024,101254,20211001,   15,    0
 18024,101254,20211002,   16,    0
 18024,101254,20211003,   51,    0
 18024,101254,20211004,   27,    0
 18024,101254,20211005,   31,    0
 18024,101254,20211006,    9,    0
 18024,101254,20211007,    4,    0
 18024,101254,20211008,   13,    0
 18024,101254,20211009,   49,    0
 18024,101254,20211010,   70,    0
 18024,101254,20211011,   94,    0
 18024,101254,20211012,   33,    0
 18024,101254,20211013,    2,    0
 18024,101254,20211014,   13,    0
 18024,101254,20211015,    1,    0
 18024,101254,20211016,   25,    0
 18024,101254,20211017,   49,    0
 18024,101254,20211018,   70,    0
 18024,101254,20211019,    1,    0
 18024,101254,20211020,   80,    0
 18024,101254,20211021,   58,    0
 18024,101254,20211022,    6,    0
 18024,101254,20211023,    3,    0
 18024,101254,20211024,    4,    0
 18024,101254,20211025,    7,    0
 18024,101254,20211026,   16,    0
 18024,101254,20211027,    4,    0
 18024,101254,20211028,   13,    0
 18024,101254,20211029,    4,    0
 18024,101254,20211030,    2,    0
 18024,101254,20211031,    1,    0
 18024,101254,20211101,  106,    0
 18024,101254,20211102,    1,    0
 18024,101254,20211103,    1,    0
 18024,101254,20211104,    5,    0
 18024,101254,20211105,    5,    0
 18024,101254,20211106,   17,    0
 18024,101254,20211107,   25,    0
 18024,101254,20211108,   30,    0
 18024,101254,20211109,    5,    0
 18024,101254,20211110,   25,    0
 18024,101254,20211111,   21,    0
 18024,101254,20211112,    5,    0
 18024,101254,20211113,   57,    0
 18024,101254,20211114,   23,    0
 18024,101254,20211115,   17,    0
 18024,101254,20211116,   86,    0
 18024,101254,20211117,   32,    0
 18024,101254,20211118,    0,    0
 18024,101254,20211119,   36,    0
 18024,101254,20211120,   63,    0
 18024,101254,20211121,   60,    0
 18024,101254,20211122,    2,    0
 18024,101254,20211123,   47,    0
 18024,101254,20211124,   35,    0
 18024,101254,20211125,    1,    0
 18024,101254,20211126,    0,    0
 18024,101254,20211127,    0,    0
 18024,101254,20211128,    3,    0
 18024,101254,20211129,    0,    0
 18024,101254,20211130,    1,    0
 18024,101254,20211201,  200,    0
 18024,101254,20211202,   10,    0
 18024,101254,20211203,    0,    0
 18024,101254,20211204,    0,    0
 18024,101254,20211205,    0,    0
 18024,101254,20211206,    0,    0
 18024,101254,20211207,    3,    0
 18024,101254,20211208,    6,    0
 18024,101254,20211209,    0,    0
 18024,101254,20211210,    0,    0
 18024,101254,20211211,    3,    0
 18024,101254,20211212,   23,    0
 18024,101254,20211213,    0,    0
 18024,101254,20211214,    1,    0
 18024,101254,20211215,    2,    0
 18024,101254,20211216,   46,    0
 18024,101254,20211217,   95,    0
 18024,101254,20211218,   58,    0
 18024,101254,20211219,   10,    0
 18024,101254,20211220,    0,    0
 18024,101254,20211221,    0,    0
 18024,101254,20211222,   82,    0
 18024,101254,20211223,   22,    0
 18024,101254,20211224,   28,    0
 18024,101254,20211225,    1,    0
 18024,101254,20211226,    1,    0
 18024,101254,20211227,    2,    0
 18024,101254,20211228,    0,    0
 18024,101254,20211229,    0,    0
 18024,101254,20211230,    2,    0
 18024,101254,20211231,    3,    0
 18024,101254,20220101,    0,    0
 18024,101254,20220102,    4,    0
 18024,101254,20220103,    0,    0
 18024,101254,20220104,    0,    0
 18024,101254,20220105,    0,    0
 18024,101254,20220106,    0,    0
 18024,101254,20220107,    0,    0
 18024,101254,20220108,   12,    0
 18024,101254,20220109,    0,    0
 18024,101254,20220110,    1,    0
 18024,101254,20220111,    0,    0
 18024,101254,20220112,   23,    0
 18024,101254,20220113,    1,    0
 18024,101254,20220114,    2,    0
 18024,101254,20220115,    1,    0
 18024,101254,20220116,    0,    0
 18024,101254,20220117,    0,    0
 18024,101254,20220118,    4,    0
 18024,101254,20220119,    0,    0
 18024,101254,20220120,    0,    0
 18024,101254,20220121,    0,    0
 18024,101254,20220122,    1,    0
 18024,101254,20220123,-9999,    9
 18024,101254,20220124,    0,    0
 18024,101254,20220125,    0,    0
 18024,101254,20220126,    0,    0
 18024,101254,20220127,-9999,    9
 18024,101254,20220128,    0,    0
 18024,101254,20220129,-9999,    9
 18024,101254,20220130,-9999,    9
 18024,101254,20220131,-9999,    9
 18024,101254,20220201,-9999,    9
 18024,101254,20220202,-9999,    9
 18024,101254,20220203,-9999,    9
 18024,101254,20220204,-9999,    9
 18024,101254,20220205,-9999,    9
 18024,101254,20220206,-9999,    9
 18024,101254,20220207,-9999,    9
 18024,101254,20220208,-9999,    9
 18024,101254,20220209,-9999,    9
 18024,101254,20220210,-9999,    9
 18024,101254,20220211,-9999,    9
 18024,101254,20220212,-9999,    9
 18024,101254,20220213,-9999,    9
 18024,101254,20220214,-9999,    9
 18024,101254,20220215,-9999,    9
 18024,101254,20220216,-9999,    9
 18024,101254,20220217,-9999,    9
 18024,101254,20220218,-9999,    9
 18024,101254,20220219,-9999,    9
 18024,101254,20220220,-9999,    9
 18024,101254,20220221,-9999,    9
 18024,101254,20220222,-9999,    9
 18024,101254,20220223,-9999,    9
 18024,101254,20220224,-9999,    9
 18024,101254,20220225,-9999,    9
 18024,101254,20220226,-9999,    9
 18024,101254,20220227,-9999,    9
 18024,101254,20220228,-9999,    9
 18024,101254,20220301,-9999,    9
 18024,101254,20220302,-9999,    9
 18024,101254,20220303,-9999,    9
 18024,101254,20220304,-9999,    9
 18024,101254,20220305,-9999,    9
 18024,101254,20220306,-9999,    9
 18024,101254,20220307,-9999,    9
 18024,101254,20220308,-9999,    9
 18024,101254,20220309,-9999,    9
 18024,101254,20220310,-9999,    9
 18024,101254,20220311,-9999,    9
 18024,101254,20220312,-9999,    9
 18024,101254,20220313,-9999,    9
 18024,101254,20220314,-9999,    9
 18024,101254,20220315,-9999,    9
 18024,101254,20220316,-9999,    9
 18024,101254,20220317,-9999,    9
 18024,101254,20220318,-9999,    9
 18024,101254,20220319,-9999,    9
 18024,101254,20220320,-9999,    9
 18024,101254,20220321,-9999,    9
 18024,101254,20220322,-9999,    9
 18024,101254,20220323,-9999,    9
 18024,101254,20220324,-9999,    9
 18024,101254,20220325,-9999,    9
 18024,101254,20220326,-9999,    9
 18024,101254,20220327,-9999,    9
 18024,101254,20220328,-9999,    9
 18024,101254,20220329,-9999,    9
 18024,101254,20220330,-9999,    9
 18024,101254,20220331,    6,    0
 18024,101254,20220401,    0,    0
 18024,101254,20220402,   57,    0
 18024,101254,20220403,    0,    0
 18024,101254,20220404,    0,    0
 18024,101254,20220405,  197,    0
 18024,101254,20220406,    8,    0
 18024,101254,20220407,    0,    0
 18024,101254,20220408,   62,    0
 18024,101254,20220409,   51,    0
 18024,101254,20220410,   61,    0
 18024,101254,20220411,   84,    0
 18024,101254,20220412,   13,    0
 18024,101254,20220413,    3,    0
 18024,101254,20220414,   17,    0
 18024,101254,20220415,    3,    0
 18024,101254,20220416,    3,    0
 18024,101254,20220417,    2,    0
 18024,101254,20220418,    2,    0
 18024,101254,20220419,    0,    0
 18024,101254,20220420,    0,    0
 18024,101254,20220421,   25,    0
 18024,101254,20220422,   15,    0
 18024,101254,20220423,    0,    0
 18024,101254,20220424,   37,    0
 18024,101254,20220425,   82,    0
 18024,101254,20220426,   68,    0
 18024,101254,20220427,  130,    0
 18024,101254,20220428,  156,    0
 18024,101254,20220429,   48,    0
 18024,101254,20220430,   26,    0
 18024,101254,20220501,   26,    0
 18024,101254,20220502,   99,    0
 18024,101254,20220503,  109,    0
 18024,101254,20220504,   38,    0
 18024,101254,20220505,   33,    0
 18024,101254,20220506,    6,    0
 18024,101254,20220507,  242,    0
 18024,101254,20220508,   51,    0
 18024,101254,20220509,   23,    0
 18024,101254,20220510,    0,    0
 18024,101254,20220511,   70,    0
 18024,101254,20220512,    4,    0
 18024,101254,20220513,    1,    0
 18024,101254,20220514,  115,    0
 18024,101254,20220515,   38,    0
 18024,101254,20220516,   16,    0
 18024,101254,20220517,   11,    0
 18024,101254,20220518,   10,    0
 18024,101254,20220519,    0,    0
 18024,101254,20220520,    8,    0
 18024,101254,20220521,    3,    0
 18024,101254,20220522,    0,    0
 18024,101254,20220523,    1,    0
 18024,101254,20220524,    0,    0
 18024,101254,20220525,    1,    0
 18024,101254,20220526,    0,    0
 18024,101254,20220527,   36,    0
 18024,101254,20220528,   13,    0
 18024,101254,20220529,    2,    0
 18024,101254,20220530,    0,    0
 18024,101254,20220531,    0,    0
 18024,101254,20220601,    7,    0
 18024,101254,20220602,   40,    0
 18024,101254,20220603,   23,    0
 18024,101254,20220604,    7,    0
 18024,101254,20220605,    7,    0
 18024,101254,20220606,   26,    0
 18024,101254,20220607,   22,    0
 18024,101254,20220608,    0,    0
 18024,101254,20220609,   23,    0
 18024,101254,20220610,    0,    0
 18024,101254,20220611,  147,    0
 18024,101254,20220612,    1,    0
 18024,101254,20220613,   76,    0
 18024,101254,20220614,    0,    0
 18024,101254,20220615,    0,    0
 18024,101254,20220616,    0,    0
 18024,101254,20220617,    0,    0
 18024,101254,20220618,    0,    0
 18024,101254,20220619,   12,    0
 18024,101254,20220620,    1,    0
 18024,101254,20220621,  118,    0
 18024,101254,20220622,   33,    0
 18024,101254,20220623,    7,    0
 18024,101254,20220624,   11,    0
 18024,101254,20220625,    0,    0
 18024,101254,20220626,    0,    0
 18024,101254,20220627,    0,    0
 18024,101254,20220628,    0,    0
 18024,101254,20220629,   29,    0
 18024,101254,20220630,    0,    0
 18024,101254,20220701,    0,    0
 18024,101254,20220702,    0,    0
 18024,101254,20220703,   52,    0
 18024,101254,20220704,  107,    0
 18024,101254,20220705,  191,    0
 18024,101254,20220706,    1,    0
 18024,101254,20220707,   47,    0
 18024,101254,20220708,   10,    0
 18024,101254,20220709,   14,    0
 18024,101254,20220710,   20,    0
 18024,101254,20220711,   11,    0
 18024,101254,20220712,    0,    0
 18024,101254,20220713,   17,    0
 18024,101254,20220714,  280,    0
 18024,101254,20220715,   32,    0
 18024,101254,20220716,  357,    0
 18024,101254,20220717,   53,    0
 18024,101254,20220718,    2,    0
 18024,101254,20220719,    0,    0
 18024,101254,20220720,    0,    0
 18024,101254,20220721,   87,    0
 18024,101254,20220722,   16,    0
 18024,101254,20220723,   77,    0
 18024,101254,20220724,   13,    0
 18024,101254,20220725,   12,    0
 18024,101254,20220726,  159,    0
 18024,101254,20220727,  397,    0
 18024,101254,20220728,    6,    0
 18024,101254,20220729,    0,    0
 18024,101254,20220730,    0,    0
 18024,101254,20220731,    1,    0
 18024,101254,20220801,    0,    0
 18024,101254,20220802,   73,    0
 18024,101254,20220803,    0,    0
 18024,101254,20220804,   18,    0
 18024,101254,20220805,  102,    0
 18024,101254,20220806,  116,    0
 18024,101254,20220807,   80,    0
 18024,101254,20220808,   16,    0
 18024,101254,20220809,    3,    0
 18024,101254,20220810,  102,    0
 18024,101254,20220811,   86,    0
 18024,101254,20220812,   17,    0
 18024,101254,20220813,    8,    0
 18024,101254,20220814,    0,    0
 18024,101254,20220815,    0,    0
 18024,101254,20220816,   10,    0
 18024,101254,20220817,  223,    0
 18024,101254,20220818,    1,    0
 18024,101254,20220819,    0,    0
 18024,101254,20220820,  266,    0
 18024,101254,20220821,   15,    0
 18024,101254,20220822,   44,    0
 18024,101254,20220823,   30,    0
 18024,101254,20220824,    0,    0
 18024,101254,20220825,    2,    0
 18024,101254,20220826,   26,    0
 18024,101254,20220827,   57,    0
 18024,101254,20220828,   64,    0
 18024,101254,20220829,    9,    0
 18024,101254,20220830,   44,    0
 18024,101254,20220831,    4,    0
 18024,101254,20220901,   13,    0
 18024,101254,20220902,    6,    0
 18024,101254,20220903,    4,    0
 18024,101254,20220904,    2,    0
 18024,101254,20220905,   31,    0
 18024,101254,20220906,   12,    0
 18024,101254,20220907,    1,    0
 18024,101254,20220908,    0,    0
 18024,101254,20220909,    4,    0
 18024,101254,20220910,    3,    0
 18024,101254,20220911,   30,    0
 18024,101254,20220912,    3,    0
 18024,101254,20220913,    6,    0
 18024,101254,20220914,   74,    0
 18024,101254,20220915,   55,    0
 18024,101254,20220916,   37,    0
 18024,101254,20220917,   23,    0
 18024,101254,20220918,   14,    0
 18024,101254,20220919,    6,    0
 18024,101254,20220920,    9,    0
 18024,101254,20220921,   26,    0
 18024,101254,20220922,    0,    0
 18024,101254,20220923,   59,    0
 18024,101254,20220924,   23,    0
 18024,101254,20220925,   10,    0
 18024,101254,20220926,    0,    0
 18024,101254,20220927,    0,    0
 18024,101254,20220928,    2,    0
 18024,101254,20220929,    0,    0
 18024,101254,20220930,    0,    0
 18024,101254,20221001,    0,    0
 18024,101254,20221002,    0,    0
 18024,101254,20221003,    2,    0
 18024,101254,20221004,    4,    0
 18024,101254,20221005,   19,    0
 18024,101254,20221006,   69,    0
 18024,101254,20221007,    7,    0
 18024,101254,20221008,   14,    0
 18024,101254,20221009,   12,    0
 18024,101254,20221010,    2,    0
 18024,101254,20221011,    4,    0
 18024,101254,20221012,   34,    0
 18024,101254,20221013,   16,    0
 18024,101254,20221014,    1,    0
 18024,101254,20221015,   21,    0
 18024,101254,20221016,    2,    0
 18024,101254,20221017,   78,    0
 18024,101254,20221018,    8,    0
 18024,101254,20221019,   43,    0
 18024,101254,20221020,   10,    0
 18024,101254,20221021,    4,    0
 18024,101254,20221022,  185,    0
 18024,101254,20221023,  110,    0
 18024,101254,20221024,    0,    0
 18024,101254,20221025,   71,    0
 18024,101254,20221026,    6,    0
 18024,101254,20221027,    3,    0
 18024,101254,20221028,   21,    0
 18024,101254,20221029,  136,    0
 18024,101254,20221030,   11,    0
 18024,101254,20221031,-9999,    9
