EUROPEAN CLIMATE ASSESSMENT & DATASET (ECA&D), file created on: 16-11-2022
THESE DATA CAN BE USED FOR NON-COMMERCIAL RESEARCH AND EDUCATION PROVIDED THAT THE FOLLOWING SOURCE IS ACKNOWLEDGED: 

Klein Tank, A.M.G. and Coauthors, 2002. Daily dataset of 20th-century surface
air temperature and precipitation series for the European Climate Assessment.
Int. J. of Climatol., 22, 1441-1453.
Data and metadata available at http://www.ecad.eu

FILE FORMAT (MISSING VALUE CODE = -9999):

01-06 STAID: Station identifier
08-13 SOUID: Source identifier
15-22 DATE : Date YYYYMMDD
24-28 RR   : Precipitation amount in 0.1 mm
30-34 Q_RR : quality code for RR (0='valid'; 1='suspect'; 9='missing')

This is the blended series of station FLAM - JOASETBERGI, NORWAY (STAID: 18471)
Blended and updated with sources:101593 
See files sources.txt and stations.txt for more info.

STAID, SOUID,    DATE,   RR, Q_RR
 18471,101593,20180731,-9999,    9
 18471,101593,20180801,-9999,    9
 18471,101593,20180802,-9999,    9
 18471,101593,20180803,-9999,    9
 18471,101593,20180804,-9999,    9
 18471,101593,20180805,-9999,    9
 18471,101593,20180806,-9999,    9
 18471,101593,20180807,-9999,    9
 18471,101593,20180808,-9999,    9
 18471,101593,20180809,-9999,    9
 18471,101593,20180810,-9999,    9
 18471,101593,20180811,-9999,    9
 18471,101593,20180812,-9999,    9
 18471,101593,20180813,-9999,    9
 18471,101593,20180814,-9999,    9
 18471,101593,20180815,-9999,    9
 18471,101593,20180816,-9999,    9
 18471,101593,20180817,-9999,    9
 18471,101593,20180818,-9999,    9
 18471,101593,20180819,-9999,    9
 18471,101593,20180820,-9999,    9
 18471,101593,20180821,-9999,    9
 18471,101593,20180822,-9999,    9
 18471,101593,20180823,-9999,    9
 18471,101593,20180824,-9999,    9
 18471,101593,20180825,   22,    0
 18471,101593,20180826,   30,    0
 18471,101593,20180827,    3,    0
 18471,101593,20180828,   10,    0
 18471,101593,20180829,   55,    0
 18471,101593,20180830,   13,    0
 18471,101593,20180831,   23,    0
 18471,101593,20180901,   15,    0
 18471,101593,20180902,    4,    0
 18471,101593,20180903,   10,    0
 18471,101593,20180904,   10,    0
 18471,101593,20180905,   43,    0
 18471,101593,20180906,   40,    0
 18471,101593,20180907,   30,    0
 18471,101593,20180908,   47,    0
 18471,101593,20180909,  180,    0
 18471,101593,20180910,  230,    0
 18471,101593,20180911,  344,    0
 18471,101593,20180912,  190,    0
 18471,101593,20180913,  186,    0
 18471,101593,20180914,  184,    0
 18471,101593,20180915,   29,    0
 18471,101593,20180916,   85,    0
 18471,101593,20180917,  185,    0
 18471,101593,20180918,   66,    0
 18471,101593,20180919,  305,    0
 18471,101593,20180920,  167,    0
 18471,101593,20180921,  221,    0
 18471,101593,20180922,   77,    0
 18471,101593,20180923,   28,    0
 18471,101593,20180924,   31,    0
 18471,101593,20180925,  329,    0
 18471,101593,20180926,  128,    0
 18471,101593,20180927,  113,    0
 18471,101593,20180928,-9999,    9
 18471,101593,20180929,-9999,    9
 18471,101593,20180930,-9999,    9
 18471,101593,20181001,-9999,    9
 18471,101593,20181002,-9999,    9
 18471,101593,20181003,-9999,    9
 18471,101593,20181004,-9999,    9
 18471,101593,20181005,-9999,    9
 18471,101593,20181006,-9999,    9
 18471,101593,20181007,-9999,    9
 18471,101593,20181008,-9999,    9
 18471,101593,20181009,-9999,    9
 18471,101593,20181010,-9999,    9
 18471,101593,20181011,-9999,    9
 18471,101593,20181012,  157,    0
 18471,101593,20181013,  350,    0
 18471,101593,20181014,  498,    0
 18471,101593,20181015,   20,    0
 18471,101593,20181016,   28,    0
 18471,101593,20181017,   38,    0
 18471,101593,20181018,   15,    0
 18471,101593,20181019,   37,    0
 18471,101593,20181020,   38,    0
 18471,101593,20181021,  281,    0
 18471,101593,20181022,  363,    0
 18471,101593,20181023,   42,    0
 18471,101593,20181024,   58,    0
 18471,101593,20181025,   15,    0
 18471,101593,20181026,   26,    0
 18471,101593,20181027,   46,    0
 18471,101593,20181028,   50,    0
 18471,101593,20181029,   36,    0
 18471,101593,20181030,   32,    0
 18471,101593,20181031,   20,    0
 18471,101593,20181101,   46,    0
 18471,101593,20181102,   46,    0
 18471,101593,20181103,   29,    0
 18471,101593,20181104,   26,    0
 18471,101593,20181105,   26,    0
 18471,101593,20181106,   15,    0
 18471,101593,20181107,   17,    0
 18471,101593,20181108,   27,    0
 18471,101593,20181109,   16,    0
 18471,101593,20181110,   53,    0
 18471,101593,20181111,   50,    0
 18471,101593,20181112,   53,    0
 18471,101593,20181113,   12,    0
 18471,101593,20181114,   10,    0
 18471,101593,20181115,    8,    0
 18471,101593,20181116,   11,    0
 18471,101593,20181117,    7,    0
 18471,101593,20181118,   12,    0
 18471,101593,20181119,   10,    0
 18471,101593,20181120,   18,    0
 18471,101593,20181121,   17,    0
 18471,101593,20181122,   11,    0
 18471,101593,20181123,   20,    0
 18471,101593,20181124,   16,    0
 18471,101593,20181125,   15,    0
 18471,101593,20181126,   20,    0
 18471,101593,20181127,   23,    0
 18471,101593,20181128,   55,    0
 18471,101593,20181129,   38,    0
 18471,101593,20181130,   17,    0
 18471,101593,20181201,   53,    0
 18471,101593,20181202,   64,    0
 18471,101593,20181203,   82,    0
 18471,101593,20181204,    8,    0
 18471,101593,20181205,    9,    0
 18471,101593,20181206,  130,    0
 18471,101593,20181207,   77,    0
 18471,101593,20181208,    9,    0
 18471,101593,20181209,    3,    0
 18471,101593,20181210,    1,    0
 18471,101593,20181211,    4,    0
 18471,101593,20181212,    0,    0
 18471,101593,20181213,    0,    0
 18471,101593,20181214,    2,    0
 18471,101593,20181215,    3,    0
 18471,101593,20181216,    8,    0
 18471,101593,20181217,    2,    0
 18471,101593,20181218,    0,    0
 18471,101593,20181219,    7,    0
 18471,101593,20181220,    2,    0
 18471,101593,20181221,    5,    0
 18471,101593,20181222,   18,    0
 18471,101593,20181223,    0,    0
 18471,101593,20181224,   14,    0
 18471,101593,20181225,    1,    0
 18471,101593,20181226,   33,    0
 18471,101593,20181227,   15,    0
 18471,101593,20181228,    2,    0
 18471,101593,20181229,   15,    0
 18471,101593,20181230,  110,    0
 18471,101593,20181231,  251,    0
 18471,101593,20190101,    8,    0
 18471,101593,20190102,    2,    0
 18471,101593,20190103,    1,    0
 18471,101593,20190104,    8,    0
 18471,101593,20190105,    3,    0
 18471,101593,20190106,    2,    0
 18471,101593,20190107,  103,    0
 18471,101593,20190108,    1,    0
 18471,101593,20190109,    5,    0
 18471,101593,20190110,    1,    0
 18471,101593,20190111,    1,    0
 18471,101593,20190112,   49,    0
 18471,101593,20190113,   26,    0
 18471,101593,20190114,   24,    0
 18471,101593,20190115,   71,    0
 18471,101593,20190116,  122,    0
 18471,101593,20190117,    2,    0
 18471,101593,20190118,   56,    0
 18471,101593,20190119,   12,    0
 18471,101593,20190120,   47,    0
 18471,101593,20190121,    6,    0
 18471,101593,20190122,    0,    0
 18471,101593,20190123,    6,    0
 18471,101593,20190124,    0,    0
 18471,101593,20190125,    0,    0
 18471,101593,20190126,    0,    0
 18471,101593,20190127,    0,    0
 18471,101593,20190128,   68,    0
 18471,101593,20190129,    4,    0
 18471,101593,20190130,    0,    0
 18471,101593,20190131,    0,    0
 18471,101593,20190201,    0,    0
 18471,101593,20190202,   40,    0
 18471,101593,20190203,   50,    0
 18471,101593,20190204,    0,    0
 18471,101593,20190205,   11,    0
 18471,101593,20190206,  131,    0
 18471,101593,20190207,    0,    0
 18471,101593,20190208,  128,    0
 18471,101593,20190209,    0,    0
 18471,101593,20190210,    0,    0
 18471,101593,20190211,   33,    0
 18471,101593,20190212,  171,    0
 18471,101593,20190213,   29,    0
 18471,101593,20190214,   34,    0
 18471,101593,20190215,    0,    0
 18471,101593,20190216,    0,    0
 18471,101593,20190217,   31,    0
 18471,101593,20190218,   14,    0
 18471,101593,20190219,   56,    0
 18471,101593,20190220,  163,    0
 18471,101593,20190221,   68,    0
 18471,101593,20190222,    0,    0
 18471,101593,20190223,    0,    0
 18471,101593,20190224,    0,    0
 18471,101593,20190225,   68,    0
 18471,101593,20190226,    0,    0
 18471,101593,20190227,    0,    0
 18471,101593,20190228,   22,    0
 18471,101593,20190301,    0,    0
 18471,101593,20190302,  131,    0
 18471,101593,20190303,    0,    0
 18471,101593,20190304,   38,    0
 18471,101593,20190305,   41,    0
 18471,101593,20190306,   51,    0
 18471,101593,20190307,   87,    0
 18471,101593,20190308,   22,    0
 18471,101593,20190309,   56,    0
 18471,101593,20190310,    0,    0
 18471,101593,20190311,   18,    0
 18471,101593,20190312,  154,    0
 18471,101593,20190313,   72,    0
 18471,101593,20190314,    0,    0
 18471,101593,20190315,   78,    0
 18471,101593,20190316,    8,    0
 18471,101593,20190317,   61,    0
 18471,101593,20190318,    0,    0
 18471,101593,20190319,  105,    0
 18471,101593,20190320,  252,    0
 18471,101593,20190321,   63,    0
 18471,101593,20190322,   89,    0
 18471,101593,20190323,  176,    0
 18471,101593,20190324,   12,    0
 18471,101593,20190325,   24,    0
 18471,101593,20190326,   78,    0
 18471,101593,20190327,   22,    0
 18471,101593,20190328,   35,    0
 18471,101593,20190329,   50,    0
 18471,101593,20190330,   42,    0
 18471,101593,20190331,   43,    0
 18471,101593,20190401,    2,    0
 18471,101593,20190402,    5,    0
 18471,101593,20190403,   21,    0
 18471,101593,20190404,    0,    0
 18471,101593,20190405,   39,    0
 18471,101593,20190406,    0,    0
 18471,101593,20190407,    0,    0
 18471,101593,20190408,    8,    0
 18471,101593,20190409,    0,    0
 18471,101593,20190410,    3,    0
 18471,101593,20190411,   33,    0
 18471,101593,20190412,   24,    0
 18471,101593,20190413,   17,    0
 18471,101593,20190414,   21,    0
 18471,101593,20190415,    8,    0
 18471,101593,20190416,   13,    0
 18471,101593,20190417,   16,    0
 18471,101593,20190418,   25,    0
 18471,101593,20190419,   19,    0
 18471,101593,20190420,    0,    0
 18471,101593,20190421,    0,    0
 18471,101593,20190422,    0,    0
 18471,101593,20190423,    0,    0
 18471,101593,20190424,   24,    0
 18471,101593,20190425,   22,    0
 18471,101593,20190426,    0,    0
 18471,101593,20190427,    0,    0
 18471,101593,20190428,   23,    0
 18471,101593,20190429,   10,    0
 18471,101593,20190430,    0,    0
 18471,101593,20190501,    4,    0
 18471,101593,20190502,    0,    0
 18471,101593,20190503,    0,    0
 18471,101593,20190504,   29,    0
 18471,101593,20190505,   37,    0
 18471,101593,20190506,   24,    0
 18471,101593,20190507,   25,    0
 18471,101593,20190508,   43,    0
 18471,101593,20190509,   77,    0
 18471,101593,20190510,  113,    0
 18471,101593,20190511,   30,    0
 18471,101593,20190512,   32,    0
 18471,101593,20190513,-9999,    9
 18471,101593,20190514,-9999,    9
 18471,101593,20190515,-9999,    9
 18471,101593,20190516,-9999,    9
 18471,101593,20190517,-9999,    9
 18471,101593,20190518,-9999,    9
 18471,101593,20190519,-9999,    9
 18471,101593,20190520,-9999,    9
 18471,101593,20190521,-9999,    9
 18471,101593,20190522,-9999,    9
 18471,101593,20190523,-9999,    9
 18471,101593,20190524,-9999,    9
 18471,101593,20190525,-9999,    9
 18471,101593,20190526,-9999,    9
 18471,101593,20190527,-9999,    9
 18471,101593,20190528,-9999,    9
 18471,101593,20190529,-9999,    9
 18471,101593,20190530,-9999,    9
 18471,101593,20190531,-9999,    9
 18471,101593,20190601,-9999,    9
 18471,101593,20190602,-9999,    9
 18471,101593,20190603,-9999,    9
 18471,101593,20190604,-9999,    9
 18471,101593,20190605,-9999,    9
 18471,101593,20190606,-9999,    9
 18471,101593,20190607,-9999,    9
 18471,101593,20190608,-9999,    9
 18471,101593,20190609,-9999,    9
 18471,101593,20190610,-9999,    9
 18471,101593,20190611,-9999,    9
 18471,101593,20190612,-9999,    9
 18471,101593,20190613,-9999,    9
 18471,101593,20190614,-9999,    9
 18471,101593,20190615,-9999,    9
 18471,101593,20190616,-9999,    9
 18471,101593,20190617,-9999,    9
 18471,101593,20190618,-9999,    9
 18471,101593,20190619,-9999,    9
 18471,101593,20190620,-9999,    9
 18471,101593,20190621,-9999,    9
 18471,101593,20190622,-9999,    9
 18471,101593,20190623,-9999,    9
 18471,101593,20190624,-9999,    9
 18471,101593,20190625,-9999,    9
 18471,101593,20190626,-9999,    9
 18471,101593,20190627,-9999,    9
 18471,101593,20190628,-9999,    9
 18471,101593,20190629,-9999,    9
 18471,101593,20190630,-9999,    9
 18471,101593,20190701,-9999,    9
 18471,101593,20190702,-9999,    9
 18471,101593,20190703,-9999,    9
 18471,101593,20190704,-9999,    9
 18471,101593,20190705,-9999,    9
 18471,101593,20190706,-9999,    9
 18471,101593,20190707,-9999,    9
 18471,101593,20190708,-9999,    9
 18471,101593,20190709,-9999,    9
 18471,101593,20190710,-9999,    9
 18471,101593,20190711,-9999,    9
 18471,101593,20190712,-9999,    9
 18471,101593,20190713,-9999,    9
 18471,101593,20190714,-9999,    9
 18471,101593,20190715,-9999,    9
 18471,101593,20190716,-9999,    9
 18471,101593,20190717,-9999,    9
 18471,101593,20190718,-9999,    9
 18471,101593,20190719,-9999,    9
 18471,101593,20190720,   89,    0
 18471,101593,20190721,   24,    0
 18471,101593,20190722,  114,    0
 18471,101593,20190723,    0,    0
 18471,101593,20190724,    1,    0
 18471,101593,20190725,    0,    0
 18471,101593,20190726,    0,    0
 18471,101593,20190727,    0,    0
 18471,101593,20190728,   40,    0
 18471,101593,20190729,    1,    0
 18471,101593,20190730,   78,    0
 18471,101593,20190731,   81,    0
 18471,101593,20190801,    0,    0
 18471,101593,20190802,    0,    0
 18471,101593,20190803,    0,    0
 18471,101593,20190804,    3,    0
 18471,101593,20190805,   43,    0
 18471,101593,20190806,  185,    0
 18471,101593,20190807,   34,    0
 18471,101593,20190808,   70,    0
 18471,101593,20190809,   12,    0
 18471,101593,20190810,    3,    0
 18471,101593,20190811,   32,    0
 18471,101593,20190812,  336,    0
 18471,101593,20190813,   22,    0
 18471,101593,20190814,   28,    0
 18471,101593,20190815,   52,    0
 18471,101593,20190816,   17,    0
 18471,101593,20190817,  190,    0
 18471,101593,20190818,    5,    0
 18471,101593,20190819,  199,    0
 18471,101593,20190820,   35,    0
 18471,101593,20190821,    2,    0
 18471,101593,20190822,  154,    0
 18471,101593,20190823,   12,    0
 18471,101593,20190824,    0,    0
 18471,101593,20190825,    0,    0
 18471,101593,20190826,    0,    0
 18471,101593,20190827,    0,    0
 18471,101593,20190828,  121,    0
 18471,101593,20190829,   59,    0
 18471,101593,20190830,  260,    0
 18471,101593,20190831,   58,    0
 18471,101593,20190901,   89,    0
 18471,101593,20190902,   98,    0
 18471,101593,20190903,    2,    0
 18471,101593,20190904,  211,    0
 18471,101593,20190905,   16,    0
 18471,101593,20190906,    6,    0
 18471,101593,20190907,    0,    0
 18471,101593,20190908,    0,    0
 18471,101593,20190909,   20,    0
 18471,101593,20190910,    5,    0
 18471,101593,20190911,   52,    0
 18471,101593,20190912,  110,    0
 18471,101593,20190913,   59,    0
 18471,101593,20190914,  329,    0
 18471,101593,20190915,  250,    0
 18471,101593,20190916,    8,    0
 18471,101593,20190917,    8,    0
 18471,101593,20190918,    0,    0
 18471,101593,20190919,   10,    0
 18471,101593,20190920,    0,    0
 18471,101593,20190921,    0,    0
 18471,101593,20190922,    0,    0
 18471,101593,20190923,    0,    0
 18471,101593,20190924,    4,    0
 18471,101593,20190925,    1,    0
 18471,101593,20190926,    3,    0
 18471,101593,20190927,    0,    0
 18471,101593,20190928,    0,    0
 18471,101593,20190929,   10,    0
 18471,101593,20190930,   18,    0
 18471,101593,20191001,    4,    0
 18471,101593,20191002,    0,    0
 18471,101593,20191003,   17,    0
 18471,101593,20191004,    3,    0
 18471,101593,20191005,    0,    0
 18471,101593,20191006,    0,    0
 18471,101593,20191007,   71,    0
 18471,101593,20191008,   18,    0
 18471,101593,20191009,   17,    0
 18471,101593,20191010,   48,    0
 18471,101593,20191011,  102,    0
 18471,101593,20191012,    8,    0
 18471,101593,20191013,   10,    0
 18471,101593,20191014,    7,    0
 18471,101593,20191015,    8,    0
 18471,101593,20191016,    0,    0
 18471,101593,20191017,   51,    0
 18471,101593,20191018,    6,    0
 18471,101593,20191019,    0,    0
 18471,101593,20191020,    2,    0
 18471,101593,20191021,    8,    0
 18471,101593,20191022,   53,    0
 18471,101593,20191023,    0,    0
 18471,101593,20191024,  121,    0
 18471,101593,20191025,   33,    0
 18471,101593,20191026,    9,    0
 18471,101593,20191027,    0,    0
 18471,101593,20191028,    1,    0
 18471,101593,20191029,    0,    0
 18471,101593,20191030,    2,    0
 18471,101593,20191031,    0,    0
 18471,101593,20191101,    1,    0
 18471,101593,20191102,    0,    0
 18471,101593,20191103,    1,    0
 18471,101593,20191104,    0,    0
 18471,101593,20191105,    0,    0
 18471,101593,20191106,    5,    0
 18471,101593,20191107,    6,    0
 18471,101593,20191108,    1,    0
 18471,101593,20191109,    0,    0
 18471,101593,20191110,    0,    0
 18471,101593,20191111,    2,    0
 18471,101593,20191112,    7,    0
 18471,101593,20191113,    0,    0
 18471,101593,20191114,    0,    0
 18471,101593,20191115,    0,    0
 18471,101593,20191116,   20,    0
 18471,101593,20191117,    1,    0
 18471,101593,20191118,  113,    0
 18471,101593,20191119,    4,    0
 18471,101593,20191120,    0,    0
 18471,101593,20191121,    3,    0
 18471,101593,20191122,   15,    0
 18471,101593,20191123,    0,    0
 18471,101593,20191124,    0,    0
 18471,101593,20191125,    4,    0
 18471,101593,20191126,    0,    0
 18471,101593,20191127,   19,    0
 18471,101593,20191128,   18,    0
 18471,101593,20191129,    8,    0
 18471,101593,20191130,    8,    0
 18471,101593,20191201,   15,    0
 18471,101593,20191202,   41,    0
 18471,101593,20191203,   65,    0
 18471,101593,20191204,   71,    0
 18471,101593,20191205,  314,    0
 18471,101593,20191206,   17,    0
 18471,101593,20191207,   79,    0
 18471,101593,20191208,  212,    0
 18471,101593,20191209,   17,    0
 18471,101593,20191210,  126,    0
 18471,101593,20191211,   44,    0
 18471,101593,20191212,    0,    0
 18471,101593,20191213,    3,    0
 18471,101593,20191214,    0,    0
 18471,101593,20191215,   45,    0
 18471,101593,20191216,   20,    0
 18471,101593,20191217,   19,    0
 18471,101593,20191218,    0,    0
 18471,101593,20191219,  210,    0
 18471,101593,20191220,   18,    0
 18471,101593,20191221,    3,    0
 18471,101593,20191222,    0,    0
 18471,101593,20191223,    1,    0
 18471,101593,20191224,    4,    0
 18471,101593,20191225,    1,    0
 18471,101593,20191226,    1,    0
 18471,101593,20191227,    5,    0
 18471,101593,20191228,  106,    0
 18471,101593,20191229,  552,    0
 18471,101593,20191230,   31,    0
 18471,101593,20191231,    1,    0
 18471,101593,20200101,    1,    0
 18471,101593,20200102,  149,    0
 18471,101593,20200103,   97,    0
 18471,101593,20200104,   24,    0
 18471,101593,20200105,  191,    0
 18471,101593,20200106,   17,    0
 18471,101593,20200107,  322,    0
 18471,101593,20200108,  111,    0
 18471,101593,20200109,    2,    0
 18471,101593,20200110,   22,    0
 18471,101593,20200111,  446,    0
 18471,101593,20200112,  106,    0
 18471,101593,20200113,   32,    0
 18471,101593,20200114,  136,    0
 18471,101593,20200115,  227,    0
 18471,101593,20200116,   55,    0
 18471,101593,20200117,   42,    0
 18471,101593,20200118,   15,    0
 18471,101593,20200119,   12,    0
 18471,101593,20200120,  143,    0
 18471,101593,20200121,   45,    0
 18471,101593,20200122,    3,    0
 18471,101593,20200123,   73,    0
 18471,101593,20200124,   13,    0
 18471,101593,20200125,    3,    0
 18471,101593,20200126,    3,    0
 18471,101593,20200127,   17,    0
 18471,101593,20200128,    2,    0
 18471,101593,20200129,   18,    0
 18471,101593,20200130,   15,    0
 18471,101593,20200131,  114,    0
 18471,101593,20200201,   98,    0
 18471,101593,20200202,    2,    0
 18471,101593,20200203,   21,    0
 18471,101593,20200204,    2,    0
 18471,101593,20200205,   13,    0
 18471,101593,20200206,    0,    0
 18471,101593,20200207,    2,    0
 18471,101593,20200208,   30,    0
 18471,101593,20200209,  130,    0
 18471,101593,20200210,  138,    0
 18471,101593,20200211,  118,    0
 18471,101593,20200212,   10,    0
 18471,101593,20200213,    4,    0
 18471,101593,20200214,   38,    0
 18471,101593,20200215,  177,    0
 18471,101593,20200216,  225,    0
 18471,101593,20200217,  159,    0
 18471,101593,20200218,    0,    0
 18471,101593,20200219,    1,    0
 18471,101593,20200220,   31,    0
 18471,101593,20200221,    1,    0
 18471,101593,20200222,    1,    0
 18471,101593,20200223,    0,    0
 18471,101593,20200224,    3,    0
 18471,101593,20200225,    0,    0
 18471,101593,20200226,    3,    0
 18471,101593,20200227,    1,    0
 18471,101593,20200228,    0,    0
 18471,101593,20200229,    2,    0
 18471,101593,20200301,    2,    0
 18471,101593,20200302,  463,    0
 18471,101593,20200303,    6,    0
 18471,101593,20200304,   16,    0
 18471,101593,20200305,    1,    0
 18471,101593,20200306,    0,    0
 18471,101593,20200307,   87,    0
 18471,101593,20200308,  145,    0
 18471,101593,20200309,   33,    0
 18471,101593,20200310,   88,    0
 18471,101593,20200311,  120,    0
 18471,101593,20200312,   32,    0
 18471,101593,20200313,    0,    0
 18471,101593,20200314,    4,    0
 18471,101593,20200315,   71,    0
 18471,101593,20200316,   29,    0
 18471,101593,20200317,  155,    0
 18471,101593,20200318,   95,    0
 18471,101593,20200319,   26,    0
 18471,101593,20200320,    1,    0
 18471,101593,20200321,    0,    0
 18471,101593,20200322,    0,    0
 18471,101593,20200323,    0,    0
 18471,101593,20200324,    1,    0
 18471,101593,20200325,   25,    0
 18471,101593,20200326,    7,    0
 18471,101593,20200327,    8,    0
 18471,101593,20200328,   10,    0
 18471,101593,20200329,   21,    0
 18471,101593,20200330,    0,    0
 18471,101593,20200331,-9999,    9
 18471,101593,20200401,-9999,    9
 18471,101593,20200402,-9999,    9
 18471,101593,20200403,-9999,    9
 18471,101593,20200404,-9999,    9
 18471,101593,20200405,-9999,    9
 18471,101593,20200406,-9999,    9
 18471,101593,20200407,-9999,    9
 18471,101593,20200408,-9999,    9
 18471,101593,20200409,-9999,    9
 18471,101593,20200410,-9999,    9
 18471,101593,20200411,-9999,    9
 18471,101593,20200412,-9999,    9
 18471,101593,20200413,-9999,    9
 18471,101593,20200414,-9999,    9
 18471,101593,20200415,-9999,    9
 18471,101593,20200416,-9999,    9
 18471,101593,20200417,-9999,    9
 18471,101593,20200418,-9999,    9
 18471,101593,20200419,-9999,    9
 18471,101593,20200420,-9999,    9
 18471,101593,20200421,-9999,    9
 18471,101593,20200422,-9999,    9
 18471,101593,20200423,-9999,    9
 18471,101593,20200424,-9999,    9
 18471,101593,20200425,-9999,    9
 18471,101593,20200426,-9999,    9
 18471,101593,20200427,-9999,    9
 18471,101593,20200428,-9999,    9
 18471,101593,20200429,-9999,    9
 18471,101593,20200430,-9999,    9
 18471,101593,20200501,-9999,    9
 18471,101593,20200502,-9999,    9
 18471,101593,20200503,-9999,    9
 18471,101593,20200504,-9999,    9
 18471,101593,20200505,-9999,    9
 18471,101593,20200506,-9999,    9
 18471,101593,20200507,-9999,    9
 18471,101593,20200508,-9999,    9
 18471,101593,20200509,-9999,    9
 18471,101593,20200510,-9999,    9
 18471,101593,20200511,-9999,    9
 18471,101593,20200512,-9999,    9
 18471,101593,20200513,-9999,    9
 18471,101593,20200514,-9999,    9
 18471,101593,20200515,-9999,    9
 18471,101593,20200516,-9999,    9
 18471,101593,20200517,-9999,    9
 18471,101593,20200518,-9999,    9
 18471,101593,20200519,-9999,    9
 18471,101593,20200520,-9999,    9
 18471,101593,20200521,-9999,    9
 18471,101593,20200522,-9999,    9
 18471,101593,20200523,-9999,    9
 18471,101593,20200524,-9999,    9
 18471,101593,20200525,-9999,    9
 18471,101593,20200526,-9999,    9
 18471,101593,20200527,-9999,    9
 18471,101593,20200528,-9999,    9
 18471,101593,20200529,-9999,    9
 18471,101593,20200530,-9999,    9
 18471,101593,20200531,-9999,    9
 18471,101593,20200601,-9999,    9
 18471,101593,20200602,-9999,    9
 18471,101593,20200603,-9999,    9
 18471,101593,20200604,-9999,    9
 18471,101593,20200605,-9999,    9
 18471,101593,20200606,-9999,    9
 18471,101593,20200607,-9999,    9
 18471,101593,20200608,-9999,    9
 18471,101593,20200609,-9999,    9
 18471,101593,20200610,-9999,    9
 18471,101593,20200611,-9999,    9
 18471,101593,20200612,-9999,    9
 18471,101593,20200613,-9999,    9
 18471,101593,20200614,-9999,    9
 18471,101593,20200615,-9999,    9
 18471,101593,20200616,-9999,    9
 18471,101593,20200617,-9999,    9
 18471,101593,20200618,-9999,    9
 18471,101593,20200619,-9999,    9
 18471,101593,20200620,-9999,    9
 18471,101593,20200621,-9999,    9
 18471,101593,20200622,-9999,    9
 18471,101593,20200623,-9999,    9
 18471,101593,20200624,-9999,    9
 18471,101593,20200625,-9999,    9
 18471,101593,20200626,    0,    0
 18471,101593,20200627,   67,    0
 18471,101593,20200628,   18,    0
 18471,101593,20200629,    3,    0
 18471,101593,20200630,   24,    0
 18471,101593,20200701,   12,    0
 18471,101593,20200702,   59,    0
 18471,101593,20200703,   68,    0
 18471,101593,20200704,    0,    0
 18471,101593,20200705,  167,    0
 18471,101593,20200706,   37,    0
 18471,101593,20200707,    3,    0
 18471,101593,20200708,    3,    0
 18471,101593,20200709,    6,    0
 18471,101593,20200710,    0,    0
 18471,101593,20200711,    2,    0
 18471,101593,20200712,    6,    0
 18471,101593,20200713,   23,    0
 18471,101593,20200714,   23,    0
 18471,101593,20200715,    0,    0
 18471,101593,20200716,    0,    0
 18471,101593,20200717,   32,    0
 18471,101593,20200718,   62,    0
 18471,101593,20200719,   14,    0
 18471,101593,20200720,   16,    0
 18471,101593,20200721,    5,    0
 18471,101593,20200722,    0,    0
 18471,101593,20200723,    0,    0
 18471,101593,20200724,    0,    0
 18471,101593,20200725,    9,    0
 18471,101593,20200726,  162,    0
 18471,101593,20200727,    0,    0
 18471,101593,20200728,   19,    0
 18471,101593,20200729,  101,    0
 18471,101593,20200730,    0,    0
 18471,101593,20200731,    0,    0
 18471,101593,20200801,   19,    0
 18471,101593,20200802,  205,    0
 18471,101593,20200803,    1,    0
 18471,101593,20200804,   76,    0
 18471,101593,20200805,   63,    0
 18471,101593,20200806,    0,    0
 18471,101593,20200807,    0,    0
 18471,101593,20200808,    4,    0
 18471,101593,20200809,    0,    0
 18471,101593,20200810,    0,    0
 18471,101593,20200811,    0,    0
 18471,101593,20200812,    0,    0
 18471,101593,20200813,  202,    0
 18471,101593,20200814,    0,    0
 18471,101593,20200815,    0,    0
 18471,101593,20200816,    0,    0
 18471,101593,20200817,    0,    0
 18471,101593,20200818,    0,    0
 18471,101593,20200819,    0,    0
 18471,101593,20200820,    0,    0
 18471,101593,20200821,  132,    0
 18471,101593,20200822,  215,    0
 18471,101593,20200823,   23,    0
 18471,101593,20200824,    8,    0
 18471,101593,20200825,    1,    0
 18471,101593,20200826,    0,    0
 18471,101593,20200827,    1,    0
 18471,101593,20200828,    0,    0
 18471,101593,20200829,   49,    0
 18471,101593,20200830,    0,    0
 18471,101593,20200831,    0,    0
 18471,101593,20200901,    0,    0
 18471,101593,20200902,    0,    0
 18471,101593,20200903,   53,    0
 18471,101593,20200904,  197,    0
 18471,101593,20200905,  158,    0
 18471,101593,20200906,    6,    0
 18471,101593,20200907,   32,    0
 18471,101593,20200908,  104,    0
 18471,101593,20200909,   30,    0
 18471,101593,20200910,    3,    0
 18471,101593,20200911,  173,    0
 18471,101593,20200912,  212,    0
 18471,101593,20200913,   66,    0
 18471,101593,20200914,   63,    0
 18471,101593,20200915,   92,    0
 18471,101593,20200916,    0,    0
 18471,101593,20200917,    0,    0
 18471,101593,20200918,    0,    0
 18471,101593,20200919,    6,    0
 18471,101593,20200920,    0,    0
 18471,101593,20200921,   20,    0
 18471,101593,20200922,   15,    0
 18471,101593,20200923,  154,    0
 18471,101593,20200924,  182,    0
 18471,101593,20200925,   14,    0
 18471,101593,20200926,    6,    0
 18471,101593,20200927,    0,    0
 18471,101593,20200928,    7,    0
 18471,101593,20200929,   24,    0
 18471,101593,20200930,    0,    0
 18471,101593,20201001,    0,    0
 18471,101593,20201002,    0,    0
 18471,101593,20201003,    5,    0
 18471,101593,20201004,   54,    0
 18471,101593,20201005,    3,    0
 18471,101593,20201006,    0,    0
 18471,101593,20201007,   16,    0
 18471,101593,20201008,   93,    0
 18471,101593,20201009,    0,    0
 18471,101593,20201010,    4,    0
 18471,101593,20201011,    3,    0
 18471,101593,20201012,    0,    0
 18471,101593,20201013,    1,    0
 18471,101593,20201014,    0,    0
 18471,101593,20201015,    0,    0
 18471,101593,20201016,    4,    0
 18471,101593,20201017,    4,    0
 18471,101593,20201018,    0,    0
 18471,101593,20201019,   94,    0
 18471,101593,20201020,  247,    0
 18471,101593,20201021,   56,    0
 18471,101593,20201022,   32,    0
 18471,101593,20201023,    9,    0
 18471,101593,20201024,  105,    0
 18471,101593,20201025,   17,    0
 18471,101593,20201026,    0,    0
 18471,101593,20201027,    0,    0
 18471,101593,20201028,  135,    0
 18471,101593,20201029,    6,    0
 18471,101593,20201030,   25,    0
 18471,101593,20201031,   30,    0
 18471,101593,20201101,   98,    0
 18471,101593,20201102,   73,    0
 18471,101593,20201103,   20,    0
 18471,101593,20201104,   18,    0
 18471,101593,20201105,    0,    0
 18471,101593,20201106,    1,    0
 18471,101593,20201107,    1,    0
 18471,101593,20201108,    2,    0
 18471,101593,20201109,    0,    0
 18471,101593,20201110,    2,    0
 18471,101593,20201111,    0,    0
 18471,101593,20201112,    0,    0
 18471,101593,20201113,   10,    0
 18471,101593,20201114,   31,    0
 18471,101593,20201115,   60,    0
 18471,101593,20201116,   99,    0
 18471,101593,20201117,  171,    0
 18471,101593,20201118,  633,    0
 18471,101593,20201119,   41,    0
 18471,101593,20201120,  214,    0
 18471,101593,20201121,  249,    0
 18471,101593,20201122,   39,    0
 18471,101593,20201123,  112,    0
 18471,101593,20201124,  164,    0
 18471,101593,20201125,  110,    0
 18471,101593,20201126,    6,    0
 18471,101593,20201127,    4,    0
 18471,101593,20201128,    2,    0
 18471,101593,20201129,    5,    0
 18471,101593,20201130,   32,    0
 18471,101593,20201201,    2,    0
 18471,101593,20201202,   73,    0
 18471,101593,20201203,   36,    0
 18471,101593,20201204,    3,    0
 18471,101593,20201205,   23,    0
 18471,101593,20201206,   10,    0
 18471,101593,20201207,    0,    0
 18471,101593,20201208,   52,    0
 18471,101593,20201209,    8,    0
 18471,101593,20201210,    3,    0
 18471,101593,20201211,    0,    0
 18471,101593,20201212,    0,    0
 18471,101593,20201213,    0,    0
 18471,101593,20201214,   63,    0
 18471,101593,20201215,   20,    0
 18471,101593,20201216,   15,    0
 18471,101593,20201217,   26,    0
 18471,101593,20201218,   21,    0
 18471,101593,20201219,   13,    0
 18471,101593,20201220,    7,    0
 18471,101593,20201221,   44,    0
 18471,101593,20201222,   93,    0
 18471,101593,20201223,    6,    0
 18471,101593,20201224,    1,    0
 18471,101593,20201225,   30,    0
 18471,101593,20201226,   27,    0
 18471,101593,20201227,   52,    0
 18471,101593,20201228,    2,    0
 18471,101593,20201229,    0,    0
 18471,101593,20201230,    0,    0
 18471,101593,20201231,    1,    0
 18471,101593,20210101,    8,    0
 18471,101593,20210102,   28,    0
 18471,101593,20210103,    0,    0
 18471,101593,20210104,    0,    0
 18471,101593,20210105,    0,    0
 18471,101593,20210106,    0,    0
 18471,101593,20210107,    0,    0
 18471,101593,20210108,    0,    0
 18471,101593,20210109,   46,    0
 18471,101593,20210110,   57,    0
 18471,101593,20210111,    4,    0
 18471,101593,20210112,   24,    0
 18471,101593,20210113,    0,    0
 18471,101593,20210114,    0,    0
 18471,101593,20210115,    0,    0
 18471,101593,20210116,    0,    0
 18471,101593,20210117,   17,    0
 18471,101593,20210118,    7,    0
 18471,101593,20210119,    0,    0
 18471,101593,20210120,   82,    0
 18471,101593,20210121,   12,    0
 18471,101593,20210122,  115,    0
 18471,101593,20210123,   30,    0
 18471,101593,20210124,    0,    0
 18471,101593,20210125,    0,    0
 18471,101593,20210126,    2,    0
 18471,101593,20210127,    0,    0
 18471,101593,20210128,    2,    0
 18471,101593,20210129,    1,    0
 18471,101593,20210130,    1,    0
 18471,101593,20210131,    2,    0
 18471,101593,20210201,    0,    0
 18471,101593,20210202,    0,    0
 18471,101593,20210203,    0,    0
 18471,101593,20210204,    0,    0
 18471,101593,20210205,    0,    0
 18471,101593,20210206,    0,    0
 18471,101593,20210207,    0,    0
 18471,101593,20210208,    0,    0
 18471,101593,20210209,    0,    0
 18471,101593,20210210,    1,    0
 18471,101593,20210211,    0,    0
 18471,101593,20210212,    0,    0
 18471,101593,20210213,    0,    0
 18471,101593,20210214,   14,    0
 18471,101593,20210215,   41,    0
 18471,101593,20210216,   27,    0
 18471,101593,20210217,   20,    0
 18471,101593,20210218,   55,    0
 18471,101593,20210219,   17,    0
 18471,101593,20210220,   64,    0
 18471,101593,20210221,    1,    0
 18471,101593,20210222,   22,    0
 18471,101593,20210223,  176,    0
 18471,101593,20210224,   80,    0
 18471,101593,20210225,  107,    0
 18471,101593,20210226,   19,    0
 18471,101593,20210227,   13,    0
 18471,101593,20210228,    2,    0
 18471,101593,20210301,   17,    0
 18471,101593,20210302,    2,    0
 18471,101593,20210303,    0,    0
 18471,101593,20210304,    2,    0
 18471,101593,20210305,   11,    0
 18471,101593,20210306,   31,    0
 18471,101593,20210307,    0,    0
 18471,101593,20210308,    0,    0
 18471,101593,20210309,    0,    0
 18471,101593,20210310,   10,    0
 18471,101593,20210311,   31,    0
 18471,101593,20210312,   25,    0
 18471,101593,20210313,    0,    0
 18471,101593,20210314,    5,    0
 18471,101593,20210315,   32,    0
 18471,101593,20210316,    9,    0
 18471,101593,20210317,    4,    0
 18471,101593,20210318,    0,    0
 18471,101593,20210319,   16,    0
 18471,101593,20210320,    3,    0
 18471,101593,20210321,   19,    0
 18471,101593,20210322,    3,    0
 18471,101593,20210323,    9,    0
 18471,101593,20210324,  107,    0
 18471,101593,20210325,   53,    0
 18471,101593,20210326,   55,    0
 18471,101593,20210327,   25,    0
 18471,101593,20210328,   95,    0
 18471,101593,20210329,  204,    0
 18471,101593,20210330,  224,    0
 18471,101593,20210331,   17,    0
 18471,101593,20210401,    8,    0
 18471,101593,20210402,   16,    0
 18471,101593,20210403,    0,    0
 18471,101593,20210404,  107,    0
 18471,101593,20210405,   18,    0
 18471,101593,20210406,    6,    0
 18471,101593,20210407,   16,    0
 18471,101593,20210408,  255,    0
 18471,101593,20210409,   43,    0
 18471,101593,20210410,    0,    0
 18471,101593,20210411,    0,    0
 18471,101593,20210412,   18,    0
 18471,101593,20210413,    0,    0
 18471,101593,20210414,    0,    0
 18471,101593,20210415,    4,    0
 18471,101593,20210416,    0,    0
 18471,101593,20210417,   12,    0
 18471,101593,20210418,    3,    0
 18471,101593,20210419,    4,    0
 18471,101593,20210420,   21,    0
 18471,101593,20210421,    0,    0
 18471,101593,20210422,    0,    0
 18471,101593,20210423,   15,    0
 18471,101593,20210424,    0,    0
 18471,101593,20210425,    0,    0
 18471,101593,20210426,    0,    0
 18471,101593,20210427,    0,    0
 18471,101593,20210428,    0,    0
 18471,101593,20210429,    0,    0
 18471,101593,20210430,    0,    0
 18471,101593,20210501,    0,    0
 18471,101593,20210502,    4,    0
 18471,101593,20210503,    4,    0
 18471,101593,20210504,    0,    0
 18471,101593,20210505,    1,    0
 18471,101593,20210506,    0,    0
 18471,101593,20210507,    0,    0
 18471,101593,20210508,    0,    0
 18471,101593,20210509,   37,    0
 18471,101593,20210510,   37,    0
 18471,101593,20210511,    0,    0
 18471,101593,20210512,    4,    0
 18471,101593,20210513,    3,    0
 18471,101593,20210514,    0,    0
 18471,101593,20210515,    4,    0
 18471,101593,20210516,   11,    0
 18471,101593,20210517,    0,    0
 18471,101593,20210518,    0,    0
 18471,101593,20210519,    5,    0
 18471,101593,20210520,    0,    0
 18471,101593,20210521,    5,    0
 18471,101593,20210522,    4,    0
 18471,101593,20210523,    4,    0
 18471,101593,20210524,    1,    0
 18471,101593,20210525,    0,    0
 18471,101593,20210526,   11,    0
 18471,101593,20210527,    0,    0
 18471,101593,20210528,    4,    0
 18471,101593,20210529,    3,    0
 18471,101593,20210530,    0,    0
 18471,101593,20210531,    0,    0
 18471,101593,20210601,    0,    0
 18471,101593,20210602,   25,    0
 18471,101593,20210603,    0,    0
 18471,101593,20210604,    9,    0
 18471,101593,20210605,    0,    0
 18471,101593,20210606,    1,    0
 18471,101593,20210607,    0,    0
 18471,101593,20210608,    0,    0
 18471,101593,20210609,   21,    0
 18471,101593,20210610,    6,    0
 18471,101593,20210611,   47,    0
 18471,101593,20210612,    0,    0
 18471,101593,20210613,  150,    0
 18471,101593,20210614,  129,    0
 18471,101593,20210615,    5,    0
 18471,101593,20210616,   39,    0
 18471,101593,20210617,   69,    0
 18471,101593,20210618,    0,    0
 18471,101593,20210619,  114,    0
 18471,101593,20210620,  128,    0
 18471,101593,20210621,   10,    0
 18471,101593,20210622,    3,    0
 18471,101593,20210623,    2,    0
 18471,101593,20210624,    1,    0
 18471,101593,20210625,    9,    0
 18471,101593,20210626,    0,    0
 18471,101593,20210627,    0,    0
 18471,101593,20210628,    0,    0
 18471,101593,20210629,    7,    0
 18471,101593,20210630,    0,    0
 18471,101593,20210701,    0,    0
 18471,101593,20210702,    0,    0
 18471,101593,20210703,   37,    0
 18471,101593,20210704,   16,    0
 18471,101593,20210705,   18,    0
 18471,101593,20210706,    0,    0
 18471,101593,20210707,    0,    0
 18471,101593,20210708,   41,    0
 18471,101593,20210709,   49,    0
 18471,101593,20210710,   13,    0
 18471,101593,20210711,    0,    0
 18471,101593,20210712,   20,    0
 18471,101593,20210713,   14,    0
 18471,101593,20210714,   51,    0
 18471,101593,20210715,    0,    0
 18471,101593,20210716,    0,    0
 18471,101593,20210717,    7,    0
 18471,101593,20210718,    1,    0
 18471,101593,20210719,    0,    0
 18471,101593,20210720,    0,    0
 18471,101593,20210721,    2,    0
 18471,101593,20210722,    0,    0
 18471,101593,20210723,    0,    0
 18471,101593,20210724,   17,    0
 18471,101593,20210725,    0,    0
 18471,101593,20210726,    0,    0
 18471,101593,20210727,   80,    0
 18471,101593,20210728,   33,    0
 18471,101593,20210729,   36,    0
 18471,101593,20210730,    0,    0
 18471,101593,20210731,    6,    0
 18471,101593,20210801,   13,    0
 18471,101593,20210802,    2,    0
 18471,101593,20210803,   15,    0
 18471,101593,20210804,    0,    0
 18471,101593,20210805,    5,    0
 18471,101593,20210806,    0,    0
 18471,101593,20210807,    2,    0
 18471,101593,20210808,    2,    0
 18471,101593,20210809,   36,    0
 18471,101593,20210810,   70,    0
 18471,101593,20210811,    1,    0
 18471,101593,20210812,   17,    0
 18471,101593,20210813,   33,    0
 18471,101593,20210814,   22,    0
 18471,101593,20210815,   12,    0
 18471,101593,20210816,    1,    0
 18471,101593,20210817,    0,    0
 18471,101593,20210818,   34,    0
 18471,101593,20210819,    0,    0
 18471,101593,20210820,   17,    0
 18471,101593,20210821,    0,    0
 18471,101593,20210822,    4,    0
 18471,101593,20210823,    1,    0
 18471,101593,20210824,    0,    0
 18471,101593,20210825,    0,    0
 18471,101593,20210826,   19,    0
 18471,101593,20210827,    0,    0
 18471,101593,20210828,    0,    0
 18471,101593,20210829,   15,    0
 18471,101593,20210830,    0,    0
 18471,101593,20210831,    4,    0
 18471,101593,20210901,    0,    0
 18471,101593,20210902,    0,    0
 18471,101593,20210903,    4,    0
 18471,101593,20210904,   15,    0
 18471,101593,20210905,    0,    0
 18471,101593,20210906,   22,    0
 18471,101593,20210907,    0,    0
 18471,101593,20210908,    0,    0
 18471,101593,20210909,    8,    0
 18471,101593,20210910,    2,    0
 18471,101593,20210911,  128,    0
 18471,101593,20210912,    0,    0
 18471,101593,20210913,    7,    0
 18471,101593,20210914,    5,    0
 18471,101593,20210915,    0,    0
 18471,101593,20210916,    7,    0
 18471,101593,20210917,   16,    0
 18471,101593,20210918,    0,    0
 18471,101593,20210919,    0,    0
 18471,101593,20210920,   37,    0
 18471,101593,20210921,   14,    0
 18471,101593,20210922,   78,    0
 18471,101593,20210923,  143,    0
 18471,101593,20210924,  171,    0
 18471,101593,20210925,    0,    0
 18471,101593,20210926,    0,    0
 18471,101593,20210927,  144,    0
 18471,101593,20210928,    5,    0
 18471,101593,20210929,    0,    0
 18471,101593,20210930,    0,    0
 18471,101593,20211001,   95,    0
 18471,101593,20211002,   19,    0
 18471,101593,20211003,   88,    0
 18471,101593,20211004,   30,    0
 18471,101593,20211005,   20,    0
 18471,101593,20211006,   18,    0
 18471,101593,20211007,   62,    0
 18471,101593,20211008,   32,    0
 18471,101593,20211009,   12,    0
 18471,101593,20211010,   77,    0
 18471,101593,20211011,   19,    0
 18471,101593,20211012,    2,    0
 18471,101593,20211013,   60,    0
 18471,101593,20211014,  142,    0
 18471,101593,20211015,   29,    0
 18471,101593,20211016,    5,    0
 18471,101593,20211017,    7,    0
 18471,101593,20211018,   86,    0
 18471,101593,20211019,  267,    0
 18471,101593,20211020,  121,    0
 18471,101593,20211021,   29,    0
 18471,101593,20211022,    0,    0
 18471,101593,20211023,    5,    0
 18471,101593,20211024,    7,    0
 18471,101593,20211025,  122,    0
 18471,101593,20211026,  152,    0
 18471,101593,20211027,   26,    0
 18471,101593,20211028,  207,    0
 18471,101593,20211029,    0,    0
 18471,101593,20211030,   16,    0
 18471,101593,20211031,   20,    0
 18471,101593,20211101,    1,    0
 18471,101593,20211102,    0,    0
 18471,101593,20211103,    1,    0
 18471,101593,20211104,    7,    0
 18471,101593,20211105,   64,    0
 18471,101593,20211106,   47,    0
 18471,101593,20211107,    9,    0
 18471,101593,20211108,   94,    0
 18471,101593,20211109,   27,    0
 18471,101593,20211110,   66,    0
 18471,101593,20211111,   31,    0
 18471,101593,20211112,   17,    0
 18471,101593,20211113,    5,    0
 18471,101593,20211114,    0,    0
 18471,101593,20211115,   72,    0
 18471,101593,20211116,   46,    0
 18471,101593,20211117,   26,    0
 18471,101593,20211118,  152,    0
 18471,101593,20211119,   67,    0
 18471,101593,20211120,   34,    0
 18471,101593,20211121,    8,    0
 18471,101593,20211122,   16,    0
 18471,101593,20211123,    0,    0
 18471,101593,20211124,   69,    0
 18471,101593,20211125,    6,    0
 18471,101593,20211126,    3,    0
 18471,101593,20211127,   13,    0
 18471,101593,20211128,    2,    0
 18471,101593,20211129,   32,    0
 18471,101593,20211130,    2,    0
 18471,101593,20211201,    0,    0
 18471,101593,20211202,    3,    0
 18471,101593,20211203,   37,    0
 18471,101593,20211204,    0,    0
 18471,101593,20211205,    0,    0
 18471,101593,20211206,    0,    0
 18471,101593,20211207,    0,    0
 18471,101593,20211208,    7,    0
 18471,101593,20211209,    0,    0
 18471,101593,20211210,    0,    0
 18471,101593,20211211,   35,    0
 18471,101593,20211212,   62,    0
 18471,101593,20211213,   40,    0
 18471,101593,20211214,  218,    0
 18471,101593,20211215,   61,    0
 18471,101593,20211216,   10,    0
 18471,101593,20211217,    0,    0
 18471,101593,20211218,    4,    0
 18471,101593,20211219,    2,    0
 18471,101593,20211220,    0,    0
 18471,101593,20211221,    0,    0
 18471,101593,20211222,    8,    0
 18471,101593,20211223,    9,    0
 18471,101593,20211224,    6,    0
 18471,101593,20211225,    1,    0
 18471,101593,20211226,    5,    0
 18471,101593,20211227,    0,    0
 18471,101593,20211228,    5,    0
 18471,101593,20211229,   68,    0
 18471,101593,20211230,  151,    0
 18471,101593,20211231,   17,    0
 18471,101593,20220101,  147,    0
 18471,101593,20220102,   23,    0
 18471,101593,20220103,  116,    0
 18471,101593,20220104,   50,    0
 18471,101593,20220105,    3,    0
 18471,101593,20220106,   18,    0
 18471,101593,20220107,    2,    0
 18471,101593,20220108,    8,    0
 18471,101593,20220109,    3,    0
 18471,101593,20220110,   15,    0
 18471,101593,20220111,   35,    0
 18471,101593,20220112,  159,    0
 18471,101593,20220113,  154,    0
 18471,101593,20220114,    4,    0
 18471,101593,20220115,   11,    0
 18471,101593,20220116,   74,    0
 18471,101593,20220117,    0,    0
 18471,101593,20220118,   40,    0
 18471,101593,20220119,-9999,    9
 18471,101593,20220120,-9999,    9
 18471,101593,20220121,-9999,    9
 18471,101593,20220122,-9999,    9
 18471,101593,20220123,-9999,    9
 18471,101593,20220124,-9999,    9
 18471,101593,20220125,-9999,    9
 18471,101593,20220126,-9999,    9
 18471,101593,20220127,-9999,    9
 18471,101593,20220128,-9999,    9
 18471,101593,20220129,-9999,    9
 18471,101593,20220130,-9999,    9
 18471,101593,20220131,-9999,    9
 18471,101593,20220201,-9999,    9
 18471,101593,20220202,-9999,    9
 18471,101593,20220203,-9999,    9
 18471,101593,20220204,-9999,    9
 18471,101593,20220205,-9999,    9
 18471,101593,20220206,-9999,    9
 18471,101593,20220207,-9999,    9
 18471,101593,20220208,-9999,    9
 18471,101593,20220209,-9999,    9
 18471,101593,20220210,-9999,    9
 18471,101593,20220211,-9999,    9
 18471,101593,20220212,-9999,    9
 18471,101593,20220213,-9999,    9
 18471,101593,20220214,-9999,    9
 18471,101593,20220215,-9999,    9
 18471,101593,20220216,-9999,    9
 18471,101593,20220217,-9999,    9
 18471,101593,20220218,-9999,    9
 18471,101593,20220219,-9999,    9
 18471,101593,20220220,-9999,    9
 18471,101593,20220221,-9999,    9
 18471,101593,20220222,-9999,    9
 18471,101593,20220223,-9999,    9
 18471,101593,20220224,-9999,    9
 18471,101593,20220225,-9999,    9
 18471,101593,20220226,-9999,    9
 18471,101593,20220227,-9999,    9
 18471,101593,20220228,-9999,    9
 18471,101593,20220301,-9999,    9
 18471,101593,20220302,-9999,    9
 18471,101593,20220303,-9999,    9
 18471,101593,20220304,-9999,    9
 18471,101593,20220305,-9999,    9
 18471,101593,20220306,-9999,    9
 18471,101593,20220307,-9999,    9
 18471,101593,20220308,-9999,    9
 18471,101593,20220309,-9999,    9
 18471,101593,20220310,-9999,    9
 18471,101593,20220311,-9999,    9
 18471,101593,20220312,-9999,    9
 18471,101593,20220313,-9999,    9
 18471,101593,20220314,-9999,    9
 18471,101593,20220315,-9999,    9
 18471,101593,20220316,-9999,    9
 18471,101593,20220317,-9999,    9
 18471,101593,20220318,-9999,    9
 18471,101593,20220319,-9999,    9
 18471,101593,20220320,-9999,    9
 18471,101593,20220321,-9999,    9
 18471,101593,20220322,-9999,    9
 18471,101593,20220323,-9999,    9
 18471,101593,20220324,-9999,    9
 18471,101593,20220325,-9999,    9
 18471,101593,20220326,-9999,    9
 18471,101593,20220327,-9999,    9
 18471,101593,20220328,-9999,    9
 18471,101593,20220329,-9999,    9
 18471,101593,20220330,-9999,    9
 18471,101593,20220331,-9999,    9
 18471,101593,20220401,-9999,    9
 18471,101593,20220402,-9999,    9
 18471,101593,20220403,-9999,    9
 18471,101593,20220404,-9999,    9
 18471,101593,20220405,-9999,    9
 18471,101593,20220406,-9999,    9
 18471,101593,20220407,-9999,    9
 18471,101593,20220408,-9999,    9
 18471,101593,20220409,-9999,    9
 18471,101593,20220410,-9999,    9
 18471,101593,20220411,-9999,    9
 18471,101593,20220412,-9999,    9
 18471,101593,20220413,-9999,    9
 18471,101593,20220414,-9999,    9
 18471,101593,20220415,-9999,    9
 18471,101593,20220416,-9999,    9
 18471,101593,20220417,-9999,    9
 18471,101593,20220418,-9999,    9
 18471,101593,20220419,-9999,    9
 18471,101593,20220420,-9999,    9
 18471,101593,20220421,-9999,    9
 18471,101593,20220422,-9999,    9
 18471,101593,20220423,-9999,    9
 18471,101593,20220424,-9999,    9
 18471,101593,20220425,-9999,    9
 18471,101593,20220426,-9999,    9
 18471,101593,20220427,-9999,    9
 18471,101593,20220428,-9999,    9
 18471,101593,20220429,-9999,    9
 18471,101593,20220430,-9999,    9
 18471,101593,20220501,-9999,    9
 18471,101593,20220502,-9999,    9
 18471,101593,20220503,-9999,    9
 18471,101593,20220504,-9999,    9
 18471,101593,20220505,-9999,    9
 18471,101593,20220506,-9999,    9
 18471,101593,20220507,-9999,    9
 18471,101593,20220508,-9999,    9
 18471,101593,20220509,-9999,    9
 18471,101593,20220510,-9999,    9
 18471,101593,20220511,-9999,    9
 18471,101593,20220512,-9999,    9
 18471,101593,20220513,-9999,    9
 18471,101593,20220514,-9999,    9
 18471,101593,20220515,-9999,    9
 18471,101593,20220516,-9999,    9
 18471,101593,20220517,-9999,    9
 18471,101593,20220518,-9999,    9
 18471,101593,20220519,-9999,    9
 18471,101593,20220520,-9999,    9
 18471,101593,20220521,-9999,    9
 18471,101593,20220522,-9999,    9
 18471,101593,20220523,-9999,    9
 18471,101593,20220524,-9999,    9
 18471,101593,20220525,-9999,    9
 18471,101593,20220526,-9999,    9
 18471,101593,20220527,-9999,    9
 18471,101593,20220528,-9999,    9
 18471,101593,20220529,-9999,    9
 18471,101593,20220530,-9999,    9
 18471,101593,20220531,-9999,    9
 18471,101593,20220601,-9999,    9
 18471,101593,20220602,-9999,    9
 18471,101593,20220603,-9999,    9
 18471,101593,20220604,-9999,    9
 18471,101593,20220605,-9999,    9
 18471,101593,20220606,-9999,    9
 18471,101593,20220607,-9999,    9
 18471,101593,20220608,-9999,    9
 18471,101593,20220609,-9999,    9
 18471,101593,20220610,-9999,    9
 18471,101593,20220611,-9999,    9
 18471,101593,20220612,-9999,    9
 18471,101593,20220613,-9999,    9
 18471,101593,20220614,-9999,    9
 18471,101593,20220615,-9999,    9
 18471,101593,20220616,-9999,    9
 18471,101593,20220617,-9999,    9
 18471,101593,20220618,-9999,    9
 18471,101593,20220619,-9999,    9
 18471,101593,20220620,-9999,    9
 18471,101593,20220621,-9999,    9
 18471,101593,20220622,-9999,    9
 18471,101593,20220623,-9999,    9
 18471,101593,20220624,-9999,    9
 18471,101593,20220625,-9999,    9
 18471,101593,20220626,-9999,    9
 18471,101593,20220627,-9999,    9
 18471,101593,20220628,-9999,    9
 18471,101593,20220629,-9999,    9
 18471,101593,20220630,-9999,    9
 18471,101593,20220701,-9999,    9
 18471,101593,20220702,-9999,    9
 18471,101593,20220703,-9999,    9
 18471,101593,20220704,-9999,    9
 18471,101593,20220705,-9999,    9
 18471,101593,20220706,-9999,    9
 18471,101593,20220707,-9999,    9
 18471,101593,20220708,-9999,    9
 18471,101593,20220709,-9999,    9
 18471,101593,20220710,-9999,    9
 18471,101593,20220711,-9999,    9
 18471,101593,20220712,-9999,    9
 18471,101593,20220713,-9999,    9
 18471,101593,20220714,-9999,    9
 18471,101593,20220715,-9999,    9
 18471,101593,20220716,-9999,    9
 18471,101593,20220717,-9999,    9
 18471,101593,20220718,-9999,    9
 18471,101593,20220719,-9999,    9
 18471,101593,20220720,-9999,    9
 18471,101593,20220721,-9999,    9
 18471,101593,20220722,-9999,    9
 18471,101593,20220723,-9999,    9
 18471,101593,20220724,-9999,    9
 18471,101593,20220725,-9999,    9
 18471,101593,20220726,-9999,    9
 18471,101593,20220727,-9999,    9
 18471,101593,20220728,-9999,    9
 18471,101593,20220729,-9999,    9
 18471,101593,20220730,-9999,    9
 18471,101593,20220731,-9999,    9
 18471,101593,20220801,-9999,    9
 18471,101593,20220802,-9999,    9
 18471,101593,20220803,-9999,    9
 18471,101593,20220804,-9999,    9
 18471,101593,20220805,-9999,    9
 18471,101593,20220806,-9999,    9
 18471,101593,20220807,-9999,    9
 18471,101593,20220808,-9999,    9
 18471,101593,20220809,-9999,    9
 18471,101593,20220810,-9999,    9
 18471,101593,20220811,-9999,    9
 18471,101593,20220812,-9999,    9
 18471,101593,20220813,-9999,    9
 18471,101593,20220814,-9999,    9
 18471,101593,20220815,-9999,    9
 18471,101593,20220816,-9999,    9
 18471,101593,20220817,-9999,    9
 18471,101593,20220818,-9999,    9
 18471,101593,20220819,   37,    0
 18471,101593,20220820,   31,    0
 18471,101593,20220821,   56,    0
 18471,101593,20220822,    0,    0
 18471,101593,20220823,    0,    0
 18471,101593,20220824,    0,    0
 18471,101593,20220825,   40,    0
 18471,101593,20220826,  161,    0
 18471,101593,20220827,    0,    0
 18471,101593,20220828,    0,    0
 18471,101593,20220829,    0,    0
 18471,101593,20220830,    0,    0
 18471,101593,20220831,    0,    0
 18471,101593,20220901,    0,    0
 18471,101593,20220902,    0,    0
 18471,101593,20220903,    0,    0
 18471,101593,20220904,    0,    0
 18471,101593,20220905,    0,    0
 18471,101593,20220906,    0,    0
 18471,101593,20220907,    0,    0
 18471,101593,20220908,    0,    0
 18471,101593,20220909,    0,    0
 18471,101593,20220910,    0,    0
 18471,101593,20220911,    0,    0
 18471,101593,20220912,  456,    0
 18471,101593,20220913,  143,    0
 18471,101593,20220914,   20,    0
 18471,101593,20220915,   18,    0
 18471,101593,20220916,    0,    0
 18471,101593,20220917,    0,    0
 18471,101593,20220918,    0,    0
 18471,101593,20220919,    0,    0
 18471,101593,20220920,    0,    0
 18471,101593,20220921,    0,    0
 18471,101593,20220922,  100,    0
 18471,101593,20220923,   42,    0
 18471,101593,20220924,    0,    0
 18471,101593,20220925,   66,    0
 18471,101593,20220926,  123,    0
 18471,101593,20220927,   13,    0
 18471,101593,20220928,    0,    0
 18471,101593,20220929,    1,    0
 18471,101593,20220930,    3,    0
 18471,101593,20221001,   63,    0
 18471,101593,20221002,    3,    0
 18471,101593,20221003,    0,    0
 18471,101593,20221004,  141,    0
 18471,101593,20221005,  268,    0
 18471,101593,20221006,  360,    0
 18471,101593,20221007,  242,    0
 18471,101593,20221008,    8,    0
 18471,101593,20221009,   12,    0
 18471,101593,20221010,   30,    0
 18471,101593,20221011,    1,    0
 18471,101593,20221012,   38,    0
 18471,101593,20221013,    7,    0
 18471,101593,20221014,  117,    0
 18471,101593,20221015,   15,    0
 18471,101593,20221016,  106,    0
 18471,101593,20221017,   25,    0
 18471,101593,20221018,    1,    0
 18471,101593,20221019,    0,    0
 18471,101593,20221020,    0,    0
 18471,101593,20221021,    0,    0
 18471,101593,20221022,    7,    0
 18471,101593,20221023,   74,    0
 18471,101593,20221024,   21,    0
 18471,101593,20221025,    4,    0
 18471,101593,20221026,   58,    0
 18471,101593,20221027,   14,    0
 18471,101593,20221028,   74,    0
 18471,101593,20221029,    9,    0
 18471,101593,20221030,   39,    0
 18471,101593,20221031,-9999,    9
