EUROPEAN CLIMATE ASSESSMENT & DATASET (ECA&D), file created on: 16-11-2022
THESE DATA CAN BE USED FOR NON-COMMERCIAL RESEARCH AND EDUCATION PROVIDED THAT THE FOLLOWING SOURCE IS ACKNOWLEDGED: 

Klein Tank, A.M.G. and Coauthors, 2002. Daily dataset of 20th-century surface
air temperature and precipitation series for the European Climate Assessment.
Int. J. of Climatol., 22, 1441-1453.
Data and metadata available at http://www.ecad.eu

FILE FORMAT (MISSING VALUE CODE = -9999):

01-06 STAID: Station identifier
08-13 SOUID: Source identifier
15-22 DATE : Date YYYYMMDD
24-28 RR   : Precipitation amount in 0.1 mm
30-34 Q_RR : quality code for RR (0='valid'; 1='suspect'; 9='missing')

This is the blended series of station PLATABERGET III, NORWAY (STAID: 18041)
Blended and updated with sources:101710 
See files sources.txt and stations.txt for more info.

STAID, SOUID,    DATE,   RR, Q_RR
 18041,101710,20180101,-9999,    9
 18041,101710,20180102,-9999,    9
 18041,101710,20180103,-9999,    9
 18041,101710,20180104,-9999,    9
 18041,101710,20180105,-9999,    9
 18041,101710,20180106,-9999,    9
 18041,101710,20180107,-9999,    9
 18041,101710,20180108,-9999,    9
 18041,101710,20180109,-9999,    9
 18041,101710,20180110,-9999,    9
 18041,101710,20180111,-9999,    9
 18041,101710,20180112,-9999,    9
 18041,101710,20180113,-9999,    9
 18041,101710,20180114,-9999,    9
 18041,101710,20180115,-9999,    9
 18041,101710,20180116,-9999,    9
 18041,101710,20180117,-9999,    9
 18041,101710,20180118,-9999,    9
 18041,101710,20180119,-9999,    9
 18041,101710,20180120,-9999,    9
 18041,101710,20180121,-9999,    9
 18041,101710,20180122,-9999,    9
 18041,101710,20180123,-9999,    9
 18041,101710,20180124,-9999,    9
 18041,101710,20180125,-9999,    9
 18041,101710,20180126,-9999,    9
 18041,101710,20180127,-9999,    9
 18041,101710,20180128,-9999,    9
 18041,101710,20180129,-9999,    9
 18041,101710,20180130,-9999,    9
 18041,101710,20180131,-9999,    9
 18041,101710,20180201,-9999,    9
 18041,101710,20180202,-9999,    9
 18041,101710,20180203,-9999,    9
 18041,101710,20180204,-9999,    9
 18041,101710,20180205,-9999,    9
 18041,101710,20180206,-9999,    9
 18041,101710,20180207,-9999,    9
 18041,101710,20180208,-9999,    9
 18041,101710,20180209,   45,    0
 18041,101710,20180210,   11,    0
 18041,101710,20180211,   12,    1
 18041,101710,20180212,    0,    1
 18041,101710,20180213,    1,    1
 18041,101710,20180214,    0,    1
 18041,101710,20180215,    0,    1
 18041,101710,20180216,    0,    1
 18041,101710,20180217,    0,    1
 18041,101710,20180218,    0,    1
 18041,101710,20180219,    7,    1
 18041,101710,20180220,    0,    1
 18041,101710,20180221,    0,    1
 18041,101710,20180222,    0,    1
 18041,101710,20180223,    0,    1
 18041,101710,20180224,    0,    1
 18041,101710,20180225,    0,    1
 18041,101710,20180226,   14,    0
 18041,101710,20180227,  120,    1
 18041,101710,20180228,    0,    1
 18041,101710,20180301,    0,    1
 18041,101710,20180302,-9999,    9
 18041,101710,20180303,    9,    0
 18041,101710,20180304,    9,    1
 18041,101710,20180305,    0,    1
 18041,101710,20180306,    0,    1
 18041,101710,20180307,    0,    1
 18041,101710,20180308,    0,    1
 18041,101710,20180309,    0,    1
 18041,101710,20180310,    0,    1
 18041,101710,20180311,    0,    1
 18041,101710,20180312,    0,    1
 18041,101710,20180313,    0,    1
 18041,101710,20180314,    0,    1
 18041,101710,20180315,-9999,    9
 18041,101710,20180316,-9999,    9
 18041,101710,20180317,-9999,    9
 18041,101710,20180318,-9999,    9
 18041,101710,20180319,-9999,    9
 18041,101710,20180320,-9999,    9
 18041,101710,20180321,-9999,    9
 18041,101710,20180322,    0,    1
 18041,101710,20180323,    0,    1
 18041,101710,20180324,    0,    1
 18041,101710,20180325,    0,    1
 18041,101710,20180326,    0,    1
 18041,101710,20180327,   14,    1
 18041,101710,20180328,    0,    1
 18041,101710,20180329,    0,    1
 18041,101710,20180330,    0,    1
 18041,101710,20180331,    4,    1
 18041,101710,20180401,    0,    1
 18041,101710,20180402,    0,    1
 18041,101710,20180403,    0,    1
 18041,101710,20180404,    0,    1
 18041,101710,20180405,    0,    1
 18041,101710,20180406,    0,    1
 18041,101710,20180407,    0,    1
 18041,101710,20180408,    0,    1
 18041,101710,20180409,    4,    0
 18041,101710,20180410,    2,    0
 18041,101710,20180411,   15,    0
 18041,101710,20180412,   23,    0
 18041,101710,20180413,    1,    1
 18041,101710,20180414,    0,    1
 18041,101710,20180415,    0,    1
 18041,101710,20180416,    0,    1
 18041,101710,20180417,    0,    1
 18041,101710,20180418,    0,    1
 18041,101710,20180419,    0,    1
 18041,101710,20180420,   13,    0
 18041,101710,20180421,    4,    0
 18041,101710,20180422,    1,    0
 18041,101710,20180423,    8,    1
 18041,101710,20180424,    0,    1
 18041,101710,20180425,    0,    1
 18041,101710,20180426,    0,    1
 18041,101710,20180427,    0,    1
 18041,101710,20180428,    7,    0
 18041,101710,20180429,    2,    0
 18041,101710,20180430,    2,    1
 18041,101710,20180501,    0,    1
 18041,101710,20180502,    0,    1
 18041,101710,20180503,    0,    1
 18041,101710,20180504,    0,    1
 18041,101710,20180505,    3,    0
 18041,101710,20180506,  162,    1
 18041,101710,20180507,    0,    1
 18041,101710,20180508,    6,    0
 18041,101710,20180509,-9999,    9
 18041,101710,20180510,    0,    0
 18041,101710,20180511,-9999,    9
 18041,101710,20180512,    0,    0
 18041,101710,20180513,    5,    1
 18041,101710,20180514,    0,    1
 18041,101710,20180515,    1,    0
 18041,101710,20180516,   60,    0
 18041,101710,20180517,    1,    0
 18041,101710,20180518,   25,    0
 18041,101710,20180519,   31,    0
 18041,101710,20180520,    2,    0
 18041,101710,20180521,    1,    0
 18041,101710,20180522,    3,    0
 18041,101710,20180523,   33,    0
 18041,101710,20180524,    5,    0
 18041,101710,20180525,    1,    0
 18041,101710,20180526,    2,    0
 18041,101710,20180527,    9,    1
 18041,101710,20180528,    0,    1
 18041,101710,20180529,    0,    1
 18041,101710,20180530,    0,    1
 18041,101710,20180531,  117,    0
 18041,101710,20180601,    7,    0
 18041,101710,20180602,    4,    1
 18041,101710,20180603,    0,    1
 18041,101710,20180604,    0,    1
 18041,101710,20180605,    0,    1
 18041,101710,20180606,    0,    1
 18041,101710,20180607,    0,    1
 18041,101710,20180608,    0,    1
 18041,101710,20180609,    0,    1
 18041,101710,20180610,    0,    1
 18041,101710,20180611,   20,    1
 18041,101710,20180612,    0,    1
 18041,101710,20180613,   17,    0
 18041,101710,20180614,    5,    0
 18041,101710,20180615,   72,    0
 18041,101710,20180616,    3,    0
 18041,101710,20180617,    8,    1
 18041,101710,20180618,    0,    1
 18041,101710,20180619,   39,    1
 18041,101710,20180620,    0,    1
 18041,101710,20180621,    0,    1
 18041,101710,20180622,    0,    1
 18041,101710,20180623,    3,    0
 18041,101710,20180624,   18,    0
 18041,101710,20180625,    1,    1
 18041,101710,20180626,    0,    1
 18041,101710,20180627,    5,    0
 18041,101710,20180628,    4,    1
 18041,101710,20180629,    0,    1
 18041,101710,20180630,    0,    1
 18041,101710,20180701,   65,    1
 18041,101710,20180702,    0,    1
 18041,101710,20180703,    0,    1
 18041,101710,20180704,    0,    1
 18041,101710,20180705,    7,    1
 18041,101710,20180706,    0,    1
 18041,101710,20180707,    0,    1
 18041,101710,20180708,    7,    0
 18041,101710,20180709,    8,    0
 18041,101710,20180710,   12,    0
 18041,101710,20180711,    1,    0
 18041,101710,20180712,   33,    1
 18041,101710,20180713,    0,    1
 18041,101710,20180714,   17,    0
 18041,101710,20180715,   56,    1
 18041,101710,20180716,    0,    1
 18041,101710,20180717,    0,    1
 18041,101710,20180718,    0,    1
 18041,101710,20180719,   51,    0
 18041,101710,20180720,    5,    1
 18041,101710,20180721,    0,    1
 18041,101710,20180722,   33,    0
 18041,101710,20180723,   52,    0
 18041,101710,20180724,    9,    0
 18041,101710,20180725,   14,    0
 18041,101710,20180726,    6,    0
 18041,101710,20180727,   11,    0
 18041,101710,20180728,    7,    0
 18041,101710,20180729,    2,    1
 18041,101710,20180730,    0,    1
 18041,101710,20180731,    2,    1
 18041,101710,20180801,    0,    1
 18041,101710,20180802,   54,    0
 18041,101710,20180803,    9,    0
 18041,101710,20180804,    9,    1
 18041,101710,20180805,    0,    1
 18041,101710,20180806,    0,    1
 18041,101710,20180807,    0,    1
 18041,101710,20180808,    2,    1
 18041,101710,20180809,    0,    1
 18041,101710,20180810,   16,    0
 18041,101710,20180811,   12,    1
 18041,101710,20180812,    0,    1
 18041,101710,20180813,    0,    1
 18041,101710,20180814,    0,    1
 18041,101710,20180815,    3,    1
 18041,101710,20180816,    0,    1
 18041,101710,20180817,   64,    0
 18041,101710,20180818,  165,    0
 18041,101710,20180819,    6,    0
 18041,101710,20180820,   19,    0
 18041,101710,20180821,    1,    1
 18041,101710,20180822,    0,    1
 18041,101710,20180823,    0,    1
 18041,101710,20180824,    0,    1
 18041,101710,20180825,    0,    1
 18041,101710,20180826,    0,    1
 18041,101710,20180827,    7,    1
 18041,101710,20180828,    0,    1
 18041,101710,20180829,    6,    0
 18041,101710,20180830,   44,    0
 18041,101710,20180831,   40,    0
 18041,101710,20180901,   30,    0
 18041,101710,20180902,   10,    0
 18041,101710,20180903,   16,    0
 18041,101710,20180904,   10,    0
 18041,101710,20180905,   57,    1
 18041,101710,20180906,    0,    1
 18041,101710,20180907,    3,    0
 18041,101710,20180908,    5,    0
 18041,101710,20180909,    3,    1
 18041,101710,20180910,    0,    1
 18041,101710,20180911,    0,    1
 18041,101710,20180912,    0,    1
 18041,101710,20180913,    0,    1
 18041,101710,20180914,    2,    0
 18041,101710,20180915,   16,    1
 18041,101710,20180916,    0,    1
 18041,101710,20180917,    0,    1
 18041,101710,20180918,    0,    1
 18041,101710,20180919,    0,    1
 18041,101710,20180920,    1,    1
 18041,101710,20180921,    0,    1
 18041,101710,20180922,    1,    0
 18041,101710,20180923,   20,    0
 18041,101710,20180924,   48,    0
 18041,101710,20180925,   22,    0
 18041,101710,20180926,   12,    1
 18041,101710,20180927,    0,    1
 18041,101710,20180928,    8,    1
 18041,101710,20180929,    0,    1
 18041,101710,20180930,    0,    1
 18041,101710,20181001,    0,    1
 18041,101710,20181002,    0,    1
 18041,101710,20181003,    0,    1
 18041,101710,20181004,    0,    1
 18041,101710,20181005,   13,    0
 18041,101710,20181006,    2,    1
 18041,101710,20181007,    0,    1
 18041,101710,20181008,    0,    1
 18041,101710,20181009,    0,    1
 18041,101710,20181010,    0,    1
 18041,101710,20181011,    1,    0
 18041,101710,20181012,    3,    0
 18041,101710,20181013,   22,    0
 18041,101710,20181014,   19,    1
 18041,101710,20181015,    0,    1
 18041,101710,20181016,    3,    0
 18041,101710,20181017,    2,    1
 18041,101710,20181018,    0,    1
 18041,101710,20181019,    0,    1
 18041,101710,20181020,  110,    0
 18041,101710,20181021,   56,    0
 18041,101710,20181022,  230,    0
 18041,101710,20181023,   38,    0
 18041,101710,20181024,    9,    0
 18041,101710,20181025,    3,    1
 18041,101710,20181026,    0,    1
 18041,101710,20181027,    1,    0
 18041,101710,20181028,   13,    0
 18041,101710,20181029,    5,    0
 18041,101710,20181030,   13,    1
 18041,101710,20181031,    0,    1
 18041,101710,20181101,   14,    1
 18041,101710,20181102,    0,    1
 18041,101710,20181103,   29,    0
 18041,101710,20181104,  121,    0
 18041,101710,20181105,    2,    0
 18041,101710,20181106,   37,    0
 18041,101710,20181107,    9,    1
 18041,101710,20181108,    0,    1
 18041,101710,20181109,    0,    1
 18041,101710,20181110,    2,    0
 18041,101710,20181111,    6,    1
 18041,101710,20181112,    0,    1
 18041,101710,20181113,    6,    0
 18041,101710,20181114,-9999,    9
 18041,101710,20181115,-9999,    9
 18041,101710,20181116,-9999,    9
 18041,101710,20181117,-9999,    9
 18041,101710,20181118,-9999,    9
 18041,101710,20181119,-9999,    9
 18041,101710,20181120,-9999,    9
 18041,101710,20181121,-9999,    9
 18041,101710,20181122,-9999,    9
 18041,101710,20181123,-9999,    9
 18041,101710,20181124,-9999,    9
 18041,101710,20181125,-9999,    9
 18041,101710,20181126,-9999,    9
 18041,101710,20181127,-9999,    9
 18041,101710,20181128,-9999,    9
 18041,101710,20181129,-9999,    9
 18041,101710,20181130,-9999,    9
 18041,101710,20181201,-9999,    9
 18041,101710,20181202,-9999,    9
 18041,101710,20181203,-9999,    9
 18041,101710,20181204,-9999,    9
 18041,101710,20181205,-9999,    9
 18041,101710,20181206,-9999,    9
 18041,101710,20181207,-9999,    9
 18041,101710,20181208,-9999,    9
 18041,101710,20181209,-9999,    9
 18041,101710,20181210,-9999,    9
 18041,101710,20181211,-9999,    9
 18041,101710,20181212,-9999,    9
 18041,101710,20181213,-9999,    9
 18041,101710,20181214,-9999,    9
 18041,101710,20181215,-9999,    9
 18041,101710,20181216,-9999,    9
 18041,101710,20181217,-9999,    9
 18041,101710,20181218,-9999,    9
 18041,101710,20181219,-9999,    9
 18041,101710,20181220,-9999,    9
 18041,101710,20181221,-9999,    9
 18041,101710,20181222,-9999,    9
 18041,101710,20181223,-9999,    9
 18041,101710,20181224,-9999,    9
 18041,101710,20181225,-9999,    9
 18041,101710,20181226,-9999,    9
 18041,101710,20181227,-9999,    9
 18041,101710,20181228,-9999,    9
 18041,101710,20181229,-9999,    9
 18041,101710,20181230,-9999,    9
 18041,101710,20181231,-9999,    9
 18041,101710,20190101,-9999,    9
 18041,101710,20190102,-9999,    9
 18041,101710,20190103,-9999,    9
 18041,101710,20190104,-9999,    9
 18041,101710,20190105,-9999,    9
 18041,101710,20190106,-9999,    9
 18041,101710,20190107,-9999,    9
 18041,101710,20190108,-9999,    9
 18041,101710,20190109,-9999,    9
 18041,101710,20190110,-9999,    9
 18041,101710,20190111,-9999,    9
 18041,101710,20190112,-9999,    9
 18041,101710,20190113,-9999,    9
 18041,101710,20190114,-9999,    9
 18041,101710,20190115,-9999,    9
 18041,101710,20190116,-9999,    9
 18041,101710,20190117,-9999,    9
 18041,101710,20190118,-9999,    9
 18041,101710,20190119,-9999,    9
 18041,101710,20190120,-9999,    9
 18041,101710,20190121,-9999,    9
 18041,101710,20190122,-9999,    9
 18041,101710,20190123,-9999,    9
 18041,101710,20190124,-9999,    9
 18041,101710,20190125,-9999,    9
 18041,101710,20190126,-9999,    9
 18041,101710,20190127,-9999,    9
 18041,101710,20190128,-9999,    9
 18041,101710,20190129,-9999,    9
 18041,101710,20190130,-9999,    9
 18041,101710,20190131,-9999,    9
 18041,101710,20190201,-9999,    9
 18041,101710,20190202,-9999,    9
 18041,101710,20190203,-9999,    9
 18041,101710,20190204,-9999,    9
 18041,101710,20190205,-9999,    9
 18041,101710,20190206,-9999,    9
 18041,101710,20190207,-9999,    9
 18041,101710,20190208,-9999,    9
 18041,101710,20190209,-9999,    9
 18041,101710,20190210,-9999,    9
 18041,101710,20190211,-9999,    9
 18041,101710,20190212,-9999,    9
 18041,101710,20190213,-9999,    9
 18041,101710,20190214,-9999,    9
 18041,101710,20190215,-9999,    9
 18041,101710,20190216,-9999,    9
 18041,101710,20190217,-9999,    9
 18041,101710,20190218,-9999,    9
 18041,101710,20190219,-9999,    9
 18041,101710,20190220,-9999,    9
 18041,101710,20190221,-9999,    9
 18041,101710,20190222,-9999,    9
 18041,101710,20190223,-9999,    9
 18041,101710,20190224,-9999,    9
 18041,101710,20190225,-9999,    9
 18041,101710,20190226,-9999,    9
 18041,101710,20190227,-9999,    9
 18041,101710,20190228,-9999,    9
 18041,101710,20190301,-9999,    9
 18041,101710,20190302,-9999,    9
 18041,101710,20190303,-9999,    9
 18041,101710,20190304,-9999,    9
 18041,101710,20190305,-9999,    9
 18041,101710,20190306,-9999,    9
 18041,101710,20190307,-9999,    9
 18041,101710,20190308,-9999,    9
 18041,101710,20190309,-9999,    9
 18041,101710,20190310,-9999,    9
 18041,101710,20190311,-9999,    9
 18041,101710,20190312,-9999,    9
 18041,101710,20190313,-9999,    9
 18041,101710,20190314,-9999,    9
 18041,101710,20190315,-9999,    9
 18041,101710,20190316,-9999,    9
 18041,101710,20190317,-9999,    9
 18041,101710,20190318,-9999,    9
 18041,101710,20190319,-9999,    9
 18041,101710,20190320,-9999,    9
 18041,101710,20190321,-9999,    9
 18041,101710,20190322,-9999,    9
 18041,101710,20190323,-9999,    9
 18041,101710,20190324,-9999,    9
 18041,101710,20190325,-9999,    9
 18041,101710,20190326,-9999,    9
 18041,101710,20190327,-9999,    9
 18041,101710,20190328,-9999,    9
 18041,101710,20190329,-9999,    9
 18041,101710,20190330,-9999,    9
 18041,101710,20190331,-9999,    9
 18041,101710,20190401,-9999,    9
 18041,101710,20190402,-9999,    9
 18041,101710,20190403,-9999,    9
 18041,101710,20190404,-9999,    9
 18041,101710,20190405,-9999,    9
 18041,101710,20190406,-9999,    9
 18041,101710,20190407,-9999,    9
 18041,101710,20190408,-9999,    9
 18041,101710,20190409,-9999,    9
 18041,101710,20190410,-9999,    9
 18041,101710,20190411,-9999,    9
 18041,101710,20190412,-9999,    9
 18041,101710,20190413,-9999,    9
 18041,101710,20190414,-9999,    9
 18041,101710,20190415,-9999,    9
 18041,101710,20190416,-9999,    9
 18041,101710,20190417,-9999,    9
 18041,101710,20190418,-9999,    9
 18041,101710,20190419,-9999,    9
 18041,101710,20190420,-9999,    9
 18041,101710,20190421,-9999,    9
 18041,101710,20190422,-9999,    9
 18041,101710,20190423,-9999,    9
 18041,101710,20190424,-9999,    9
 18041,101710,20190425,-9999,    9
 18041,101710,20190426,-9999,    9
 18041,101710,20190427,-9999,    9
 18041,101710,20190428,-9999,    9
 18041,101710,20190429,-9999,    9
 18041,101710,20190430,-9999,    9
 18041,101710,20190501,-9999,    9
 18041,101710,20190502,-9999,    9
 18041,101710,20190503,-9999,    9
 18041,101710,20190504,-9999,    9
 18041,101710,20190505,-9999,    9
 18041,101710,20190506,-9999,    9
 18041,101710,20190507,-9999,    9
 18041,101710,20190508,-9999,    9
 18041,101710,20190509,-9999,    9
 18041,101710,20190510,-9999,    9
 18041,101710,20190511,-9999,    9
 18041,101710,20190512,-9999,    9
 18041,101710,20190513,-9999,    9
 18041,101710,20190514,-9999,    9
 18041,101710,20190515,-9999,    9
 18041,101710,20190516,-9999,    9
 18041,101710,20190517,-9999,    9
 18041,101710,20190518,-9999,    9
 18041,101710,20190519,-9999,    9
 18041,101710,20190520,-9999,    9
 18041,101710,20190521,-9999,    9
 18041,101710,20190522,-9999,    9
 18041,101710,20190523,-9999,    9
 18041,101710,20190524,-9999,    9
 18041,101710,20190525,-9999,    9
 18041,101710,20190526,-9999,    9
 18041,101710,20190527,-9999,    9
 18041,101710,20190528,-9999,    9
 18041,101710,20190529,-9999,    9
 18041,101710,20190530,-9999,    9
 18041,101710,20190531,-9999,    9
 18041,101710,20190601,-9999,    9
 18041,101710,20190602,-9999,    9
 18041,101710,20190603,-9999,    9
 18041,101710,20190604,-9999,    9
 18041,101710,20190605,-9999,    9
 18041,101710,20190606,-9999,    9
 18041,101710,20190607,-9999,    9
 18041,101710,20190608,-9999,    9
 18041,101710,20190609,-9999,    9
 18041,101710,20190610,-9999,    9
 18041,101710,20190611,-9999,    9
 18041,101710,20190612,-9999,    9
 18041,101710,20190613,-9999,    9
 18041,101710,20190614,-9999,    9
 18041,101710,20190615,-9999,    9
 18041,101710,20190616,-9999,    9
 18041,101710,20190617,-9999,    9
 18041,101710,20190618,-9999,    9
 18041,101710,20190619,-9999,    9
 18041,101710,20190620,-9999,    9
 18041,101710,20190621,-9999,    9
 18041,101710,20190622,-9999,    9
 18041,101710,20190623,-9999,    9
 18041,101710,20190624,-9999,    9
 18041,101710,20190625,-9999,    9
 18041,101710,20190626,-9999,    9
 18041,101710,20190627,-9999,    9
 18041,101710,20190628,-9999,    9
 18041,101710,20190629,-9999,    9
 18041,101710,20190630,-9999,    9
 18041,101710,20190701,-9999,    9
 18041,101710,20190702,-9999,    9
 18041,101710,20190703,-9999,    9
 18041,101710,20190704,-9999,    9
 18041,101710,20190705,-9999,    9
 18041,101710,20190706,-9999,    9
 18041,101710,20190707,-9999,    9
 18041,101710,20190708,-9999,    9
 18041,101710,20190709,-9999,    9
 18041,101710,20190710,-9999,    9
 18041,101710,20190711,-9999,    9
 18041,101710,20190712,-9999,    9
 18041,101710,20190713,-9999,    9
 18041,101710,20190714,-9999,    9
 18041,101710,20190715,-9999,    9
 18041,101710,20190716,-9999,    9
 18041,101710,20190717,-9999,    9
 18041,101710,20190718,-9999,    9
 18041,101710,20190719,-9999,    9
 18041,101710,20190720,-9999,    9
 18041,101710,20190721,-9999,    9
 18041,101710,20190722,-9999,    9
 18041,101710,20190723,-9999,    9
 18041,101710,20190724,-9999,    9
 18041,101710,20190725,-9999,    9
 18041,101710,20190726,-9999,    9
 18041,101710,20190727,-9999,    9
 18041,101710,20190728,-9999,    9
 18041,101710,20190729,-9999,    9
 18041,101710,20190730,-9999,    9
 18041,101710,20190731,-9999,    9
 18041,101710,20190801,-9999,    9
 18041,101710,20190802,-9999,    9
 18041,101710,20190803,-9999,    9
 18041,101710,20190804,-9999,    9
 18041,101710,20190805,-9999,    9
 18041,101710,20190806,-9999,    9
 18041,101710,20190807,-9999,    9
 18041,101710,20190808,-9999,    9
 18041,101710,20190809,-9999,    9
 18041,101710,20190810,-9999,    9
 18041,101710,20190811,-9999,    9
 18041,101710,20190812,-9999,    9
 18041,101710,20190813,-9999,    9
 18041,101710,20190814,-9999,    9
 18041,101710,20190815,-9999,    9
 18041,101710,20190816,-9999,    9
 18041,101710,20190817,-9999,    9
 18041,101710,20190818,-9999,    9
 18041,101710,20190819,-9999,    9
 18041,101710,20190820,-9999,    9
 18041,101710,20190821,-9999,    9
 18041,101710,20190822,-9999,    9
 18041,101710,20190823,-9999,    9
 18041,101710,20190824,-9999,    9
 18041,101710,20190825,-9999,    9
 18041,101710,20190826,-9999,    9
 18041,101710,20190827,-9999,    9
 18041,101710,20190828,-9999,    9
 18041,101710,20190829,-9999,    9
 18041,101710,20190830,-9999,    9
 18041,101710,20190831,-9999,    9
 18041,101710,20190901,-9999,    9
 18041,101710,20190902,-9999,    9
 18041,101710,20190903,-9999,    9
 18041,101710,20190904,-9999,    9
 18041,101710,20190905,-9999,    9
 18041,101710,20190906,-9999,    9
 18041,101710,20190907,-9999,    9
 18041,101710,20190908,-9999,    9
 18041,101710,20190909,-9999,    9
 18041,101710,20190910,-9999,    9
 18041,101710,20190911,-9999,    9
 18041,101710,20190912,-9999,    9
 18041,101710,20190913,-9999,    9
 18041,101710,20190914,-9999,    9
 18041,101710,20190915,-9999,    9
 18041,101710,20190916,-9999,    9
 18041,101710,20190917,-9999,    9
 18041,101710,20190918,-9999,    9
 18041,101710,20190919,-9999,    9
 18041,101710,20190920,-9999,    9
 18041,101710,20190921,-9999,    9
 18041,101710,20190922,-9999,    9
 18041,101710,20190923,-9999,    9
 18041,101710,20190924,-9999,    9
 18041,101710,20190925,-9999,    9
 18041,101710,20190926,-9999,    9
 18041,101710,20190927,-9999,    9
 18041,101710,20190928,-9999,    9
 18041,101710,20190929,-9999,    9
 18041,101710,20190930,-9999,    9
 18041,101710,20191001,-9999,    9
 18041,101710,20191002,-9999,    9
 18041,101710,20191003,-9999,    9
 18041,101710,20191004,-9999,    9
 18041,101710,20191005,-9999,    9
 18041,101710,20191006,-9999,    9
 18041,101710,20191007,-9999,    9
 18041,101710,20191008,-9999,    9
 18041,101710,20191009,-9999,    9
 18041,101710,20191010,-9999,    9
 18041,101710,20191011,-9999,    9
 18041,101710,20191012,-9999,    9
 18041,101710,20191013,-9999,    9
 18041,101710,20191014,-9999,    9
 18041,101710,20191015,-9999,    9
 18041,101710,20191016,-9999,    9
 18041,101710,20191017,-9999,    9
 18041,101710,20191018,-9999,    9
 18041,101710,20191019,-9999,    9
 18041,101710,20191020,-9999,    9
 18041,101710,20191021,-9999,    9
 18041,101710,20191022,-9999,    9
 18041,101710,20191023,-9999,    9
 18041,101710,20191024,-9999,    9
 18041,101710,20191025,-9999,    9
 18041,101710,20191026,-9999,    9
 18041,101710,20191027,-9999,    9
 18041,101710,20191028,-9999,    9
 18041,101710,20191029,-9999,    9
 18041,101710,20191030,-9999,    9
 18041,101710,20191031,-9999,    9
 18041,101710,20191101,-9999,    9
 18041,101710,20191102,-9999,    9
 18041,101710,20191103,-9999,    9
 18041,101710,20191104,-9999,    9
 18041,101710,20191105,-9999,    9
 18041,101710,20191106,-9999,    9
 18041,101710,20191107,-9999,    9
 18041,101710,20191108,-9999,    9
 18041,101710,20191109,-9999,    9
 18041,101710,20191110,-9999,    9
 18041,101710,20191111,-9999,    9
 18041,101710,20191112,-9999,    9
 18041,101710,20191113,-9999,    9
 18041,101710,20191114,-9999,    9
 18041,101710,20191115,-9999,    9
 18041,101710,20191116,-9999,    9
 18041,101710,20191117,-9999,    9
 18041,101710,20191118,-9999,    9
 18041,101710,20191119,-9999,    9
 18041,101710,20191120,-9999,    9
 18041,101710,20191121,-9999,    9
 18041,101710,20191122,-9999,    9
 18041,101710,20191123,-9999,    9
 18041,101710,20191124,-9999,    9
 18041,101710,20191125,-9999,    9
 18041,101710,20191126,-9999,    9
 18041,101710,20191127,-9999,    9
 18041,101710,20191128,-9999,    9
 18041,101710,20191129,-9999,    9
 18041,101710,20191130,-9999,    9
 18041,101710,20191201,-9999,    9
 18041,101710,20191202,-9999,    9
 18041,101710,20191203,-9999,    9
 18041,101710,20191204,-9999,    9
 18041,101710,20191205,-9999,    9
 18041,101710,20191206,-9999,    9
 18041,101710,20191207,-9999,    9
 18041,101710,20191208,-9999,    9
 18041,101710,20191209,-9999,    9
 18041,101710,20191210,-9999,    9
 18041,101710,20191211,-9999,    9
 18041,101710,20191212,-9999,    9
 18041,101710,20191213,-9999,    9
 18041,101710,20191214,-9999,    9
 18041,101710,20191215,-9999,    9
 18041,101710,20191216,-9999,    9
 18041,101710,20191217,-9999,    9
 18041,101710,20191218,-9999,    9
 18041,101710,20191219,-9999,    9
 18041,101710,20191220,-9999,    9
 18041,101710,20191221,-9999,    9
 18041,101710,20191222,-9999,    9
 18041,101710,20191223,-9999,    9
 18041,101710,20191224,-9999,    9
 18041,101710,20191225,-9999,    9
 18041,101710,20191226,-9999,    9
 18041,101710,20191227,-9999,    9
 18041,101710,20191228,-9999,    9
 18041,101710,20191229,-9999,    9
 18041,101710,20191230,-9999,    9
 18041,101710,20191231,-9999,    9
 18041,101710,20200101,-9999,    9
 18041,101710,20200102,-9999,    9
 18041,101710,20200103,-9999,    9
 18041,101710,20200104,-9999,    9
 18041,101710,20200105,-9999,    9
 18041,101710,20200106,-9999,    9
 18041,101710,20200107,-9999,    9
 18041,101710,20200108,-9999,    9
 18041,101710,20200109,-9999,    9
 18041,101710,20200110,-9999,    9
 18041,101710,20200111,-9999,    9
 18041,101710,20200112,-9999,    9
 18041,101710,20200113,-9999,    9
 18041,101710,20200114,-9999,    9
 18041,101710,20200115,-9999,    9
 18041,101710,20200116,-9999,    9
 18041,101710,20200117,-9999,    9
 18041,101710,20200118,-9999,    9
 18041,101710,20200119,-9999,    9
 18041,101710,20200120,-9999,    9
 18041,101710,20200121,-9999,    9
 18041,101710,20200122,-9999,    9
 18041,101710,20200123,-9999,    9
 18041,101710,20200124,-9999,    9
 18041,101710,20200125,-9999,    9
 18041,101710,20200126,-9999,    9
 18041,101710,20200127,-9999,    9
 18041,101710,20200128,-9999,    9
 18041,101710,20200129,-9999,    9
 18041,101710,20200130,-9999,    9
 18041,101710,20200131,-9999,    9
 18041,101710,20200201,-9999,    9
 18041,101710,20200202,-9999,    9
 18041,101710,20200203,-9999,    9
 18041,101710,20200204,-9999,    9
 18041,101710,20200205,-9999,    9
 18041,101710,20200206,-9999,    9
 18041,101710,20200207,-9999,    9
 18041,101710,20200208,-9999,    9
 18041,101710,20200209,-9999,    9
 18041,101710,20200210,-9999,    9
 18041,101710,20200211,-9999,    9
 18041,101710,20200212,-9999,    9
 18041,101710,20200213,-9999,    9
 18041,101710,20200214,-9999,    9
 18041,101710,20200215,-9999,    9
 18041,101710,20200216,-9999,    9
 18041,101710,20200217,-9999,    9
 18041,101710,20200218,-9999,    9
 18041,101710,20200219,-9999,    9
 18041,101710,20200220,-9999,    9
 18041,101710,20200221,-9999,    9
 18041,101710,20200222,-9999,    9
 18041,101710,20200223,-9999,    9
 18041,101710,20200224,-9999,    9
 18041,101710,20200225,-9999,    9
 18041,101710,20200226,-9999,    9
 18041,101710,20200227,-9999,    9
 18041,101710,20200228,-9999,    9
 18041,101710,20200229,-9999,    9
 18041,101710,20200301,-9999,    9
 18041,101710,20200302,-9999,    9
 18041,101710,20200303,-9999,    9
 18041,101710,20200304,-9999,    9
 18041,101710,20200305,-9999,    9
 18041,101710,20200306,-9999,    9
 18041,101710,20200307,-9999,    9
 18041,101710,20200308,-9999,    9
 18041,101710,20200309,-9999,    9
 18041,101710,20200310,-9999,    9
 18041,101710,20200311,-9999,    9
 18041,101710,20200312,-9999,    9
 18041,101710,20200313,-9999,    9
 18041,101710,20200314,-9999,    9
 18041,101710,20200315,-9999,    9
 18041,101710,20200316,-9999,    9
 18041,101710,20200317,-9999,    9
 18041,101710,20200318,-9999,    9
 18041,101710,20200319,-9999,    9
 18041,101710,20200320,-9999,    9
 18041,101710,20200321,-9999,    9
 18041,101710,20200322,-9999,    9
 18041,101710,20200323,-9999,    9
 18041,101710,20200324,-9999,    9
 18041,101710,20200325,-9999,    9
 18041,101710,20200326,-9999,    9
 18041,101710,20200327,-9999,    9
 18041,101710,20200328,-9999,    9
 18041,101710,20200329,-9999,    9
 18041,101710,20200330,-9999,    9
 18041,101710,20200331,-9999,    9
 18041,101710,20200401,-9999,    9
 18041,101710,20200402,-9999,    9
 18041,101710,20200403,-9999,    9
 18041,101710,20200404,-9999,    9
 18041,101710,20200405,-9999,    9
 18041,101710,20200406,-9999,    9
 18041,101710,20200407,-9999,    9
 18041,101710,20200408,-9999,    9
 18041,101710,20200409,-9999,    9
 18041,101710,20200410,-9999,    9
 18041,101710,20200411,-9999,    9
 18041,101710,20200412,-9999,    9
 18041,101710,20200413,-9999,    9
 18041,101710,20200414,-9999,    9
 18041,101710,20200415,-9999,    9
 18041,101710,20200416,-9999,    9
 18041,101710,20200417,-9999,    9
 18041,101710,20200418,-9999,    9
 18041,101710,20200419,-9999,    9
 18041,101710,20200420,-9999,    9
 18041,101710,20200421,-9999,    9
 18041,101710,20200422,-9999,    9
 18041,101710,20200423,-9999,    9
 18041,101710,20200424,-9999,    9
 18041,101710,20200425,-9999,    9
 18041,101710,20200426,-9999,    9
 18041,101710,20200427,-9999,    9
 18041,101710,20200428,-9999,    9
 18041,101710,20200429,-9999,    9
 18041,101710,20200430,-9999,    9
 18041,101710,20200501,-9999,    9
 18041,101710,20200502,-9999,    9
 18041,101710,20200503,-9999,    9
 18041,101710,20200504,-9999,    9
 18041,101710,20200505,-9999,    9
 18041,101710,20200506,-9999,    9
 18041,101710,20200507,-9999,    9
 18041,101710,20200508,-9999,    9
 18041,101710,20200509,-9999,    9
 18041,101710,20200510,-9999,    9
 18041,101710,20200511,-9999,    9
 18041,101710,20200512,-9999,    9
 18041,101710,20200513,-9999,    9
 18041,101710,20200514,-9999,    9
 18041,101710,20200515,-9999,    9
 18041,101710,20200516,-9999,    9
 18041,101710,20200517,-9999,    9
 18041,101710,20200518,-9999,    9
 18041,101710,20200519,-9999,    9
 18041,101710,20200520,-9999,    9
 18041,101710,20200521,-9999,    9
 18041,101710,20200522,-9999,    9
 18041,101710,20200523,-9999,    9
 18041,101710,20200524,-9999,    9
 18041,101710,20200525,-9999,    9
 18041,101710,20200526,-9999,    9
 18041,101710,20200527,-9999,    9
 18041,101710,20200528,-9999,    9
 18041,101710,20200529,-9999,    9
 18041,101710,20200530,-9999,    9
 18041,101710,20200531,-9999,    9
 18041,101710,20200601,-9999,    9
 18041,101710,20200602,-9999,    9
 18041,101710,20200603,-9999,    9
 18041,101710,20200604,-9999,    9
 18041,101710,20200605,-9999,    9
 18041,101710,20200606,-9999,    9
 18041,101710,20200607,-9999,    9
 18041,101710,20200608,-9999,    9
 18041,101710,20200609,-9999,    9
 18041,101710,20200610,-9999,    9
 18041,101710,20200611,-9999,    9
 18041,101710,20200612,-9999,    9
 18041,101710,20200613,-9999,    9
 18041,101710,20200614,-9999,    9
 18041,101710,20200615,-9999,    9
 18041,101710,20200616,-9999,    9
 18041,101710,20200617,-9999,    9
 18041,101710,20200618,-9999,    9
 18041,101710,20200619,-9999,    9
 18041,101710,20200620,-9999,    9
 18041,101710,20200621,-9999,    9
 18041,101710,20200622,-9999,    9
 18041,101710,20200623,-9999,    9
 18041,101710,20200624,-9999,    9
 18041,101710,20200625,-9999,    9
 18041,101710,20200626,-9999,    9
 18041,101710,20200627,-9999,    9
 18041,101710,20200628,-9999,    9
 18041,101710,20200629,-9999,    9
 18041,101710,20200630,-9999,    9
 18041,101710,20200701,-9999,    9
 18041,101710,20200702,-9999,    9
 18041,101710,20200703,-9999,    9
 18041,101710,20200704,-9999,    9
 18041,101710,20200705,-9999,    9
 18041,101710,20200706,-9999,    9
 18041,101710,20200707,-9999,    9
 18041,101710,20200708,-9999,    9
 18041,101710,20200709,-9999,    9
 18041,101710,20200710,-9999,    9
 18041,101710,20200711,-9999,    9
 18041,101710,20200712,-9999,    9
 18041,101710,20200713,-9999,    9
 18041,101710,20200714,-9999,    9
 18041,101710,20200715,-9999,    9
 18041,101710,20200716,-9999,    9
 18041,101710,20200717,-9999,    9
 18041,101710,20200718,-9999,    9
 18041,101710,20200719,-9999,    9
 18041,101710,20200720,-9999,    9
 18041,101710,20200721,-9999,    9
 18041,101710,20200722,-9999,    9
 18041,101710,20200723,-9999,    9
 18041,101710,20200724,-9999,    9
 18041,101710,20200725,-9999,    9
 18041,101710,20200726,-9999,    9
 18041,101710,20200727,-9999,    9
 18041,101710,20200728,-9999,    9
 18041,101710,20200729,-9999,    9
 18041,101710,20200730,-9999,    9
 18041,101710,20200731,-9999,    9
 18041,101710,20200801,-9999,    9
 18041,101710,20200802,-9999,    9
 18041,101710,20200803,-9999,    9
 18041,101710,20200804,-9999,    9
 18041,101710,20200805,-9999,    9
 18041,101710,20200806,-9999,    9
 18041,101710,20200807,-9999,    9
 18041,101710,20200808,-9999,    9
 18041,101710,20200809,-9999,    9
 18041,101710,20200810,-9999,    9
 18041,101710,20200811,-9999,    9
 18041,101710,20200812,-9999,    9
 18041,101710,20200813,-9999,    9
 18041,101710,20200814,-9999,    9
 18041,101710,20200815,-9999,    9
 18041,101710,20200816,-9999,    9
 18041,101710,20200817,-9999,    9
 18041,101710,20200818,-9999,    9
 18041,101710,20200819,-9999,    9
 18041,101710,20200820,-9999,    9
 18041,101710,20200821,-9999,    9
 18041,101710,20200822,-9999,    9
 18041,101710,20200823,-9999,    9
 18041,101710,20200824,-9999,    9
 18041,101710,20200825,-9999,    9
 18041,101710,20200826,-9999,    9
 18041,101710,20200827,-9999,    9
 18041,101710,20200828,-9999,    9
 18041,101710,20200829,-9999,    9
 18041,101710,20200830,-9999,    9
 18041,101710,20200831,-9999,    9
 18041,101710,20200901,-9999,    9
 18041,101710,20200902,-9999,    9
 18041,101710,20200903,-9999,    9
 18041,101710,20200904,-9999,    9
 18041,101710,20200905,-9999,    9
 18041,101710,20200906,-9999,    9
 18041,101710,20200907,-9999,    9
 18041,101710,20200908,-9999,    9
 18041,101710,20200909,-9999,    9
 18041,101710,20200910,-9999,    9
 18041,101710,20200911,-9999,    9
 18041,101710,20200912,-9999,    9
 18041,101710,20200913,-9999,    9
 18041,101710,20200914,-9999,    9
 18041,101710,20200915,-9999,    9
 18041,101710,20200916,-9999,    9
 18041,101710,20200917,-9999,    9
 18041,101710,20200918,-9999,    9
 18041,101710,20200919,-9999,    9
 18041,101710,20200920,-9999,    9
 18041,101710,20200921,-9999,    9
 18041,101710,20200922,-9999,    9
 18041,101710,20200923,-9999,    9
 18041,101710,20200924,-9999,    9
 18041,101710,20200925,-9999,    9
 18041,101710,20200926,-9999,    9
 18041,101710,20200927,-9999,    9
 18041,101710,20200928,-9999,    9
 18041,101710,20200929,-9999,    9
 18041,101710,20200930,-9999,    9
 18041,101710,20201001,-9999,    9
 18041,101710,20201002,-9999,    9
 18041,101710,20201003,-9999,    9
 18041,101710,20201004,-9999,    9
 18041,101710,20201005,-9999,    9
 18041,101710,20201006,-9999,    9
 18041,101710,20201007,-9999,    9
 18041,101710,20201008,-9999,    9
 18041,101710,20201009,-9999,    9
 18041,101710,20201010,-9999,    9
 18041,101710,20201011,-9999,    9
 18041,101710,20201012,-9999,    9
 18041,101710,20201013,-9999,    9
 18041,101710,20201014,-9999,    9
 18041,101710,20201015,-9999,    9
 18041,101710,20201016,-9999,    9
 18041,101710,20201017,-9999,    9
 18041,101710,20201018,-9999,    9
 18041,101710,20201019,-9999,    9
 18041,101710,20201020,-9999,    9
 18041,101710,20201021,-9999,    9
 18041,101710,20201022,-9999,    9
 18041,101710,20201023,-9999,    9
 18041,101710,20201024,-9999,    9
 18041,101710,20201025,-9999,    9
 18041,101710,20201026,-9999,    9
 18041,101710,20201027,-9999,    9
 18041,101710,20201028,-9999,    9
 18041,101710,20201029,-9999,    9
 18041,101710,20201030,-9999,    9
 18041,101710,20201031,-9999,    9
 18041,101710,20201101,-9999,    9
 18041,101710,20201102,-9999,    9
 18041,101710,20201103,-9999,    9
 18041,101710,20201104,-9999,    9
 18041,101710,20201105,-9999,    9
 18041,101710,20201106,-9999,    9
 18041,101710,20201107,-9999,    9
 18041,101710,20201108,-9999,    9
 18041,101710,20201109,-9999,    9
 18041,101710,20201110,-9999,    9
 18041,101710,20201111,-9999,    9
 18041,101710,20201112,-9999,    9
 18041,101710,20201113,-9999,    9
 18041,101710,20201114,-9999,    9
 18041,101710,20201115,-9999,    9
 18041,101710,20201116,-9999,    9
 18041,101710,20201117,-9999,    9
 18041,101710,20201118,-9999,    9
 18041,101710,20201119,-9999,    9
 18041,101710,20201120,-9999,    9
 18041,101710,20201121,-9999,    9
 18041,101710,20201122,-9999,    9
 18041,101710,20201123,-9999,    9
 18041,101710,20201124,-9999,    9
 18041,101710,20201125,-9999,    9
 18041,101710,20201126,-9999,    9
 18041,101710,20201127,-9999,    9
 18041,101710,20201128,-9999,    9
 18041,101710,20201129,-9999,    9
 18041,101710,20201130,-9999,    9
 18041,101710,20201201,-9999,    9
 18041,101710,20201202,-9999,    9
 18041,101710,20201203,-9999,    9
 18041,101710,20201204,-9999,    9
 18041,101710,20201205,-9999,    9
 18041,101710,20201206,-9999,    9
 18041,101710,20201207,-9999,    9
 18041,101710,20201208,-9999,    9
 18041,101710,20201209,-9999,    9
 18041,101710,20201210,-9999,    9
 18041,101710,20201211,-9999,    9
 18041,101710,20201212,-9999,    9
 18041,101710,20201213,-9999,    9
 18041,101710,20201214,-9999,    9
 18041,101710,20201215,-9999,    9
 18041,101710,20201216,-9999,    9
 18041,101710,20201217,-9999,    9
 18041,101710,20201218,-9999,    9
 18041,101710,20201219,-9999,    9
 18041,101710,20201220,-9999,    9
 18041,101710,20201221,-9999,    9
 18041,101710,20201222,-9999,    9
 18041,101710,20201223,-9999,    9
 18041,101710,20201224,-9999,    9
 18041,101710,20201225,-9999,    9
 18041,101710,20201226,-9999,    9
 18041,101710,20201227,-9999,    9
 18041,101710,20201228,-9999,    9
 18041,101710,20201229,-9999,    9
 18041,101710,20201230,-9999,    9
 18041,101710,20201231,-9999,    9
 18041,101710,20210101,-9999,    9
 18041,101710,20210102,-9999,    9
 18041,101710,20210103,-9999,    9
 18041,101710,20210104,-9999,    9
 18041,101710,20210105,-9999,    9
 18041,101710,20210106,-9999,    9
 18041,101710,20210107,-9999,    9
 18041,101710,20210108,-9999,    9
 18041,101710,20210109,-9999,    9
 18041,101710,20210110,-9999,    9
 18041,101710,20210111,-9999,    9
 18041,101710,20210112,-9999,    9
 18041,101710,20210113,-9999,    9
 18041,101710,20210114,-9999,    9
 18041,101710,20210115,-9999,    9
 18041,101710,20210116,-9999,    9
 18041,101710,20210117,-9999,    9
 18041,101710,20210118,-9999,    9
 18041,101710,20210119,-9999,    9
 18041,101710,20210120,-9999,    9
 18041,101710,20210121,-9999,    9
 18041,101710,20210122,-9999,    9
 18041,101710,20210123,-9999,    9
 18041,101710,20210124,-9999,    9
 18041,101710,20210125,-9999,    9
 18041,101710,20210126,-9999,    9
 18041,101710,20210127,-9999,    9
 18041,101710,20210128,-9999,    9
 18041,101710,20210129,-9999,    9
 18041,101710,20210130,-9999,    9
 18041,101710,20210131,-9999,    9
 18041,101710,20210201,-9999,    9
 18041,101710,20210202,-9999,    9
 18041,101710,20210203,-9999,    9
 18041,101710,20210204,-9999,    9
 18041,101710,20210205,-9999,    9
 18041,101710,20210206,-9999,    9
 18041,101710,20210207,-9999,    9
 18041,101710,20210208,-9999,    9
 18041,101710,20210209,-9999,    9
 18041,101710,20210210,-9999,    9
 18041,101710,20210211,-9999,    9
 18041,101710,20210212,-9999,    9
 18041,101710,20210213,-9999,    9
 18041,101710,20210214,-9999,    9
 18041,101710,20210215,-9999,    9
 18041,101710,20210216,-9999,    9
 18041,101710,20210217,-9999,    9
 18041,101710,20210218,-9999,    9
 18041,101710,20210219,-9999,    9
 18041,101710,20210220,-9999,    9
 18041,101710,20210221,-9999,    9
 18041,101710,20210222,-9999,    9
 18041,101710,20210223,-9999,    9
 18041,101710,20210224,-9999,    9
 18041,101710,20210225,-9999,    9
 18041,101710,20210226,-9999,    9
 18041,101710,20210227,-9999,    9
 18041,101710,20210228,-9999,    9
 18041,101710,20210301,-9999,    9
 18041,101710,20210302,-9999,    9
 18041,101710,20210303,-9999,    9
 18041,101710,20210304,-9999,    9
 18041,101710,20210305,-9999,    9
 18041,101710,20210306,-9999,    9
 18041,101710,20210307,-9999,    9
 18041,101710,20210308,-9999,    9
 18041,101710,20210309,-9999,    9
 18041,101710,20210310,-9999,    9
 18041,101710,20210311,-9999,    9
 18041,101710,20210312,-9999,    9
 18041,101710,20210313,-9999,    9
 18041,101710,20210314,-9999,    9
 18041,101710,20210315,-9999,    9
 18041,101710,20210316,-9999,    9
 18041,101710,20210317,-9999,    9
 18041,101710,20210318,-9999,    9
 18041,101710,20210319,-9999,    9
 18041,101710,20210320,-9999,    9
 18041,101710,20210321,-9999,    9
 18041,101710,20210322,-9999,    9
 18041,101710,20210323,-9999,    9
 18041,101710,20210324,-9999,    9
 18041,101710,20210325,-9999,    9
 18041,101710,20210326,-9999,    9
 18041,101710,20210327,-9999,    9
 18041,101710,20210328,-9999,    9
 18041,101710,20210329,-9999,    9
 18041,101710,20210330,-9999,    9
 18041,101710,20210331,-9999,    9
 18041,101710,20210401,-9999,    9
 18041,101710,20210402,-9999,    9
 18041,101710,20210403,-9999,    9
 18041,101710,20210404,-9999,    9
 18041,101710,20210405,-9999,    9
 18041,101710,20210406,-9999,    9
 18041,101710,20210407,-9999,    9
 18041,101710,20210408,-9999,    9
 18041,101710,20210409,-9999,    9
 18041,101710,20210410,-9999,    9
 18041,101710,20210411,-9999,    9
 18041,101710,20210412,-9999,    9
 18041,101710,20210413,-9999,    9
 18041,101710,20210414,-9999,    9
 18041,101710,20210415,-9999,    9
 18041,101710,20210416,-9999,    9
 18041,101710,20210417,-9999,    9
 18041,101710,20210418,-9999,    9
 18041,101710,20210419,-9999,    9
 18041,101710,20210420,-9999,    9
 18041,101710,20210421,-9999,    9
 18041,101710,20210422,-9999,    9
 18041,101710,20210423,-9999,    9
 18041,101710,20210424,-9999,    9
 18041,101710,20210425,-9999,    9
 18041,101710,20210426,-9999,    9
 18041,101710,20210427,-9999,    9
 18041,101710,20210428,-9999,    9
 18041,101710,20210429,-9999,    9
 18041,101710,20210430,-9999,    9
 18041,101710,20210501,-9999,    9
 18041,101710,20210502,-9999,    9
 18041,101710,20210503,-9999,    9
 18041,101710,20210504,-9999,    9
 18041,101710,20210505,-9999,    9
 18041,101710,20210506,-9999,    9
 18041,101710,20210507,-9999,    9
 18041,101710,20210508,-9999,    9
 18041,101710,20210509,-9999,    9
 18041,101710,20210510,-9999,    9
 18041,101710,20210511,-9999,    9
 18041,101710,20210512,-9999,    9
 18041,101710,20210513,-9999,    9
 18041,101710,20210514,-9999,    9
 18041,101710,20210515,-9999,    9
 18041,101710,20210516,-9999,    9
 18041,101710,20210517,-9999,    9
 18041,101710,20210518,-9999,    9
 18041,101710,20210519,-9999,    9
 18041,101710,20210520,-9999,    9
 18041,101710,20210521,-9999,    9
 18041,101710,20210522,-9999,    9
 18041,101710,20210523,-9999,    9
 18041,101710,20210524,-9999,    9
 18041,101710,20210525,-9999,    9
 18041,101710,20210526,-9999,    9
 18041,101710,20210527,-9999,    9
 18041,101710,20210528,-9999,    9
 18041,101710,20210529,-9999,    9
 18041,101710,20210530,-9999,    9
 18041,101710,20210531,-9999,    9
 18041,101710,20210601,-9999,    9
 18041,101710,20210602,-9999,    9
 18041,101710,20210603,-9999,    9
 18041,101710,20210604,-9999,    9
 18041,101710,20210605,-9999,    9
 18041,101710,20210606,-9999,    9
 18041,101710,20210607,-9999,    9
 18041,101710,20210608,-9999,    9
 18041,101710,20210609,-9999,    9
 18041,101710,20210610,-9999,    9
 18041,101710,20210611,-9999,    9
 18041,101710,20210612,-9999,    9
 18041,101710,20210613,-9999,    9
 18041,101710,20210614,-9999,    9
 18041,101710,20210615,-9999,    9
 18041,101710,20210616,-9999,    9
 18041,101710,20210617,-9999,    9
 18041,101710,20210618,-9999,    9
 18041,101710,20210619,-9999,    9
 18041,101710,20210620,-9999,    9
 18041,101710,20210621,-9999,    9
 18041,101710,20210622,-9999,    9
 18041,101710,20210623,-9999,    9
 18041,101710,20210624,-9999,    9
 18041,101710,20210625,-9999,    9
 18041,101710,20210626,-9999,    9
 18041,101710,20210627,-9999,    9
 18041,101710,20210628,-9999,    9
 18041,101710,20210629,-9999,    9
 18041,101710,20210630,-9999,    9
 18041,101710,20210701,-9999,    9
 18041,101710,20210702,-9999,    9
 18041,101710,20210703,-9999,    9
 18041,101710,20210704,-9999,    9
 18041,101710,20210705,-9999,    9
 18041,101710,20210706,-9999,    9
 18041,101710,20210707,-9999,    9
 18041,101710,20210708,-9999,    9
 18041,101710,20210709,-9999,    9
 18041,101710,20210710,-9999,    9
 18041,101710,20210711,-9999,    9
 18041,101710,20210712,-9999,    9
 18041,101710,20210713,-9999,    9
 18041,101710,20210714,-9999,    9
 18041,101710,20210715,-9999,    9
 18041,101710,20210716,-9999,    9
 18041,101710,20210717,-9999,    9
 18041,101710,20210718,-9999,    9
 18041,101710,20210719,-9999,    9
 18041,101710,20210720,-9999,    9
 18041,101710,20210721,-9999,    9
 18041,101710,20210722,-9999,    9
 18041,101710,20210723,-9999,    9
 18041,101710,20210724,-9999,    9
 18041,101710,20210725,-9999,    9
 18041,101710,20210726,-9999,    9
 18041,101710,20210727,-9999,    9
 18041,101710,20210728,-9999,    9
 18041,101710,20210729,-9999,    9
 18041,101710,20210730,-9999,    9
 18041,101710,20210731,-9999,    9
 18041,101710,20210801,-9999,    9
 18041,101710,20210802,-9999,    9
 18041,101710,20210803,-9999,    9
 18041,101710,20210804,-9999,    9
 18041,101710,20210805,-9999,    9
 18041,101710,20210806,-9999,    9
 18041,101710,20210807,-9999,    9
 18041,101710,20210808,-9999,    9
 18041,101710,20210809,-9999,    9
 18041,101710,20210810,-9999,    9
 18041,101710,20210811,-9999,    9
 18041,101710,20210812,-9999,    9
 18041,101710,20210813,-9999,    9
 18041,101710,20210814,-9999,    9
 18041,101710,20210815,-9999,    9
 18041,101710,20210816,-9999,    9
 18041,101710,20210817,-9999,    9
 18041,101710,20210818,-9999,    9
 18041,101710,20210819,-9999,    9
 18041,101710,20210820,-9999,    9
 18041,101710,20210821,-9999,    9
 18041,101710,20210822,-9999,    9
 18041,101710,20210823,-9999,    9
 18041,101710,20210824,-9999,    9
 18041,101710,20210825,-9999,    9
 18041,101710,20210826,-9999,    9
 18041,101710,20210827,-9999,    9
 18041,101710,20210828,-9999,    9
 18041,101710,20210829,-9999,    9
 18041,101710,20210830,-9999,    9
 18041,101710,20210831,-9999,    9
 18041,101710,20210901,-9999,    9
 18041,101710,20210902,-9999,    9
 18041,101710,20210903,-9999,    9
 18041,101710,20210904,-9999,    9
 18041,101710,20210905,-9999,    9
 18041,101710,20210906,-9999,    9
 18041,101710,20210907,-9999,    9
 18041,101710,20210908,-9999,    9
 18041,101710,20210909,-9999,    9
 18041,101710,20210910,-9999,    9
 18041,101710,20210911,-9999,    9
 18041,101710,20210912,-9999,    9
 18041,101710,20210913,-9999,    9
 18041,101710,20210914,-9999,    9
 18041,101710,20210915,-9999,    9
 18041,101710,20210916,-9999,    9
 18041,101710,20210917,-9999,    9
 18041,101710,20210918,-9999,    9
 18041,101710,20210919,-9999,    9
 18041,101710,20210920,-9999,    9
 18041,101710,20210921,-9999,    9
 18041,101710,20210922,-9999,    9
 18041,101710,20210923,-9999,    9
 18041,101710,20210924,-9999,    9
 18041,101710,20210925,-9999,    9
 18041,101710,20210926,-9999,    9
 18041,101710,20210927,-9999,    9
 18041,101710,20210928,-9999,    9
 18041,101710,20210929,-9999,    9
 18041,101710,20210930,-9999,    9
 18041,101710,20211001,-9999,    9
 18041,101710,20211002,-9999,    9
 18041,101710,20211003,-9999,    9
 18041,101710,20211004,-9999,    9
 18041,101710,20211005,-9999,    9
 18041,101710,20211006,-9999,    9
 18041,101710,20211007,-9999,    9
 18041,101710,20211008,-9999,    9
 18041,101710,20211009,-9999,    9
 18041,101710,20211010,-9999,    9
 18041,101710,20211011,-9999,    9
 18041,101710,20211012,-9999,    9
 18041,101710,20211013,-9999,    9
 18041,101710,20211014,-9999,    9
 18041,101710,20211015,-9999,    9
 18041,101710,20211016,-9999,    9
 18041,101710,20211017,-9999,    9
 18041,101710,20211018,-9999,    9
 18041,101710,20211019,-9999,    9
 18041,101710,20211020,-9999,    9
 18041,101710,20211021,-9999,    9
 18041,101710,20211022,-9999,    9
 18041,101710,20211023,-9999,    9
 18041,101710,20211024,-9999,    9
 18041,101710,20211025,-9999,    9
 18041,101710,20211026,-9999,    9
 18041,101710,20211027,-9999,    9
 18041,101710,20211028,-9999,    9
 18041,101710,20211029,-9999,    9
 18041,101710,20211030,-9999,    9
 18041,101710,20211031,-9999,    9
 18041,101710,20211101,-9999,    9
 18041,101710,20211102,-9999,    9
 18041,101710,20211103,-9999,    9
 18041,101710,20211104,-9999,    9
 18041,101710,20211105,-9999,    9
 18041,101710,20211106,-9999,    9
 18041,101710,20211107,-9999,    9
 18041,101710,20211108,-9999,    9
 18041,101710,20211109,-9999,    9
 18041,101710,20211110,-9999,    9
 18041,101710,20211111,-9999,    9
 18041,101710,20211112,-9999,    9
 18041,101710,20211113,-9999,    9
 18041,101710,20211114,-9999,    9
 18041,101710,20211115,-9999,    9
 18041,101710,20211116,-9999,    9
 18041,101710,20211117,-9999,    9
 18041,101710,20211118,-9999,    9
 18041,101710,20211119,-9999,    9
 18041,101710,20211120,-9999,    9
 18041,101710,20211121,-9999,    9
 18041,101710,20211122,-9999,    9
 18041,101710,20211123,-9999,    9
 18041,101710,20211124,-9999,    9
 18041,101710,20211125,-9999,    9
 18041,101710,20211126,-9999,    9
 18041,101710,20211127,-9999,    9
 18041,101710,20211128,-9999,    9
 18041,101710,20211129,-9999,    9
 18041,101710,20211130,-9999,    9
 18041,101710,20211201,-9999,    9
 18041,101710,20211202,-9999,    9
 18041,101710,20211203,-9999,    9
 18041,101710,20211204,-9999,    9
 18041,101710,20211205,-9999,    9
 18041,101710,20211206,-9999,    9
 18041,101710,20211207,-9999,    9
 18041,101710,20211208,-9999,    9
 18041,101710,20211209,-9999,    9
 18041,101710,20211210,-9999,    9
 18041,101710,20211211,-9999,    9
 18041,101710,20211212,-9999,    9
 18041,101710,20211213,-9999,    9
 18041,101710,20211214,-9999,    9
 18041,101710,20211215,-9999,    9
 18041,101710,20211216,-9999,    9
 18041,101710,20211217,-9999,    9
 18041,101710,20211218,-9999,    9
 18041,101710,20211219,-9999,    9
 18041,101710,20211220,-9999,    9
 18041,101710,20211221,-9999,    9
 18041,101710,20211222,-9999,    9
 18041,101710,20211223,-9999,    9
 18041,101710,20211224,-9999,    9
 18041,101710,20211225,-9999,    9
 18041,101710,20211226,-9999,    9
 18041,101710,20211227,-9999,    9
 18041,101710,20211228,-9999,    9
 18041,101710,20211229,-9999,    9
 18041,101710,20211230,-9999,    9
 18041,101710,20211231,-9999,    9
 18041,101710,20220101,-9999,    9
 18041,101710,20220102,-9999,    9
 18041,101710,20220103,-9999,    9
 18041,101710,20220104,-9999,    9
 18041,101710,20220105,-9999,    9
 18041,101710,20220106,-9999,    9
 18041,101710,20220107,-9999,    9
 18041,101710,20220108,-9999,    9
 18041,101710,20220109,-9999,    9
 18041,101710,20220110,-9999,    9
 18041,101710,20220111,-9999,    9
 18041,101710,20220112,-9999,    9
 18041,101710,20220113,-9999,    9
 18041,101710,20220114,-9999,    9
 18041,101710,20220115,-9999,    9
 18041,101710,20220116,-9999,    9
 18041,101710,20220117,-9999,    9
 18041,101710,20220118,-9999,    9
 18041,101710,20220119,-9999,    9
 18041,101710,20220120,-9999,    9
 18041,101710,20220121,-9999,    9
 18041,101710,20220122,-9999,    9
 18041,101710,20220123,-9999,    9
 18041,101710,20220124,-9999,    9
 18041,101710,20220125,-9999,    9
 18041,101710,20220126,-9999,    9
 18041,101710,20220127,-9999,    9
 18041,101710,20220128,-9999,    9
 18041,101710,20220129,-9999,    9
 18041,101710,20220130,-9999,    9
 18041,101710,20220131,-9999,    9
 18041,101710,20220201,-9999,    9
 18041,101710,20220202,-9999,    9
 18041,101710,20220203,-9999,    9
 18041,101710,20220204,-9999,    9
 18041,101710,20220205,-9999,    9
 18041,101710,20220206,-9999,    9
 18041,101710,20220207,-9999,    9
 18041,101710,20220208,-9999,    9
 18041,101710,20220209,-9999,    9
 18041,101710,20220210,-9999,    9
 18041,101710,20220211,-9999,    9
 18041,101710,20220212,-9999,    9
 18041,101710,20220213,-9999,    9
 18041,101710,20220214,-9999,    9
 18041,101710,20220215,-9999,    9
 18041,101710,20220216,-9999,    9
 18041,101710,20220217,-9999,    9
 18041,101710,20220218,-9999,    9
 18041,101710,20220219,-9999,    9
 18041,101710,20220220,-9999,    9
 18041,101710,20220221,-9999,    9
 18041,101710,20220222,-9999,    9
 18041,101710,20220223,-9999,    9
 18041,101710,20220224,-9999,    9
 18041,101710,20220225,-9999,    9
 18041,101710,20220226,-9999,    9
 18041,101710,20220227,-9999,    9
 18041,101710,20220228,-9999,    9
 18041,101710,20220301,-9999,    9
 18041,101710,20220302,-9999,    9
 18041,101710,20220303,-9999,    9
 18041,101710,20220304,-9999,    9
 18041,101710,20220305,-9999,    9
 18041,101710,20220306,-9999,    9
 18041,101710,20220307,-9999,    9
 18041,101710,20220308,-9999,    9
 18041,101710,20220309,-9999,    9
 18041,101710,20220310,-9999,    9
 18041,101710,20220311,-9999,    9
 18041,101710,20220312,-9999,    9
 18041,101710,20220313,-9999,    9
 18041,101710,20220314,-9999,    9
 18041,101710,20220315,-9999,    9
 18041,101710,20220316,-9999,    9
 18041,101710,20220317,-9999,    9
 18041,101710,20220318,-9999,    9
 18041,101710,20220319,-9999,    9
 18041,101710,20220320,-9999,    9
 18041,101710,20220321,-9999,    9
 18041,101710,20220322,-9999,    9
 18041,101710,20220323,-9999,    9
 18041,101710,20220324,-9999,    9
 18041,101710,20220325,-9999,    9
 18041,101710,20220326,-9999,    9
 18041,101710,20220327,-9999,    9
 18041,101710,20220328,-9999,    9
 18041,101710,20220329,-9999,    9
 18041,101710,20220330,-9999,    9
 18041,101710,20220331,-9999,    9
 18041,101710,20220401,-9999,    9
 18041,101710,20220402,-9999,    9
 18041,101710,20220403,-9999,    9
 18041,101710,20220404,-9999,    9
 18041,101710,20220405,-9999,    9
 18041,101710,20220406,-9999,    9
 18041,101710,20220407,-9999,    9
 18041,101710,20220408,-9999,    9
 18041,101710,20220409,-9999,    9
 18041,101710,20220410,-9999,    9
 18041,101710,20220411,-9999,    9
 18041,101710,20220412,-9999,    9
 18041,101710,20220413,-9999,    9
 18041,101710,20220414,-9999,    9
 18041,101710,20220415,-9999,    9
 18041,101710,20220416,-9999,    9
 18041,101710,20220417,-9999,    9
 18041,101710,20220418,-9999,    9
 18041,101710,20220419,-9999,    9
 18041,101710,20220420,-9999,    9
 18041,101710,20220421,-9999,    9
 18041,101710,20220422,-9999,    9
 18041,101710,20220423,-9999,    9
 18041,101710,20220424,-9999,    9
 18041,101710,20220425,-9999,    9
 18041,101710,20220426,-9999,    9
 18041,101710,20220427,-9999,    9
 18041,101710,20220428,-9999,    9
 18041,101710,20220429,-9999,    9
 18041,101710,20220430,-9999,    9
 18041,101710,20220501,-9999,    9
 18041,101710,20220502,-9999,    9
 18041,101710,20220503,-9999,    9
 18041,101710,20220504,-9999,    9
 18041,101710,20220505,-9999,    9
 18041,101710,20220506,-9999,    9
 18041,101710,20220507,-9999,    9
 18041,101710,20220508,-9999,    9
 18041,101710,20220509,-9999,    9
 18041,101710,20220510,-9999,    9
 18041,101710,20220511,-9999,    9
 18041,101710,20220512,-9999,    9
 18041,101710,20220513,-9999,    9
 18041,101710,20220514,-9999,    9
 18041,101710,20220515,-9999,    9
 18041,101710,20220516,-9999,    9
 18041,101710,20220517,-9999,    9
 18041,101710,20220518,-9999,    9
 18041,101710,20220519,-9999,    9
 18041,101710,20220520,-9999,    9
 18041,101710,20220521,-9999,    9
 18041,101710,20220522,-9999,    9
 18041,101710,20220523,-9999,    9
 18041,101710,20220524,-9999,    9
 18041,101710,20220525,-9999,    9
 18041,101710,20220526,-9999,    9
 18041,101710,20220527,-9999,    9
 18041,101710,20220528,-9999,    9
 18041,101710,20220529,-9999,    9
 18041,101710,20220530,-9999,    9
 18041,101710,20220531,-9999,    9
 18041,101710,20220601,-9999,    9
 18041,101710,20220602,-9999,    9
 18041,101710,20220603,-9999,    9
 18041,101710,20220604,-9999,    9
 18041,101710,20220605,-9999,    9
 18041,101710,20220606,-9999,    9
 18041,101710,20220607,-9999,    9
 18041,101710,20220608,-9999,    9
 18041,101710,20220609,-9999,    9
 18041,101710,20220610,-9999,    9
 18041,101710,20220611,-9999,    9
 18041,101710,20220612,-9999,    9
 18041,101710,20220613,-9999,    9
 18041,101710,20220614,-9999,    9
 18041,101710,20220615,-9999,    9
 18041,101710,20220616,-9999,    9
 18041,101710,20220617,-9999,    9
 18041,101710,20220618,-9999,    9
 18041,101710,20220619,-9999,    9
 18041,101710,20220620,-9999,    9
 18041,101710,20220621,-9999,    9
 18041,101710,20220622,-9999,    9
 18041,101710,20220623,-9999,    9
 18041,101710,20220624,-9999,    9
 18041,101710,20220625,-9999,    9
 18041,101710,20220626,-9999,    9
 18041,101710,20220627,-9999,    9
 18041,101710,20220628,-9999,    9
 18041,101710,20220629,-9999,    9
 18041,101710,20220630,-9999,    9
 18041,101710,20220701,-9999,    9
 18041,101710,20220702,-9999,    9
 18041,101710,20220703,-9999,    9
 18041,101710,20220704,-9999,    9
 18041,101710,20220705,-9999,    9
 18041,101710,20220706,-9999,    9
 18041,101710,20220707,-9999,    9
 18041,101710,20220708,-9999,    9
 18041,101710,20220709,-9999,    9
 18041,101710,20220710,-9999,    9
 18041,101710,20220711,-9999,    9
 18041,101710,20220712,-9999,    9
 18041,101710,20220713,-9999,    9
 18041,101710,20220714,-9999,    9
 18041,101710,20220715,-9999,    9
 18041,101710,20220716,-9999,    9
 18041,101710,20220717,-9999,    9
 18041,101710,20220718,-9999,    9
 18041,101710,20220719,-9999,    9
 18041,101710,20220720,-9999,    9
 18041,101710,20220721,-9999,    9
 18041,101710,20220722,-9999,    9
 18041,101710,20220723,-9999,    9
 18041,101710,20220724,-9999,    9
 18041,101710,20220725,-9999,    9
 18041,101710,20220726,-9999,    9
 18041,101710,20220727,-9999,    9
 18041,101710,20220728,-9999,    9
 18041,101710,20220729,-9999,    9
 18041,101710,20220730,-9999,    9
 18041,101710,20220731,-9999,    9
 18041,101710,20220801,-9999,    9
 18041,101710,20220802,-9999,    9
 18041,101710,20220803,-9999,    9
 18041,101710,20220804,-9999,    9
 18041,101710,20220805,-9999,    9
 18041,101710,20220806,-9999,    9
 18041,101710,20220807,-9999,    9
 18041,101710,20220808,-9999,    9
 18041,101710,20220809,-9999,    9
 18041,101710,20220810,-9999,    9
 18041,101710,20220811,-9999,    9
 18041,101710,20220812,-9999,    9
 18041,101710,20220813,-9999,    9
 18041,101710,20220814,-9999,    9
 18041,101710,20220815,-9999,    9
 18041,101710,20220816,-9999,    9
 18041,101710,20220817,-9999,    9
 18041,101710,20220818,-9999,    9
 18041,101710,20220819,-9999,    9
 18041,101710,20220820,-9999,    9
 18041,101710,20220821,-9999,    9
 18041,101710,20220822,-9999,    9
 18041,101710,20220823,-9999,    9
 18041,101710,20220824,-9999,    9
 18041,101710,20220825,-9999,    9
 18041,101710,20220826,-9999,    9
 18041,101710,20220827,-9999,    9
 18041,101710,20220828,-9999,    9
 18041,101710,20220829,-9999,    9
 18041,101710,20220830,-9999,    9
 18041,101710,20220831,-9999,    9
 18041,101710,20220901,-9999,    9
 18041,101710,20220902,-9999,    9
 18041,101710,20220903,-9999,    9
 18041,101710,20220904,-9999,    9
 18041,101710,20220905,-9999,    9
 18041,101710,20220906,-9999,    9
 18041,101710,20220907,-9999,    9
 18041,101710,20220908,-9999,    9
 18041,101710,20220909,-9999,    9
 18041,101710,20220910,-9999,    9
 18041,101710,20220911,-9999,    9
 18041,101710,20220912,-9999,    9
 18041,101710,20220913,-9999,    9
 18041,101710,20220914,-9999,    9
 18041,101710,20220915,-9999,    9
 18041,101710,20220916,-9999,    9
 18041,101710,20220917,-9999,    9
 18041,101710,20220918,-9999,    9
 18041,101710,20220919,-9999,    9
 18041,101710,20220920,-9999,    9
 18041,101710,20220921,-9999,    9
 18041,101710,20220922,-9999,    9
 18041,101710,20220923,-9999,    9
 18041,101710,20220924,-9999,    9
 18041,101710,20220925,-9999,    9
 18041,101710,20220926,-9999,    9
 18041,101710,20220927,-9999,    9
 18041,101710,20220928,-9999,    9
 18041,101710,20220929,-9999,    9
 18041,101710,20220930,-9999,    9
 18041,101710,20221001,-9999,    9
 18041,101710,20221002,-9999,    9
 18041,101710,20221003,-9999,    9
 18041,101710,20221004,-9999,    9
 18041,101710,20221005,-9999,    9
 18041,101710,20221006,-9999,    9
 18041,101710,20221007,-9999,    9
 18041,101710,20221008,-9999,    9
 18041,101710,20221009,-9999,    9
 18041,101710,20221010,-9999,    9
 18041,101710,20221011,-9999,    9
 18041,101710,20221012,-9999,    9
 18041,101710,20221013,-9999,    9
 18041,101710,20221014,-9999,    9
 18041,101710,20221015,-9999,    9
 18041,101710,20221016,-9999,    9
 18041,101710,20221017,-9999,    9
 18041,101710,20221018,-9999,    9
 18041,101710,20221019,-9999,    9
 18041,101710,20221020,-9999,    9
 18041,101710,20221021,-9999,    9
 18041,101710,20221022,-9999,    9
 18041,101710,20221023,-9999,    9
 18041,101710,20221024,-9999,    9
 18041,101710,20221025,-9999,    9
 18041,101710,20221026,-9999,    9
 18041,101710,20221027,-9999,    9
 18041,101710,20221028,-9999,    9
 18041,101710,20221029,-9999,    9
 18041,101710,20221030,-9999,    9
 18041,101710,20221031,-9999,    9
