EUROPEAN CLIMATE ASSESSMENT & DATASET (ECA&D), file created on: 16-11-2022
THESE DATA CAN BE USED FOR NON-COMMERCIAL RESEARCH AND EDUCATION PROVIDED THAT THE FOLLOWING SOURCE IS ACKNOWLEDGED: 

Klein Tank, A.M.G. and Coauthors, 2002. Daily dataset of 20th-century surface
air temperature and precipitation series for the European Climate Assessment.
Int. J. of Climatol., 22, 1441-1453.
Data and metadata available at http://www.ecad.eu

FILE FORMAT (MISSING VALUE CODE = -9999):

01-06 STAID: Station identifier
08-13 SOUID: Source identifier
15-22 DATE : Date YYYYMMDD
24-28 RR   : Precipitation amount in 0.1 mm
30-34 Q_RR : quality code for RR (0='valid'; 1='suspect'; 9='missing')

This is the blended series of station HANSBU, NORWAY (STAID: 18270)
Blended and updated with sources:102153 
See files sources.txt and stations.txt for more info.

STAID, SOUID,    DATE,   RR, Q_RR
 18270,102153,20150331,-9999,    9
 18270,102153,20150401,-9999,    9
 18270,102153,20150402,-9999,    9
 18270,102153,20150403,-9999,    9
 18270,102153,20150404,-9999,    9
 18270,102153,20150405,-9999,    9
 18270,102153,20150406,-9999,    9
 18270,102153,20150407,-9999,    9
 18270,102153,20150408,-9999,    9
 18270,102153,20150409,-9999,    9
 18270,102153,20150410,-9999,    9
 18270,102153,20150411,-9999,    9
 18270,102153,20150412,-9999,    9
 18270,102153,20150413,-9999,    9
 18270,102153,20150414,-9999,    9
 18270,102153,20150415,    2,    0
 18270,102153,20150416,-9999,    9
 18270,102153,20150417,-9999,    9
 18270,102153,20150418,-9999,    9
 18270,102153,20150419,-9999,    9
 18270,102153,20150420,-9999,    9
 18270,102153,20150421,-9999,    9
 18270,102153,20150422,-9999,    9
 18270,102153,20150423,-9999,    9
 18270,102153,20150424,-9999,    9
 18270,102153,20150425,-9999,    9
 18270,102153,20150426,-9999,    9
 18270,102153,20150427,-9999,    9
 18270,102153,20150428,-9999,    9
 18270,102153,20150429,-9999,    9
 18270,102153,20150430,-9999,    9
 18270,102153,20150501,-9999,    9
 18270,102153,20150502,-9999,    9
 18270,102153,20150503,-9999,    9
 18270,102153,20150504,-9999,    9
 18270,102153,20150505,-9999,    9
 18270,102153,20150506,-9999,    9
 18270,102153,20150507,-9999,    9
 18270,102153,20150508,-9999,    9
 18270,102153,20150509,-9999,    9
 18270,102153,20150510,-9999,    9
 18270,102153,20150511,-9999,    9
 18270,102153,20150512,-9999,    9
 18270,102153,20150513,-9999,    9
 18270,102153,20150514,-9999,    9
 18270,102153,20150515,    1,    0
 18270,102153,20150516,-9999,    9
 18270,102153,20150517,-9999,    9
 18270,102153,20150518,-9999,    9
 18270,102153,20150519,-9999,    9
 18270,102153,20150520,-9999,    9
 18270,102153,20150521,-9999,    9
 18270,102153,20150522,-9999,    9
 18270,102153,20150523,-9999,    9
 18270,102153,20150524,-9999,    9
 18270,102153,20150525,-9999,    9
 18270,102153,20150526,-9999,    9
 18270,102153,20150527,-9999,    9
 18270,102153,20150528,-9999,    9
 18270,102153,20150529,-9999,    9
 18270,102153,20150530,-9999,    9
 18270,102153,20150531,-9999,    9
 18270,102153,20150601,-9999,    9
 18270,102153,20150602,-9999,    9
 18270,102153,20150603,-9999,    9
 18270,102153,20150604,-9999,    9
 18270,102153,20150605,-9999,    9
 18270,102153,20150606,-9999,    9
 18270,102153,20150607,-9999,    9
 18270,102153,20150608,-9999,    9
 18270,102153,20150609,-9999,    9
 18270,102153,20150610,-9999,    9
 18270,102153,20150611,-9999,    9
 18270,102153,20150612,-9999,    9
 18270,102153,20150613,-9999,    9
 18270,102153,20150614,-9999,    9
 18270,102153,20150615,    0,    0
 18270,102153,20150616,-9999,    9
 18270,102153,20150617,-9999,    9
 18270,102153,20150618,-9999,    9
 18270,102153,20150619,-9999,    9
 18270,102153,20150620,-9999,    9
 18270,102153,20150621,-9999,    9
 18270,102153,20150622,-9999,    9
 18270,102153,20150623,-9999,    9
 18270,102153,20150624,-9999,    9
 18270,102153,20150625,-9999,    9
 18270,102153,20150626,-9999,    9
 18270,102153,20150627,-9999,    9
 18270,102153,20150628,-9999,    9
 18270,102153,20150629,-9999,    9
 18270,102153,20150630,-9999,    9
 18270,102153,20150701,-9999,    9
 18270,102153,20150702,-9999,    9
 18270,102153,20150703,-9999,    9
 18270,102153,20150704,-9999,    9
 18270,102153,20150705,-9999,    9
 18270,102153,20150706,-9999,    9
 18270,102153,20150707,-9999,    9
 18270,102153,20150708,-9999,    9
 18270,102153,20150709,-9999,    9
 18270,102153,20150710,-9999,    9
 18270,102153,20150711,-9999,    9
 18270,102153,20150712,-9999,    9
 18270,102153,20150713,-9999,    9
 18270,102153,20150714,-9999,    9
 18270,102153,20150715,-9999,    9
 18270,102153,20150716,-9999,    9
 18270,102153,20150717,-9999,    9
 18270,102153,20150718,-9999,    9
 18270,102153,20150719,-9999,    9
 18270,102153,20150720,-9999,    9
 18270,102153,20150721,-9999,    9
 18270,102153,20150722,-9999,    9
 18270,102153,20150723,-9999,    9
 18270,102153,20150724,-9999,    9
 18270,102153,20150725,-9999,    9
 18270,102153,20150726,-9999,    9
 18270,102153,20150727,-9999,    9
 18270,102153,20150728,-9999,    9
 18270,102153,20150729,-9999,    9
 18270,102153,20150730,-9999,    9
 18270,102153,20150731,-9999,    9
 18270,102153,20150801,-9999,    9
 18270,102153,20150802,-9999,    9
 18270,102153,20150803,-9999,    9
 18270,102153,20150804,-9999,    9
 18270,102153,20150805,-9999,    9
 18270,102153,20150806,-9999,    9
 18270,102153,20150807,-9999,    9
 18270,102153,20150808,-9999,    9
 18270,102153,20150809,-9999,    9
 18270,102153,20150810,-9999,    9
 18270,102153,20150811,-9999,    9
 18270,102153,20150812,-9999,    9
 18270,102153,20150813,-9999,    9
 18270,102153,20150814,-9999,    9
 18270,102153,20150815,-9999,    9
 18270,102153,20150816,-9999,    9
 18270,102153,20150817,-9999,    9
 18270,102153,20150818,-9999,    9
 18270,102153,20150819,-9999,    9
 18270,102153,20150820,-9999,    9
 18270,102153,20150821,-9999,    9
 18270,102153,20150822,-9999,    9
 18270,102153,20150823,-9999,    9
 18270,102153,20150824,-9999,    9
 18270,102153,20150825,-9999,    9
 18270,102153,20150826,-9999,    9
 18270,102153,20150827,-9999,    9
 18270,102153,20150828,-9999,    9
 18270,102153,20150829,-9999,    9
 18270,102153,20150830,-9999,    9
 18270,102153,20150831,-9999,    9
 18270,102153,20150901,-9999,    9
 18270,102153,20150902,-9999,    9
 18270,102153,20150903,-9999,    9
 18270,102153,20150904,-9999,    9
 18270,102153,20150905,-9999,    9
 18270,102153,20150906,-9999,    9
 18270,102153,20150907,-9999,    9
 18270,102153,20150908,-9999,    9
 18270,102153,20150909,-9999,    9
 18270,102153,20150910,-9999,    9
 18270,102153,20150911,-9999,    9
 18270,102153,20150912,-9999,    9
 18270,102153,20150913,-9999,    9
 18270,102153,20150914,-9999,    9
 18270,102153,20150915,-9999,    9
 18270,102153,20150916,-9999,    9
 18270,102153,20150917,-9999,    9
 18270,102153,20150918,-9999,    9
 18270,102153,20150919,-9999,    9
 18270,102153,20150920,-9999,    9
 18270,102153,20150921,-9999,    9
 18270,102153,20150922,-9999,    9
 18270,102153,20150923,-9999,    9
 18270,102153,20150924,-9999,    9
 18270,102153,20150925,-9999,    9
 18270,102153,20150926,-9999,    9
 18270,102153,20150927,-9999,    9
 18270,102153,20150928,-9999,    9
 18270,102153,20150929,-9999,    9
 18270,102153,20150930,-9999,    9
 18270,102153,20151001,-9999,    9
 18270,102153,20151002,-9999,    9
 18270,102153,20151003,-9999,    9
 18270,102153,20151004,    1,    0
 18270,102153,20151005,-9999,    9
 18270,102153,20151006,-9999,    9
 18270,102153,20151007,-9999,    9
 18270,102153,20151008,-9999,    9
 18270,102153,20151009,-9999,    9
 18270,102153,20151010,-9999,    9
 18270,102153,20151011,-9999,    9
 18270,102153,20151012,-9999,    9
 18270,102153,20151013,-9999,    9
 18270,102153,20151014,-9999,    9
 18270,102153,20151015,-9999,    9
 18270,102153,20151016,-9999,    9
 18270,102153,20151017,-9999,    9
 18270,102153,20151018,-9999,    9
 18270,102153,20151019,-9999,    9
 18270,102153,20151020,-9999,    9
 18270,102153,20151021,-9999,    9
 18270,102153,20151022,-9999,    9
 18270,102153,20151023,-9999,    9
 18270,102153,20151024,-9999,    9
 18270,102153,20151025,-9999,    9
 18270,102153,20151026,-9999,    9
 18270,102153,20151027,-9999,    9
 18270,102153,20151028,-9999,    9
 18270,102153,20151029,-9999,    9
 18270,102153,20151030,-9999,    9
 18270,102153,20151031,    6,    0
 18270,102153,20151101,    0,    0
 18270,102153,20151102,    0,    0
 18270,102153,20151103,-9999,    9
 18270,102153,20151104,    2,    0
 18270,102153,20151105,   13,    0
 18270,102153,20151106,-9999,    9
 18270,102153,20151107,-9999,    9
 18270,102153,20151108,-9999,    9
 18270,102153,20151109,-9999,    9
 18270,102153,20151110,   28,    0
 18270,102153,20151111,   47,    0
 18270,102153,20151112,   33,    0
 18270,102153,20151113,   41,    0
 18270,102153,20151114,   49,    0
 18270,102153,20151115,   39,    0
 18270,102153,20151116,   57,    0
 18270,102153,20151117,   18,    0
 18270,102153,20151118,    6,    0
 18270,102153,20151119,    2,    0
 18270,102153,20151120,    1,    0
 18270,102153,20151121,    4,    0
 18270,102153,20151122,    2,    0
 18270,102153,20151123,    6,    0
 18270,102153,20151124,    0,    0
 18270,102153,20151125,    0,    0
 18270,102153,20151126,   38,    0
 18270,102153,20151127,   28,    0
 18270,102153,20151128,   66,    0
 18270,102153,20151129,-9999,    9
 18270,102153,20151130,   40,    0
 18270,102153,20151201,   35,    0
 18270,102153,20151202,   28,    0
 18270,102153,20151203,  155,    0
 18270,102153,20151204,  161,    0
 18270,102153,20151205,  237,    0
 18270,102153,20151206,   11,    0
 18270,102153,20151207,    6,    0
 18270,102153,20151208,   41,    0
 18270,102153,20151209,   50,    0
 18270,102153,20151210,   15,    0
 18270,102153,20151211,    3,    0
 18270,102153,20151212,    3,    0
 18270,102153,20151213,    0,    0
 18270,102153,20151214,    5,    0
 18270,102153,20151215,    0,    0
 18270,102153,20151216,    9,    0
 18270,102153,20151217,   22,    0
 18270,102153,20151218,   28,    0
 18270,102153,20151219,  170,    0
 18270,102153,20151220,   89,    0
 18270,102153,20151221,   14,    0
 18270,102153,20151222,   45,    0
 18270,102153,20151223,   84,    0
 18270,102153,20151224,   28,    0
 18270,102153,20151225,    9,    0
 18270,102153,20151226,    9,    0
 18270,102153,20151227,    5,    0
 18270,102153,20151228,    3,    0
 18270,102153,20151229,    8,    0
 18270,102153,20151230,    7,    0
 18270,102153,20151231,    4,    0
 18270,102153,20160101,    7,    0
 18270,102153,20160102,    3,    0
 18270,102153,20160103,    5,    0
 18270,102153,20160104,    7,    0
 18270,102153,20160105,    1,    0
 18270,102153,20160106,    7,    0
 18270,102153,20160107,    0,    0
 18270,102153,20160108,    0,    0
 18270,102153,20160109,    9,    0
 18270,102153,20160110,   16,    0
 18270,102153,20160111,    2,    0
 18270,102153,20160112,   18,    0
 18270,102153,20160113,   42,    0
 18270,102153,20160114,    6,    0
 18270,102153,20160115,    5,    0
 18270,102153,20160116,    3,    0
 18270,102153,20160117,    0,    0
 18270,102153,20160118,    4,    0
 18270,102153,20160119,    1,    0
 18270,102153,20160120,    2,    0
 18270,102153,20160121,    1,    0
 18270,102153,20160122,    5,    0
 18270,102153,20160123,    6,    0
 18270,102153,20160124,    6,    0
 18270,102153,20160125,   26,    0
 18270,102153,20160126,   44,    0
 18270,102153,20160127,   30,    0
 18270,102153,20160128,    4,    0
 18270,102153,20160129,   59,    0
 18270,102153,20160130,   44,    0
 18270,102153,20160131,   20,    0
 18270,102153,20160201,  109,    0
 18270,102153,20160202,   23,    0
 18270,102153,20160203,    0,    0
 18270,102153,20160204,    2,    0
 18270,102153,20160205,   45,    0
 18270,102153,20160206,   69,    0
 18270,102153,20160207,   13,    0
 18270,102153,20160208,   27,    0
 18270,102153,20160209,    6,    0
 18270,102153,20160210,   13,    0
 18270,102153,20160211,    0,    0
 18270,102153,20160212,    0,    0
 18270,102153,20160213,   11,    0
 18270,102153,20160214,    3,    0
 18270,102153,20160215,    0,    0
 18270,102153,20160216,  125,    0
 18270,102153,20160217,   20,    0
 18270,102153,20160218,    0,    0
 18270,102153,20160219,   32,    0
 18270,102153,20160220,   49,    0
 18270,102153,20160221,   42,    0
 18270,102153,20160222,    0,    0
 18270,102153,20160223,    2,    0
 18270,102153,20160224,   14,    0
 18270,102153,20160225,    0,    0
 18270,102153,20160226,    0,    0
 18270,102153,20160227,    0,    0
 18270,102153,20160228,    2,    0
 18270,102153,20160229,    3,    0
 18270,102153,20160301,   17,    0
 18270,102153,20160302,   18,    0
 18270,102153,20160303,    5,    0
 18270,102153,20160304,    6,    0
 18270,102153,20160305,    2,    0
 18270,102153,20160306,    5,    0
 18270,102153,20160307,    2,    0
 18270,102153,20160308,    5,    0
 18270,102153,20160309,    7,    0
 18270,102153,20160310,    0,    0
 18270,102153,20160311,    8,    0
 18270,102153,20160312,    0,    0
 18270,102153,20160313,    0,    0
 18270,102153,20160314,    2,    0
 18270,102153,20160315,    2,    0
 18270,102153,20160316,    0,    0
 18270,102153,20160317,    0,    0
 18270,102153,20160318,    0,    0
 18270,102153,20160319,    1,    0
 18270,102153,20160320,    0,    0
 18270,102153,20160321,    0,    0
 18270,102153,20160322,    2,    0
 18270,102153,20160323,    0,    0
 18270,102153,20160324,    8,    0
 18270,102153,20160325,    2,    0
 18270,102153,20160326,   14,    0
 18270,102153,20160327,   11,    0
 18270,102153,20160328,    8,    0
 18270,102153,20160329,   11,    0
 18270,102153,20160330,    2,    0
 18270,102153,20160331,-9999,    9
 18270,102153,20160401,-9999,    9
 18270,102153,20160402,-9999,    9
 18270,102153,20160403,-9999,    9
 18270,102153,20160404,-9999,    9
 18270,102153,20160405,-9999,    9
 18270,102153,20160406,-9999,    9
 18270,102153,20160407,-9999,    9
 18270,102153,20160408,-9999,    9
 18270,102153,20160409,-9999,    9
 18270,102153,20160410,-9999,    9
 18270,102153,20160411,-9999,    9
 18270,102153,20160412,-9999,    9
 18270,102153,20160413,-9999,    9
 18270,102153,20160414,-9999,    9
 18270,102153,20160415,-9999,    9
 18270,102153,20160416,-9999,    9
 18270,102153,20160417,-9999,    9
 18270,102153,20160418,-9999,    9
 18270,102153,20160419,-9999,    9
 18270,102153,20160420,-9999,    9
 18270,102153,20160421,-9999,    9
 18270,102153,20160422,-9999,    9
 18270,102153,20160423,-9999,    9
 18270,102153,20160424,-9999,    9
 18270,102153,20160425,-9999,    9
 18270,102153,20160426,-9999,    9
 18270,102153,20160427,-9999,    9
 18270,102153,20160428,-9999,    9
 18270,102153,20160429,-9999,    9
 18270,102153,20160430,-9999,    9
 18270,102153,20160501,-9999,    9
 18270,102153,20160502,-9999,    9
 18270,102153,20160503,-9999,    9
 18270,102153,20160504,-9999,    9
 18270,102153,20160505,-9999,    9
 18270,102153,20160506,-9999,    9
 18270,102153,20160507,-9999,    9
 18270,102153,20160508,-9999,    9
 18270,102153,20160509,-9999,    9
 18270,102153,20160510,-9999,    9
 18270,102153,20160511,-9999,    9
 18270,102153,20160512,-9999,    9
 18270,102153,20160513,-9999,    9
 18270,102153,20160514,-9999,    9
 18270,102153,20160515,-9999,    9
 18270,102153,20160516,-9999,    9
 18270,102153,20160517,-9999,    9
 18270,102153,20160518,-9999,    9
 18270,102153,20160519,-9999,    9
 18270,102153,20160520,-9999,    9
 18270,102153,20160521,-9999,    9
 18270,102153,20160522,-9999,    9
 18270,102153,20160523,-9999,    9
 18270,102153,20160524,-9999,    9
 18270,102153,20160525,-9999,    9
 18270,102153,20160526,-9999,    9
 18270,102153,20160527,-9999,    9
 18270,102153,20160528,-9999,    9
 18270,102153,20160529,-9999,    9
 18270,102153,20160530,-9999,    9
 18270,102153,20160531,-9999,    9
 18270,102153,20160601,-9999,    9
 18270,102153,20160602,-9999,    9
 18270,102153,20160603,-9999,    9
 18270,102153,20160604,-9999,    9
 18270,102153,20160605,-9999,    9
 18270,102153,20160606,-9999,    9
 18270,102153,20160607,-9999,    9
 18270,102153,20160608,-9999,    9
 18270,102153,20160609,-9999,    9
 18270,102153,20160610,-9999,    9
 18270,102153,20160611,-9999,    9
 18270,102153,20160612,-9999,    9
 18270,102153,20160613,-9999,    9
 18270,102153,20160614,-9999,    9
 18270,102153,20160615,-9999,    9
 18270,102153,20160616,-9999,    9
 18270,102153,20160617,-9999,    9
 18270,102153,20160618,-9999,    9
 18270,102153,20160619,-9999,    9
 18270,102153,20160620,-9999,    9
 18270,102153,20160621,-9999,    9
 18270,102153,20160622,-9999,    9
 18270,102153,20160623,-9999,    9
 18270,102153,20160624,-9999,    9
 18270,102153,20160625,-9999,    9
 18270,102153,20160626,-9999,    9
 18270,102153,20160627,-9999,    9
 18270,102153,20160628,-9999,    9
 18270,102153,20160629,-9999,    9
 18270,102153,20160630,-9999,    9
 18270,102153,20160701,-9999,    9
 18270,102153,20160702,-9999,    9
 18270,102153,20160703,-9999,    9
 18270,102153,20160704,-9999,    9
 18270,102153,20160705,-9999,    9
 18270,102153,20160706,-9999,    9
 18270,102153,20160707,-9999,    9
 18270,102153,20160708,-9999,    9
 18270,102153,20160709,-9999,    9
 18270,102153,20160710,-9999,    9
 18270,102153,20160711,-9999,    9
 18270,102153,20160712,-9999,    9
 18270,102153,20160713,-9999,    9
 18270,102153,20160714,-9999,    9
 18270,102153,20160715,-9999,    9
 18270,102153,20160716,-9999,    9
 18270,102153,20160717,-9999,    9
 18270,102153,20160718,-9999,    9
 18270,102153,20160719,-9999,    9
 18270,102153,20160720,-9999,    9
 18270,102153,20160721,-9999,    9
 18270,102153,20160722,-9999,    9
 18270,102153,20160723,-9999,    9
 18270,102153,20160724,-9999,    9
 18270,102153,20160725,-9999,    9
 18270,102153,20160726,-9999,    9
 18270,102153,20160727,-9999,    9
 18270,102153,20160728,-9999,    9
 18270,102153,20160729,-9999,    9
 18270,102153,20160730,-9999,    9
 18270,102153,20160731,-9999,    9
 18270,102153,20160801,-9999,    9
 18270,102153,20160802,-9999,    9
 18270,102153,20160803,-9999,    9
 18270,102153,20160804,-9999,    9
 18270,102153,20160805,-9999,    9
 18270,102153,20160806,-9999,    9
 18270,102153,20160807,-9999,    9
 18270,102153,20160808,-9999,    9
 18270,102153,20160809,-9999,    9
 18270,102153,20160810,-9999,    9
 18270,102153,20160811,-9999,    9
 18270,102153,20160812,-9999,    9
 18270,102153,20160813,-9999,    9
 18270,102153,20160814,-9999,    9
 18270,102153,20160815,-9999,    9
 18270,102153,20160816,-9999,    9
 18270,102153,20160817,-9999,    9
 18270,102153,20160818,-9999,    9
 18270,102153,20160819,-9999,    9
 18270,102153,20160820,-9999,    9
 18270,102153,20160821,-9999,    9
 18270,102153,20160822,-9999,    9
 18270,102153,20160823,-9999,    9
 18270,102153,20160824,-9999,    9
 18270,102153,20160825,-9999,    9
 18270,102153,20160826,-9999,    9
 18270,102153,20160827,-9999,    9
 18270,102153,20160828,-9999,    9
 18270,102153,20160829,-9999,    9
 18270,102153,20160830,-9999,    9
 18270,102153,20160831,   18,    0
 18270,102153,20160901,    3,    0
 18270,102153,20160902,    5,    0
 18270,102153,20160903,    0,    0
 18270,102153,20160904,    0,    0
 18270,102153,20160905,    0,    0
 18270,102153,20160906,    3,    0
 18270,102153,20160907,    0,    0
 18270,102153,20160908,    1,    0
 18270,102153,20160909,    5,    0
 18270,102153,20160910,  222,    0
 18270,102153,20160911,   28,    0
 18270,102153,20160912,    0,    0
 18270,102153,20160913,    1,    0
 18270,102153,20160914,    3,    0
 18270,102153,20160915,    0,    0
 18270,102153,20160916,   40,    0
 18270,102153,20160917,    0,    0
 18270,102153,20160918,    0,    0
 18270,102153,20160919,    0,    0
 18270,102153,20160920,    0,    0
 18270,102153,20160921,   25,    0
 18270,102153,20160922,   23,    0
 18270,102153,20160923,   12,    0
 18270,102153,20160924,    0,    0
 18270,102153,20160925,   20,    0
 18270,102153,20160926,    1,    0
 18270,102153,20160927,  277,    0
 18270,102153,20160928,   69,    0
 18270,102153,20160929,  231,    0
 18270,102153,20160930,   70,    0
 18270,102153,20161001,    2,    0
 18270,102153,20161002,    1,    0
 18270,102153,20161003,    0,    0
 18270,102153,20161004,    1,    0
 18270,102153,20161005,    1,    0
 18270,102153,20161006,    0,    0
 18270,102153,20161007,    0,    0
 18270,102153,20161008,    1,    0
 18270,102153,20161009,    0,    0
 18270,102153,20161010,    1,    0
 18270,102153,20161011,    1,    0
 18270,102153,20161012,    0,    0
 18270,102153,20161013,    0,    0
 18270,102153,20161014,    0,    0
 18270,102153,20161015,    0,    0
 18270,102153,20161016,    1,    0
 18270,102153,20161017,   24,    0
 18270,102153,20161018,   12,    0
 18270,102153,20161019,    1,    0
 18270,102153,20161020,    7,    0
 18270,102153,20161021,    0,    0
 18270,102153,20161022,    0,    0
 18270,102153,20161023,    0,    0
 18270,102153,20161024,    0,    0
 18270,102153,20161025,    0,    0
 18270,102153,20161026,   11,    0
 18270,102153,20161027,   53,    0
 18270,102153,20161028,   23,    0
 18270,102153,20161029,    0,    0
 18270,102153,20161030,    2,    0
 18270,102153,20161031,   18,    0
 18270,102153,20161101,    7,    0
 18270,102153,20161102,    3,    0
 18270,102153,20161103,    1,    0
 18270,102153,20161104,  131,    0
 18270,102153,20161105,    5,    0
 18270,102153,20161106,    3,    0
 18270,102153,20161107,    1,    0
 18270,102153,20161108,    0,    0
 18270,102153,20161109,    1,    0
 18270,102153,20161110,    1,    0
 18270,102153,20161111,    1,    0
 18270,102153,20161112,   15,    0
 18270,102153,20161113,    9,    0
 18270,102153,20161114,   26,    0
 18270,102153,20161115,   10,    0
 18270,102153,20161116,   32,    0
 18270,102153,20161117,   41,    0
 18270,102153,20161118,   31,    0
 18270,102153,20161119,    3,    0
 18270,102153,20161120,   11,    0
 18270,102153,20161121,   38,    0
 18270,102153,20161122,   46,    0
 18270,102153,20161123,    6,    0
 18270,102153,20161124,    5,    0
 18270,102153,20161125,    0,    0
 18270,102153,20161126,    3,    0
 18270,102153,20161127,    4,    0
 18270,102153,20161128,    0,    0
 18270,102153,20161129,   11,    0
 18270,102153,20161130,    1,    0
 18270,102153,20161201,    1,    0
 18270,102153,20161202,    0,    0
 18270,102153,20161203,    5,    0
 18270,102153,20161204,    0,    0
 18270,102153,20161205,    3,    0
 18270,102153,20161206,    0,    0
 18270,102153,20161207,   63,    0
 18270,102153,20161208,   24,    0
 18270,102153,20161209,   41,    0
 18270,102153,20161210,   15,    0
 18270,102153,20161211,    5,    0
 18270,102153,20161212,    0,    0
 18270,102153,20161213,    4,    0
 18270,102153,20161214,    0,    0
 18270,102153,20161215,   10,    0
 18270,102153,20161216,    1,    0
 18270,102153,20161217,    4,    0
 18270,102153,20161218,    6,    0
 18270,102153,20161219,    0,    0
 18270,102153,20161220,    2,    0
 18270,102153,20161221,   16,    0
 18270,102153,20161222,   22,    0
 18270,102153,20161223,   20,    0
 18270,102153,20161224,   15,    0
 18270,102153,20161225,   23,    0
 18270,102153,20161226,   32,    0
 18270,102153,20161227,    2,    0
 18270,102153,20161228,    3,    0
 18270,102153,20161229,    3,    0
 18270,102153,20161230,   77,    0
 18270,102153,20161231,   14,    0
 18270,102153,20170101,    1,    0
 18270,102153,20170102,    5,    0
 18270,102153,20170103,    7,    0
 18270,102153,20170104,    1,    0
 18270,102153,20170105,    0,    0
 18270,102153,20170106,   26,    0
 18270,102153,20170107,    1,    0
 18270,102153,20170108,    9,    0
 18270,102153,20170109,    8,    0
 18270,102153,20170110,   11,    0
 18270,102153,20170111,    9,    0
 18270,102153,20170112,   17,    0
 18270,102153,20170113,    2,    0
 18270,102153,20170114,    0,    0
 18270,102153,20170115,    5,    0
 18270,102153,20170116,   16,    0
 18270,102153,20170117,   10,    0
 18270,102153,20170118,    0,    0
 18270,102153,20170119,    0,    0
 18270,102153,20170120,    4,    0
 18270,102153,20170121,    0,    0
 18270,102153,20170122,    0,    0
 18270,102153,20170123,    1,    0
 18270,102153,20170124,    3,    0
 18270,102153,20170125,    0,    0
 18270,102153,20170126,    1,    0
 18270,102153,20170127,    1,    0
 18270,102153,20170128,   15,    0
 18270,102153,20170129,   44,    0
 18270,102153,20170130,    6,    0
 18270,102153,20170131,    4,    0
 18270,102153,20170201,   16,    0
 18270,102153,20170202,   13,    0
 18270,102153,20170203,   18,    0
 18270,102153,20170204,    8,    0
 18270,102153,20170205,    4,    0
 18270,102153,20170206,    1,    0
 18270,102153,20170207,    2,    0
 18270,102153,20170208,    0,    0
 18270,102153,20170209,    0,    0
 18270,102153,20170210,   10,    0
 18270,102153,20170211,    0,    0
 18270,102153,20170212,    0,    0
 18270,102153,20170213,    0,    0
 18270,102153,20170214,    0,    0
 18270,102153,20170215,    9,    0
 18270,102153,20170216,    5,    0
 18270,102153,20170217,    0,    0
 18270,102153,20170218,    5,    0
 18270,102153,20170219,    0,    0
 18270,102153,20170220,    0,    0
 18270,102153,20170221,   15,    0
 18270,102153,20170222,   37,    0
 18270,102153,20170223,    5,    0
 18270,102153,20170224,    2,    0
 18270,102153,20170225,   29,    0
 18270,102153,20170226,    1,    0
 18270,102153,20170227,    3,    0
 18270,102153,20170228,    0,    0
 18270,102153,20170301,    0,    0
 18270,102153,20170302,    4,    0
 18270,102153,20170303,    4,    0
 18270,102153,20170304,    2,    0
 18270,102153,20170305,    8,    0
 18270,102153,20170306,    3,    0
 18270,102153,20170307,    5,    0
 18270,102153,20170308,   39,    0
 18270,102153,20170309,   17,    0
 18270,102153,20170310,    0,    0
 18270,102153,20170311,    2,    0
 18270,102153,20170312,    2,    0
 18270,102153,20170313,    0,    0
 18270,102153,20170314,-9999,    9
 18270,102153,20170315,-9999,    9
 18270,102153,20170316,-9999,    9
 18270,102153,20170317,-9999,    9
 18270,102153,20170318,-9999,    9
 18270,102153,20170319,-9999,    9
 18270,102153,20170320,-9999,    9
 18270,102153,20170321,    1,    0
 18270,102153,20170322,-9999,    9
 18270,102153,20170323,-9999,    9
 18270,102153,20170324,-9999,    9
 18270,102153,20170325,-9999,    9
 18270,102153,20170326,-9999,    9
 18270,102153,20170327,-9999,    9
 18270,102153,20170328,    1,    0
 18270,102153,20170329,    0,    0
 18270,102153,20170330,   47,    0
 18270,102153,20170331,  111,    0
 18270,102153,20170401,    6,    0
 18270,102153,20170402,    4,    0
 18270,102153,20170403,    1,    0
 18270,102153,20170404,   10,    0
 18270,102153,20170405,    1,    0
 18270,102153,20170406,   12,    0
 18270,102153,20170407,    0,    0
 18270,102153,20170408,    0,    0
 18270,102153,20170409,    2,    0
 18270,102153,20170410,    2,    0
 18270,102153,20170411,   44,    0
 18270,102153,20170412,   16,    0
 18270,102153,20170413,    0,    0
 18270,102153,20170414,    8,    0
 18270,102153,20170415,    6,    0
 18270,102153,20170416,   28,    0
 18270,102153,20170417,    0,    0
 18270,102153,20170418,    0,    0
 18270,102153,20170419,    0,    0
 18270,102153,20170420,    0,    0
 18270,102153,20170421,    7,    0
 18270,102153,20170422,    4,    0
 18270,102153,20170423,   36,    0
 18270,102153,20170424,    4,    0
 18270,102153,20170425,    0,    0
 18270,102153,20170426,    8,    0
 18270,102153,20170427,    0,    0
 18270,102153,20170428,    0,    0
 18270,102153,20170429,    1,    0
 18270,102153,20170430,    0,    0
 18270,102153,20170501,    0,    0
 18270,102153,20170502,    0,    0
 18270,102153,20170503,    0,    0
 18270,102153,20170504,    0,    0
 18270,102153,20170505,    0,    0
 18270,102153,20170506,    0,    0
 18270,102153,20170507,    0,    0
 18270,102153,20170508,    0,    0
 18270,102153,20170509,    9,    0
 18270,102153,20170510,   15,    0
 18270,102153,20170511,    0,    0
 18270,102153,20170512,    0,    0
 18270,102153,20170513,   32,    0
 18270,102153,20170514,   36,    0
 18270,102153,20170515,    6,    0
 18270,102153,20170516,  108,    0
 18270,102153,20170517,  113,    0
 18270,102153,20170518,  143,    0
 18270,102153,20170519,    0,    0
 18270,102153,20170520,   24,    0
 18270,102153,20170521,   12,    0
 18270,102153,20170522,    1,    0
 18270,102153,20170523,    3,    0
 18270,102153,20170524,    0,    0
 18270,102153,20170525,    0,    0
 18270,102153,20170526,    2,    0
 18270,102153,20170527,    0,    0
 18270,102153,20170528,    0,    0
 18270,102153,20170529,    0,    0
 18270,102153,20170530,    0,    0
 18270,102153,20170531,    2,    0
 18270,102153,20170601,   11,    0
 18270,102153,20170602,   47,    0
 18270,102153,20170603,   19,    0
 18270,102153,20170604,   85,    0
 18270,102153,20170605,   37,    0
 18270,102153,20170606,   67,    0
 18270,102153,20170607,   79,    0
 18270,102153,20170608,    1,    0
 18270,102153,20170609,  151,    0
 18270,102153,20170610,   35,    0
 18270,102153,20170611,   16,    0
 18270,102153,20170612,   27,    0
 18270,102153,20170613,    0,    0
 18270,102153,20170614,    0,    0
 18270,102153,20170615,   42,    0
 18270,102153,20170616,    1,    0
 18270,102153,20170617,    0,    0
 18270,102153,20170618,    5,    0
 18270,102153,20170619,   53,    0
 18270,102153,20170620,    3,    0
 18270,102153,20170621,    0,    0
 18270,102153,20170622,    0,    0
 18270,102153,20170623,   91,    0
 18270,102153,20170624,   19,    0
 18270,102153,20170625,   47,    0
 18270,102153,20170626,    5,    0
 18270,102153,20170627,    0,    0
 18270,102153,20170628,    0,    0
 18270,102153,20170629,   11,    0
 18270,102153,20170630,    0,    0
 18270,102153,20170701,    0,    0
 18270,102153,20170702,   14,    0
 18270,102153,20170703,    0,    0
 18270,102153,20170704,    1,    0
 18270,102153,20170705,-9999,    9
 18270,102153,20170706,-9999,    9
 18270,102153,20170707,   17,    0
 18270,102153,20170708,    1,    0
 18270,102153,20170709,    4,    0
 18270,102153,20170710,   19,    0
 18270,102153,20170711,   72,    0
 18270,102153,20170712,    8,    0
 18270,102153,20170713,    1,    0
 18270,102153,20170714,    0,    0
 18270,102153,20170715,   14,    0
 18270,102153,20170716,   16,    0
 18270,102153,20170717,    0,    0
 18270,102153,20170718,-9999,    9
 18270,102153,20170719,-9999,    9
 18270,102153,20170720,-9999,    9
 18270,102153,20170721,-9999,    9
 18270,102153,20170722,-9999,    9
 18270,102153,20170723,-9999,    9
 18270,102153,20170724,-9999,    9
 18270,102153,20170725,-9999,    9
 18270,102153,20170726,-9999,    9
 18270,102153,20170727,-9999,    9
 18270,102153,20170728,-9999,    9
 18270,102153,20170729,-9999,    9
 18270,102153,20170730,-9999,    9
 18270,102153,20170731,   32,    0
 18270,102153,20170801,   51,    0
 18270,102153,20170802,   13,    0
 18270,102153,20170803,  177,    0
 18270,102153,20170804,   45,    0
 18270,102153,20170805,    8,    0
 18270,102153,20170806,    5,    0
 18270,102153,20170807,   32,    0
 18270,102153,20170808,    5,    0
 18270,102153,20170809,  181,    0
 18270,102153,20170810,    1,    0
 18270,102153,20170811,    7,    0
 18270,102153,20170812,    2,    0
 18270,102153,20170813,    0,    0
 18270,102153,20170814,    0,    0
 18270,102153,20170815,   96,    0
 18270,102153,20170816,    1,    0
 18270,102153,20170817,   84,    0
 18270,102153,20170818,   12,    0
 18270,102153,20170819,    4,    0
 18270,102153,20170820,    0,    0
 18270,102153,20170821,    0,    0
 18270,102153,20170822,    1,    0
 18270,102153,20170823,    0,    0
 18270,102153,20170824,   48,    0
 18270,102153,20170825,    1,    0
 18270,102153,20170826,    0,    0
 18270,102153,20170827,    0,    0
 18270,102153,20170828,   24,    0
 18270,102153,20170829,    3,    0
 18270,102153,20170830,    1,    0
 18270,102153,20170831,    0,    0
 18270,102153,20170901,    1,    0
 18270,102153,20170902,    0,    0
 18270,102153,20170903,   20,    0
 18270,102153,20170904,    0,    0
 18270,102153,20170905,  154,    0
 18270,102153,20170906,  113,    0
 18270,102153,20170907,   23,    0
 18270,102153,20170908,   67,    0
 18270,102153,20170909,    7,    0
 18270,102153,20170910,   35,    0
 18270,102153,20170911,  197,    0
 18270,102153,20170912,   43,    0
 18270,102153,20170913,   44,    0
 18270,102153,20170914,    0,    0
 18270,102153,20170915,    0,    0
 18270,102153,20170916,    0,    0
 18270,102153,20170917,    0,    0
 18270,102153,20170918,    0,    0
 18270,102153,20170919,   60,    0
 18270,102153,20170920,   41,    0
 18270,102153,20170921,   95,    0
 18270,102153,20170922,   21,    0
 18270,102153,20170923,    0,    0
 18270,102153,20170924,    0,    0
 18270,102153,20170925,    0,    0
 18270,102153,20170926,    8,    0
 18270,102153,20170927,    6,    0
 18270,102153,20170928,    1,    0
 18270,102153,20170929,   41,    0
 18270,102153,20170930,   84,    0
 18270,102153,20171001,  175,    0
 18270,102153,20171002,   98,    0
 18270,102153,20171003,  143,    0
 18270,102153,20171004,   69,    0
 18270,102153,20171005,    0,    0
 18270,102153,20171006,    0,    0
 18270,102153,20171007,    1,    0
 18270,102153,20171008,    1,    0
 18270,102153,20171009,    0,    0
 18270,102153,20171010,   10,    0
 18270,102153,20171011,  101,    0
 18270,102153,20171012,    0,    0
 18270,102153,20171013,   41,    0
 18270,102153,20171014,    7,    0
 18270,102153,20171015,   11,    0
 18270,102153,20171016,    7,    0
 18270,102153,20171017,   57,    0
 18270,102153,20171018,    0,    0
 18270,102153,20171019,    2,    0
 18270,102153,20171020,   27,    0
 18270,102153,20171021,    6,    0
 18270,102153,20171022,    2,    0
 18270,102153,20171023,   19,    0
 18270,102153,20171024,  175,    0
 18270,102153,20171025,   29,    0
 18270,102153,20171026,    9,    0
 18270,102153,20171027,    6,    0
 18270,102153,20171028,   13,    0
 18270,102153,20171029,    1,    0
 18270,102153,20171030,    1,    0
 18270,102153,20171031,    2,    0
 18270,102153,20171101,   35,    0
 18270,102153,20171102,    0,    0
 18270,102153,20171103,    1,    0
 18270,102153,20171104,   56,    0
 18270,102153,20171105,    9,    0
 18270,102153,20171106,   10,    0
 18270,102153,20171107,    0,    0
 18270,102153,20171108,-9999,    9
 18270,102153,20171109,-9999,    9
 18270,102153,20171110,-9999,    9
 18270,102153,20171111,-9999,    9
 18270,102153,20171112,    1,    0
 18270,102153,20171113,   24,    0
 18270,102153,20171114,    9,    0
 18270,102153,20171115,-9999,    9
 18270,102153,20171116,-9999,    9
 18270,102153,20171117,-9999,    9
 18270,102153,20171118,-9999,    9
 18270,102153,20171119,-9999,    9
 18270,102153,20171120,-9999,    9
 18270,102153,20171121,-9999,    9
 18270,102153,20171122,-9999,    9
 18270,102153,20171123,-9999,    9
 18270,102153,20171124,-9999,    9
 18270,102153,20171125,-9999,    9
 18270,102153,20171126,-9999,    9
 18270,102153,20171127,-9999,    9
 18270,102153,20171128,-9999,    9
 18270,102153,20171129,-9999,    9
 18270,102153,20171130,-9999,    9
 18270,102153,20171201,-9999,    9
 18270,102153,20171202,   17,    0
 18270,102153,20171203,    5,    0
 18270,102153,20171204,-9999,    9
 18270,102153,20171205,-9999,    9
 18270,102153,20171206,-9999,    9
 18270,102153,20171207,-9999,    9
 18270,102153,20171208,-9999,    9
 18270,102153,20171209,    1,    0
 18270,102153,20171210,    1,    0
 18270,102153,20171211,-9999,    9
 18270,102153,20171212,    0,    0
 18270,102153,20171213,-9999,    9
 18270,102153,20171214,-9999,    9
 18270,102153,20171215,-9999,    9
 18270,102153,20171216,-9999,    9
 18270,102153,20171217,-9999,    9
 18270,102153,20171218,-9999,    9
 18270,102153,20171219,-9999,    9
 18270,102153,20171220,-9999,    9
 18270,102153,20171221,-9999,    9
 18270,102153,20171222,-9999,    9
 18270,102153,20171223,-9999,    9
 18270,102153,20171224,-9999,    9
 18270,102153,20171225,-9999,    9
 18270,102153,20171226,-9999,    9
 18270,102153,20171227,-9999,    9
 18270,102153,20171228,-9999,    9
 18270,102153,20171229,-9999,    9
 18270,102153,20171230,-9999,    9
 18270,102153,20171231,-9999,    9
 18270,102153,20180101,-9999,    9
 18270,102153,20180102,-9999,    9
 18270,102153,20180103,-9999,    9
 18270,102153,20180104,-9999,    9
 18270,102153,20180105,-9999,    9
 18270,102153,20180106,-9999,    9
 18270,102153,20180107,   19,    0
 18270,102153,20180108,    0,    0
 18270,102153,20180109,    0,    0
 18270,102153,20180110,-9999,    9
 18270,102153,20180111,-9999,    9
 18270,102153,20180112,-9999,    9
 18270,102153,20180113,    0,    0
 18270,102153,20180114,    4,    0
 18270,102153,20180115,   53,    0
 18270,102153,20180116,   76,    0
 18270,102153,20180117,    3,    0
 18270,102153,20180118,    8,    0
 18270,102153,20180119,   10,    0
 18270,102153,20180120,   27,    0
 18270,102153,20180121,    0,    0
 18270,102153,20180122,-9999,    9
 18270,102153,20180123,-9999,    9
 18270,102153,20180124,-9999,    9
 18270,102153,20180125,-9999,    9
 18270,102153,20180126,    0,    0
 18270,102153,20180127,   45,    0
 18270,102153,20180128,   22,    0
 18270,102153,20180129,   43,    0
 18270,102153,20180130,   19,    0
 18270,102153,20180131,   39,    0
 18270,102153,20180201,    3,    0
 18270,102153,20180202,    0,    0
 18270,102153,20180203,    0,    0
 18270,102153,20180204,    0,    0
 18270,102153,20180205,    0,    0
 18270,102153,20180206,   13,    0
 18270,102153,20180207,    3,    0
 18270,102153,20180208,   25,    0
 18270,102153,20180209,   46,    0
 18270,102153,20180210,   11,    0
 18270,102153,20180211,    8,    0
 18270,102153,20180212,    0,    0
 18270,102153,20180213,    5,    0
 18270,102153,20180214,    0,    0
 18270,102153,20180215,   22,    0
 18270,102153,20180216,   10,    0
 18270,102153,20180217,    9,    0
 18270,102153,20180218,    0,    0
 18270,102153,20180219,    8,    0
 18270,102153,20180220,    9,    0
 18270,102153,20180221,   28,    0
 18270,102153,20180222,    0,    0
 18270,102153,20180223,    1,    0
 18270,102153,20180224,    5,    0
 18270,102153,20180225,   10,    0
 18270,102153,20180226,   19,    0
 18270,102153,20180227,    2,    0
 18270,102153,20180228,    0,    0
 18270,102153,20180301,    1,    0
 18270,102153,20180302,   12,    0
 18270,102153,20180303,-9999,    9
 18270,102153,20180304,-9999,    9
 18270,102153,20180305,-9999,    9
 18270,102153,20180306,-9999,    9
 18270,102153,20180307,   14,    0
 18270,102153,20180308,   10,    0
 18270,102153,20180309,   16,    0
 18270,102153,20180310,    7,    0
 18270,102153,20180311,    0,    0
 18270,102153,20180312,-9999,    9
 18270,102153,20180313,    0,    0
 18270,102153,20180314,    5,    0
 18270,102153,20180315,    1,    0
 18270,102153,20180316,    0,    0
 18270,102153,20180317,    0,    0
 18270,102153,20180318,    0,    0
 18270,102153,20180319,    0,    0
 18270,102153,20180320,    0,    0
 18270,102153,20180321,    0,    0
 18270,102153,20180322,    0,    0
 18270,102153,20180323,    6,    0
 18270,102153,20180324,    0,    0
 18270,102153,20180325,    0,    0
 18270,102153,20180326,    5,    0
 18270,102153,20180327,    0,    0
 18270,102153,20180328,    0,    0
 18270,102153,20180329,    1,    0
 18270,102153,20180330,    1,    0
 18270,102153,20180331,    0,    0
 18270,102153,20180401,    6,    0
 18270,102153,20180402,    0,    0
 18270,102153,20180403,   82,    0
 18270,102153,20180404,   17,    0
 18270,102153,20180405,    2,    0
 18270,102153,20180406,    0,    0
 18270,102153,20180407,   28,    0
 18270,102153,20180408,  105,    0
 18270,102153,20180409,   33,    0
 18270,102153,20180410,    1,    0
 18270,102153,20180411,    0,    0
 18270,102153,20180412,    0,    0
 18270,102153,20180413,    0,    0
 18270,102153,20180414,    1,    0
 18270,102153,20180415,    0,    0
 18270,102153,20180416,    2,    0
 18270,102153,20180417,   12,    0
 18270,102153,20180418,    0,    0
 18270,102153,20180419,    0,    0
 18270,102153,20180420,    5,    0
 18270,102153,20180421,    0,    0
 18270,102153,20180422,   61,    0
 18270,102153,20180423,   45,    0
 18270,102153,20180424,    2,    0
 18270,102153,20180425,    0,    0
 18270,102153,20180426,   16,    0
 18270,102153,20180427,    0,    0
 18270,102153,20180428,    1,    0
 18270,102153,20180429,    1,    0
 18270,102153,20180430,    3,    0
 18270,102153,20180501,    4,    0
 18270,102153,20180502,    4,    0
 18270,102153,20180503,   19,    0
 18270,102153,20180504,   15,    0
 18270,102153,20180505,    1,    0
 18270,102153,20180506,    0,    0
 18270,102153,20180507,    0,    0
 18270,102153,20180508,    0,    0
 18270,102153,20180509,    0,    0
 18270,102153,20180510,  107,    0
 18270,102153,20180511,    0,    0
 18270,102153,20180512,    0,    0
 18270,102153,20180513,    0,    0
 18270,102153,20180514,    0,    0
 18270,102153,20180515,    0,    0
 18270,102153,20180516,    0,    0
 18270,102153,20180517,    1,    0
 18270,102153,20180518,    0,    0
 18270,102153,20180519,    0,    0
 18270,102153,20180520,    0,    0
 18270,102153,20180521,    0,    0
 18270,102153,20180522,    0,    0
 18270,102153,20180523,    4,    0
 18270,102153,20180524,    0,    0
 18270,102153,20180525,    0,    0
 18270,102153,20180526,    0,    0
 18270,102153,20180527,    0,    0
 18270,102153,20180528,    0,    0
 18270,102153,20180529,    0,    0
 18270,102153,20180530,    0,    0
 18270,102153,20180531,    0,    0
 18270,102153,20180601,    4,    0
 18270,102153,20180602,    0,    0
 18270,102153,20180603,    0,    0
 18270,102153,20180604,    1,    0
 18270,102153,20180605,    0,    0
 18270,102153,20180606,    0,    0
 18270,102153,20180607,    0,    0
 18270,102153,20180608,    0,    0
 18270,102153,20180609,    3,    0
 18270,102153,20180610,-9999,    9
 18270,102153,20180611,-9999,    9
 18270,102153,20180612,    0,    0
 18270,102153,20180613,    0,    0
 18270,102153,20180614,   80,    0
 18270,102153,20180615,   11,    0
 18270,102153,20180616,   31,    0
 18270,102153,20180617,    5,    0
 18270,102153,20180618,   35,    0
 18270,102153,20180619,   25,    0
 18270,102153,20180620,   24,    0
 18270,102153,20180621,    0,    0
 18270,102153,20180622,    0,    0
 18270,102153,20180623,    0,    0
 18270,102153,20180624,    0,    0
 18270,102153,20180625,    0,    0
 18270,102153,20180626,    0,    0
 18270,102153,20180627,    0,    0
 18270,102153,20180628,    1,    0
 18270,102153,20180629,    0,    0
 18270,102153,20180630,    0,    0
 18270,102153,20180701,    0,    0
 18270,102153,20180702,    0,    0
 18270,102153,20180703,    0,    0
 18270,102153,20180704,    0,    0
 18270,102153,20180705,    0,    0
 18270,102153,20180706,    0,    0
 18270,102153,20180707,    0,    0
 18270,102153,20180708,    0,    0
 18270,102153,20180709,    0,    0
 18270,102153,20180710,    0,    0
 18270,102153,20180711,   39,    0
 18270,102153,20180712,    1,    0
 18270,102153,20180713,    0,    0
 18270,102153,20180714,    0,    0
 18270,102153,20180715,    0,    0
 18270,102153,20180716,    0,    0
 18270,102153,20180717,   33,    0
 18270,102153,20180718,    6,    0
 18270,102153,20180719,    0,    0
 18270,102153,20180720,    0,    0
 18270,102153,20180721,    0,    0
 18270,102153,20180722,    0,    0
 18270,102153,20180723,    0,    0
 18270,102153,20180724,    0,    0
 18270,102153,20180725,    2,    0
 18270,102153,20180726,    0,    0
 18270,102153,20180727,    0,    0
 18270,102153,20180728,  154,    0
 18270,102153,20180729,    1,    0
 18270,102153,20180730,   15,    0
 18270,102153,20180731,  402,    0
 18270,102153,20180801,    0,    0
 18270,102153,20180802,    5,    0
 18270,102153,20180803,   25,    0
 18270,102153,20180804,    1,    0
 18270,102153,20180805,    1,    0
 18270,102153,20180806,   21,    0
 18270,102153,20180807,    0,    0
 18270,102153,20180808,   65,    0
 18270,102153,20180809,  120,    0
 18270,102153,20180810,  175,    0
 18270,102153,20180811,    3,    0
 18270,102153,20180812,    0,    0
 18270,102153,20180813,    0,    0
 18270,102153,20180814,    0,    0
 18270,102153,20180815,   18,    0
 18270,102153,20180816,  234,    0
 18270,102153,20180817,   10,    0
 18270,102153,20180818,   60,    0
 18270,102153,20180819,    2,    0
 18270,102153,20180820,    2,    0
 18270,102153,20180821,    0,    0
 18270,102153,20180822,   93,    0
 18270,102153,20180823,    0,    0
 18270,102153,20180824,   61,    0
 18270,102153,20180825,    1,    0
 18270,102153,20180826,   11,    0
 18270,102153,20180827,   11,    0
 18270,102153,20180828,    0,    0
 18270,102153,20180829,   94,    0
 18270,102153,20180830,    0,    0
 18270,102153,20180831,    0,    0
 18270,102153,20180901,    0,    0
 18270,102153,20180902,    0,    0
 18270,102153,20180903,    0,    0
 18270,102153,20180904,    0,    0
 18270,102153,20180905,   62,    0
 18270,102153,20180906,  115,    0
 18270,102153,20180907,   98,    0
 18270,102153,20180908,   87,    0
 18270,102153,20180909,   83,    0
 18270,102153,20180910,  104,    0
 18270,102153,20180911,  181,    0
 18270,102153,20180912,  120,    0
 18270,102153,20180913,   38,    0
 18270,102153,20180914,   42,    0
 18270,102153,20180915,    2,    0
 18270,102153,20180916,   51,    0
 18270,102153,20180917,   14,    0
 18270,102153,20180918,    6,    0
 18270,102153,20180919,   98,    0
 18270,102153,20180920,   76,    0
 18270,102153,20180921,  201,    0
 18270,102153,20180922,   42,    0
 18270,102153,20180923,   10,    0
 18270,102153,20180924,    0,    0
 18270,102153,20180925,  105,    0
 18270,102153,20180926,   79,    0
 18270,102153,20180927,  100,    0
 18270,102153,20180928,    1,    0
 18270,102153,20180929,   61,    0
 18270,102153,20180930,    8,    0
 18270,102153,20181001,   13,    0
 18270,102153,20181002,   45,    0
 18270,102153,20181003,   11,    0
 18270,102153,20181004,   32,    0
 18270,102153,20181005,    2,    0
 18270,102153,20181006,    1,    0
 18270,102153,20181007,   36,    0
 18270,102153,20181008,   40,    0
 18270,102153,20181009,   18,    0
 18270,102153,20181010,    1,    0
 18270,102153,20181011,    0,    0
 18270,102153,20181012,   92,    0
 18270,102153,20181013,  207,    0
 18270,102153,20181014,  181,    0
 18270,102153,20181015,    3,    0
 18270,102153,20181016,    1,    0
 18270,102153,20181017,   11,    0
 18270,102153,20181018,    1,    0
 18270,102153,20181019,    1,    0
 18270,102153,20181020,    0,    0
 18270,102153,20181021,   23,    0
 18270,102153,20181022,  148,    0
 18270,102153,20181023,    5,    0
 18270,102153,20181024,    4,    0
 18270,102153,20181025,    3,    0
 18270,102153,20181026,    0,    0
 18270,102153,20181027,    3,    0
 18270,102153,20181028,    0,    0
 18270,102153,20181029,    4,    0
 18270,102153,20181030,   23,    0
 18270,102153,20181031,    0,    0
 18270,102153,20181101,   39,    0
 18270,102153,20181102,   54,    0
 18270,102153,20181103,    4,    0
 18270,102153,20181104,    0,    0
 18270,102153,20181105,    0,    0
 18270,102153,20181106,    0,    0
 18270,102153,20181107,    0,    0
 18270,102153,20181108,   17,    0
 18270,102153,20181109,   10,    0
 18270,102153,20181110,   31,    0
 18270,102153,20181111,   74,    0
 18270,102153,20181112,   30,    0
 18270,102153,20181113,    6,    0
 18270,102153,20181114,    1,    0
 18270,102153,20181115,    0,    0
 18270,102153,20181116,    3,    0
 18270,102153,20181117,    0,    0
 18270,102153,20181118,    4,    0
 18270,102153,20181119,    2,    0
 18270,102153,20181120,    0,    0
 18270,102153,20181121,    3,    0
 18270,102153,20181122,    7,    0
 18270,102153,20181123,   10,    0
 18270,102153,20181124,    8,    0
 18270,102153,20181125,    3,    0
 18270,102153,20181126,    4,    0
 18270,102153,20181127,    1,    0
 18270,102153,20181128,   30,    0
 18270,102153,20181129,   35,    0
 18270,102153,20181130,   20,    0
 18270,102153,20181201,   11,    0
 18270,102153,20181202,   27,    0
 18270,102153,20181203,   44,    0
 18270,102153,20181204,    4,    0
 18270,102153,20181205,    1,    0
 18270,102153,20181206,   28,    0
 18270,102153,20181207,   69,    0
 18270,102153,20181208,   28,    0
 18270,102153,20181209,    0,    0
 18270,102153,20181210,    1,    0
 18270,102153,20181211,    2,    0
 18270,102153,20181212,    0,    0
 18270,102153,20181213,    3,    0
 18270,102153,20181214,    0,    0
 18270,102153,20181215,   14,    0
 18270,102153,20181216,   11,    0
 18270,102153,20181217,-9999,    9
 18270,102153,20181218,-9999,    9
 18270,102153,20181219,-9999,    9
 18270,102153,20181220,-9999,    9
 18270,102153,20181221,-9999,    9
 18270,102153,20181222,-9999,    9
 18270,102153,20181223,-9999,    9
 18270,102153,20181224,-9999,    9
 18270,102153,20181225,-9999,    9
 18270,102153,20181226,-9999,    9
 18270,102153,20181227,-9999,    9
 18270,102153,20181228,-9999,    9
 18270,102153,20181229,-9999,    9
 18270,102153,20181230,-9999,    9
 18270,102153,20181231,-9999,    9
 18270,102153,20190101,-9999,    9
 18270,102153,20190102,-9999,    9
 18270,102153,20190103,-9999,    9
 18270,102153,20190104,-9999,    9
 18270,102153,20190105,-9999,    9
 18270,102153,20190106,-9999,    9
 18270,102153,20190107,-9999,    9
 18270,102153,20190108,-9999,    9
 18270,102153,20190109,-9999,    9
 18270,102153,20190110,-9999,    9
 18270,102153,20190111,-9999,    9
 18270,102153,20190112,-9999,    9
 18270,102153,20190113,-9999,    9
 18270,102153,20190114,-9999,    9
 18270,102153,20190115,-9999,    9
 18270,102153,20190116,-9999,    9
 18270,102153,20190117,-9999,    9
 18270,102153,20190118,    0,    0
 18270,102153,20190119,    2,    0
 18270,102153,20190120,    4,    0
 18270,102153,20190121,    4,    0
 18270,102153,20190122,-9999,    9
 18270,102153,20190123,-9999,    9
 18270,102153,20190124,-9999,    9
 18270,102153,20190125,-9999,    9
 18270,102153,20190126,-9999,    9
 18270,102153,20190127,-9999,    9
 18270,102153,20190128,-9999,    9
 18270,102153,20190129,    3,    0
 18270,102153,20190130,-9999,    9
 18270,102153,20190131,-9999,    9
 18270,102153,20190201,-9999,    9
 18270,102153,20190202,-9999,    9
 18270,102153,20190203,-9999,    9
 18270,102153,20190204,-9999,    9
 18270,102153,20190205,-9999,    9
 18270,102153,20190206,-9999,    9
 18270,102153,20190207,-9999,    9
 18270,102153,20190208,-9999,    9
 18270,102153,20190209,   58,    0
 18270,102153,20190210,   16,    0
 18270,102153,20190211,    0,    0
 18270,102153,20190212,   23,    0
 18270,102153,20190213,    0,    0
 18270,102153,20190214,    7,    0
 18270,102153,20190215,-9999,    9
 18270,102153,20190216,   23,    0
 18270,102153,20190217,    2,    0
 18270,102153,20190218,-9999,    9
 18270,102153,20190219,-9999,    9
 18270,102153,20190220,   22,    0
 18270,102153,20190221,   27,    0
 18270,102153,20190222,    5,    0
 18270,102153,20190223,    0,    0
 18270,102153,20190224,    6,    0
 18270,102153,20190225,    0,    0
 18270,102153,20190226,    0,    0
 18270,102153,20190227,    0,    0
 18270,102153,20190228,    4,    0
 18270,102153,20190301,    0,    0
 18270,102153,20190302,    6,    0
 18270,102153,20190303,    5,    0
 18270,102153,20190304,   12,    0
 18270,102153,20190305,   24,    0
 18270,102153,20190306,   81,    0
 18270,102153,20190307,   24,    0
 18270,102153,20190308,   20,    0
 18270,102153,20190309,    5,    0
 18270,102153,20190310,    5,    0
 18270,102153,20190311,    0,    0
 18270,102153,20190312,   74,    0
 18270,102153,20190313,    0,    0
 18270,102153,20190314,    0,    0
 18270,102153,20190315,   22,    0
 18270,102153,20190316,   14,    0
 18270,102153,20190317,    2,    0
 18270,102153,20190318,-9999,    9
 18270,102153,20190319,-9999,    9
 18270,102153,20190320,-9999,    9
 18270,102153,20190321,-9999,    9
 18270,102153,20190322,-9999,    9
 18270,102153,20190323,-9999,    9
 18270,102153,20190324,-9999,    9
 18270,102153,20190325,-9999,    9
 18270,102153,20190326,-9999,    9
 18270,102153,20190327,-9999,    9
 18270,102153,20190328,-9999,    9
 18270,102153,20190329,-9999,    9
 18270,102153,20190330,-9999,    9
 18270,102153,20190331,-9999,    9
 18270,102153,20190401,-9999,    9
 18270,102153,20190402,-9999,    9
 18270,102153,20190403,-9999,    9
 18270,102153,20190404,-9999,    9
 18270,102153,20190405,-9999,    9
 18270,102153,20190406,-9999,    9
 18270,102153,20190407,-9999,    9
 18270,102153,20190408,-9999,    9
 18270,102153,20190409,-9999,    9
 18270,102153,20190410,-9999,    9
 18270,102153,20190411,-9999,    9
 18270,102153,20190412,-9999,    9
 18270,102153,20190413,-9999,    9
 18270,102153,20190414,-9999,    9
 18270,102153,20190415,-9999,    9
 18270,102153,20190416,-9999,    9
 18270,102153,20190417,-9999,    9
 18270,102153,20190418,-9999,    9
 18270,102153,20190419,-9999,    9
 18270,102153,20190420,-9999,    9
 18270,102153,20190421,-9999,    9
 18270,102153,20190422,-9999,    9
 18270,102153,20190423,-9999,    9
 18270,102153,20190424,-9999,    9
 18270,102153,20190425,-9999,    9
 18270,102153,20190426,-9999,    9
 18270,102153,20190427,-9999,    9
 18270,102153,20190428,-9999,    9
 18270,102153,20190429,-9999,    9
 18270,102153,20190430,-9999,    9
 18270,102153,20190501,-9999,    9
 18270,102153,20190502,-9999,    9
 18270,102153,20190503,-9999,    9
 18270,102153,20190504,-9999,    9
 18270,102153,20190505,-9999,    9
 18270,102153,20190506,-9999,    9
 18270,102153,20190507,-9999,    9
 18270,102153,20190508,-9999,    9
 18270,102153,20190509,-9999,    9
 18270,102153,20190510,-9999,    9
 18270,102153,20190511,-9999,    9
 18270,102153,20190512,-9999,    9
 18270,102153,20190513,-9999,    9
 18270,102153,20190514,-9999,    9
 18270,102153,20190515,-9999,    9
 18270,102153,20190516,-9999,    9
 18270,102153,20190517,-9999,    9
 18270,102153,20190518,-9999,    9
 18270,102153,20190519,-9999,    9
 18270,102153,20190520,-9999,    9
 18270,102153,20190521,  108,    0
 18270,102153,20190522,  268,    0
 18270,102153,20190523,   52,    0
 18270,102153,20190524,    0,    0
 18270,102153,20190525,    2,    0
 18270,102153,20190526,    0,    0
 18270,102153,20190527,    4,    0
 18270,102153,20190528,    2,    0
 18270,102153,20190529,-9999,    9
 18270,102153,20190530,-9999,    9
 18270,102153,20190531,-9999,    9
 18270,102153,20190601,-9999,    9
 18270,102153,20190602,   96,    0
 18270,102153,20190603,   13,    0
 18270,102153,20190604,    3,    0
 18270,102153,20190605,   36,    0
 18270,102153,20190606,  154,    0
 18270,102153,20190607,    0,    0
 18270,102153,20190608,   38,    0
 18270,102153,20190609,   12,    0
 18270,102153,20190610,    3,    0
 18270,102153,20190611,   28,    0
 18270,102153,20190612,   45,    0
 18270,102153,20190613,-9999,    9
 18270,102153,20190614,-9999,    9
 18270,102153,20190615,-9999,    9
 18270,102153,20190616,-9999,    9
 18270,102153,20190617,-9999,    9
 18270,102153,20190618,-9999,    9
 18270,102153,20190619,-9999,    9
 18270,102153,20190620,-9999,    9
 18270,102153,20190621,-9999,    9
 18270,102153,20190622,-9999,    9
 18270,102153,20190623,-9999,    9
 18270,102153,20190624,-9999,    9
 18270,102153,20190625,-9999,    9
 18270,102153,20190626,-9999,    9
 18270,102153,20190627,-9999,    9
 18270,102153,20190628,-9999,    9
 18270,102153,20190629,-9999,    9
 18270,102153,20190630,-9999,    9
 18270,102153,20190701,-9999,    9
 18270,102153,20190702,-9999,    9
 18270,102153,20190703,-9999,    9
 18270,102153,20190704,-9999,    9
 18270,102153,20190705,    0,    0
 18270,102153,20190706,    1,    0
 18270,102153,20190707,  125,    0
 18270,102153,20190708,    0,    0
 18270,102153,20190709,    0,    0
 18270,102153,20190710,    0,    0
 18270,102153,20190711,    0,    0
 18270,102153,20190712,    0,    0
 18270,102153,20190713,    1,    0
 18270,102153,20190714,    0,    0
 18270,102153,20190715,    1,    0
 18270,102153,20190716,    0,    0
 18270,102153,20190717,    1,    0
 18270,102153,20190718,   46,    0
 18270,102153,20190719,   15,    0
 18270,102153,20190720,  169,    0
 18270,102153,20190721,   11,    0
 18270,102153,20190722,    0,    0
 18270,102153,20190723,    0,    0
 18270,102153,20190724,    0,    0
 18270,102153,20190725,    0,    0
 18270,102153,20190726,    0,    0
 18270,102153,20190727,    1,    0
 18270,102153,20190728,  145,    0
 18270,102153,20190729,    1,    0
 18270,102153,20190730,-9999,    9
 18270,102153,20190731,   20,    0
 18270,102153,20190801,    0,    0
 18270,102153,20190802,    0,    0
 18270,102153,20190803,    1,    0
 18270,102153,20190804,    0,    0
 18270,102153,20190805,    0,    0
 18270,102153,20190806,  177,    0
 18270,102153,20190807,   94,    0
 18270,102153,20190808,    9,    0
 18270,102153,20190809,   42,    0
 18270,102153,20190810,   35,    0
 18270,102153,20190811,   67,    0
 18270,102153,20190812,  167,    0
 18270,102153,20190813,    0,    0
 18270,102153,20190814,    1,    0
 18270,102153,20190815,   82,    0
 18270,102153,20190816,    5,    0
 18270,102153,20190817,  136,    0
 18270,102153,20190818,   28,    0
 18270,102153,20190819,  102,    0
 18270,102153,20190820,    6,    0
 18270,102153,20190821,   25,    0
 18270,102153,20190822,   97,    0
 18270,102153,20190823,    0,    0
 18270,102153,20190824,    1,    0
 18270,102153,20190825,    1,    0
 18270,102153,20190826,    0,    0
 18270,102153,20190827,    1,    0
 18270,102153,20190828,   72,    0
 18270,102153,20190829,   77,    0
 18270,102153,20190830,   44,    0
 18270,102153,20190831,   33,    0
 18270,102153,20190901,    1,    0
 18270,102153,20190902,   13,    0
 18270,102153,20190903,   23,    0
 18270,102153,20190904,  113,    0
 18270,102153,20190905,    1,    0
 18270,102153,20190906,    6,    0
 18270,102153,20190907,    3,    0
 18270,102153,20190908,    0,    0
 18270,102153,20190909,   40,    0
 18270,102153,20190910,   41,    0
 18270,102153,20190911,   26,    0
 18270,102153,20190912,   37,    0
 18270,102153,20190913,   55,    0
 18270,102153,20190914,  289,    0
 18270,102153,20190915,   95,    0
 18270,102153,20190916,   16,    0
 18270,102153,20190917,    0,    0
 18270,102153,20190918,    1,    0
 18270,102153,20190919,    3,    0
 18270,102153,20190920,    0,    0
 18270,102153,20190921,    1,    0
 18270,102153,20190922,    0,    0
 18270,102153,20190923,    1,    0
 18270,102153,20190924,    0,    0
 18270,102153,20190925,    0,    0
 18270,102153,20190926,   10,    0
 18270,102153,20190927,   18,    0
 18270,102153,20190928,    1,    0
 18270,102153,20190929,    8,    0
 18270,102153,20190930,    7,    0
 18270,102153,20191001,    2,    0
 18270,102153,20191002,    3,    0
 18270,102153,20191003,   28,    0
 18270,102153,20191004,    3,    0
 18270,102153,20191005,    0,    0
 18270,102153,20191006,    0,    0
 18270,102153,20191007,   28,    0
 18270,102153,20191008,   35,    0
 18270,102153,20191009,    8,    0
 18270,102153,20191010,   17,    0
 18270,102153,20191011,   80,    0
 18270,102153,20191012,   20,    0
 18270,102153,20191013,    2,    0
 18270,102153,20191014,    0,    0
 18270,102153,20191015,   52,    0
 18270,102153,20191016,    7,    0
 18270,102153,20191017,   39,    0
 18270,102153,20191018,   29,    0
 18270,102153,20191019,    5,    0
 18270,102153,20191020,    2,    0
 18270,102153,20191021,    0,    0
 18270,102153,20191022,    0,    0
 18270,102153,20191023,    0,    0
 18270,102153,20191024,  171,    0
 18270,102153,20191025,   13,    0
 18270,102153,20191026,    7,    0
 18270,102153,20191027,    0,    0
 18270,102153,20191028,    1,    0
 18270,102153,20191029,    4,    0
 18270,102153,20191030,    0,    0
 18270,102153,20191031,    1,    0
 18270,102153,20191101,    1,    0
 18270,102153,20191102,    1,    0
 18270,102153,20191103,    1,    0
 18270,102153,20191104,    4,    0
 18270,102153,20191105,    4,    0
 18270,102153,20191106,    2,    0
 18270,102153,20191107,    2,    0
 18270,102153,20191108,    6,    0
 18270,102153,20191109,    1,    0
 18270,102153,20191110,    4,    0
 18270,102153,20191111,    5,    0
 18270,102153,20191112,   32,    0
 18270,102153,20191113,    2,    0
 18270,102153,20191114,   10,    0
 18270,102153,20191115,    1,    0
 18270,102153,20191116,   37,    0
 18270,102153,20191117,    2,    0
 18270,102153,20191118,  144,    0
 18270,102153,20191119,    3,    0
 18270,102153,20191120,    1,    0
 18270,102153,20191121,   12,    0
 18270,102153,20191122,   18,    0
 18270,102153,20191123,    8,    0
 18270,102153,20191124,    0,    0
 18270,102153,20191125,    0,    0
 18270,102153,20191126,   10,    0
 18270,102153,20191127,   11,    0
 18270,102153,20191128,   56,    0
 18270,102153,20191129,    0,    0
 18270,102153,20191130,    1,    0
 18270,102153,20191201,    4,    0
 18270,102153,20191202,    1,    0
 18270,102153,20191203,    3,    0
 18270,102153,20191204,    0,    0
 18270,102153,20191205,    6,    0
 18270,102153,20191206,    5,    0
 18270,102153,20191207,   31,    0
 18270,102153,20191208,   41,    0
 18270,102153,20191209,   12,    0
 18270,102153,20191210,   11,    0
 18270,102153,20191211,-9999,    9
 18270,102153,20191212,-9999,    9
 18270,102153,20191213,-9999,    9
 18270,102153,20191214,-9999,    9
 18270,102153,20191215,-9999,    9
 18270,102153,20191216,-9999,    9
 18270,102153,20191217,-9999,    9
 18270,102153,20191218,-9999,    9
 18270,102153,20191219,-9999,    9
 18270,102153,20191220,-9999,    9
 18270,102153,20191221,-9999,    9
 18270,102153,20191222,-9999,    9
 18270,102153,20191223,-9999,    9
 18270,102153,20191224,-9999,    9
 18270,102153,20191225,-9999,    9
 18270,102153,20191226,-9999,    9
 18270,102153,20191227,-9999,    9
 18270,102153,20191228,-9999,    9
 18270,102153,20191229,-9999,    9
 18270,102153,20191230,-9999,    9
 18270,102153,20191231,-9999,    9
 18270,102153,20200101,-9999,    9
 18270,102153,20200102,-9999,    9
 18270,102153,20200103,-9999,    9
 18270,102153,20200104,-9999,    9
 18270,102153,20200105,-9999,    9
 18270,102153,20200106,-9999,    9
 18270,102153,20200107,-9999,    9
 18270,102153,20200108,-9999,    9
 18270,102153,20200109,-9999,    9
 18270,102153,20200110,-9999,    9
 18270,102153,20200111,-9999,    9
 18270,102153,20200112,-9999,    9
 18270,102153,20200113,-9999,    9
 18270,102153,20200114,-9999,    9
 18270,102153,20200115,-9999,    9
 18270,102153,20200116,-9999,    9
 18270,102153,20200117,-9999,    9
 18270,102153,20200118,-9999,    9
 18270,102153,20200119,-9999,    9
 18270,102153,20200120,-9999,    9
 18270,102153,20200121,    1,    0
 18270,102153,20200122,    3,    0
 18270,102153,20200123,    0,    0
 18270,102153,20200124,    0,    0
 18270,102153,20200125,    0,    0
 18270,102153,20200126,    6,    0
 18270,102153,20200127,    6,    0
 18270,102153,20200128,    4,    0
 18270,102153,20200129,-9999,    9
 18270,102153,20200130,-9999,    9
 18270,102153,20200131,-9999,    9
 18270,102153,20200201,-9999,    9
 18270,102153,20200202,-9999,    9
 18270,102153,20200203,-9999,    9
 18270,102153,20200204,-9999,    9
 18270,102153,20200205,    2,    0
 18270,102153,20200206,    4,    0
 18270,102153,20200207,    0,    0
 18270,102153,20200208,    3,    0
 18270,102153,20200209,   26,    0
 18270,102153,20200210,   10,    0
 18270,102153,20200211,   15,    0
 18270,102153,20200212,    2,    0
 18270,102153,20200213,    0,    0
 18270,102153,20200214,    7,    0
 18270,102153,20200215,   32,    0
 18270,102153,20200216,   82,    0
 18270,102153,20200217,   46,    0
 18270,102153,20200218,    4,    0
 18270,102153,20200219,    0,    0
 18270,102153,20200220,   22,    0
 18270,102153,20200221,   39,    0
 18270,102153,20200222,   40,    0
 18270,102153,20200223,    0,    0
 18270,102153,20200224,    0,    0
 18270,102153,20200225,    0,    0
 18270,102153,20200226,    4,    0
 18270,102153,20200227,    0,    0
 18270,102153,20200228,    7,    0
 18270,102153,20200229,   62,    0
 18270,102153,20200301,   52,    0
 18270,102153,20200302,    0,    0
 18270,102153,20200303,   17,    0
 18270,102153,20200304,   25,    0
 18270,102153,20200305,    0,    0
 18270,102153,20200306,    0,    0
 18270,102153,20200307,   29,    0
 18270,102153,20200308,   23,    0
 18270,102153,20200309,    5,    0
 18270,102153,20200310,   23,    0
 18270,102153,20200311,   21,    0
 18270,102153,20200312,    0,    0
 18270,102153,20200313,    0,    0
 18270,102153,20200314,   30,    0
 18270,102153,20200315,   46,    0
 18270,102153,20200316,   12,    0
 18270,102153,20200317,   14,    0
 18270,102153,20200318,    1,    0
 18270,102153,20200319,    0,    0
 18270,102153,20200320,    1,    0
 18270,102153,20200321,    0,    0
 18270,102153,20200322,    1,    0
 18270,102153,20200323,    0,    0
 18270,102153,20200324,    0,    0
 18270,102153,20200325,   19,    0
 18270,102153,20200326,    0,    0
 18270,102153,20200327,    0,    0
 18270,102153,20200328,    2,    0
 18270,102153,20200329,    2,    0
 18270,102153,20200330,    2,    0
 18270,102153,20200331,    0,    0
 18270,102153,20200401,    2,    0
 18270,102153,20200402,   13,    0
 18270,102153,20200403,    5,    0
 18270,102153,20200404,   16,    0
 18270,102153,20200405,    2,    0
 18270,102153,20200406,    2,    0
 18270,102153,20200407,    0,    0
 18270,102153,20200408,    1,    0
 18270,102153,20200409,    0,    0
 18270,102153,20200410,    4,    0
 18270,102153,20200411,   16,    0
 18270,102153,20200412,    4,    0
 18270,102153,20200413,    0,    0
 18270,102153,20200414,    0,    0
 18270,102153,20200415,    2,    0
 18270,102153,20200416,    0,    0
 18270,102153,20200417,    1,    0
 18270,102153,20200418,    0,    0
 18270,102153,20200419,    0,    0
 18270,102153,20200420,    0,    0
 18270,102153,20200421,    0,    0
 18270,102153,20200422,    0,    0
 18270,102153,20200423,    0,    0
 18270,102153,20200424,    0,    0
 18270,102153,20200425,    0,    0
 18270,102153,20200426,   38,    0
 18270,102153,20200427,   33,    0
 18270,102153,20200428,    0,    0
 18270,102153,20200429,    1,    0
 18270,102153,20200430,   24,    0
 18270,102153,20200501,    6,    0
 18270,102153,20200502,    4,    0
 18270,102153,20200503,    1,    0
 18270,102153,20200504,    0,    0
 18270,102153,20200505,    0,    0
 18270,102153,20200506,    0,    0
 18270,102153,20200507,    0,    0
 18270,102153,20200508,    1,    0
 18270,102153,20200509,   33,    0
 18270,102153,20200510,    5,    0
 18270,102153,20200511,    3,    0
 18270,102153,20200512,    1,    0
 18270,102153,20200513,    4,    0
 18270,102153,20200514,    2,    0
 18270,102153,20200515,    3,    0
 18270,102153,20200516,    0,    0
 18270,102153,20200517,    1,    0
 18270,102153,20200518,    0,    0
 18270,102153,20200519,    0,    0
 18270,102153,20200520,    0,    0
 18270,102153,20200521,    0,    0
 18270,102153,20200522,   78,    0
 18270,102153,20200523,    4,    0
 18270,102153,20200524,   14,    0
 18270,102153,20200525,    0,    0
 18270,102153,20200526,    1,    0
 18270,102153,20200527,    0,    0
 18270,102153,20200528,    1,    0
 18270,102153,20200529,    0,    0
 18270,102153,20200530,    0,    0
 18270,102153,20200531,    0,    0
 18270,102153,20200601,    0,    0
 18270,102153,20200602,    0,    0
 18270,102153,20200603,    0,    0
 18270,102153,20200604,   37,    0
 18270,102153,20200605,   83,    0
 18270,102153,20200606,   36,    0
 18270,102153,20200607,   15,    0
 18270,102153,20200608,    0,    0
 18270,102153,20200609,    0,    0
 18270,102153,20200610,    0,    0
 18270,102153,20200611,    0,    0
 18270,102153,20200612,    0,    0
 18270,102153,20200613,    3,    0
 18270,102153,20200614,    0,    0
 18270,102153,20200615,    0,    0
 18270,102153,20200616,    0,    0
 18270,102153,20200617,    1,    0
 18270,102153,20200618,    0,    0
 18270,102153,20200619,    0,    0
 18270,102153,20200620,  158,    0
 18270,102153,20200621,  136,    0
 18270,102153,20200622,    0,    0
 18270,102153,20200623,    0,    0
 18270,102153,20200624,    0,    0
 18270,102153,20200625,    0,    0
 18270,102153,20200626,    0,    0
 18270,102153,20200627,  105,    0
 18270,102153,20200628,   42,    0
 18270,102153,20200629,   18,    0
 18270,102153,20200630,   11,    0
 18270,102153,20200701,    1,    0
 18270,102153,20200702,    7,    0
 18270,102153,20200703,   75,    0
 18270,102153,20200704,    6,    0
 18270,102153,20200705,  145,    0
 18270,102153,20200706,   10,    0
 18270,102153,20200707,    1,    0
 18270,102153,20200708,    1,    0
 18270,102153,20200709,    0,    0
 18270,102153,20200710,    0,    0
 18270,102153,20200711,    0,    0
 18270,102153,20200712,    1,    0
 18270,102153,20200713,   35,    0
 18270,102153,20200714,   23,    0
 18270,102153,20200715,   10,    0
 18270,102153,20200716,    0,    0
 18270,102153,20200717,    3,    0
 18270,102153,20200718,   71,    0
 18270,102153,20200719,   11,    0
 18270,102153,20200720,    0,    0
 18270,102153,20200721,    0,    0
 18270,102153,20200722,    4,    0
 18270,102153,20200723,    0,    0
 18270,102153,20200724,    0,    0
 18270,102153,20200725,   40,    0
 18270,102153,20200726,  219,    0
 18270,102153,20200727,   28,    0
 18270,102153,20200728,  172,    0
 18270,102153,20200729,   29,    0
 18270,102153,20200730,    1,    0
 18270,102153,20200731,    0,    0
 18270,102153,20200801,   39,    0
 18270,102153,20200802,   88,    0
 18270,102153,20200803,    0,    0
 18270,102153,20200804,   10,    0
 18270,102153,20200805,   13,    0
 18270,102153,20200806,    0,    0
 18270,102153,20200807,    0,    0
 18270,102153,20200808,    2,    0
 18270,102153,20200809,    0,    0
 18270,102153,20200810,    1,    0
 18270,102153,20200811,    0,    0
 18270,102153,20200812,    0,    0
 18270,102153,20200813,    0,    0
 18270,102153,20200814,    0,    0
 18270,102153,20200815,    0,    0
 18270,102153,20200816,    0,    0
 18270,102153,20200817,    0,    0
 18270,102153,20200818,   49,    0
 18270,102153,20200819,   37,    0
 18270,102153,20200820,   13,    0
 18270,102153,20200821,   93,    0
 18270,102153,20200822,   18,    0
 18270,102153,20200823,   13,    0
 18270,102153,20200824,    0,    0
 18270,102153,20200825,    2,    0
 18270,102153,20200826,    0,    0
 18270,102153,20200827,   13,    0
 18270,102153,20200828,   13,    0
 18270,102153,20200829,    1,    0
 18270,102153,20200830,    0,    0
 18270,102153,20200831,    0,    0
 18270,102153,20200901,    0,    0
 18270,102153,20200902,    0,    0
 18270,102153,20200903,   20,    0
 18270,102153,20200904,   39,    0
 18270,102153,20200905,   39,    0
 18270,102153,20200906,    1,    0
 18270,102153,20200907,    4,    0
 18270,102153,20200908,   13,    0
 18270,102153,20200909,   75,    0
 18270,102153,20200910,    0,    0
 18270,102153,20200911,   44,    0
 18270,102153,20200912,  146,    0
 18270,102153,20200913,   11,    0
 18270,102153,20200914,    0,    0
 18270,102153,20200915,   13,    0
 18270,102153,20200916,    2,    0
 18270,102153,20200917,    0,    0
 18270,102153,20200918,    0,    0
 18270,102153,20200919,    1,    0
 18270,102153,20200920,    0,    0
 18270,102153,20200921,    1,    0
 18270,102153,20200922,   20,    0
 18270,102153,20200923,  122,    0
 18270,102153,20200924,  134,    0
 18270,102153,20200925,   12,    0
 18270,102153,20200926,    6,    0
 18270,102153,20200927,    0,    0
 18270,102153,20200928,    0,    0
 18270,102153,20200929,    7,    0
 18270,102153,20200930,    8,    0
 18270,102153,20201001,    8,    0
 18270,102153,20201002,   30,    0
 18270,102153,20201003,   50,    0
 18270,102153,20201004,  155,    0
 18270,102153,20201005,    2,    0
 18270,102153,20201006,    5,    0
 18270,102153,20201007,   15,    0
 18270,102153,20201008,   55,    0
 18270,102153,20201009,   43,    0
 18270,102153,20201010,   94,    0
 18270,102153,20201011,    1,    0
 18270,102153,20201012,    0,    0
 18270,102153,20201013,    1,    0
 18270,102153,20201014,    0,    0
 18270,102153,20201015,    0,    0
 18270,102153,20201016,    0,    0
 18270,102153,20201017,    2,    0
 18270,102153,20201018,    0,    0
 18270,102153,20201019,   85,    0
 18270,102153,20201020,   75,    0
 18270,102153,20201021,  157,    0
 18270,102153,20201022,    1,    0
 18270,102153,20201023,   11,    0
 18270,102153,20201024,  193,    0
 18270,102153,20201025,   57,    0
 18270,102153,20201026,   17,    0
 18270,102153,20201027,   11,    0
 18270,102153,20201028,   44,    0
 18270,102153,20201029,    2,    0
 18270,102153,20201030,    8,    0
 18270,102153,20201031,   34,    0
 18270,102153,20201101,  173,    0
 18270,102153,20201102,   52,    0
 18270,102153,20201103,   18,    0
 18270,102153,20201104,    0,    0
 18270,102153,20201105,    5,    0
 18270,102153,20201106,    0,    0
 18270,102153,20201107,    1,    0
 18270,102153,20201108,    0,    0
 18270,102153,20201109,    0,    0
 18270,102153,20201110,    2,    0
 18270,102153,20201111,    4,    0
 18270,102153,20201112,    1,    0
 18270,102153,20201113,   18,    0
 18270,102153,20201114,   67,    0
 18270,102153,20201115,   99,    0
 18270,102153,20201116,   42,    0
 18270,102153,20201117,   50,    0
 18270,102153,20201118,  143,    0
 18270,102153,20201119,    4,    0
 18270,102153,20201120,   66,    0
 18270,102153,20201121,   27,    0
 18270,102153,20201122,   14,    0
 18270,102153,20201123,   10,    0
 18270,102153,20201124,  134,    0
 18270,102153,20201125,   30,    0
 18270,102153,20201126,    5,    0
 18270,102153,20201127,    3,    0
 18270,102153,20201128,    0,    0
 18270,102153,20201129,    3,    0
 18270,102153,20201130,    7,    0
 18270,102153,20201201,    2,    0
 18270,102153,20201202,   15,    0
 18270,102153,20201203,   16,    0
 18270,102153,20201204,    0,    0
 18270,102153,20201205,   13,    0
 18270,102153,20201206,   17,    0
 18270,102153,20201207,-9999,    9
 18270,102153,20201208,-9999,    9
 18270,102153,20201209,-9999,    9
 18270,102153,20201210,-9999,    9
 18270,102153,20201211,-9999,    9
 18270,102153,20201212,-9999,    9
 18270,102153,20201213,-9999,    9
 18270,102153,20201214,-9999,    9
 18270,102153,20201215,-9999,    9
 18270,102153,20201216,-9999,    9
 18270,102153,20201217,-9999,    9
 18270,102153,20201218,-9999,    9
 18270,102153,20201219,-9999,    9
 18270,102153,20201220,-9999,    9
 18270,102153,20201221,-9999,    9
 18270,102153,20201222,-9999,    9
 18270,102153,20201223,-9999,    9
 18270,102153,20201224,-9999,    9
 18270,102153,20201225,    8,    0
 18270,102153,20201226,   37,    0
 18270,102153,20201227,-9999,    9
 18270,102153,20201228,-9999,    9
 18270,102153,20201229,-9999,    9
 18270,102153,20201230,-9999,    9
 18270,102153,20201231,-9999,    9
 18270,102153,20210101,-9999,    9
 18270,102153,20210102,-9999,    9
 18270,102153,20210103,-9999,    9
 18270,102153,20210104,-9999,    9
 18270,102153,20210105,   13,    0
 18270,102153,20210106,   13,    0
 18270,102153,20210107,   20,    0
 18270,102153,20210108,    0,    0
 18270,102153,20210109,    4,    0
 18270,102153,20210110,    6,    0
 18270,102153,20210111,   15,    0
 18270,102153,20210112,   10,    0
 18270,102153,20210113,    1,    0
 18270,102153,20210114,    4,    0
 18270,102153,20210115,    5,    0
 18270,102153,20210116,    0,    0
 18270,102153,20210117,    1,    0
 18270,102153,20210118,   21,    0
 18270,102153,20210119,   13,    0
 18270,102153,20210120,   75,    0
 18270,102153,20210121,   45,    0
 18270,102153,20210122,   31,    0
 18270,102153,20210123,    1,    0
 18270,102153,20210124,    6,    0
 18270,102153,20210125,    0,    0
 18270,102153,20210126,    2,    0
 18270,102153,20210127,   14,    0
 18270,102153,20210128,   10,    0
 18270,102153,20210129,    0,    0
 18270,102153,20210130,   10,    0
 18270,102153,20210131,   13,    0
 18270,102153,20210201,    6,    0
 18270,102153,20210202,    0,    0
 18270,102153,20210203,   11,    0
 18270,102153,20210204,    6,    0
 18270,102153,20210205,    2,    0
 18270,102153,20210206,    7,    0
 18270,102153,20210207,    5,    0
 18270,102153,20210208,    0,    0
 18270,102153,20210209,    1,    0
 18270,102153,20210210,    0,    0
 18270,102153,20210211,   20,    0
 18270,102153,20210212,   14,    0
 18270,102153,20210213,    0,    0
 18270,102153,20210214,    2,    0
 18270,102153,20210215,    7,    0
 18270,102153,20210216,   32,    0
 18270,102153,20210217,   21,    0
 18270,102153,20210218,   32,    0
 18270,102153,20210219,    9,    0
 18270,102153,20210220,   40,    0
 18270,102153,20210221,    0,    0
 18270,102153,20210222,    6,    0
 18270,102153,20210223,   39,    0
 18270,102153,20210224,   95,    0
 18270,102153,20210225,    5,    0
 18270,102153,20210226,    1,    0
 18270,102153,20210227,    0,    0
 18270,102153,20210228,    0,    0
 18270,102153,20210301,    1,    0
 18270,102153,20210302,    5,    0
 18270,102153,20210303,    0,    0
 18270,102153,20210304,    0,    0
 18270,102153,20210305,    0,    0
 18270,102153,20210306,    3,    0
 18270,102153,20210307,    8,    0
 18270,102153,20210308,    0,    0
 18270,102153,20210309,    0,    0
 18270,102153,20210310,   22,    0
 18270,102153,20210311,   18,    0
 18270,102153,20210312,    7,    0
 18270,102153,20210313,    0,    0
 18270,102153,20210314,   27,    0
 18270,102153,20210315,    0,    0
 18270,102153,20210316,    6,    0
 18270,102153,20210317,    0,    0
 18270,102153,20210318,    6,    0
 18270,102153,20210319,    0,    0
 18270,102153,20210320,    1,    0
 18270,102153,20210321,    0,    0
 18270,102153,20210322,    2,    0
 18270,102153,20210323,    0,    0
 18270,102153,20210324,    7,    0
 18270,102153,20210325,    1,    0
 18270,102153,20210326,   13,    0
 18270,102153,20210327,    1,    0
 18270,102153,20210328,   20,    0
 18270,102153,20210329,   60,    0
 18270,102153,20210330,   77,    0
 18270,102153,20210331,    3,    0
 18270,102153,20210401,    0,    0
 18270,102153,20210402,    3,    0
 18270,102153,20210403,    0,    0
 18270,102153,20210404,    5,    0
 18270,102153,20210405,    0,    0
 18270,102153,20210406,    0,    0
 18270,102153,20210407,    4,    0
 18270,102153,20210408,   33,    0
 18270,102153,20210409,    7,    0
 18270,102153,20210410,    1,    0
 18270,102153,20210411,    5,    0
 18270,102153,20210412,    4,    0
 18270,102153,20210413,    0,    0
 18270,102153,20210414,    2,    0
 18270,102153,20210415,    0,    0
 18270,102153,20210416,    0,    0
 18270,102153,20210417,    0,    0
 18270,102153,20210418,    0,    0
 18270,102153,20210419,    0,    0
 18270,102153,20210420,    0,    0
 18270,102153,20210421,    1,    0
 18270,102153,20210422,    1,    0
 18270,102153,20210423,    1,    0
 18270,102153,20210424,    3,    0
 18270,102153,20210425,    0,    0
 18270,102153,20210426,    0,    0
 18270,102153,20210427,    0,    0
 18270,102153,20210428,   15,    0
 18270,102153,20210429,    2,    0
 18270,102153,20210430,    0,    0
 18270,102153,20210501,    0,    0
 18270,102153,20210502,    0,    0
 18270,102153,20210503,    1,    0
 18270,102153,20210504,    0,    0
 18270,102153,20210505,    6,    0
 18270,102153,20210506,    7,    0
 18270,102153,20210507,    4,    0
 18270,102153,20210508,    7,    0
 18270,102153,20210509,   24,    0
 18270,102153,20210510,   39,    0
 18270,102153,20210511,    0,    0
 18270,102153,20210512,    3,    0
 18270,102153,20210513,    3,    0
 18270,102153,20210514,    7,    0
 18270,102153,20210515,    0,    0
 18270,102153,20210516,    7,    0
 18270,102153,20210517,    0,    0
 18270,102153,20210518,    1,    0
 18270,102153,20210519,    1,    0
 18270,102153,20210520,    1,    0
 18270,102153,20210521,    0,    0
 18270,102153,20210522,    2,    0
 18270,102153,20210523,   38,    0
 18270,102153,20210524,   18,    0
 18270,102153,20210525,-9999,    9
 18270,102153,20210526,-9999,    9
 18270,102153,20210527,    0,    0
 18270,102153,20210528,-9999,    9
 18270,102153,20210529,    0,    0
 18270,102153,20210530,    0,    0
 18270,102153,20210531,    0,    0
 18270,102153,20210601,    0,    0
 18270,102153,20210602,    0,    0
 18270,102153,20210603,    0,    0
 18270,102153,20210604,    1,    0
 18270,102153,20210605,    0,    0
 18270,102153,20210606,    1,    0
 18270,102153,20210607,    0,    0
 18270,102153,20210608,    1,    0
 18270,102153,20210609,   14,    0
 18270,102153,20210610,    0,    0
 18270,102153,20210611,   24,    0
 18270,102153,20210612,    4,    0
 18270,102153,20210613,   17,    0
 18270,102153,20210614,  103,    0
 18270,102153,20210615,    0,    0
 18270,102153,20210616,    0,    0
 18270,102153,20210617,   57,    0
 18270,102153,20210618,   29,    0
 18270,102153,20210619,   93,    0
 18270,102153,20210620,   99,    0
 18270,102153,20210621,    0,    0
 18270,102153,20210622,    0,    0
 18270,102153,20210623,    0,    0
 18270,102153,20210624,    0,    0
 18270,102153,20210625,   11,    0
 18270,102153,20210626,    0,    0
 18270,102153,20210627,    0,    0
 18270,102153,20210628,    0,    0
 18270,102153,20210629,    0,    0
 18270,102153,20210630,    0,    0
 18270,102153,20210701,    1,    0
 18270,102153,20210702,    0,    0
 18270,102153,20210703,    0,    0
 18270,102153,20210704,   25,    0
 18270,102153,20210705,   88,    0
 18270,102153,20210706,   75,    0
 18270,102153,20210707,   14,    0
 18270,102153,20210708,  124,    0
 18270,102153,20210709,   60,    0
 18270,102153,20210710,   12,    0
 18270,102153,20210711,    0,    0
 18270,102153,20210712,    0,    0
 18270,102153,20210713,    0,    0
 18270,102153,20210714,   36,    0
 18270,102153,20210715,    1,    0
 18270,102153,20210716,    2,    0
 18270,102153,20210717,    2,    0
 18270,102153,20210718,    1,    0
 18270,102153,20210719,    0,    0
 18270,102153,20210720,    2,    0
 18270,102153,20210721,    1,    0
 18270,102153,20210722,    0,    0
 18270,102153,20210723,    1,    0
 18270,102153,20210724,    1,    0
 18270,102153,20210725,    0,    0
 18270,102153,20210726,   44,    0
 18270,102153,20210727,   62,    0
 18270,102153,20210728,   49,    0
 18270,102153,20210729,  104,    0
 18270,102153,20210730,    0,    0
 18270,102153,20210731,    1,    0
 18270,102153,20210801,    2,    0
 18270,102153,20210802,    0,    0
 18270,102153,20210803,    0,    0
 18270,102153,20210804,    0,    0
 18270,102153,20210805,    0,    0
 18270,102153,20210806,    5,    0
 18270,102153,20210807,    3,    0
 18270,102153,20210808,    0,    0
 18270,102153,20210809,   33,    0
 18270,102153,20210810,    0,    0
 18270,102153,20210811,  124,    0
 18270,102153,20210812,    1,    0
 18270,102153,20210813,    8,    0
 18270,102153,20210814,    7,    0
 18270,102153,20210815,    5,    0
 18270,102153,20210816,    3,    0
 18270,102153,20210817,    0,    0
 18270,102153,20210818,    0,    0
 18270,102153,20210819,    1,    0
 18270,102153,20210820,    1,    0
 18270,102153,20210821,    0,    0
 18270,102153,20210822,    0,    0
 18270,102153,20210823,    0,    0
 18270,102153,20210824,    0,    0
 18270,102153,20210825,    0,    0
 18270,102153,20210826,    0,    0
 18270,102153,20210827,    0,    0
 18270,102153,20210828,    0,    0
 18270,102153,20210829,    0,    0
 18270,102153,20210830,    0,    0
 18270,102153,20210831,    0,    0
 18270,102153,20210901,    0,    0
 18270,102153,20210902,    0,    0
 18270,102153,20210903,    0,    0
 18270,102153,20210904,    1,    0
 18270,102153,20210905,    0,    0
 18270,102153,20210906,    0,    0
 18270,102153,20210907,    0,    0
 18270,102153,20210908,    0,    0
 18270,102153,20210909,    0,    0
 18270,102153,20210910,   59,    0
 18270,102153,20210911,  120,    0
 18270,102153,20210912,   38,    0
 18270,102153,20210913,    1,    0
 18270,102153,20210914,    0,    0
 18270,102153,20210915,   14,    0
 18270,102153,20210916,    5,    0
 18270,102153,20210917,    0,    0
 18270,102153,20210918,    0,    0
 18270,102153,20210919,    1,    0
 18270,102153,20210920,    7,    0
 18270,102153,20210921,   10,    0
 18270,102153,20210922,   44,    0
 18270,102153,20210923,   61,    0
 18270,102153,20210924,   26,    0
 18270,102153,20210925,    0,    0
 18270,102153,20210926,    0,    0
 18270,102153,20210927,  261,    0
 18270,102153,20210928,    6,    0
 18270,102153,20210929,   32,    0
 18270,102153,20210930,   45,    0
 18270,102153,20211001,   91,    0
 18270,102153,20211002,   27,    0
 18270,102153,20211003,  131,    0
 18270,102153,20211004,   47,    0
 18270,102153,20211005,    8,    0
 18270,102153,20211006,    0,    0
 18270,102153,20211007,    7,    0
 18270,102153,20211008,   25,    0
 18270,102153,20211009,    8,    0
 18270,102153,20211010,   14,    0
 18270,102153,20211011,    3,    0
 18270,102153,20211012,    1,    0
 18270,102153,20211013,   16,    0
 18270,102153,20211014,   46,    0
 18270,102153,20211015,    1,    0
 18270,102153,20211016,    2,    0
 18270,102153,20211017,    2,    0
 18270,102153,20211018,   32,    0
 18270,102153,20211019,   18,    0
 18270,102153,20211020,   19,    0
 18270,102153,20211021,    0,    0
 18270,102153,20211022,    0,    0
 18270,102153,20211023,    0,    0
 18270,102153,20211024,   14,    0
 18270,102153,20211025,   18,    0
 18270,102153,20211026,   78,    0
 18270,102153,20211027,   20,    0
 18270,102153,20211028,   38,    0
 18270,102153,20211029,   53,    0
 18270,102153,20211030,   46,    0
 18270,102153,20211031,   30,    0
 18270,102153,20211101,   96,    0
 18270,102153,20211102,    6,    0
 18270,102153,20211103,    1,    0
 18270,102153,20211104,    0,    0
 18270,102153,20211105,   24,    0
 18270,102153,20211106,   52,    0
 18270,102153,20211107,    7,    0
 18270,102153,20211108,   64,    0
 18270,102153,20211109,   12,    0
 18270,102153,20211110,    4,    0
 18270,102153,20211111,   16,    0
 18270,102153,20211112,    3,    0
 18270,102153,20211113,    4,    0
 18270,102153,20211114,    0,    0
 18270,102153,20211115,    0,    0
 18270,102153,20211116,    8,    0
 18270,102153,20211117,   10,    0
 18270,102153,20211118,   23,    0
 18270,102153,20211119,    2,    0
 18270,102153,20211120,   12,    0
 18270,102153,20211121,    2,    0
 18270,102153,20211122,    4,    0
 18270,102153,20211123,    0,    0
 18270,102153,20211124,   14,    0
 18270,102153,20211125,    1,    0
 18270,102153,20211126,   16,    0
 18270,102153,20211127,   45,    0
 18270,102153,20211128,    5,    0
 18270,102153,20211129,   24,    0
 18270,102153,20211130,    7,    0
 18270,102153,20211201,    2,    0
 18270,102153,20211202,    3,    0
 18270,102153,20211203,   20,    0
 18270,102153,20211204,    5,    0
 18270,102153,20211205,-9999,    9
 18270,102153,20211206,-9999,    9
 18270,102153,20211207,-9999,    9
 18270,102153,20211208,-9999,    9
 18270,102153,20211209,-9999,    9
 18270,102153,20211210,-9999,    9
 18270,102153,20211211,-9999,    9
 18270,102153,20211212,-9999,    9
 18270,102153,20211213,-9999,    9
 18270,102153,20211214,-9999,    9
 18270,102153,20211215,-9999,    9
 18270,102153,20211216,-9999,    9
 18270,102153,20211217,    0,    0
 18270,102153,20211218,    7,    0
 18270,102153,20211219,    3,    0
 18270,102153,20211220,    4,    0
 18270,102153,20211221,    0,    0
 18270,102153,20211222,    0,    0
 18270,102153,20211223,    5,    0
 18270,102153,20211224,    1,    0
 18270,102153,20211225,    0,    0
 18270,102153,20211226,-9999,    9
 18270,102153,20211227,-9999,    9
 18270,102153,20211228,-9999,    9
 18270,102153,20211229,-9999,    9
 18270,102153,20211230,-9999,    9
 18270,102153,20211231,    5,    0
 18270,102153,20220101,   47,    0
 18270,102153,20220102,   20,    0
 18270,102153,20220103,   25,    0
 18270,102153,20220104,-9999,    9
 18270,102153,20220105,-9999,    9
 18270,102153,20220106,    8,    0
 18270,102153,20220107,    7,    0
 18270,102153,20220108,    3,    0
 18270,102153,20220109,    3,    0
 18270,102153,20220110,-9999,    9
 18270,102153,20220111,-9999,    9
 18270,102153,20220112,    4,    0
 18270,102153,20220113,   58,    0
 18270,102153,20220114,    5,    0
 18270,102153,20220115,    3,    0
 18270,102153,20220116,    9,    0
 18270,102153,20220117,    0,    0
 18270,102153,20220118,    2,    0
 18270,102153,20220119,-9999,    9
 18270,102153,20220120,    1,    0
 18270,102153,20220121,    3,    0
 18270,102153,20220122,    0,    0
 18270,102153,20220123,-9999,    9
 18270,102153,20220124,    0,    0
 18270,102153,20220125,-9999,    9
 18270,102153,20220126,-9999,    9
 18270,102153,20220127,-9999,    9
 18270,102153,20220128,   41,    0
 18270,102153,20220129,-9999,    9
 18270,102153,20220130,    7,    0
 18270,102153,20220131,   12,    0
 18270,102153,20220201,   35,    0
 18270,102153,20220202,   14,    0
 18270,102153,20220203,   15,    0
 18270,102153,20220204,   17,    0
 18270,102153,20220205,   36,    0
 18270,102153,20220206,   13,    0
 18270,102153,20220207,   10,    0
 18270,102153,20220208,   24,    0
 18270,102153,20220209,   21,    0
 18270,102153,20220210,   13,    0
 18270,102153,20220211,   14,    0
 18270,102153,20220212,   22,    0
 18270,102153,20220213,   58,    0
 18270,102153,20220214,   33,    0
 18270,102153,20220215,   14,    0
 18270,102153,20220216,    6,    0
 18270,102153,20220217,   11,    0
 18270,102153,20220218,    2,    0
 18270,102153,20220219,    2,    0
 18270,102153,20220220,   14,    0
 18270,102153,20220221,    1,    0
 18270,102153,20220222,   27,    0
 18270,102153,20220223,   28,    0
 18270,102153,20220224,    5,    0
 18270,102153,20220225,    4,    0
 18270,102153,20220226,    0,    0
 18270,102153,20220227,    1,    0
 18270,102153,20220228,    7,    0
 18270,102153,20220301,    0,    0
 18270,102153,20220302,    9,    0
 18270,102153,20220303,   16,    0
 18270,102153,20220304,    0,    0
 18270,102153,20220305,    1,    0
 18270,102153,20220306,    0,    0
 18270,102153,20220307,    8,    0
 18270,102153,20220308,    0,    0
 18270,102153,20220309,    0,    0
 18270,102153,20220310,    0,    0
 18270,102153,20220311,    3,    0
 18270,102153,20220312,    0,    0
 18270,102153,20220313,    0,    0
 18270,102153,20220314,    0,    0
 18270,102153,20220315,    0,    0
 18270,102153,20220316,    0,    0
 18270,102153,20220317,   10,    0
 18270,102153,20220318,    4,    0
 18270,102153,20220319,    0,    0
 18270,102153,20220320,    0,    0
 18270,102153,20220321,    8,    0
 18270,102153,20220322,   10,    0
 18270,102153,20220323,    0,    0
 18270,102153,20220324,    0,    0
 18270,102153,20220325,    0,    0
 18270,102153,20220326,    0,    0
 18270,102153,20220327,    0,    0
 18270,102153,20220328,   10,    0
 18270,102153,20220329,    5,    0
 18270,102153,20220330,    7,    0
 18270,102153,20220331,    7,    0
 18270,102153,20220401,    6,    0
 18270,102153,20220402,    0,    0
 18270,102153,20220403,   24,    0
 18270,102153,20220404,   15,    0
 18270,102153,20220405,   14,    0
 18270,102153,20220406,    6,    0
 18270,102153,20220407,   10,    0
 18270,102153,20220408,    1,    0
 18270,102153,20220409,    2,    0
 18270,102153,20220410,    0,    0
 18270,102153,20220411,    1,    0
 18270,102153,20220412,    5,    0
 18270,102153,20220413,   47,    0
 18270,102153,20220414,    0,    0
 18270,102153,20220415,    1,    0
 18270,102153,20220416,    0,    0
 18270,102153,20220417,    0,    0
 18270,102153,20220418,    0,    0
 18270,102153,20220419,    0,    0
 18270,102153,20220420,    0,    0
 18270,102153,20220421,    0,    0
 18270,102153,20220422,    0,    0
 18270,102153,20220423,    0,    0
 18270,102153,20220424,    1,    0
 18270,102153,20220425,    0,    0
 18270,102153,20220426,    0,    0
 18270,102153,20220427,    0,    0
 18270,102153,20220428,    1,    0
 18270,102153,20220429,    1,    0
 18270,102153,20220430,    2,    0
 18270,102153,20220501,    0,    0
 18270,102153,20220502,    1,    0
 18270,102153,20220503,    0,    0
 18270,102153,20220504,    2,    0
 18270,102153,20220505,    0,    0
 18270,102153,20220506,    3,    0
 18270,102153,20220507,    1,    0
 18270,102153,20220508,    0,    0
 18270,102153,20220509,    9,    0
 18270,102153,20220510,  162,    0
 18270,102153,20220511,   58,    0
 18270,102153,20220512,    0,    0
 18270,102153,20220513,    6,    0
 18270,102153,20220514,    1,    0
 18270,102153,20220515,    0,    0
 18270,102153,20220516,    0,    0
 18270,102153,20220517,    0,    0
 18270,102153,20220518,    8,    0
 18270,102153,20220519,    0,    0
 18270,102153,20220520,    1,    0
 18270,102153,20220521,    0,    0
 18270,102153,20220522,    0,    0
 18270,102153,20220523,  112,    0
 18270,102153,20220524,    8,    0
 18270,102153,20220525,   19,    0
 18270,102153,20220526,    0,    0
 18270,102153,20220527,    0,    0
 18270,102153,20220528,    0,    0
 18270,102153,20220529,    3,    0
 18270,102153,20220530,    0,    0
 18270,102153,20220531,   16,    0
 18270,102153,20220601,   20,    0
 18270,102153,20220602,    5,    0
 18270,102153,20220603,    0,    0
 18270,102153,20220604,    0,    0
 18270,102153,20220605,    0,    0
 18270,102153,20220606,    0,    0
 18270,102153,20220607,   17,    0
 18270,102153,20220608,    3,    0
 18270,102153,20220609,   10,    0
 18270,102153,20220610,    2,    0
 18270,102153,20220611,   57,    0
 18270,102153,20220612,    9,    0
 18270,102153,20220613,    0,    0
 18270,102153,20220614,    0,    0
 18270,102153,20220615,    0,    0
 18270,102153,20220616,    0,    0
 18270,102153,20220617,   29,    0
 18270,102153,20220618,    5,    0
 18270,102153,20220619,   17,    0
 18270,102153,20220620,    0,    0
 18270,102153,20220621,    1,    0
 18270,102153,20220622,    0,    0
 18270,102153,20220623,    0,    0
 18270,102153,20220624,   25,    0
 18270,102153,20220625,   19,    0
 18270,102153,20220626,   90,    0
 18270,102153,20220627,   96,    0
 18270,102153,20220628,    0,    0
 18270,102153,20220629,    0,    0
 18270,102153,20220630,    0,    0
 18270,102153,20220701,   87,    0
 18270,102153,20220702,   18,    0
 18270,102153,20220703,    4,    0
 18270,102153,20220704,    2,    0
 18270,102153,20220705,    8,    0
 18270,102153,20220706,    2,    0
 18270,102153,20220707,    0,    0
 18270,102153,20220708,    2,    0
 18270,102153,20220709,    0,    0
 18270,102153,20220710,    0,    0
 18270,102153,20220711,    0,    0
 18270,102153,20220712,    0,    0
 18270,102153,20220713,    5,    0
 18270,102153,20220714,    4,    0
 18270,102153,20220715,    1,    0
 18270,102153,20220716,    0,    0
 18270,102153,20220717,   42,    0
 18270,102153,20220718,    2,    0
 18270,102153,20220719,    0,    0
 18270,102153,20220720,   41,    0
 18270,102153,20220721,    3,    0
 18270,102153,20220722,    0,    0
 18270,102153,20220723,   99,    0
 18270,102153,20220724,   66,    0
 18270,102153,20220725,   22,    0
 18270,102153,20220726,    6,    0
 18270,102153,20220727,    0,    0
 18270,102153,20220728,    3,    0
 18270,102153,20220729,    0,    0
 18270,102153,20220730,    5,    0
 18270,102153,20220731,   35,    0
 18270,102153,20220801,    1,    0
 18270,102153,20220802,   55,    0
 18270,102153,20220803,   15,    0
 18270,102153,20220804,   25,    0
 18270,102153,20220805,    1,    0
 18270,102153,20220806,    8,    0
 18270,102153,20220807,   42,    0
 18270,102153,20220808,    0,    0
 18270,102153,20220809,    0,    0
 18270,102153,20220810,    0,    0
 18270,102153,20220811,    0,    0
 18270,102153,20220812,    0,    0
 18270,102153,20220813,    0,    0
 18270,102153,20220814,   12,    0
 18270,102153,20220815,   11,    0
 18270,102153,20220816,   39,    0
 18270,102153,20220817,    0,    0
 18270,102153,20220818,    2,    0
 18270,102153,20220819,   13,    0
 18270,102153,20220820,    8,    0
 18270,102153,20220821,   56,    0
 18270,102153,20220822,    0,    0
 18270,102153,20220823,    0,    0
 18270,102153,20220824,    1,    0
 18270,102153,20220825,   17,    0
 18270,102153,20220826,    5,    0
 18270,102153,20220827,    1,    0
 18270,102153,20220828,    0,    0
 18270,102153,20220829,    0,    0
 18270,102153,20220830,    0,    0
 18270,102153,20220831,    1,    0
 18270,102153,20220901,    1,    0
 18270,102153,20220902,    0,    0
 18270,102153,20220903,    0,    0
 18270,102153,20220904,    0,    0
 18270,102153,20220905,    1,    0
 18270,102153,20220906,    1,    0
 18270,102153,20220907,    0,    0
 18270,102153,20220908,    0,    0
 18270,102153,20220909,    0,    0
 18270,102153,20220910,    1,    0
 18270,102153,20220911,    0,    0
 18270,102153,20220912,  316,    0
 18270,102153,20220913,   11,    0
 18270,102153,20220914,    4,    0
 18270,102153,20220915,    0,    0
 18270,102153,20220916,    6,    0
 18270,102153,20220917,   10,    0
 18270,102153,20220918,    2,    0
 18270,102153,20220919,    1,    0
 18270,102153,20220920,    0,    0
 18270,102153,20220921,    0,    0
 18270,102153,20220922,   28,    0
 18270,102153,20220923,   21,    0
 18270,102153,20220924,    0,    0
 18270,102153,20220925,   42,    0
 18270,102153,20220926,  116,    0
 18270,102153,20220927,   50,    0
 18270,102153,20220928,    6,    0
 18270,102153,20220929,    2,    0
 18270,102153,20220930,   18,    0
 18270,102153,20221001,   61,    0
 18270,102153,20221002,    2,    0
 18270,102153,20221003,    0,    0
 18270,102153,20221004,   54,    0
 18270,102153,20221005,  170,    0
 18270,102153,20221006,  371,    0
 18270,102153,20221007,  118,    0
 18270,102153,20221008,    1,    0
 18270,102153,20221009,    2,    0
 18270,102153,20221010,   33,    0
 18270,102153,20221011,    0,    0
 18270,102153,20221012,   28,    0
 18270,102153,20221013,    3,    0
 18270,102153,20221014,  136,    0
 18270,102153,20221015,   25,    0
 18270,102153,20221016,  128,    0
 18270,102153,20221017,   82,    0
 18270,102153,20221018,   16,    0
 18270,102153,20221019,    1,    0
 18270,102153,20221020,    0,    0
 18270,102153,20221021,    0,    0
 18270,102153,20221022,    0,    0
 18270,102153,20221023,    1,    0
 18270,102153,20221024,   40,    0
 18270,102153,20221025,    9,    0
 18270,102153,20221026,   41,    0
 18270,102153,20221027,    4,    0
 18270,102153,20221028,   43,    0
 18270,102153,20221029,    6,    0
 18270,102153,20221030,   12,    0
 18270,102153,20221031,-9999,    9
