EUROPEAN CLIMATE ASSESSMENT & DATASET (ECA&D), file created on: 16-11-2022
THESE DATA CAN BE USED FOR NON-COMMERCIAL RESEARCH AND EDUCATION PROVIDED THAT THE FOLLOWING SOURCE IS ACKNOWLEDGED: 

Klein Tank, A.M.G. and Coauthors, 2002. Daily dataset of 20th-century surface
air temperature and precipitation series for the European Climate Assessment.
Int. J. of Climatol., 22, 1441-1453.
Data and metadata available at http://www.ecad.eu

FILE FORMAT (MISSING VALUE CODE = -9999):

01-06 STAID: Station identifier
08-13 SOUID: Source identifier
15-22 DATE : Date YYYYMMDD
24-28 RR   : Precipitation amount in 0.1 mm
30-34 Q_RR : quality code for RR (0='valid'; 1='suspect'; 9='missing')

This is the blended series of station RIOLA_DI_VERGATO, ITALY (STAID: 17867)
Blended and updated with sources:98035 
See files sources.txt and stations.txt for more info.

STAID, SOUID,    DATE,   RR, Q_RR
 17867, 98035,20190401,-9999,    9
 17867, 98035,20190402,-9999,    9
 17867, 98035,20190403,-9999,    9
 17867, 98035,20190404,-9999,    9
 17867, 98035,20190405,-9999,    9
 17867, 98035,20190406,-9999,    9
 17867, 98035,20190407,-9999,    9
 17867, 98035,20190408,-9999,    9
 17867, 98035,20190409,-9999,    9
 17867, 98035,20190410,-9999,    9
 17867, 98035,20190411,-9999,    9
 17867, 98035,20190412,-9999,    9
 17867, 98035,20190413,-9999,    9
 17867, 98035,20190414,-9999,    9
 17867, 98035,20190415,-9999,    9
 17867, 98035,20190416,-9999,    9
 17867, 98035,20190417,-9999,    9
 17867, 98035,20190418,-9999,    9
 17867, 98035,20190419,-9999,    9
 17867, 98035,20190420,-9999,    9
 17867, 98035,20190421,-9999,    9
 17867, 98035,20190422,-9999,    9
 17867, 98035,20190423,-9999,    9
 17867, 98035,20190424,-9999,    9
 17867, 98035,20190425,-9999,    9
 17867, 98035,20190426,-9999,    9
 17867, 98035,20190427,-9999,    9
 17867, 98035,20190428,-9999,    9
 17867, 98035,20190429,-9999,    9
 17867, 98035,20190430,    0,    0
 17867, 98035,20190501,   25,    0
 17867, 98035,20190502,    0,    0
 17867, 98035,20190503,   26,    0
 17867, 98035,20190504,   26,    0
 17867, 98035,20190505,  775,    0
 17867, 98035,20190506,   56,    0
 17867, 98035,20190507,    0,    0
 17867, 98035,20190508,    0,    0
 17867, 98035,20190509,  130,    0
 17867, 98035,20190510,    0,    0
 17867, 98035,20190511,   46,    0
 17867, 98035,20190512,  331,    0
 17867, 98035,20190513,   85,    0
 17867, 98035,20190514,    5,    0
 17867, 98035,20190515,   17,    0
 17867, 98035,20190516,    0,    0
 17867, 98035,20190517,   36,    0
 17867, 98035,20190518,  172,    0
 17867, 98035,20190519,  121,    0
 17867, 98035,20190520,    3,    0
 17867, 98035,20190521,    1,    0
 17867, 98035,20190522,    1,    0
 17867, 98035,20190523,   12,    0
 17867, 98035,20190524,   40,    0
 17867, 98035,20190525,   14,    0
 17867, 98035,20190526,  219,    0
 17867, 98035,20190527,  154,    0
 17867, 98035,20190528,   45,    0
 17867, 98035,20190529,   73,    0
 17867, 98035,20190530,    0,    0
 17867, 98035,20190531,-9999,    9
 17867, 98035,20190601,-9999,    9
 17867, 98035,20190602,-9999,    9
 17867, 98035,20190603,-9999,    9
 17867, 98035,20190604,-9999,    9
 17867, 98035,20190605,-9999,    9
 17867, 98035,20190606,-9999,    9
 17867, 98035,20190607,-9999,    9
 17867, 98035,20190608,-9999,    9
 17867, 98035,20190609,-9999,    9
 17867, 98035,20190610,-9999,    9
 17867, 98035,20190611,-9999,    9
 17867, 98035,20190612,-9999,    9
 17867, 98035,20190613,-9999,    9
 17867, 98035,20190614,-9999,    9
 17867, 98035,20190615,-9999,    9
 17867, 98035,20190616,-9999,    9
 17867, 98035,20190617,-9999,    9
 17867, 98035,20190618,-9999,    9
 17867, 98035,20190619,-9999,    9
 17867, 98035,20190620,-9999,    9
 17867, 98035,20190621,-9999,    9
 17867, 98035,20190622,-9999,    9
 17867, 98035,20190623,-9999,    9
 17867, 98035,20190624,-9999,    9
 17867, 98035,20190625,-9999,    9
 17867, 98035,20190626,-9999,    9
 17867, 98035,20190627,-9999,    9
 17867, 98035,20190628,-9999,    9
 17867, 98035,20190629,-9999,    9
 17867, 98035,20190630,-9999,    9
 17867, 98035,20190701,-9999,    9
 17867, 98035,20190702,-9999,    9
 17867, 98035,20190703,-9999,    9
 17867, 98035,20190704,-9999,    9
 17867, 98035,20190705,-9999,    9
 17867, 98035,20190706,-9999,    9
 17867, 98035,20190707,-9999,    9
 17867, 98035,20190708,-9999,    9
 17867, 98035,20190709,-9999,    9
 17867, 98035,20190710,-9999,    9
 17867, 98035,20190711,-9999,    9
 17867, 98035,20190712,-9999,    9
 17867, 98035,20190713,-9999,    9
 17867, 98035,20190714,-9999,    9
 17867, 98035,20190715,-9999,    9
 17867, 98035,20190716,-9999,    9
 17867, 98035,20190717,-9999,    9
 17867, 98035,20190718,-9999,    9
 17867, 98035,20190719,-9999,    9
 17867, 98035,20190720,-9999,    9
 17867, 98035,20190721,-9999,    9
 17867, 98035,20190722,-9999,    9
 17867, 98035,20190723,-9999,    9
 17867, 98035,20190724,-9999,    9
 17867, 98035,20190725,-9999,    9
 17867, 98035,20190726,-9999,    9
 17867, 98035,20190727,-9999,    9
 17867, 98035,20190728,-9999,    9
 17867, 98035,20190729,-9999,    9
 17867, 98035,20190730,-9999,    9
 17867, 98035,20190731,-9999,    9
 17867, 98035,20190801,-9999,    9
 17867, 98035,20190802,-9999,    9
 17867, 98035,20190803,-9999,    9
 17867, 98035,20190804,-9999,    9
 17867, 98035,20190805,-9999,    9
 17867, 98035,20190806,-9999,    9
 17867, 98035,20190807,-9999,    9
 17867, 98035,20190808,-9999,    9
 17867, 98035,20190809,-9999,    9
 17867, 98035,20190810,-9999,    9
 17867, 98035,20190811,-9999,    9
 17867, 98035,20190812,-9999,    9
 17867, 98035,20190813,-9999,    9
 17867, 98035,20190814,-9999,    9
 17867, 98035,20190815,-9999,    9
 17867, 98035,20190816,-9999,    9
 17867, 98035,20190817,-9999,    9
 17867, 98035,20190818,-9999,    9
 17867, 98035,20190819,-9999,    9
 17867, 98035,20190820,-9999,    9
 17867, 98035,20190821,-9999,    9
 17867, 98035,20190822,-9999,    9
 17867, 98035,20190823,-9999,    9
 17867, 98035,20190824,-9999,    9
 17867, 98035,20190825,-9999,    9
 17867, 98035,20190826,-9999,    9
 17867, 98035,20190827,-9999,    9
 17867, 98035,20190828,-9999,    9
 17867, 98035,20190829,-9999,    9
 17867, 98035,20190830,-9999,    9
 17867, 98035,20190831,-9999,    9
 17867, 98035,20190901,-9999,    9
 17867, 98035,20190902,-9999,    9
 17867, 98035,20190903,-9999,    9
 17867, 98035,20190904,-9999,    9
 17867, 98035,20190905,-9999,    9
 17867, 98035,20190906,-9999,    9
 17867, 98035,20190907,-9999,    9
 17867, 98035,20190908,-9999,    9
 17867, 98035,20190909,-9999,    9
 17867, 98035,20190910,-9999,    9
 17867, 98035,20190911,-9999,    9
 17867, 98035,20190912,-9999,    9
 17867, 98035,20190913,-9999,    9
 17867, 98035,20190914,-9999,    9
 17867, 98035,20190915,-9999,    9
 17867, 98035,20190916,-9999,    9
 17867, 98035,20190917,-9999,    9
 17867, 98035,20190918,-9999,    9
 17867, 98035,20190919,-9999,    9
 17867, 98035,20190920,-9999,    9
 17867, 98035,20190921,-9999,    9
 17867, 98035,20190922,-9999,    9
 17867, 98035,20190923,-9999,    9
 17867, 98035,20190924,-9999,    9
 17867, 98035,20190925,-9999,    9
 17867, 98035,20190926,-9999,    9
 17867, 98035,20190927,-9999,    9
 17867, 98035,20190928,-9999,    9
 17867, 98035,20190929,-9999,    9
 17867, 98035,20190930,-9999,    9
 17867, 98035,20191001,-9999,    9
 17867, 98035,20191002,-9999,    9
 17867, 98035,20191003,-9999,    9
 17867, 98035,20191004,-9999,    9
 17867, 98035,20191005,-9999,    9
 17867, 98035,20191006,-9999,    9
 17867, 98035,20191007,-9999,    9
 17867, 98035,20191008,-9999,    9
 17867, 98035,20191009,-9999,    9
 17867, 98035,20191010,-9999,    9
 17867, 98035,20191011,-9999,    9
 17867, 98035,20191012,-9999,    9
 17867, 98035,20191013,-9999,    9
 17867, 98035,20191014,-9999,    9
 17867, 98035,20191015,-9999,    9
 17867, 98035,20191016,-9999,    9
 17867, 98035,20191017,-9999,    9
 17867, 98035,20191018,-9999,    9
 17867, 98035,20191019,-9999,    9
 17867, 98035,20191020,-9999,    9
 17867, 98035,20191021,-9999,    9
 17867, 98035,20191022,-9999,    9
 17867, 98035,20191023,-9999,    9
 17867, 98035,20191024,-9999,    9
 17867, 98035,20191025,-9999,    9
 17867, 98035,20191026,-9999,    9
 17867, 98035,20191027,-9999,    9
 17867, 98035,20191028,-9999,    9
 17867, 98035,20191029,-9999,    9
 17867, 98035,20191030,-9999,    9
 17867, 98035,20191031,-9999,    9
 17867, 98035,20191101,-9999,    9
 17867, 98035,20191102,-9999,    9
 17867, 98035,20191103,-9999,    9
 17867, 98035,20191104,-9999,    9
 17867, 98035,20191105,-9999,    9
 17867, 98035,20191106,-9999,    9
 17867, 98035,20191107,-9999,    9
 17867, 98035,20191108,-9999,    9
 17867, 98035,20191109,-9999,    9
 17867, 98035,20191110,-9999,    9
 17867, 98035,20191111,-9999,    9
 17867, 98035,20191112,-9999,    9
 17867, 98035,20191113,-9999,    9
 17867, 98035,20191114,-9999,    9
 17867, 98035,20191115,-9999,    9
 17867, 98035,20191116,-9999,    9
 17867, 98035,20191117,-9999,    9
 17867, 98035,20191118,-9999,    9
 17867, 98035,20191119,-9999,    9
 17867, 98035,20191120,-9999,    9
 17867, 98035,20191121,-9999,    9
 17867, 98035,20191122,-9999,    9
 17867, 98035,20191123,-9999,    9
 17867, 98035,20191124,-9999,    9
 17867, 98035,20191125,-9999,    9
 17867, 98035,20191126,-9999,    9
 17867, 98035,20191127,-9999,    9
 17867, 98035,20191128,-9999,    9
 17867, 98035,20191129,-9999,    9
 17867, 98035,20191130,-9999,    9
 17867, 98035,20191201,-9999,    9
 17867, 98035,20191202,-9999,    9
 17867, 98035,20191203,-9999,    9
 17867, 98035,20191204,-9999,    9
 17867, 98035,20191205,-9999,    9
 17867, 98035,20191206,-9999,    9
 17867, 98035,20191207,-9999,    9
 17867, 98035,20191208,-9999,    9
 17867, 98035,20191209,-9999,    9
 17867, 98035,20191210,-9999,    9
 17867, 98035,20191211,-9999,    9
 17867, 98035,20191212,-9999,    9
 17867, 98035,20191213,-9999,    9
 17867, 98035,20191214,-9999,    9
 17867, 98035,20191215,-9999,    9
 17867, 98035,20191216,-9999,    9
 17867, 98035,20191217,-9999,    9
 17867, 98035,20191218,-9999,    9
 17867, 98035,20191219,-9999,    9
 17867, 98035,20191220,-9999,    9
 17867, 98035,20191221,-9999,    9
 17867, 98035,20191222,-9999,    9
 17867, 98035,20191223,-9999,    9
 17867, 98035,20191224,-9999,    9
 17867, 98035,20191225,-9999,    9
 17867, 98035,20191226,-9999,    9
 17867, 98035,20191227,-9999,    9
 17867, 98035,20191228,-9999,    9
 17867, 98035,20191229,-9999,    9
 17867, 98035,20191230,-9999,    9
 17867, 98035,20191231,-9999,    9
 17867, 98035,20200101,-9999,    9
 17867, 98035,20200102,-9999,    9
 17867, 98035,20200103,-9999,    9
 17867, 98035,20200104,-9999,    9
 17867, 98035,20200105,-9999,    9
 17867, 98035,20200106,-9999,    9
 17867, 98035,20200107,-9999,    9
 17867, 98035,20200108,-9999,    9
 17867, 98035,20200109,-9999,    9
 17867, 98035,20200110,-9999,    9
 17867, 98035,20200111,-9999,    9
 17867, 98035,20200112,-9999,    9
 17867, 98035,20200113,-9999,    9
 17867, 98035,20200114,-9999,    9
 17867, 98035,20200115,-9999,    9
 17867, 98035,20200116,-9999,    9
 17867, 98035,20200117,-9999,    9
 17867, 98035,20200118,-9999,    9
 17867, 98035,20200119,-9999,    9
 17867, 98035,20200120,-9999,    9
 17867, 98035,20200121,-9999,    9
 17867, 98035,20200122,-9999,    9
 17867, 98035,20200123,-9999,    9
 17867, 98035,20200124,-9999,    9
 17867, 98035,20200125,-9999,    9
 17867, 98035,20200126,-9999,    9
 17867, 98035,20200127,-9999,    9
 17867, 98035,20200128,-9999,    9
 17867, 98035,20200129,-9999,    9
 17867, 98035,20200130,-9999,    9
 17867, 98035,20200131,-9999,    9
 17867, 98035,20200201,-9999,    9
 17867, 98035,20200202,-9999,    9
 17867, 98035,20200203,-9999,    9
 17867, 98035,20200204,-9999,    9
 17867, 98035,20200205,-9999,    9
 17867, 98035,20200206,-9999,    9
 17867, 98035,20200207,-9999,    9
 17867, 98035,20200208,-9999,    9
 17867, 98035,20200209,-9999,    9
 17867, 98035,20200210,-9999,    9
 17867, 98035,20200211,-9999,    9
 17867, 98035,20200212,-9999,    9
 17867, 98035,20200213,-9999,    9
 17867, 98035,20200214,-9999,    9
 17867, 98035,20200215,-9999,    9
 17867, 98035,20200216,-9999,    9
 17867, 98035,20200217,-9999,    9
 17867, 98035,20200218,-9999,    9
 17867, 98035,20200219,-9999,    9
 17867, 98035,20200220,-9999,    9
 17867, 98035,20200221,-9999,    9
 17867, 98035,20200222,-9999,    9
 17867, 98035,20200223,-9999,    9
 17867, 98035,20200224,-9999,    9
 17867, 98035,20200225,-9999,    9
 17867, 98035,20200226,-9999,    9
 17867, 98035,20200227,-9999,    9
 17867, 98035,20200228,-9999,    9
 17867, 98035,20200229,-9999,    9
 17867, 98035,20200301,-9999,    9
 17867, 98035,20200302,-9999,    9
 17867, 98035,20200303,-9999,    9
 17867, 98035,20200304,-9999,    9
 17867, 98035,20200305,-9999,    9
 17867, 98035,20200306,-9999,    9
 17867, 98035,20200307,-9999,    9
 17867, 98035,20200308,-9999,    9
 17867, 98035,20200309,-9999,    9
 17867, 98035,20200310,-9999,    9
 17867, 98035,20200311,-9999,    9
 17867, 98035,20200312,-9999,    9
 17867, 98035,20200313,-9999,    9
 17867, 98035,20200314,-9999,    9
 17867, 98035,20200315,-9999,    9
 17867, 98035,20200316,-9999,    9
 17867, 98035,20200317,-9999,    9
 17867, 98035,20200318,-9999,    9
 17867, 98035,20200319,-9999,    9
 17867, 98035,20200320,-9999,    9
 17867, 98035,20200321,-9999,    9
 17867, 98035,20200322,-9999,    9
 17867, 98035,20200323,-9999,    9
 17867, 98035,20200324,-9999,    9
 17867, 98035,20200325,-9999,    9
 17867, 98035,20200326,-9999,    9
 17867, 98035,20200327,-9999,    9
 17867, 98035,20200328,-9999,    9
 17867, 98035,20200329,-9999,    9
 17867, 98035,20200330,-9999,    9
 17867, 98035,20200331,-9999,    9
 17867, 98035,20200401,-9999,    9
 17867, 98035,20200402,-9999,    9
 17867, 98035,20200403,-9999,    9
 17867, 98035,20200404,-9999,    9
 17867, 98035,20200405,-9999,    9
 17867, 98035,20200406,-9999,    9
 17867, 98035,20200407,-9999,    9
 17867, 98035,20200408,-9999,    9
 17867, 98035,20200409,-9999,    9
 17867, 98035,20200410,-9999,    9
 17867, 98035,20200411,-9999,    9
 17867, 98035,20200412,-9999,    9
 17867, 98035,20200413,-9999,    9
 17867, 98035,20200414,-9999,    9
 17867, 98035,20200415,-9999,    9
 17867, 98035,20200416,-9999,    9
 17867, 98035,20200417,-9999,    9
 17867, 98035,20200418,-9999,    9
 17867, 98035,20200419,-9999,    9
 17867, 98035,20200420,-9999,    9
 17867, 98035,20200421,-9999,    9
 17867, 98035,20200422,-9999,    9
 17867, 98035,20200423,-9999,    9
 17867, 98035,20200424,-9999,    9
 17867, 98035,20200425,-9999,    9
 17867, 98035,20200426,-9999,    9
 17867, 98035,20200427,-9999,    9
 17867, 98035,20200428,-9999,    9
 17867, 98035,20200429,-9999,    9
 17867, 98035,20200430,    5,    0
 17867, 98035,20200501,    1,    0
 17867, 98035,20200502,    0,    0
 17867, 98035,20200503,    0,    0
 17867, 98035,20200504,    0,    0
 17867, 98035,20200505,    0,    0
 17867, 98035,20200506,    0,    0
 17867, 98035,20200507,    0,    0
 17867, 98035,20200508,    0,    0
 17867, 98035,20200509,    0,    0
 17867, 98035,20200510,    0,    0
 17867, 98035,20200511,   26,    0
 17867, 98035,20200512,    0,    0
 17867, 98035,20200513,    0,    0
 17867, 98035,20200514,    2,    0
 17867, 98035,20200515,    0,    0
 17867, 98035,20200516,    7,    0
 17867, 98035,20200517,    7,    0
 17867, 98035,20200518,   35,    0
 17867, 98035,20200519,   74,    0
 17867, 98035,20200520,-9999,    9
 17867, 98035,20200521,    0,    0
 17867, 98035,20200522,    0,    0
 17867, 98035,20200523,    0,    0
 17867, 98035,20200524,    0,    0
 17867, 98035,20200525,    0,    0
 17867, 98035,20200526,    0,    0
 17867, 98035,20200527,    0,    0
 17867, 98035,20200528,    4,    0
 17867, 98035,20200529,  125,    0
 17867, 98035,20200530,    0,    0
 17867, 98035,20200531,    3,    0
 17867, 98035,20200601,    0,    0
 17867, 98035,20200602,    9,    0
 17867, 98035,20200603,    0,    0
 17867, 98035,20200604,  431,    0
 17867, 98035,20200605,   23,    0
 17867, 98035,20200606,    0,    0
 17867, 98035,20200607,   33,    0
 17867, 98035,20200608,   80,    0
 17867, 98035,20200609,  103,    0
 17867, 98035,20200610,    4,    0
 17867, 98035,20200611,   10,    0
 17867, 98035,20200612,    1,    0
 17867, 98035,20200613,   65,    0
 17867, 98035,20200614,    0,    0
 17867, 98035,20200615,  228,    0
 17867, 98035,20200616,    4,    0
 17867, 98035,20200617,    0,    0
 17867, 98035,20200618,    0,    0
 17867, 98035,20200619,    0,    0
 17867, 98035,20200620,    0,    0
 17867, 98035,20200621,    0,    0
 17867, 98035,20200622,    0,    0
 17867, 98035,20200623,-9999,    9
 17867, 98035,20200624,    0,    0
 17867, 98035,20200625,    0,    0
 17867, 98035,20200626,    0,    0
 17867, 98035,20200627,    0,    0
 17867, 98035,20200628,    0,    0
 17867, 98035,20200629,    0,    0
 17867, 98035,20200630,    0,    0
 17867, 98035,20200701,    0,    0
 17867, 98035,20200702,    0,    0
 17867, 98035,20200703,  166,    0
 17867, 98035,20200704,  103,    0
 17867, 98035,20200705,    0,    0
 17867, 98035,20200706,    0,    0
 17867, 98035,20200707,    3,    0
 17867, 98035,20200708,    0,    0
 17867, 98035,20200709,    0,    0
 17867, 98035,20200710,    0,    0
 17867, 98035,20200711,    0,    0
 17867, 98035,20200712,    0,    0
 17867, 98035,20200713,    0,    0
 17867, 98035,20200714,    0,    0
 17867, 98035,20200715,  199,    0
 17867, 98035,20200716,    0,    0
 17867, 98035,20200717,    7,    0
 17867, 98035,20200718,    0,    0
 17867, 98035,20200719,    0,    0
 17867, 98035,20200720,    0,    0
 17867, 98035,20200721,    0,    0
 17867, 98035,20200722,   12,    0
 17867, 98035,20200723,    0,    0
 17867, 98035,20200724,  168,    0
 17867, 98035,20200725,    1,    0
 17867, 98035,20200726,    0,    0
 17867, 98035,20200727,    0,    0
 17867, 98035,20200728,    0,    0
 17867, 98035,20200729,    0,    0
 17867, 98035,20200730,    0,    0
 17867, 98035,20200731,   11,    0
 17867, 98035,20200801,    0,    0
 17867, 98035,20200802,  118,    0
 17867, 98035,20200803,   52,    0
 17867, 98035,20200804,  157,    0
 17867, 98035,20200805,   18,    0
 17867, 98035,20200806,    0,    0
 17867, 98035,20200807,    0,    0
 17867, 98035,20200808,    0,    0
 17867, 98035,20200809,    0,    0
 17867, 98035,20200810,    0,    0
 17867, 98035,20200811,    0,    0
 17867, 98035,20200812,    0,    0
 17867, 98035,20200813,    0,    0
 17867, 98035,20200814,    1,    0
 17867, 98035,20200815,  136,    0
 17867, 98035,20200816,    1,    0
 17867, 98035,20200817,    0,    0
 17867, 98035,20200818,    0,    0
 17867, 98035,20200819,    0,    0
 17867, 98035,20200820,    0,    0
 17867, 98035,20200821,    0,    0
 17867, 98035,20200822,    0,    0
 17867, 98035,20200823,    0,    0
 17867, 98035,20200824,    0,    0
 17867, 98035,20200825,    0,    0
 17867, 98035,20200826,    0,    0
 17867, 98035,20200827,    0,    0
 17867, 98035,20200828,    0,    0
 17867, 98035,20200829,   34,    0
 17867, 98035,20200830,   58,    0
 17867, 98035,20200831,  101,    0
 17867, 98035,20200901,    1,    0
 17867, 98035,20200902,   51,    0
 17867, 98035,20200903,    1,    0
 17867, 98035,20200904,    1,    0
 17867, 98035,20200905,    0,    0
 17867, 98035,20200906,    0,    0
 17867, 98035,20200907,    8,    0
 17867, 98035,20200908,    0,    0
 17867, 98035,20200909,    0,    0
 17867, 98035,20200910,    0,    0
 17867, 98035,20200911,    0,    0
 17867, 98035,20200912,    0,    0
 17867, 98035,20200913,    0,    0
 17867, 98035,20200914,    0,    0
 17867, 98035,20200915,    0,    0
 17867, 98035,20200916,    0,    0
 17867, 98035,20200917,    0,    0
 17867, 98035,20200918,    0,    0
 17867, 98035,20200919,    0,    0
 17867, 98035,20200920,   42,    0
 17867, 98035,20200921,   34,    0
 17867, 98035,20200922,   16,    0
 17867, 98035,20200923,    7,    0
 17867, 98035,20200924,   40,    0
 17867, 98035,20200925,   33,    0
 17867, 98035,20200926,    1,    0
 17867, 98035,20200927,   61,    0
 17867, 98035,20200928,    1,    0
 17867, 98035,20200929,    0,    0
 17867, 98035,20200930,    0,    0
 17867, 98035,20201001,    0,    0
 17867, 98035,20201002,   23,    0
 17867, 98035,20201003,   14,    0
 17867, 98035,20201004,  206,    0
 17867, 98035,20201005,    2,    0
 17867, 98035,20201006,    0,    0
 17867, 98035,20201007,   28,    0
 17867, 98035,20201008,    1,    0
 17867, 98035,20201009,    0,    0
 17867, 98035,20201010,    0,    0
 17867, 98035,20201011,   46,    0
 17867, 98035,20201012,   42,    0
 17867, 98035,20201013,    1,    0
 17867, 98035,20201014,  178,    0
 17867, 98035,20201015,  157,    0
 17867, 98035,20201016,    1,    0
 17867, 98035,20201017,    1,    0
 17867, 98035,20201018,    6,    0
 17867, 98035,20201019,    1,    0
 17867, 98035,20201020,    1,    0
 17867, 98035,20201021,    1,    0
 17867, 98035,20201022,    0,    0
 17867, 98035,20201023,   10,    0
 17867, 98035,20201024,    1,    0
 17867, 98035,20201025,    0,    0
 17867, 98035,20201026,   87,    0
 17867, 98035,20201027,    2,    0
 17867, 98035,20201028,    1,    0
 17867, 98035,20201029,    0,    0
 17867, 98035,20201030,    1,    0
 17867, 98035,20201031,-9999,    9
 17867, 98035,20201101,-9999,    9
 17867, 98035,20201102,-9999,    9
 17867, 98035,20201103,-9999,    9
 17867, 98035,20201104,-9999,    9
 17867, 98035,20201105,-9999,    9
 17867, 98035,20201106,-9999,    9
 17867, 98035,20201107,-9999,    9
 17867, 98035,20201108,-9999,    9
 17867, 98035,20201109,-9999,    9
 17867, 98035,20201110,-9999,    9
 17867, 98035,20201111,-9999,    9
 17867, 98035,20201112,-9999,    9
 17867, 98035,20201113,-9999,    9
 17867, 98035,20201114,-9999,    9
 17867, 98035,20201115,-9999,    9
 17867, 98035,20201116,-9999,    9
 17867, 98035,20201117,-9999,    9
 17867, 98035,20201118,-9999,    9
 17867, 98035,20201119,-9999,    9
 17867, 98035,20201120,-9999,    9
 17867, 98035,20201121,-9999,    9
 17867, 98035,20201122,-9999,    9
 17867, 98035,20201123,-9999,    9
 17867, 98035,20201124,-9999,    9
 17867, 98035,20201125,-9999,    9
 17867, 98035,20201126,-9999,    9
 17867, 98035,20201127,-9999,    9
 17867, 98035,20201128,-9999,    9
 17867, 98035,20201129,-9999,    9
 17867, 98035,20201130,-9999,    9
 17867, 98035,20201201,-9999,    9
 17867, 98035,20201202,-9999,    9
 17867, 98035,20201203,-9999,    9
 17867, 98035,20201204,-9999,    9
 17867, 98035,20201205,-9999,    9
 17867, 98035,20201206,-9999,    9
 17867, 98035,20201207,-9999,    9
 17867, 98035,20201208,-9999,    9
 17867, 98035,20201209,-9999,    9
 17867, 98035,20201210,-9999,    9
 17867, 98035,20201211,-9999,    9
 17867, 98035,20201212,-9999,    9
 17867, 98035,20201213,-9999,    9
 17867, 98035,20201214,-9999,    9
 17867, 98035,20201215,-9999,    9
 17867, 98035,20201216,-9999,    9
 17867, 98035,20201217,-9999,    9
 17867, 98035,20201218,-9999,    9
 17867, 98035,20201219,-9999,    9
 17867, 98035,20201220,-9999,    9
 17867, 98035,20201221,-9999,    9
 17867, 98035,20201222,-9999,    9
 17867, 98035,20201223,-9999,    9
 17867, 98035,20201224,-9999,    9
 17867, 98035,20201225,-9999,    9
 17867, 98035,20201226,-9999,    9
 17867, 98035,20201227,-9999,    9
 17867, 98035,20201228,-9999,    9
 17867, 98035,20201229,-9999,    9
 17867, 98035,20201230,-9999,    9
 17867, 98035,20201231,-9999,    9
 17867, 98035,20210101,-9999,    9
 17867, 98035,20210102,-9999,    9
 17867, 98035,20210103,-9999,    9
 17867, 98035,20210104,-9999,    9
 17867, 98035,20210105,-9999,    9
 17867, 98035,20210106,-9999,    9
 17867, 98035,20210107,-9999,    9
 17867, 98035,20210108,-9999,    9
 17867, 98035,20210109,-9999,    9
 17867, 98035,20210110,-9999,    9
 17867, 98035,20210111,-9999,    9
 17867, 98035,20210112,-9999,    9
 17867, 98035,20210113,-9999,    9
 17867, 98035,20210114,-9999,    9
 17867, 98035,20210115,-9999,    9
 17867, 98035,20210116,-9999,    9
 17867, 98035,20210117,-9999,    9
 17867, 98035,20210118,-9999,    9
 17867, 98035,20210119,-9999,    9
 17867, 98035,20210120,-9999,    9
 17867, 98035,20210121,-9999,    9
 17867, 98035,20210122,-9999,    9
 17867, 98035,20210123,-9999,    9
 17867, 98035,20210124,-9999,    9
 17867, 98035,20210125,-9999,    9
 17867, 98035,20210126,-9999,    9
 17867, 98035,20210127,-9999,    9
 17867, 98035,20210128,-9999,    9
 17867, 98035,20210129,-9999,    9
 17867, 98035,20210130,-9999,    9
 17867, 98035,20210131,-9999,    9
 17867, 98035,20210201,-9999,    9
 17867, 98035,20210202,-9999,    9
 17867, 98035,20210203,-9999,    9
 17867, 98035,20210204,-9999,    9
 17867, 98035,20210205,-9999,    9
 17867, 98035,20210206,-9999,    9
 17867, 98035,20210207,-9999,    9
 17867, 98035,20210208,-9999,    9
 17867, 98035,20210209,-9999,    9
 17867, 98035,20210210,-9999,    9
 17867, 98035,20210211,-9999,    9
 17867, 98035,20210212,-9999,    9
 17867, 98035,20210213,-9999,    9
 17867, 98035,20210214,-9999,    9
 17867, 98035,20210215,-9999,    9
 17867, 98035,20210216,-9999,    9
 17867, 98035,20210217,-9999,    9
 17867, 98035,20210218,-9999,    9
 17867, 98035,20210219,-9999,    9
 17867, 98035,20210220,-9999,    9
 17867, 98035,20210221,-9999,    9
 17867, 98035,20210222,-9999,    9
 17867, 98035,20210223,-9999,    9
 17867, 98035,20210224,-9999,    9
 17867, 98035,20210225,-9999,    9
 17867, 98035,20210226,-9999,    9
 17867, 98035,20210227,-9999,    9
 17867, 98035,20210228,-9999,    9
 17867, 98035,20210301,-9999,    9
 17867, 98035,20210302,-9999,    9
 17867, 98035,20210303,-9999,    9
 17867, 98035,20210304,-9999,    9
 17867, 98035,20210305,-9999,    9
 17867, 98035,20210306,-9999,    9
 17867, 98035,20210307,-9999,    9
 17867, 98035,20210308,-9999,    9
 17867, 98035,20210309,-9999,    9
 17867, 98035,20210310,-9999,    9
 17867, 98035,20210311,-9999,    9
 17867, 98035,20210312,-9999,    9
 17867, 98035,20210313,-9999,    9
 17867, 98035,20210314,-9999,    9
 17867, 98035,20210315,-9999,    9
 17867, 98035,20210316,-9999,    9
 17867, 98035,20210317,-9999,    9
 17867, 98035,20210318,    0,    0
 17867, 98035,20210319,    0,    0
 17867, 98035,20210320,-9999,    9
 17867, 98035,20210321,    0,    0
 17867, 98035,20210322,    0,    0
 17867, 98035,20210323,    0,    0
 17867, 98035,20210324,    0,    0
 17867, 98035,20210325,    0,    0
 17867, 98035,20210326,    0,    0
 17867, 98035,20210327,-9999,    9
 17867, 98035,20210328,    0,    0
 17867, 98035,20210329,    0,    0
 17867, 98035,20210330,    0,    0
 17867, 98035,20210331,    0,    0
 17867, 98035,20210401,    0,    0
 17867, 98035,20210402,-9999,    9
 17867, 98035,20210403,    0,    0
 17867, 98035,20210404,    0,    0
 17867, 98035,20210405,    0,    0
 17867, 98035,20210406,-9999,    9
 17867, 98035,20210407,    1,    0
 17867, 98035,20210408,    0,    0
 17867, 98035,20210409,    0,    0
 17867, 98035,20210410,   25,    0
 17867, 98035,20210411,  184,    0
 17867, 98035,20210412,  113,    0
 17867, 98035,20210413,-9999,    9
 17867, 98035,20210414,    1,    0
 17867, 98035,20210415,-9999,    9
 17867, 98035,20210416,-9999,    9
 17867, 98035,20210417,    0,    0
 17867, 98035,20210418,   10,    0
 17867, 98035,20210419,-9999,    9
 17867, 98035,20210420,    0,    0
 17867, 98035,20210421,-9999,    9
 17867, 98035,20210422,-9999,    9
 17867, 98035,20210423,    1,    0
 17867, 98035,20210424,    0,    0
 17867, 98035,20210425,    0,    0
 17867, 98035,20210426,   11,    0
 17867, 98035,20210427,   48,    0
 17867, 98035,20210428,   26,    0
 17867, 98035,20210429,-9999,    9
 17867, 98035,20210430,    3,    0
 17867, 98035,20210501,   30,    0
 17867, 98035,20210502,    1,    0
 17867, 98035,20210503,    0,    0
 17867, 98035,20210504,-9999,    9
 17867, 98035,20210505,    0,    0
 17867, 98035,20210506,    0,    0
 17867, 98035,20210507,    0,    0
 17867, 98035,20210508,    1,    0
 17867, 98035,20210509,    0,    0
 17867, 98035,20210510,    0,    0
 17867, 98035,20210511,   94,    0
 17867, 98035,20210512,-9999,    9
 17867, 98035,20210513,    0,    0
 17867, 98035,20210514,   44,    0
 17867, 98035,20210515,-9999,    9
 17867, 98035,20210516,    1,    0
 17867, 98035,20210517,   11,    0
 17867, 98035,20210518,    0,    0
 17867, 98035,20210519,   43,    0
 17867, 98035,20210520,    0,    0
 17867, 98035,20210521,    0,    0
 17867, 98035,20210522,    0,    0
 17867, 98035,20210523,    0,    0
 17867, 98035,20210524,  183,    0
 17867, 98035,20210525,    1,    0
 17867, 98035,20210526,    0,    0
 17867, 98035,20210527,    0,    0
 17867, 98035,20210528,-9999,    9
 17867, 98035,20210529,    1,    0
 17867, 98035,20210530,    1,    0
 17867, 98035,20210531,    0,    0
 17867, 98035,20210601,    0,    0
 17867, 98035,20210602,    0,    0
 17867, 98035,20210603,    0,    0
 17867, 98035,20210604,    0,    0
 17867, 98035,20210605,    0,    0
 17867, 98035,20210606,   54,    0
 17867, 98035,20210607,-9999,    9
 17867, 98035,20210608,-9999,    9
 17867, 98035,20210609,-9999,    9
 17867, 98035,20210610,-9999,    9
 17867, 98035,20210611,-9999,    9
 17867, 98035,20210612,-9999,    9
 17867, 98035,20210613,-9999,    9
 17867, 98035,20210614,-9999,    9
 17867, 98035,20210615,-9999,    9
 17867, 98035,20210616,-9999,    9
 17867, 98035,20210617,    0,    0
 17867, 98035,20210618,    0,    0
 17867, 98035,20210619,    0,    0
 17867, 98035,20210620,    0,    0
 17867, 98035,20210621,    0,    0
 17867, 98035,20210622,    0,    0
 17867, 98035,20210623,    0,    0
 17867, 98035,20210624,    0,    0
 17867, 98035,20210625,    0,    0
 17867, 98035,20210626,    0,    0
 17867, 98035,20210627,    0,    0
 17867, 98035,20210628,    0,    0
 17867, 98035,20210629,    0,    0
 17867, 98035,20210630,    0,    0
 17867, 98035,20210701,    0,    0
 17867, 98035,20210702,    0,    0
 17867, 98035,20210703,    0,    0
 17867, 98035,20210704,    0,    0
 17867, 98035,20210705,    0,    0
 17867, 98035,20210706,    0,    0
 17867, 98035,20210707,    0,    0
 17867, 98035,20210708,    0,    0
 17867, 98035,20210709,    0,    0
 17867, 98035,20210710,    0,    0
 17867, 98035,20210711,    0,    0
 17867, 98035,20210712,    0,    0
 17867, 98035,20210713,    1,    0
 17867, 98035,20210714,    0,    0
 17867, 98035,20210715,    0,    0
 17867, 98035,20210716,   21,    0
 17867, 98035,20210717,    0,    0
 17867, 98035,20210718,    0,    0
 17867, 98035,20210719,    0,    0
 17867, 98035,20210720,    7,    0
 17867, 98035,20210721,    0,    0
 17867, 98035,20210722,    7,    0
 17867, 98035,20210723,    0,    0
 17867, 98035,20210724,    0,    0
 17867, 98035,20210725,    0,    0
 17867, 98035,20210726,    0,    0
 17867, 98035,20210727,    0,    0
 17867, 98035,20210728,    0,    0
 17867, 98035,20210729,    0,    0
 17867, 98035,20210730,    0,    0
 17867, 98035,20210731,    0,    0
 17867, 98035,20210801,    7,    0
 17867, 98035,20210802,    0,    0
 17867, 98035,20210803,    0,    0
 17867, 98035,20210804,    0,    0
 17867, 98035,20210805,    0,    0
 17867, 98035,20210806,    0,    0
 17867, 98035,20210807,    0,    0
 17867, 98035,20210808,-9999,    9
 17867, 98035,20210809,    0,    0
 17867, 98035,20210810,    0,    0
 17867, 98035,20210811,    0,    0
 17867, 98035,20210812,    0,    0
 17867, 98035,20210813,    0,    0
 17867, 98035,20210814,    0,    0
 17867, 98035,20210815,    0,    0
 17867, 98035,20210816,    0,    0
 17867, 98035,20210817,    0,    0
 17867, 98035,20210818,    0,    0
 17867, 98035,20210819,    0,    0
 17867, 98035,20210820,    0,    0
 17867, 98035,20210821,    0,    0
 17867, 98035,20210822,    0,    0
 17867, 98035,20210823,   76,    0
 17867, 98035,20210824,-9999,    9
 17867, 98035,20210825,    0,    0
 17867, 98035,20210826,    0,    0
 17867, 98035,20210827,    2,    0
 17867, 98035,20210828,   67,    0
 17867, 98035,20210829,    0,    0
 17867, 98035,20210830,    0,    0
 17867, 98035,20210831,   56,    0
 17867, 98035,20210901,    2,    0
 17867, 98035,20210902,    0,    0
 17867, 98035,20210903,    0,    0
 17867, 98035,20210904,    0,    0
 17867, 98035,20210905,    0,    0
 17867, 98035,20210906,    0,    0
 17867, 98035,20210907,    0,    0
 17867, 98035,20210908,-9999,    9
 17867, 98035,20210909,    0,    0
 17867, 98035,20210910,    0,    0
 17867, 98035,20210911,    0,    0
 17867, 98035,20210912,    0,    0
 17867, 98035,20210913,    0,    0
 17867, 98035,20210914,    0,    0
 17867, 98035,20210915,    0,    0
 17867, 98035,20210916,  498,    0
 17867, 98035,20210917,    5,    0
 17867, 98035,20210918,    6,    0
 17867, 98035,20210919,   80,    0
 17867, 98035,20210920,    4,    0
 17867, 98035,20210921,    0,    0
 17867, 98035,20210922,    2,    0
 17867, 98035,20210923,    1,    0
 17867, 98035,20210924,    0,    0
 17867, 98035,20210925,    0,    0
 17867, 98035,20210926,  439,    0
 17867, 98035,20210927,    1,    0
 17867, 98035,20210928,    0,    0
 17867, 98035,20210929,    3,    0
 17867, 98035,20210930,    1,    0
 17867, 98035,20211001,    0,    0
 17867, 98035,20211002,    1,    0
 17867, 98035,20211003,    1,    0
 17867, 98035,20211004,  162,    0
 17867, 98035,20211005,   27,    0
 17867, 98035,20211006,   32,    0
 17867, 98035,20211007,   93,    0
 17867, 98035,20211008,    2,    0
 17867, 98035,20211009,    0,    0
 17867, 98035,20211010,    1,    0
 17867, 98035,20211011,    0,    0
 17867, 98035,20211012,    1,    0
 17867, 98035,20211013,    0,    0
 17867, 98035,20211014,    1,    0
 17867, 98035,20211015,    1,    0
 17867, 98035,20211016,    1,    0
 17867, 98035,20211017,    1,    0
 17867, 98035,20211018,    1,    0
 17867, 98035,20211019,    1,    0
 17867, 98035,20211020,    0,    0
 17867, 98035,20211021,    1,    0
 17867, 98035,20211022,    0,    0
 17867, 98035,20211023,    0,    0
 17867, 98035,20211024,    0,    0
 17867, 98035,20211025,    0,    0
 17867, 98035,20211026,    0,    0
 17867, 98035,20211027,-9999,    9
 17867, 98035,20211028,    1,    0
 17867, 98035,20211029,    0,    0
 17867, 98035,20211030,-9999,    9
 17867, 98035,20211031,    0,    0
 17867, 98035,20211101,  201,    0
 17867, 98035,20211102,    1,    0
 17867, 98035,20211103,   87,    0
 17867, 98035,20211104,    5,    0
 17867, 98035,20211105,    0,    0
 17867, 98035,20211106,   35,    0
 17867, 98035,20211107,   27,    0
 17867, 98035,20211108,   27,    0
 17867, 98035,20211109,   29,    0
 17867, 98035,20211110,    5,    0
 17867, 98035,20211111,    1,    0
 17867, 98035,20211112,    0,    0
 17867, 98035,20211113,  308,    0
 17867, 98035,20211114,  125,    0
 17867, 98035,20211115,   49,    0
 17867, 98035,20211116,  183,    0
 17867, 98035,20211117,-9999,    9
 17867, 98035,20211118,    0,    0
 17867, 98035,20211119,    0,    0
 17867, 98035,20211120,    0,    0
 17867, 98035,20211121,    1,    0
 17867, 98035,20211122,   61,    0
 17867, 98035,20211123,    8,    0
 17867, 98035,20211124,    1,    0
 17867, 98035,20211125,  165,    0
 17867, 98035,20211126,   10,    0
 17867, 98035,20211127,-9999,    9
 17867, 98035,20211128,   21,    0
 17867, 98035,20211129,    2,    0
 17867, 98035,20211130,    0,    0
 17867, 98035,20211201,    0,    0
 17867, 98035,20211202,   58,    0
 17867, 98035,20211203,   76,    0
 17867, 98035,20211204,   10,    0
 17867, 98035,20211205,   20,    0
 17867, 98035,20211206,    1,    0
 17867, 98035,20211207,    0,    0
 17867, 98035,20211208,    2,    0
 17867, 98035,20211209,   78,    0
 17867, 98035,20211210,   16,    0
 17867, 98035,20211211,   38,    0
 17867, 98035,20211212,    0,    0
 17867, 98035,20211213,-9999,    9
 17867, 98035,20211214,    2,    0
 17867, 98035,20211215,    2,    0
 17867, 98035,20211216,    1,    0
 17867, 98035,20211217,    1,    0
 17867, 98035,20211218,    1,    0
 17867, 98035,20211219,    1,    0
 17867, 98035,20211220,    1,    0
 17867, 98035,20211221,    0,    0
 17867, 98035,20211222,    0,    0
 17867, 98035,20211223,    0,    0
 17867, 98035,20211224,    0,    0
 17867, 98035,20211225,    8,    0
 17867, 98035,20211226,  143,    0
 17867, 98035,20211227,   69,    0
 17867, 98035,20211228,   32,    0
 17867, 98035,20211229,    0,    0
 17867, 98035,20211230,    1,    0
 17867, 98035,20211231,    1,    0
 17867, 98035,20220101,    2,    0
 17867, 98035,20220102,    1,    0
 17867, 98035,20220103,    0,    0
 17867, 98035,20220104,    1,    0
 17867, 98035,20220105,  278,    0
 17867, 98035,20220106,   81,    0
 17867, 98035,20220107,    1,    0
 17867, 98035,20220108,    1,    0
 17867, 98035,20220109,-9999,    9
 17867, 98035,20220110,    9,    0
 17867, 98035,20220111,-9999,    9
 17867, 98035,20220112,    0,    0
 17867, 98035,20220113,    0,    0
 17867, 98035,20220114,-9999,    9
 17867, 98035,20220115,-9999,    9
 17867, 98035,20220116,-9999,    9
 17867, 98035,20220117,-9999,    9
 17867, 98035,20220118,    0,    0
 17867, 98035,20220119,    1,    0
 17867, 98035,20220120,   18,    0
 17867, 98035,20220121,    1,    0
 17867, 98035,20220122,    1,    0
 17867, 98035,20220123,    1,    0
 17867, 98035,20220124,    1,    0
 17867, 98035,20220125,    0,    0
 17867, 98035,20220126,    1,    0
 17867, 98035,20220127,    1,    0
 17867, 98035,20220128,    1,    0
 17867, 98035,20220129,    0,    0
 17867, 98035,20220130,    0,    0
 17867, 98035,20220131,-9999,    9
 17867, 98035,20220201,-9999,    9
 17867, 98035,20220202,-9999,    9
 17867, 98035,20220203,-9999,    9
 17867, 98035,20220204,-9999,    9
 17867, 98035,20220205,-9999,    9
 17867, 98035,20220206,-9999,    9
 17867, 98035,20220207,-9999,    9
 17867, 98035,20220208,-9999,    9
 17867, 98035,20220209,-9999,    9
 17867, 98035,20220210,-9999,    9
 17867, 98035,20220211,-9999,    9
 17867, 98035,20220212,-9999,    9
 17867, 98035,20220213,-9999,    9
 17867, 98035,20220214,-9999,    9
 17867, 98035,20220215,-9999,    9
 17867, 98035,20220216,-9999,    9
 17867, 98035,20220217,-9999,    9
 17867, 98035,20220218,-9999,    9
 17867, 98035,20220219,-9999,    9
 17867, 98035,20220220,-9999,    9
 17867, 98035,20220221,-9999,    9
 17867, 98035,20220222,-9999,    9
 17867, 98035,20220223,-9999,    9
 17867, 98035,20220224,-9999,    9
 17867, 98035,20220225,-9999,    9
 17867, 98035,20220226,-9999,    9
 17867, 98035,20220227,-9999,    9
 17867, 98035,20220228,-9999,    9
 17867, 98035,20220301,-9999,    9
 17867, 98035,20220302,-9999,    9
 17867, 98035,20220303,-9999,    9
 17867, 98035,20220304,-9999,    9
 17867, 98035,20220305,-9999,    9
 17867, 98035,20220306,-9999,    9
 17867, 98035,20220307,-9999,    9
 17867, 98035,20220308,-9999,    9
 17867, 98035,20220309,-9999,    9
 17867, 98035,20220310,-9999,    9
 17867, 98035,20220311,-9999,    9
 17867, 98035,20220312,-9999,    9
 17867, 98035,20220313,-9999,    9
 17867, 98035,20220314,-9999,    9
 17867, 98035,20220315,-9999,    9
 17867, 98035,20220316,-9999,    9
 17867, 98035,20220317,-9999,    9
 17867, 98035,20220318,-9999,    9
 17867, 98035,20220319,-9999,    9
 17867, 98035,20220320,-9999,    9
 17867, 98035,20220321,-9999,    9
 17867, 98035,20220322,-9999,    9
 17867, 98035,20220323,-9999,    9
 17867, 98035,20220324,-9999,    9
 17867, 98035,20220325,-9999,    9
 17867, 98035,20220326,-9999,    9
 17867, 98035,20220327,-9999,    9
 17867, 98035,20220328,-9999,    9
 17867, 98035,20220329,-9999,    9
 17867, 98035,20220330,-9999,    9
 17867, 98035,20220331,-9999,    9
 17867, 98035,20220401,-9999,    9
 17867, 98035,20220402,-9999,    9
 17867, 98035,20220403,-9999,    9
 17867, 98035,20220404,-9999,    9
 17867, 98035,20220405,-9999,    9
 17867, 98035,20220406,-9999,    9
 17867, 98035,20220407,-9999,    9
 17867, 98035,20220408,-9999,    9
 17867, 98035,20220409,-9999,    9
 17867, 98035,20220410,-9999,    9
 17867, 98035,20220411,-9999,    9
 17867, 98035,20220412,-9999,    9
 17867, 98035,20220413,-9999,    9
 17867, 98035,20220414,-9999,    9
 17867, 98035,20220415,-9999,    9
 17867, 98035,20220416,-9999,    9
 17867, 98035,20220417,-9999,    9
 17867, 98035,20220418,-9999,    9
 17867, 98035,20220419,-9999,    9
 17867, 98035,20220420,-9999,    9
 17867, 98035,20220421,-9999,    9
 17867, 98035,20220422,-9999,    9
 17867, 98035,20220423,-9999,    9
 17867, 98035,20220424,-9999,    9
 17867, 98035,20220425,-9999,    9
 17867, 98035,20220426,-9999,    9
 17867, 98035,20220427,-9999,    9
 17867, 98035,20220428,-9999,    9
 17867, 98035,20220429,-9999,    9
 17867, 98035,20220430,-9999,    9
 17867, 98035,20220501,-9999,    9
 17867, 98035,20220502,-9999,    9
 17867, 98035,20220503,-9999,    9
 17867, 98035,20220504,-9999,    9
 17867, 98035,20220505,-9999,    9
 17867, 98035,20220506,-9999,    9
 17867, 98035,20220507,-9999,    9
 17867, 98035,20220508,-9999,    9
 17867, 98035,20220509,-9999,    9
 17867, 98035,20220510,-9999,    9
 17867, 98035,20220511,-9999,    9
 17867, 98035,20220512,-9999,    9
 17867, 98035,20220513,-9999,    9
 17867, 98035,20220514,-9999,    9
 17867, 98035,20220515,-9999,    9
 17867, 98035,20220516,-9999,    9
 17867, 98035,20220517,-9999,    9
 17867, 98035,20220518,-9999,    9
 17867, 98035,20220519,-9999,    9
 17867, 98035,20220520,-9999,    9
 17867, 98035,20220521,-9999,    9
 17867, 98035,20220522,-9999,    9
 17867, 98035,20220523,-9999,    9
 17867, 98035,20220524,-9999,    9
 17867, 98035,20220525,-9999,    9
 17867, 98035,20220526,-9999,    9
 17867, 98035,20220527,-9999,    9
 17867, 98035,20220528,-9999,    9
 17867, 98035,20220529,-9999,    9
 17867, 98035,20220530,-9999,    9
 17867, 98035,20220531,-9999,    9
 17867, 98035,20220601,-9999,    9
 17867, 98035,20220602,-9999,    9
 17867, 98035,20220603,-9999,    9
 17867, 98035,20220604,-9999,    9
 17867, 98035,20220605,-9999,    9
 17867, 98035,20220606,-9999,    9
 17867, 98035,20220607,-9999,    9
 17867, 98035,20220608,-9999,    9
 17867, 98035,20220609,-9999,    9
 17867, 98035,20220610,-9999,    9
 17867, 98035,20220611,-9999,    9
 17867, 98035,20220612,-9999,    9
 17867, 98035,20220613,-9999,    9
 17867, 98035,20220614,-9999,    9
 17867, 98035,20220615,-9999,    9
 17867, 98035,20220616,-9999,    9
 17867, 98035,20220617,-9999,    9
 17867, 98035,20220618,-9999,    9
 17867, 98035,20220619,-9999,    9
 17867, 98035,20220620,-9999,    9
 17867, 98035,20220621,-9999,    9
 17867, 98035,20220622,-9999,    9
 17867, 98035,20220623,-9999,    9
 17867, 98035,20220624,-9999,    9
 17867, 98035,20220625,-9999,    9
 17867, 98035,20220626,-9999,    9
 17867, 98035,20220627,-9999,    9
 17867, 98035,20220628,-9999,    9
 17867, 98035,20220629,-9999,    9
 17867, 98035,20220630,-9999,    9
 17867, 98035,20220701,-9999,    9
 17867, 98035,20220702,-9999,    9
 17867, 98035,20220703,-9999,    9
 17867, 98035,20220704,-9999,    9
 17867, 98035,20220705,-9999,    9
 17867, 98035,20220706,-9999,    9
 17867, 98035,20220707,-9999,    9
 17867, 98035,20220708,-9999,    9
 17867, 98035,20220709,-9999,    9
 17867, 98035,20220710,-9999,    9
 17867, 98035,20220711,-9999,    9
 17867, 98035,20220712,-9999,    9
 17867, 98035,20220713,-9999,    9
 17867, 98035,20220714,-9999,    9
 17867, 98035,20220715,-9999,    9
 17867, 98035,20220716,-9999,    9
 17867, 98035,20220717,-9999,    9
 17867, 98035,20220718,-9999,    9
 17867, 98035,20220719,-9999,    9
 17867, 98035,20220720,-9999,    9
 17867, 98035,20220721,-9999,    9
 17867, 98035,20220722,-9999,    9
 17867, 98035,20220723,-9999,    9
 17867, 98035,20220724,-9999,    9
 17867, 98035,20220725,-9999,    9
 17867, 98035,20220726,-9999,    9
 17867, 98035,20220727,-9999,    9
 17867, 98035,20220728,-9999,    9
 17867, 98035,20220729,-9999,    9
 17867, 98035,20220730,-9999,    9
 17867, 98035,20220731,-9999,    9
 17867, 98035,20220801,-9999,    9
 17867, 98035,20220802,-9999,    9
 17867, 98035,20220803,-9999,    9
 17867, 98035,20220804,-9999,    9
 17867, 98035,20220805,-9999,    9
 17867, 98035,20220806,-9999,    9
 17867, 98035,20220807,-9999,    9
 17867, 98035,20220808,-9999,    9
 17867, 98035,20220809,-9999,    9
 17867, 98035,20220810,-9999,    9
 17867, 98035,20220811,-9999,    9
 17867, 98035,20220812,-9999,    9
 17867, 98035,20220813,-9999,    9
 17867, 98035,20220814,-9999,    9
 17867, 98035,20220815,-9999,    9
 17867, 98035,20220816,-9999,    9
 17867, 98035,20220817,-9999,    9
 17867, 98035,20220818,-9999,    9
 17867, 98035,20220819,-9999,    9
 17867, 98035,20220820,-9999,    9
 17867, 98035,20220821,-9999,    9
 17867, 98035,20220822,-9999,    9
 17867, 98035,20220823,-9999,    9
 17867, 98035,20220824,-9999,    9
 17867, 98035,20220825,-9999,    9
 17867, 98035,20220826,-9999,    9
 17867, 98035,20220827,-9999,    9
 17867, 98035,20220828,-9999,    9
 17867, 98035,20220829,-9999,    9
 17867, 98035,20220830,-9999,    9
 17867, 98035,20220831,-9999,    9
 17867, 98035,20220901,-9999,    9
 17867, 98035,20220902,-9999,    9
 17867, 98035,20220903,-9999,    9
 17867, 98035,20220904,-9999,    9
 17867, 98035,20220905,-9999,    9
 17867, 98035,20220906,-9999,    9
 17867, 98035,20220907,-9999,    9
 17867, 98035,20220908,-9999,    9
 17867, 98035,20220909,-9999,    9
 17867, 98035,20220910,-9999,    9
 17867, 98035,20220911,-9999,    9
 17867, 98035,20220912,-9999,    9
 17867, 98035,20220913,-9999,    9
 17867, 98035,20220914,-9999,    9
 17867, 98035,20220915,-9999,    9
 17867, 98035,20220916,-9999,    9
 17867, 98035,20220917,-9999,    9
 17867, 98035,20220918,-9999,    9
 17867, 98035,20220919,-9999,    9
 17867, 98035,20220920,-9999,    9
 17867, 98035,20220921,-9999,    9
 17867, 98035,20220922,-9999,    9
 17867, 98035,20220923,-9999,    9
 17867, 98035,20220924,-9999,    9
 17867, 98035,20220925,-9999,    9
 17867, 98035,20220926,-9999,    9
 17867, 98035,20220927,-9999,    9
 17867, 98035,20220928,-9999,    9
 17867, 98035,20220929,-9999,    9
 17867, 98035,20220930,-9999,    9
 17867, 98035,20221001,-9999,    9
 17867, 98035,20221002,-9999,    9
 17867, 98035,20221003,-9999,    9
 17867, 98035,20221004,-9999,    9
 17867, 98035,20221005,-9999,    9
 17867, 98035,20221006,-9999,    9
 17867, 98035,20221007,-9999,    9
 17867, 98035,20221008,-9999,    9
 17867, 98035,20221009,-9999,    9
 17867, 98035,20221010,-9999,    9
 17867, 98035,20221011,-9999,    9
 17867, 98035,20221012,-9999,    9
 17867, 98035,20221013,-9999,    9
 17867, 98035,20221014,-9999,    9
 17867, 98035,20221015,-9999,    9
 17867, 98035,20221016,-9999,    9
 17867, 98035,20221017,-9999,    9
 17867, 98035,20221018,-9999,    9
 17867, 98035,20221019,-9999,    9
 17867, 98035,20221020,-9999,    9
 17867, 98035,20221021,-9999,    9
 17867, 98035,20221022,-9999,    9
 17867, 98035,20221023,-9999,    9
 17867, 98035,20221024,-9999,    9
 17867, 98035,20221025,-9999,    9
 17867, 98035,20221026,-9999,    9
 17867, 98035,20221027,-9999,    9
 17867, 98035,20221028,-9999,    9
 17867, 98035,20221029,-9999,    9
 17867, 98035,20221030,-9999,    9
 17867, 98035,20221031,-9999,    9
