EUROPEAN CLIMATE ASSESSMENT & DATASET (ECA&D), file created on: 16-11-2022
THESE DATA CAN BE USED FOR NON-COMMERCIAL RESEARCH AND EDUCATION PROVIDED THAT THE FOLLOWING SOURCE IS ACKNOWLEDGED: 

Klein Tank, A.M.G. and Coauthors, 2002. Daily dataset of 20th-century surface
air temperature and precipitation series for the European Climate Assessment.
Int. J. of Climatol., 22, 1441-1453.
Data and metadata available at http://www.ecad.eu

FILE FORMAT (MISSING VALUE CODE = -9999):

01-06 STAID: Station identifier
08-13 SOUID: Source identifier
15-22 DATE : Date YYYYMMDD
24-28 RR   : Precipitation amount in 0.1 mm
30-34 Q_RR : quality code for RR (0='valid'; 1='suspect'; 9='missing')

This is the blended series of station TIBENHAM-AIRFIELD, UNITED KINGDOM (STAID: 22503)
Blended and updated with sources:121342 
See files sources.txt and stations.txt for more info.

STAID, SOUID,    DATE,   RR, Q_RR
 22503,121342,20150301,-9999,    9
 22503,121342,20150302,    2,    0
 22503,121342,20150303,    4,    0
 22503,121342,20150304,    0,    0
 22503,121342,20150305,    0,    0
 22503,121342,20150306,    0,    0
 22503,121342,20150307,    0,    0
 22503,121342,20150308,    6,    0
 22503,121342,20150309,    0,    0
 22503,121342,20150310,    0,    0
 22503,121342,20150311,    4,    0
 22503,121342,20150312,    0,    0
 22503,121342,20150313,    0,    0
 22503,121342,20150314,    0,    0
 22503,121342,20150315,    2,    0
 22503,121342,20150316,    0,    0
 22503,121342,20150317,    4,    0
 22503,121342,20150318,    0,    0
 22503,121342,20150319,    0,    0
 22503,121342,20150320,    0,    0
 22503,121342,20150321,    6,    0
 22503,121342,20150322,    0,    0
 22503,121342,20150323,    0,    0
 22503,121342,20150324,    0,    0
 22503,121342,20150325,    0,    0
 22503,121342,20150326,   52,    0
 22503,121342,20150327,    0,    0
 22503,121342,20150328,    6,    0
 22503,121342,20150329,   62,    0
 22503,121342,20150330,   56,    0
 22503,121342,20150331,   26,    0
 22503,121342,20150401,   30,    0
 22503,121342,20150402,   14,    0
 22503,121342,20150403,   10,    0
 22503,121342,20150404,   12,    0
 22503,121342,20150405,    0,    0
 22503,121342,20150406,    0,    0
 22503,121342,20150407,    0,    0
 22503,121342,20150408,    0,    0
 22503,121342,20150409,    0,    0
 22503,121342,20150410,    2,    0
 22503,121342,20150411,   16,    0
 22503,121342,20150412,   12,    0
 22503,121342,20150413,    0,    0
 22503,121342,20150414,    0,    0
 22503,121342,20150415,    0,    0
 22503,121342,20150416,    0,    0
 22503,121342,20150417,    0,    0
 22503,121342,20150418,    0,    0
 22503,121342,20150419,    0,    0
 22503,121342,20150420,    0,    0
 22503,121342,20150421,    2,    0
 22503,121342,20150422,    0,    0
 22503,121342,20150423,    0,    0
 22503,121342,20150424,    0,    0
 22503,121342,20150425,   28,    0
 22503,121342,20150426,   28,    0
 22503,121342,20150427,    2,    0
 22503,121342,20150428,    0,    0
 22503,121342,20150429,   34,    0
 22503,121342,20150430,    2,    0
 22503,121342,20150501,    0,    0
 22503,121342,20150502,    0,    0
 22503,121342,20150503,   50,    0
 22503,121342,20150504,   36,    0
 22503,121342,20150505,   90,    0
 22503,121342,20150506,   16,    0
 22503,121342,20150507,    2,    0
 22503,121342,20150508,   24,    0
 22503,121342,20150509,   12,    0
 22503,121342,20150510,    0,    0
 22503,121342,20150511,    0,    0
 22503,121342,20150512,    6,    0
 22503,121342,20150513,    0,    0
 22503,121342,20150514,   14,    0
 22503,121342,20150515,    0,    0
 22503,121342,20150516,    0,    0
 22503,121342,20150517,    0,    0
 22503,121342,20150518,   98,    0
 22503,121342,20150519,   12,    0
 22503,121342,20150520,   12,    0
 22503,121342,20150521,    0,    0
 22503,121342,20150522,    0,    0
 22503,121342,20150523,    0,    0
 22503,121342,20150524,   12,    0
 22503,121342,20150525,    0,    0
 22503,121342,20150526,    0,    0
 22503,121342,20150527,    0,    0
 22503,121342,20150528,    2,    0
 22503,121342,20150529,   38,    0
 22503,121342,20150530,    0,    0
 22503,121342,20150531,   60,    0
 22503,121342,20150601,    6,    0
 22503,121342,20150602,    4,    0
 22503,121342,20150603,    0,    0
 22503,121342,20150604,    0,    0
 22503,121342,20150605,   18,    0
 22503,121342,20150606,    0,    0
 22503,121342,20150607,    0,    0
 22503,121342,20150608,    0,    0
 22503,121342,20150609,    0,    0
 22503,121342,20150610,    0,    0
 22503,121342,20150611,    0,    0
 22503,121342,20150612,   64,    0
 22503,121342,20150613,   36,    0
 22503,121342,20150614,    8,    0
 22503,121342,20150615,    0,    0
 22503,121342,20150616,    0,    0
 22503,121342,20150617,    2,    0
 22503,121342,20150618,    0,    0
 22503,121342,20150619,    0,    0
 22503,121342,20150620,    8,    0
 22503,121342,20150621,    0,    0
 22503,121342,20150622,   36,    0
 22503,121342,20150623,    2,    0
 22503,121342,20150624,    2,    0
 22503,121342,20150625,    0,    0
 22503,121342,20150626,    0,    0
 22503,121342,20150627,    0,    0
 22503,121342,20150628,   18,    0
 22503,121342,20150629,    0,    0
 22503,121342,20150630,    2,    0
 22503,121342,20150701,    0,    0
 22503,121342,20150702,    0,    0
 22503,121342,20150703,    0,    0
 22503,121342,20150704,   68,    0
 22503,121342,20150705,   54,    0
 22503,121342,20150706,    0,    0
 22503,121342,20150707,    2,    0
 22503,121342,20150708,   22,    0
 22503,121342,20150709,    2,    0
 22503,121342,20150710,    0,    0
 22503,121342,20150711,    0,    0
 22503,121342,20150712,   46,    0
 22503,121342,20150713,   16,    0
 22503,121342,20150714,    6,    0
 22503,121342,20150715,    2,    0
 22503,121342,20150716,   12,    0
 22503,121342,20150717,   16,    0
 22503,121342,20150718,    0,    0
 22503,121342,20150719,    6,    0
 22503,121342,20150720,    0,    0
 22503,121342,20150721,    0,    0
 22503,121342,20150722,    2,    0
 22503,121342,20150723,    0,    0
 22503,121342,20150724,  304,    0
 22503,121342,20150725,  178,    0
 22503,121342,20150726,  126,    0
 22503,121342,20150727,   56,    0
 22503,121342,20150728,   46,    0
 22503,121342,20150729,   16,    0
 22503,121342,20150730,   44,    0
 22503,121342,20150731,    2,    0
 22503,121342,20150801,    0,    0
 22503,121342,20150802,    0,    0
 22503,121342,20150803,    0,    0
 22503,121342,20150804,    2,    0
 22503,121342,20150805,    2,    0
 22503,121342,20150806,    0,    0
 22503,121342,20150807,    0,    0
 22503,121342,20150808,    0,    0
 22503,121342,20150809,    0,    0
 22503,121342,20150810,    2,    0
 22503,121342,20150811,    4,    0
 22503,121342,20150812,    2,    0
 22503,121342,20150813,   14,    0
 22503,121342,20150814,    4,    0
 22503,121342,20150815,    4,    0
 22503,121342,20150816,    0,    0
 22503,121342,20150817,    0,    0
 22503,121342,20150818,  172,    0
 22503,121342,20150819,    0,    0
 22503,121342,20150820,   14,    0
 22503,121342,20150821,    4,    0
 22503,121342,20150822,    0,    0
 22503,121342,20150823,   80,    0
 22503,121342,20150824,  152,    0
 22503,121342,20150825,   16,    0
 22503,121342,20150826,  452,    0
 22503,121342,20150827,    6,    0
 22503,121342,20150828,    2,    0
 22503,121342,20150829,   16,    0
 22503,121342,20150830,   46,    0
 22503,121342,20150831,   94,    0
 22503,121342,20150901,    6,    0
 22503,121342,20150902,   32,    0
 22503,121342,20150903,    0,    0
 22503,121342,20150904,    4,    0
 22503,121342,20150905,    2,    0
 22503,121342,20150906,    0,    0
 22503,121342,20150907,    0,    0
 22503,121342,20150908,    2,    0
 22503,121342,20150909,    0,    0
 22503,121342,20150910,    2,    0
 22503,121342,20150911,    2,    0
 22503,121342,20150912,   14,    0
 22503,121342,20150913,    8,    0
 22503,121342,20150914,   46,    0
 22503,121342,20150915,    2,    0
 22503,121342,20150916,  148,    0
 22503,121342,20150917,    6,    0
 22503,121342,20150918,  280,    0
 22503,121342,20150919,    2,    0
 22503,121342,20150920,    0,    0
 22503,121342,20150921,   88,    0
 22503,121342,20150922,    2,    0
 22503,121342,20150923,    0,    0
 22503,121342,20150924,   74,    0
 22503,121342,20150925,    0,    0
 22503,121342,20150926,    0,    0
 22503,121342,20150927,    2,    0
 22503,121342,20150928,    0,    0
 22503,121342,20150929,    2,    0
 22503,121342,20150930,    0,    0
 22503,121342,20151001,    2,    0
 22503,121342,20151002,    2,    0
 22503,121342,20151003,    2,    0
 22503,121342,20151004,    0,    0
 22503,121342,20151005,   16,    0
 22503,121342,20151006,  108,    0
 22503,121342,20151007,   50,    0
 22503,121342,20151008,    0,    0
 22503,121342,20151009,    2,    0
 22503,121342,20151010,    0,    0
 22503,121342,20151011,    2,    0
 22503,121342,20151012,    2,    0
 22503,121342,20151013,    8,    0
 22503,121342,20151014,   70,    0
 22503,121342,20151015,   14,    0
 22503,121342,20151016,   24,    0
 22503,121342,20151017,   10,    0
 22503,121342,20151018,    6,    0
 22503,121342,20151019,    8,    0
 22503,121342,20151020,    0,    0
 22503,121342,20151021,   40,    0
 22503,121342,20151022,    0,    0
 22503,121342,20151023,    2,    0
 22503,121342,20151024,   22,    0
 22503,121342,20151025,    2,    0
 22503,121342,20151026,    0,    0
 22503,121342,20151027,    2,    0
 22503,121342,20151028,   50,    0
 22503,121342,20151029,    4,    0
 22503,121342,20151030,   24,    0
 22503,121342,20151031,    0,    0
 22503,121342,20151101,    4,    0
 22503,121342,20151102,    4,    0
 22503,121342,20151103,    0,    0
 22503,121342,20151104,   62,    0
 22503,121342,20151105,   46,    0
 22503,121342,20151106,   28,    0
 22503,121342,20151107,   78,    0
 22503,121342,20151108,    2,    0
 22503,121342,20151109,   10,    0
 22503,121342,20151110,    6,    0
 22503,121342,20151111,    0,    0
 22503,121342,20151112,    0,    0
 22503,121342,20151113,   10,    0
 22503,121342,20151114,   66,    0
 22503,121342,20151115,    2,    0
 22503,121342,20151116,   24,    0
 22503,121342,20151117,   28,    0
 22503,121342,20151118,   26,    0
 22503,121342,20151119,   16,    0
 22503,121342,20151120,    4,    0
 22503,121342,20151121,   48,    0
 22503,121342,20151122,   64,    0
 22503,121342,20151123,   16,    0
 22503,121342,20151124,   70,    0
 22503,121342,20151125,    8,    0
 22503,121342,20151126,    2,    0
 22503,121342,20151127,   32,    0
 22503,121342,20151128,   14,    0
 22503,121342,20151129,  106,    0
 22503,121342,20151130,  116,    0
 22503,121342,20151201,    8,    0
 22503,121342,20151202,    0,    0
 22503,121342,20151203,   22,    0
 22503,121342,20151204,   16,    0
 22503,121342,20151205,    0,    0
 22503,121342,20151206,    0,    0
 22503,121342,20151207,   12,    0
 22503,121342,20151208,   38,    0
 22503,121342,20151209,    0,    0
 22503,121342,20151210,   44,    0
 22503,121342,20151211,    0,    0
 22503,121342,20151212,   44,    0
 22503,121342,20151213,   26,    0
 22503,121342,20151214,    0,    0
 22503,121342,20151215,   48,    0
 22503,121342,20151216,   16,    0
 22503,121342,20151217,    0,    0
 22503,121342,20151218,    2,    0
 22503,121342,20151219,    0,    0
 22503,121342,20151220,    0,    0
 22503,121342,20151221,   10,    0
 22503,121342,20151222,   44,    0
 22503,121342,20151223,    0,    0
 22503,121342,20151224,   18,    0
 22503,121342,20151225,   26,    0
 22503,121342,20151226,    0,    0
 22503,121342,20151227,   72,    0
 22503,121342,20151228,    2,    0
 22503,121342,20151229,    0,    0
 22503,121342,20151230,   42,    0
 22503,121342,20151231,   26,    0
 22503,121342,20160101,    2,    0
 22503,121342,20160102,   28,    0
 22503,121342,20160103,  100,    0
 22503,121342,20160104,    0,    0
 22503,121342,20160105,   22,    0
 22503,121342,20160106,    2,    0
 22503,121342,20160107,  182,    0
 22503,121342,20160108,    0,    0
 22503,121342,20160109,   22,    0
 22503,121342,20160110,    2,    0
 22503,121342,20160111,   60,    0
 22503,121342,20160112,   22,    0
 22503,121342,20160113,    2,    0
 22503,121342,20160114,   62,    0
 22503,121342,20160115,    0,    0
 22503,121342,20160116,    2,    0
 22503,121342,20160117,-9999,    9
 22503,121342,20160118,    0,    0
 22503,121342,20160119,    0,    0
 22503,121342,20160120,    0,    0
 22503,121342,20160121,    2,    0
 22503,121342,20160122,   92,    0
 22503,121342,20160123,   36,    0
 22503,121342,20160124,    4,    0
 22503,121342,20160125,    2,    0
 22503,121342,20160126,    4,    0
 22503,121342,20160127,    2,    0
 22503,121342,20160128,    2,    0
 22503,121342,20160129,   16,    0
 22503,121342,20160130,   40,    0
 22503,121342,20160131,   26,    0
 22503,121342,20160201,    0,    0
 22503,121342,20160202,    0,    0
 22503,121342,20160203,   10,    0
 22503,121342,20160204,   34,    0
 22503,121342,20160205,    2,    0
 22503,121342,20160206,    2,    0
 22503,121342,20160207,   24,    0
 22503,121342,20160208,   12,    0
 22503,121342,20160209,    0,    0
 22503,121342,20160210,-9999,    9
 22503,121342,20160211,    0,    0
 22503,121342,20160212,   14,    0
 22503,121342,20160213,    2,    0
 22503,121342,20160214,   36,    0
 22503,121342,20160215,   28,    0
 22503,121342,20160216,    2,    0
 22503,121342,20160217,   10,    0
 22503,121342,20160218,   24,    0
 22503,121342,20160219,    2,    0
 22503,121342,20160220,   44,    0
 22503,121342,20160221,   18,    0
 22503,121342,20160222,   26,    0
 22503,121342,20160223,    0,    0
 22503,121342,20160224,    2,    0
 22503,121342,20160225,    0,    0
 22503,121342,20160226,    0,    0
 22503,121342,20160227,    0,    0
 22503,121342,20160228,    2,    0
 22503,121342,20160229,    0,    0
 22503,121342,20160301,  100,    0
 22503,121342,20160302,   76,    0
 22503,121342,20160303,   12,    0
 22503,121342,20160304,  108,    0
 22503,121342,20160305,   50,    0
 22503,121342,20160306,   10,    0
 22503,121342,20160307,   34,    0
 22503,121342,20160308,    0,    0
 22503,121342,20160309,  120,    0
 22503,121342,20160310,    0,    0
 22503,121342,20160311,    2,    0
 22503,121342,20160312,    0,    0
 22503,121342,20160313,    0,    0
 22503,121342,20160314,    0,    0
 22503,121342,20160315,    0,    0
 22503,121342,20160316,    0,    0
 22503,121342,20160317,    2,    0
 22503,121342,20160318,    2,    0
 22503,121342,20160319,    2,    0
 22503,121342,20160320,    2,    0
 22503,121342,20160321,    0,    0
 22503,121342,20160322,    0,    0
 22503,121342,20160323,    0,    0
 22503,121342,20160324,    4,    0
 22503,121342,20160325,   22,    0
 22503,121342,20160326,   36,    0
 22503,121342,20160327,   34,    0
 22503,121342,20160328,  100,    0
 22503,121342,20160329,   32,    0
 22503,121342,20160330,    0,    0
 22503,121342,20160331,   16,    0
 22503,121342,20160401,    0,    0
 22503,121342,20160402,   28,    0
 22503,121342,20160403,   58,    0
 22503,121342,20160404,   32,    0
 22503,121342,20160405,    0,    0
 22503,121342,20160406,    8,    0
 22503,121342,20160407,    6,    0
 22503,121342,20160408,    0,    0
 22503,121342,20160409,   68,    0
 22503,121342,20160410,    2,    0
 22503,121342,20160411,    2,    0
 22503,121342,20160412,   78,    0
 22503,121342,20160413,    0,    0
 22503,121342,20160414,   90,    0
 22503,121342,20160415,   76,    0
 22503,121342,20160416,   40,    0
 22503,121342,20160417,    0,    0
 22503,121342,20160418,    0,    0
 22503,121342,20160419,    0,    0
 22503,121342,20160420,    0,    0
 22503,121342,20160421,    2,    0
 22503,121342,20160422,    0,    0
 22503,121342,20160423,    6,    0
 22503,121342,20160424,   18,    0
 22503,121342,20160425,   14,    0
 22503,121342,20160426,   58,    0
 22503,121342,20160427,   30,    0
 22503,121342,20160428,   30,    0
 22503,121342,20160429,    2,    0
 22503,121342,20160430,    2,    0
 22503,121342,20160501,    0,    0
 22503,121342,20160502,   38,    0
 22503,121342,20160503,    0,    0
 22503,121342,20160504,    0,    0
 22503,121342,20160505,    0,    0
 22503,121342,20160506,-9999,    9
 22503,121342,20160507,-9999,    9
 22503,121342,20160508,-9999,    9
 22503,121342,20160509,    6,    0
 22503,121342,20160510,   54,    0
 22503,121342,20160511,    8,    0
 22503,121342,20160512,    0,    0
 22503,121342,20160513,    0,    0
 22503,121342,20160514,    0,    0
 22503,121342,20160515,    0,    0
 22503,121342,20160516,    0,    0
 22503,121342,20160517,    0,    0
 22503,121342,20160518,    4,    0
 22503,121342,20160519,    0,    0
 22503,121342,20160520,    0,    0
 22503,121342,20160521,    0,    0
 22503,121342,20160522,    4,    0
 22503,121342,20160523,    4,    0
 22503,121342,20160524,    0,    0
 22503,121342,20160525,    0,    0
 22503,121342,20160526,    0,    0
 22503,121342,20160527,    0,    0
 22503,121342,20160528,    0,    0
 22503,121342,20160529,    0,    0
 22503,121342,20160530,    2,    0
 22503,121342,20160531,  434,    0
 22503,121342,20160601,    6,    0
 22503,121342,20160602,    0,    0
 22503,121342,20160603,    0,    0
 22503,121342,20160604,    2,    0
 22503,121342,20160605,    0,    0
 22503,121342,20160606,    0,    0
 22503,121342,20160607,    0,    0
 22503,121342,20160608,    0,    0
 22503,121342,20160609,    0,    0
 22503,121342,20160610,    0,    0
 22503,121342,20160611,   98,    0
 22503,121342,20160612,  178,    0
 22503,121342,20160613,   96,    0
 22503,121342,20160614,    6,    0
 22503,121342,20160615,  106,    0
 22503,121342,20160616,    4,    0
 22503,121342,20160617,    0,    0
 22503,121342,20160618,   56,    0
 22503,121342,20160619,   24,    0
 22503,121342,20160620,  110,    0
 22503,121342,20160621,    0,    0
 22503,121342,20160622,    0,    0
 22503,121342,20160623,  306,    0
 22503,121342,20160624,   12,    0
 22503,121342,20160625,  256,    0
 22503,121342,20160626,   22,    0
 22503,121342,20160627,   12,    0
 22503,121342,20160628,   70,    0
 22503,121342,20160629,   12,    0
 22503,121342,20160630,    0,    0
 22503,121342,20160701,    4,    0
 22503,121342,20160702,    0,    0
 22503,121342,20160703,    0,    0
 22503,121342,20160704,    0,    0
 22503,121342,20160705,    0,    0
 22503,121342,20160706,    0,    0
 22503,121342,20160707,    0,    0
 22503,121342,20160708,   12,    0
 22503,121342,20160709,   24,    0
 22503,121342,20160710,    0,    0
 22503,121342,20160711,   48,    0
 22503,121342,20160712,   54,    0
 22503,121342,20160713,   20,    0
 22503,121342,20160714,    0,    0
 22503,121342,20160715,    0,    0
 22503,121342,20160716,    2,    0
 22503,121342,20160717,    0,    0
 22503,121342,20160718,    0,    0
 22503,121342,20160719,    0,    0
 22503,121342,20160720,   10,    0
 22503,121342,20160721,    2,    0
 22503,121342,20160722,-9999,    9
 22503,121342,20160723,    0,    0
 22503,121342,20160724,    0,    0
 22503,121342,20160725,    0,    0
 22503,121342,20160726,    0,    0
 22503,121342,20160727,   34,    0
 22503,121342,20160728,   20,    0
 22503,121342,20160729,   38,    0
 22503,121342,20160730,    2,    0
 22503,121342,20160731,    0,    0
 22503,121342,20160801,   20,    0
 22503,121342,20160802,   42,    0
 22503,121342,20160803,    2,    0
 22503,121342,20160804,   28,    0
 22503,121342,20160805,    2,    0
 22503,121342,20160806,    0,    0
 22503,121342,20160807,    0,    0
 22503,121342,20160808,    0,    0
 22503,121342,20160809,    0,    0
 22503,121342,20160810,    4,    0
 22503,121342,20160811,   38,    0
 22503,121342,20160812,    0,    0
 22503,121342,20160813,    0,    0
 22503,121342,20160814,    0,    0
 22503,121342,20160815,    0,    0
 22503,121342,20160816,    0,    0
 22503,121342,20160817,    0,    0
 22503,121342,20160818,    2,    0
 22503,121342,20160819,   10,    0
 22503,121342,20160820,    0,    0
 22503,121342,20160821,   66,    0
 22503,121342,20160822,    4,    0
 22503,121342,20160823,    0,    0
 22503,121342,20160824,    4,    0
 22503,121342,20160825,    2,    0
 22503,121342,20160826,    4,    0
 22503,121342,20160827,    0,    0
 22503,121342,20160828,  172,    0
 22503,121342,20160829,    0,    0
 22503,121342,20160830,    0,    0
 22503,121342,20160831,    0,    0
 22503,121342,20160901,    0,    0
 22503,121342,20160902,    4,    0
 22503,121342,20160903,   70,    0
 22503,121342,20160904,   10,    0
 22503,121342,20160905,    2,    0
 22503,121342,20160906,    0,    0
 22503,121342,20160907,    0,    0
 22503,121342,20160908,    0,    0
 22503,121342,20160909,    0,    0
 22503,121342,20160910,   36,    0
 22503,121342,20160911,    2,    0
 22503,121342,20160912,    0,    0
 22503,121342,20160913,    0,    0
 22503,121342,20160914,    0,    0
 22503,121342,20160915,    0,    0
 22503,121342,20160916,  268,    0
 22503,121342,20160917,   38,    0
 22503,121342,20160918,    0,    0
 22503,121342,20160919,    0,    0
 22503,121342,20160920,    0,    0
 22503,121342,20160921,    2,    0
 22503,121342,20160922,    0,    0
 22503,121342,20160923,    0,    0
 22503,121342,20160924,    0,    0
 22503,121342,20160925,    0,    0
 22503,121342,20160926,   14,    0
 22503,121342,20160927,    0,    0
 22503,121342,20160928,    0,    0
 22503,121342,20160929,    4,    0
 22503,121342,20160930,    0,    0
 22503,121342,20161001,   66,    0
 22503,121342,20161002,   34,    0
 22503,121342,20161003,    2,    0
 22503,121342,20161004,    2,    0
 22503,121342,20161005,    0,    0
 22503,121342,20161006,    2,    0
 22503,121342,20161007,   22,    0
 22503,121342,20161008,    8,    0
 22503,121342,20161009,   36,    0
 22503,121342,20161010,   34,    0
 22503,121342,20161011,   10,    0
 22503,121342,20161012,   42,    0
 22503,121342,20161013,   14,    0
 22503,121342,20161014,    0,    0
 22503,121342,20161015,   10,    0
 22503,121342,20161016,    8,    0
 22503,121342,20161017,    2,    0
 22503,121342,20161018,   44,    0
 22503,121342,20161019,   28,    0
 22503,121342,20161020,   20,    0
 22503,121342,20161021,   22,    0
 22503,121342,20161022,    2,    0
 22503,121342,20161023,    0,    0
 22503,121342,20161024,    0,    0
 22503,121342,20161025,    2,    0
 22503,121342,20161026,    0,    0
 22503,121342,20161027,    2,    0
 22503,121342,20161028,    0,    0
 22503,121342,20161029,    0,    0
 22503,121342,20161030,    2,    0
 22503,121342,20161031,    2,    0
 22503,121342,20161101,    2,    0
 22503,121342,20161102,    2,    0
 22503,121342,20161103,    2,    0
 22503,121342,20161104,   10,    0
 22503,121342,20161105,   22,    0
 22503,121342,20161106,   46,    0
 22503,121342,20161107,   16,    0
 22503,121342,20161108,    2,    0
 22503,121342,20161109,   76,    0
 22503,121342,20161110,   16,    0
 22503,121342,20161111,    2,    0
 22503,121342,20161112,   68,    0
 22503,121342,20161113,    2,    0
 22503,121342,20161114,   24,    0
 22503,121342,20161115,   26,    0
 22503,121342,20161116,    4,    0
 22503,121342,20161117,   34,    0
 22503,121342,20161118,    0,    0
 22503,121342,20161119,   30,    0
 22503,121342,20161120,  116,    0
 22503,121342,20161121,  136,    0
 22503,121342,20161122,   10,    0
 22503,121342,20161123,    2,    0
 22503,121342,20161124,    0,    0
 22503,121342,20161125,    0,    0
 22503,121342,20161126,    2,    0
 22503,121342,20161127,    0,    0
 22503,121342,20161128,    0,    0
 22503,121342,20161129,    0,    0
 22503,121342,20161130,    2,    0
 22503,121342,20161201,    2,    0
 22503,121342,20161202,    0,    0
 22503,121342,20161203,    0,    0
 22503,121342,20161204,    0,    0
 22503,121342,20161205,    2,    0
 22503,121342,20161206,    2,    0
 22503,121342,20161207,    0,    0
 22503,121342,20161208,    0,    0
 22503,121342,20161209,    2,    0
 22503,121342,20161210,  124,    0
 22503,121342,20161211,    2,    0
 22503,121342,20161212,   12,    0
 22503,121342,20161213,   14,    0
 22503,121342,20161214,    0,    0
 22503,121342,20161215,    4,    0
 22503,121342,20161216,    0,    0
 22503,121342,20161217,    2,    0
 22503,121342,20161218,    2,    0
 22503,121342,20161219,    0,    0
 22503,121342,20161220,    0,    0
 22503,121342,20161221,    8,    0
 22503,121342,20161222,    2,    0
 22503,121342,20161223,   18,    0
 22503,121342,20161224,    0,    0
 22503,121342,20161225,    0,    0
 22503,121342,20161226,    8,    0
 22503,121342,20161227,    0,    0
 22503,121342,20161228,    2,    0
 22503,121342,20161229,    4,    0
 22503,121342,20161230,    4,    0
 22503,121342,20161231,    2,    0
 22503,121342,20170101,   72,    0
 22503,121342,20170102,    2,    0
 22503,121342,20170103,    2,    0
 22503,121342,20170104,   12,    0
 22503,121342,20170105,    4,    0
 22503,121342,20170106,   18,    0
 22503,121342,20170107,   10,    0
 22503,121342,20170108,    2,    0
 22503,121342,20170109,   50,    0
 22503,121342,20170110,    6,    0
 22503,121342,20170111,    0,    0
 22503,121342,20170112,   46,    0
 22503,121342,20170113,   42,    0
 22503,121342,20170114,    0,    0
 22503,121342,20170115,   32,    0
 22503,121342,20170116,    0,    0
 22503,121342,20170117,    0,    0
 22503,121342,20170118,    0,    0
 22503,121342,20170119,    0,    0
 22503,121342,20170120,    0,    0
 22503,121342,20170121,    0,    0
 22503,121342,20170122,    0,    0
 22503,121342,20170123,    0,    0
 22503,121342,20170124,    0,    0
 22503,121342,20170125,    2,    0
 22503,121342,20170126,    0,    0
 22503,121342,20170127,    2,    0
 22503,121342,20170128,    0,    0
 22503,121342,20170129,   88,    0
 22503,121342,20170130,    2,    0
 22503,121342,20170131,   22,    0
 22503,121342,20170201,   68,    0
 22503,121342,20170202,    2,    0
 22503,121342,20170203,    2,    0
 22503,121342,20170204,   26,    0
 22503,121342,20170205,    4,    0
 22503,121342,20170206,    6,    0
 22503,121342,20170207,   38,    0
 22503,121342,20170208,    4,    0
 22503,121342,20170209,    0,    0
 22503,121342,20170210,    4,    0
 22503,121342,20170211,-9999,    9
 22503,121342,20170212,-9999,    9
 22503,121342,20170213,    4,    0
 22503,121342,20170214,    0,    0
 22503,121342,20170215,   14,    0
 22503,121342,20170216,    0,    0
 22503,121342,20170217,    2,    0
 22503,121342,20170218,    0,    0
 22503,121342,20170219,    0,    0
 22503,121342,20170220,    0,    0
 22503,121342,20170221,    0,    0
 22503,121342,20170222,   50,    0
 22503,121342,20170223,   90,    0
 22503,121342,20170224,   10,    0
 22503,121342,20170225,    8,    0
 22503,121342,20170226,   26,    0
 22503,121342,20170227,   38,    0
 22503,121342,20170228,   16,    0
 22503,121342,20170301,   14,    0
 22503,121342,20170302,   62,    0
 22503,121342,20170303,   22,    0
 22503,121342,20170304,   12,    0
 22503,121342,20170305,   40,    0
 22503,121342,20170306,   30,    0
 22503,121342,20170307,    2,    0
 22503,121342,20170308,   72,    0
 22503,121342,20170309,    2,    0
 22503,121342,20170310,    0,    0
 22503,121342,20170311,    0,    0
 22503,121342,20170312,    0,    0
 22503,121342,20170313,    0,    0
 22503,121342,20170314,    0,    0
 22503,121342,20170315,    0,    0
 22503,121342,20170316,    0,    0
 22503,121342,20170317,    2,    0
 22503,121342,20170318,   48,    0
 22503,121342,20170319,    0,    0
 22503,121342,20170320,   72,    0
 22503,121342,20170321,    0,    0
 22503,121342,20170322,    4,    0
 22503,121342,20170323,    0,    0
 22503,121342,20170324,    0,    0
 22503,121342,20170325,    0,    0
 22503,121342,20170326,    0,    0
 22503,121342,20170327,    0,    0
 22503,121342,20170328,    2,    0
 22503,121342,20170329,   10,    0
 22503,121342,20170330,    0,    0
 22503,121342,20170331,    0,    0
 22503,121342,20170401,    0,    0
 22503,121342,20170402,    0,    0
 22503,121342,20170403,    0,    0
 22503,121342,20170404,    0,    0
 22503,121342,20170405,    0,    0
 22503,121342,20170406,    0,    0
 22503,121342,20170407,    0,    0
 22503,121342,20170408,    0,    0
 22503,121342,20170409,    2,    0
 22503,121342,20170410,    0,    0
 22503,121342,20170411,    0,    0
 22503,121342,20170412,    0,    0
 22503,121342,20170413,    0,    0
 22503,121342,20170414,   24,    0
 22503,121342,20170415,    0,    0
 22503,121342,20170416,   28,    0
 22503,121342,20170417,    8,    0
 22503,121342,20170418,   14,    0
 22503,121342,20170419,    0,    0
 22503,121342,20170420,    0,    0
 22503,121342,20170421,    0,    0
 22503,121342,20170422,    6,    0
 22503,121342,20170423,    0,    0
 22503,121342,20170424,    6,    0
 22503,121342,20170425,   50,    0
 22503,121342,20170426,   38,    0
 22503,121342,20170427,   12,    0
 22503,121342,20170428,    2,    0
 22503,121342,20170429,    0,    0
 22503,121342,20170430,    0,    0
 22503,121342,20170501,   14,    0
 22503,121342,20170502,    0,    0
 22503,121342,20170503,    2,    0
 22503,121342,20170504,    0,    0
 22503,121342,20170505,    0,    0
 22503,121342,20170506,    0,    0
 22503,121342,20170507,    0,    0
 22503,121342,20170508,    0,    0
 22503,121342,20170509,    0,    0
 22503,121342,20170510,    0,    0
 22503,121342,20170511,    0,    0
 22503,121342,20170512,    2,    0
 22503,121342,20170513,    0,    0
 22503,121342,20170514,    4,    0
 22503,121342,20170515,    4,    0
 22503,121342,20170516,    4,    0
 22503,121342,20170517,  234,    0
 22503,121342,20170518,  108,    0
 22503,121342,20170519,   74,    0
 22503,121342,20170520,    6,    0
 22503,121342,20170521,    0,    0
 22503,121342,20170522,    0,    0
 22503,121342,20170523,-9999,    9
 22503,121342,20170524,    0,    0
 22503,121342,20170525,-9999,    9
 22503,121342,20170526,    0,    0
 22503,121342,20170527,   12,    0
 22503,121342,20170528,    2,    0
 22503,121342,20170529,   60,    0
 22503,121342,20170530,    0,    0
 22503,121342,20170531,    0,    0
 22503,121342,20170601,    0,    0
 22503,121342,20170602,   30,    0
 22503,121342,20170603,    0,    0
 22503,121342,20170604,    0,    0
 22503,121342,20170605,   18,    0
 22503,121342,20170606,  134,    0
 22503,121342,20170607,-9999,    9
 22503,121342,20170608,   22,    0
 22503,121342,20170609,   18,    0
 22503,121342,20170610,    0,    0
 22503,121342,20170611,    0,    0
 22503,121342,20170612,    0,    0
 22503,121342,20170613,    0,    0
 22503,121342,20170614,    0,    0
 22503,121342,20170615,    0,    0
 22503,121342,20170616,    0,    0
 22503,121342,20170617,    0,    0
 22503,121342,20170618,    0,    0
 22503,121342,20170619,    0,    0
 22503,121342,20170620,    0,    0
 22503,121342,20170621,    0,    0
 22503,121342,20170622,    4,    0
 22503,121342,20170623,    0,    0
 22503,121342,20170624,    0,    0
 22503,121342,20170625,    0,    0
 22503,121342,20170626,    0,    0
 22503,121342,20170627,  140,    0
 22503,121342,20170628,  218,    0
 22503,121342,20170629,    0,    0
 22503,121342,20170630,    0,    0
 22503,121342,20170701,    2,    0
 22503,121342,20170702,    0,    0
 22503,121342,20170703,    0,    0
 22503,121342,20170704,    0,    0
 22503,121342,20170705,    0,    0
 22503,121342,20170706,   82,    0
 22503,121342,20170707,    0,    0
 22503,121342,20170708,    0,    0
 22503,121342,20170709,    0,    0
 22503,121342,20170710,   12,    0
 22503,121342,20170711,   72,    0
 22503,121342,20170712,   68,    0
 22503,121342,20170713,    0,    0
 22503,121342,20170714,   12,    0
 22503,121342,20170715,-9999,    9
 22503,121342,20170716,   34,    0
 22503,121342,20170717,    0,    0
 22503,121342,20170718,    0,    0
 22503,121342,20170719,  144,    0
 22503,121342,20170720,   22,    0
 22503,121342,20170721,    0,    0
 22503,121342,20170722,   80,    0
 22503,121342,20170723,   24,    0
 22503,121342,20170724,   96,    0
 22503,121342,20170725,    6,    0
 22503,121342,20170726,-9999,    9
 22503,121342,20170727,    0,    0
 22503,121342,20170728,   34,    0
 22503,121342,20170729,   18,    0
 22503,121342,20170730,   56,    0
 22503,121342,20170731,    0,    0
 22503,121342,20170801,    0,    0
 22503,121342,20170802,   44,    0
 22503,121342,20170803,    8,    0
 22503,121342,20170804,    0,    0
 22503,121342,20170805,   60,    0
 22503,121342,20170806,    0,    0
 22503,121342,20170807,   72,    0
 22503,121342,20170808,   32,    0
 22503,121342,20170809,  428,    0
 22503,121342,20170810,    0,    0
 22503,121342,20170811,    0,    0
 22503,121342,20170812,    0,    0
 22503,121342,20170813,    0,    0
 22503,121342,20170814,    0,    0
 22503,121342,20170815,    0,    0
 22503,121342,20170816,    0,    0
 22503,121342,20170817,   78,    0
 22503,121342,20170818,   84,    0
 22503,121342,20170819,    0,    0
 22503,121342,20170820,    0,    0
 22503,121342,20170821,    0,    0
 22503,121342,20170822,    0,    0
 22503,121342,20170823,    2,    0
 22503,121342,20170824,    0,    0
 22503,121342,20170825,    0,    0
 22503,121342,20170826,    0,    0
 22503,121342,20170827,    0,    0
 22503,121342,20170828,    0,    0
 22503,121342,20170829,    0,    0
 22503,121342,20170830,   66,    0
 22503,121342,20170831,    2,    0
 22503,121342,20170901,    0,    0
 22503,121342,20170902,    0,    0
 22503,121342,20170903,    4,    0
 22503,121342,20170904,   10,    0
 22503,121342,20170905,    6,    0
 22503,121342,20170906,    0,    0
 22503,121342,20170907,   14,    0
 22503,121342,20170908,  434,    0
 22503,121342,20170909,   10,    0
 22503,121342,20170910,   20,    0
 22503,121342,20170911,   22,    0
 22503,121342,20170912,   52,    0
 22503,121342,20170913,   12,    0
 22503,121342,20170914,   40,    0
 22503,121342,20170915,   64,    0
 22503,121342,20170916,   14,    0
 22503,121342,20170917,   14,    0
 22503,121342,20170918,   40,    0
 22503,121342,20170919,    4,    0
 22503,121342,20170920,    0,    0
 22503,121342,20170921,    4,    0
 22503,121342,20170922,    2,    0
 22503,121342,20170923,    0,    0
 22503,121342,20170924,    0,    0
 22503,121342,20170925,    0,    0
 22503,121342,20170926,    0,    0
 22503,121342,20170927,   30,    0
 22503,121342,20170928,   48,    0
 22503,121342,20170929,   32,    0
 22503,121342,20170930,    2,    0
 22503,121342,20171001,   14,    0
 22503,121342,20171002,    0,    0
 22503,121342,20171003,    0,    0
 22503,121342,20171004,    6,    0
 22503,121342,20171005,   30,    0
 22503,121342,20171006,    0,    0
 22503,121342,20171007,   36,    0
 22503,121342,20171008,    0,    0
 22503,121342,20171009,    2,    0
 22503,121342,20171010,    0,    0
 22503,121342,20171011,    4,    0
 22503,121342,20171012,    0,    0
 22503,121342,20171013,    0,    0
 22503,121342,20171014,    0,    0
 22503,121342,20171015,    0,    0
 22503,121342,20171016,    2,    0
 22503,121342,20171017,    0,    0
 22503,121342,20171018,    6,    0
 22503,121342,20171019,    4,    0
 22503,121342,20171020,-9999,    9
 22503,121342,20171021,-9999,    9
 22503,121342,20171022,-9999,    9
 22503,121342,20171023,-9999,    9
 22503,121342,20171024,-9999,    9
 22503,121342,20171025,    0,    0
 22503,121342,20171026,    2,    0
 22503,121342,20171027,    0,    0
 22503,121342,20171028,    0,    0
 22503,121342,20171029,    6,    0
 22503,121342,20171030,    2,    0
 22503,121342,20171031,    0,    0
 22503,121342,20171101,    0,    0
 22503,121342,20171102,    0,    0
 22503,121342,20171103,    0,    0
 22503,121342,20171104,   72,    0
 22503,121342,20171105,    6,    0
 22503,121342,20171106,    2,    0
 22503,121342,20171107,    4,    0
 22503,121342,20171108,    4,    0
 22503,121342,20171109,    2,    0
 22503,121342,20171110,    0,    0
 22503,121342,20171111,    6,    0
 22503,121342,20171112,   82,    0
 22503,121342,20171113,    6,    0
 22503,121342,20171114,    2,    0
 22503,121342,20171115,    0,    0
 22503,121342,20171116,    0,    0
 22503,121342,20171117,    2,    0
 22503,121342,20171118,    0,    0
 22503,121342,20171119,    2,    0
 22503,121342,20171120,   20,    0
 22503,121342,20171121,   20,    0
 22503,121342,20171122,    2,    0
 22503,121342,20171123,    0,    0
 22503,121342,20171124,    0,    0
 22503,121342,20171125,    2,    0
 22503,121342,20171126,    0,    0
 22503,121342,20171127,  106,    0
 22503,121342,20171128,    2,    0
 22503,121342,20171129,   54,    0
 22503,121342,20171130,   32,    0
 22503,121342,20171201,   50,    0
 22503,121342,20171202,    2,    0
 22503,121342,20171203,    0,    0
 22503,121342,20171204,    2,    0
 22503,121342,20171205,    0,    0
 22503,121342,20171206,    0,    0
 22503,121342,20171207,   50,    0
 22503,121342,20171208,    2,    0
 22503,121342,20171209,    0,    0
 22503,121342,20171210,   92,    0
 22503,121342,20171211,  120,    0
 22503,121342,20171212,   50,    0
 22503,121342,20171213,   92,    0
 22503,121342,20171214,   42,    0
 22503,121342,20171215,   36,    0
 22503,121342,20171216,    0,    0
 22503,121342,20171217,   18,    0
 22503,121342,20171218,    0,    0
 22503,121342,20171219,    4,    0
 22503,121342,20171220,    2,    0
 22503,121342,20171221,    6,    0
 22503,121342,20171222,    2,    0
 22503,121342,20171223,    0,    0
 22503,121342,20171224,    0,    0
 22503,121342,20171225,    2,    0
 22503,121342,20171226,  156,    0
 22503,121342,20171227,  134,    0
 22503,121342,20171228,    0,    0
 22503,121342,20171229,   88,    0
 22503,121342,20171230,  112,    0
 22503,121342,20171231,   52,    0
 22503,121342,20180101,   28,    0
 22503,121342,20180102,   52,    0
 22503,121342,20180103,   38,    0
 22503,121342,20180104,   16,    0
 22503,121342,20180105,    0,    0
 22503,121342,20180106,    2,    0
 22503,121342,20180107,    2,    0
 22503,121342,20180108,    0,    0
 22503,121342,20180109,-9999,    9
 22503,121342,20180110,-9999,    9
 22503,121342,20180111,-9999,    9
 22503,121342,20180112,-9999,    9
 22503,121342,20180113,-9999,    9
 22503,121342,20180114,-9999,    9
 22503,121342,20180115,-9999,    9
 22503,121342,20180116,-9999,    9
 22503,121342,20180117,   12,    0
 22503,121342,20180118,   42,    0
 22503,121342,20180119,    0,    0
 22503,121342,20180120,   18,    0
 22503,121342,20180121,-9999,    9
 22503,121342,20180122,    0,    0
 22503,121342,20180123,   22,    0
 22503,121342,20180124,   44,    0
 22503,121342,20180125,    0,    0
 22503,121342,20180126,    0,    0
 22503,121342,20180127,   14,    0
 22503,121342,20180128,    0,    0
 22503,121342,20180129,   12,    0
 22503,121342,20180130,    4,    0
 22503,121342,20180131,   24,    0
 22503,121342,20180201,   48,    0
 22503,121342,20180202,   66,    0
 22503,121342,20180203,    2,    0
 22503,121342,20180204,    8,    0
 22503,121342,20180205,    2,    0
 22503,121342,20180206,-9999,    9
 22503,121342,20180207,-9999,    9
 22503,121342,20180208,    0,    0
 22503,121342,20180209,  104,    0
 22503,121342,20180210,   26,    0
 22503,121342,20180211,   12,    0
 22503,121342,20180212,    0,    0
 22503,121342,20180213,    0,    0
 22503,121342,20180214,  120,    0
 22503,121342,20180215,    6,    0
 22503,121342,20180216,    0,    0
 22503,121342,20180217,    2,    0
 22503,121342,20180218,    0,    0
 22503,121342,20180219,   36,    0
 22503,121342,20180220,   46,    0
 22503,121342,20180221,    0,    0
 22503,121342,20180222,    0,    0
 22503,121342,20180223,    0,    0
 22503,121342,20180224,    0,    0
 22503,121342,20180225,    0,    0
 22503,121342,20180226,-9999,    9
 22503,121342,20180227,-9999,    9
 22503,121342,20180228,-9999,    9
 22503,121342,20180301,    0,    0
 22503,121342,20180302,-9999,    9
 22503,121342,20180303,    0,    0
 22503,121342,20180304,-9999,    9
 22503,121342,20180305,    2,    0
 22503,121342,20180306,    0,    0
 22503,121342,20180307,   52,    0
 22503,121342,20180308,   32,    0
 22503,121342,20180309,   64,    0
 22503,121342,20180310,   32,    0
 22503,121342,20180311,   28,    0
 22503,121342,20180312,   28,    0
 22503,121342,20180313,   42,    0
 22503,121342,20180314,    0,    0
 22503,121342,20180315,   12,    0
 22503,121342,20180316,   38,    0
 22503,121342,20180317,-9999,    9
 22503,121342,20180318,    4,    0
 22503,121342,20180319,-9999,    9
 22503,121342,20180320,-9999,    9
 22503,121342,20180321,    0,    0
 22503,121342,20180322,    6,    0
 22503,121342,20180323,    0,    0
 22503,121342,20180324,    0,    0
 22503,121342,20180325,    2,    0
 22503,121342,20180326,    0,    0
 22503,121342,20180327,   16,    0
 22503,121342,20180328,   66,    0
 22503,121342,20180329,   30,    0
 22503,121342,20180330,  112,    0
 22503,121342,20180331,   84,    0
 22503,121342,20180401,   14,    0
 22503,121342,20180402,  180,    0
 22503,121342,20180403,    0,    0
 22503,121342,20180404,   26,    0
 22503,121342,20180405,    0,    0
 22503,121342,20180406,    0,    0
 22503,121342,20180407,   14,    0
 22503,121342,20180408,   22,    0
 22503,121342,20180409,   36,    0
 22503,121342,20180410,   20,    0
 22503,121342,20180411,    4,    0
 22503,121342,20180412,    4,    0
 22503,121342,20180413,    0,    0
 22503,121342,20180414,    0,    0
 22503,121342,20180415,-9999,    9
 22503,121342,20180416,-9999,    9
 22503,121342,20180417,-9999,    9
 22503,121342,20180418,-9999,    9
 22503,121342,20180419,-9999,    9
 22503,121342,20180420,-9999,    9
 22503,121342,20180421,-9999,    9
 22503,121342,20180422,-9999,    9
 22503,121342,20180423,-9999,    9
 22503,121342,20180424,-9999,    9
 22503,121342,20180425,-9999,    9
 22503,121342,20180426,-9999,    9
 22503,121342,20180427,   66,    0
 22503,121342,20180428,   78,    0
 22503,121342,20180429,   12,    0
 22503,121342,20180430,  142,    0
 22503,121342,20180501,    0,    0
 22503,121342,20180502,   38,    0
 22503,121342,20180503,    0,    0
 22503,121342,20180504,    0,    0
 22503,121342,20180505,    0,    0
 22503,121342,20180506,    0,    0
 22503,121342,20180507,    0,    0
 22503,121342,20180508,    0,    0
 22503,121342,20180509,    0,    0
 22503,121342,20180510,    4,    0
 22503,121342,20180511,    0,    0
 22503,121342,20180512,   68,    0
 22503,121342,20180513,    2,    0
 22503,121342,20180514,    0,    0
 22503,121342,20180515,    0,    0
 22503,121342,20180516,    0,    0
 22503,121342,20180517,    0,    0
 22503,121342,20180518,    0,    0
 22503,121342,20180519,    0,    0
 22503,121342,20180520,    0,    0
 22503,121342,20180521,    0,    0
 22503,121342,20180522,    0,    0
 22503,121342,20180523,    0,    0
 22503,121342,20180524,   38,    0
 22503,121342,20180525,   24,    0
 22503,121342,20180526,    0,    0
 22503,121342,20180527,    0,    0
 22503,121342,20180528,    0,    0
 22503,121342,20180529,    2,    0
 22503,121342,20180530,   46,    0
 22503,121342,20180531,    0,    0
 22503,121342,20180601,    2,    0
 22503,121342,20180602,  260,    0
 22503,121342,20180603,    2,    0
 22503,121342,20180604,    2,    0
 22503,121342,20180605,    0,    0
 22503,121342,20180606,    0,    0
 22503,121342,20180607,   10,    0
 22503,121342,20180608,    0,    0
 22503,121342,20180609,   12,    0
 22503,121342,20180610,    2,    0
 22503,121342,20180611,    0,    0
 22503,121342,20180612,    4,    0
 22503,121342,20180613,    0,    0
 22503,121342,20180614,    0,    0
 22503,121342,20180615,    0,    0
 22503,121342,20180616,    0,    0
 22503,121342,20180617,    0,    0
 22503,121342,20180618,    0,    0
 22503,121342,20180619,    0,    0
 22503,121342,20180620,    0,    0
 22503,121342,20180621,    0,    0
 22503,121342,20180622,    0,    0
 22503,121342,20180623,    0,    0
 22503,121342,20180624,    0,    0
 22503,121342,20180625,    0,    0
 22503,121342,20180626,    0,    0
 22503,121342,20180627,    0,    0
 22503,121342,20180628,    0,    0
 22503,121342,20180629,    0,    0
 22503,121342,20180630,    0,    0
 22503,121342,20180701,    0,    0
 22503,121342,20180702,    0,    0
 22503,121342,20180703,    0,    0
 22503,121342,20180704,    0,    0
 22503,121342,20180705,    0,    0
 22503,121342,20180706,    0,    0
 22503,121342,20180707,    0,    0
 22503,121342,20180708,    0,    0
 22503,121342,20180709,    0,    0
 22503,121342,20180710,    0,    0
 22503,121342,20180711,    0,    0
 22503,121342,20180712,    0,    0
 22503,121342,20180713,    0,    0
 22503,121342,20180714,    0,    0
 22503,121342,20180715,    0,    0
 22503,121342,20180716,    0,    0
 22503,121342,20180717,-9999,    9
 22503,121342,20180718,-9999,    9
 22503,121342,20180719,    2,    0
 22503,121342,20180720,    0,    0
 22503,121342,20180721,    0,    0
 22503,121342,20180722,    0,    0
 22503,121342,20180723,    0,    0
 22503,121342,20180724,    0,    0
 22503,121342,20180725,    0,    0
 22503,121342,20180726,    0,    0
 22503,121342,20180727,  184,    0
 22503,121342,20180728,    2,    0
 22503,121342,20180729,   24,    0
 22503,121342,20180730,  104,    0
 22503,121342,20180731,   56,    0
 22503,121342,20180801,    0,    0
 22503,121342,20180802,    0,    0
 22503,121342,20180803,    0,    0
 22503,121342,20180804,    0,    0
 22503,121342,20180805,    0,    0
 22503,121342,20180806,    0,    0
 22503,121342,20180807,   60,    0
 22503,121342,20180808,    2,    0
 22503,121342,20180809,  160,    0
 22503,121342,20180810,   64,    0
 22503,121342,20180811,   24,    0
 22503,121342,20180812,   30,    0
 22503,121342,20180813,   14,    0
 22503,121342,20180814,    0,    0
 22503,121342,20180815,    0,    0
 22503,121342,20180816,   82,    0
 22503,121342,20180817,    0,    0
 22503,121342,20180818,    0,    0
 22503,121342,20180819,    0,    0
 22503,121342,20180820,    0,    0
 22503,121342,20180821,    0,    0
 22503,121342,20180822,    0,    0
 22503,121342,20180823,   26,    0
 22503,121342,20180824,   12,    0
 22503,121342,20180825,    0,    0
 22503,121342,20180826,   78,    0
 22503,121342,20180827,    0,    0
 22503,121342,20180828,    0,    0
 22503,121342,20180829,   28,    0
 22503,121342,20180830,    0,    0
 22503,121342,20180831,    0,    0
 22503,121342,20180901,    0,    0
 22503,121342,20180902,    0,    0
 22503,121342,20180903,    0,    0
 22503,121342,20180904,   46,    0
 22503,121342,20180905,    4,    0
 22503,121342,20180906,   44,    0
 22503,121342,20180907,    2,    0
 22503,121342,20180908,    0,    0
 22503,121342,20180909,    0,    0
 22503,121342,20180910,    0,    0
 22503,121342,20180911,   12,    0
 22503,121342,20180912,    4,    0
 22503,121342,20180913,    2,    0
 22503,121342,20180914,    0,    0
 22503,121342,20180915,    0,    0
 22503,121342,20180916,    0,    0
 22503,121342,20180917,    0,    0
 22503,121342,20180918,    0,    0
 22503,121342,20180919,   18,    0
 22503,121342,20180920,   36,    0
 22503,121342,20180921,   64,    0
 22503,121342,20180922,    0,    0
 22503,121342,20180923,   90,    0
 22503,121342,20180924,    0,    0
 22503,121342,20180925,    0,    0
 22503,121342,20180926,    0,    0
 22503,121342,20180927,    0,    0
 22503,121342,20180928,    0,    0
 22503,121342,20180929,    0,    0
 22503,121342,20180930,    0,    0
 22503,121342,20181001,    2,    0
 22503,121342,20181002,    0,    0
 22503,121342,20181003,    0,    0
 22503,121342,20181004,    0,    0
 22503,121342,20181005,    0,    0
 22503,121342,20181006,   38,    0
 22503,121342,20181007,    0,    0
 22503,121342,20181008,    0,    0
 22503,121342,20181009,    0,    0
 22503,121342,20181010,    0,    0
 22503,121342,20181011,   22,    0
 22503,121342,20181012,    0,    0
 22503,121342,20181013,    0,    0
 22503,121342,20181014,   54,    0
 22503,121342,20181015,  110,    0
 22503,121342,20181016,    4,    0
 22503,121342,20181017,   10,    0
 22503,121342,20181018,    2,    0
 22503,121342,20181019,    0,    0
 22503,121342,20181020,    0,    0
 22503,121342,20181021,    2,    0
 22503,121342,20181022,    0,    0
 22503,121342,20181023,    0,    0
 22503,121342,20181024,    0,    0
 22503,121342,20181025,-9999,    9
 22503,121342,20181026,   12,    0
 22503,121342,20181027,   78,    0
 22503,121342,20181028,  104,    0
 22503,121342,20181029,   10,    0
 22503,121342,20181030,   32,    0
 22503,121342,20181031,   10,    0
 22503,121342,20181101,  160,    0
 22503,121342,20181102,    0,    0
 22503,121342,20181103,    0,    0
 22503,121342,20181104,    0,    0
 22503,121342,20181105,    2,    0
 22503,121342,20181106,    0,    0
 22503,121342,20181107,    8,    0
 22503,121342,20181108,    0,    0
 22503,121342,20181109,   24,    0
 22503,121342,20181110,  176,    0
 22503,121342,20181111,   12,    0
 22503,121342,20181112,    2,    0
 22503,121342,20181113,    0,    0
 22503,121342,20181114,    0,    0
 22503,121342,20181115,    2,    0
 22503,121342,20181116,    6,    0
 22503,121342,20181117,    0,    0
 22503,121342,20181118,    2,    0
 22503,121342,20181119,   12,    0
 22503,121342,20181120,   36,    0
 22503,121342,20181121,   52,    0
 22503,121342,20181122,    4,    0
 22503,121342,20181123,    0,    0
 22503,121342,20181124,    0,    0
 22503,121342,20181125,    0,    0
 22503,121342,20181126,   12,    0
 22503,121342,20181127,   38,    0
 22503,121342,20181128,   58,    0
 22503,121342,20181129,    2,    0
 22503,121342,20181130,    0,    0
 22503,121342,20181201,   10,    0
 22503,121342,20181202,   14,    0
 22503,121342,20181203,   32,    0
 22503,121342,20181204,    2,    0
 22503,121342,20181205,   50,    0
 22503,121342,20181206,    2,    0
 22503,121342,20181207,  114,    0
 22503,121342,20181208,    0,    0
 22503,121342,20181209,    6,    0
 22503,121342,20181210,    2,    0
 22503,121342,20181211,    0,    0
 22503,121342,20181212,    2,    0
 22503,121342,20181213,    0,    0
 22503,121342,20181214,    0,    0
 22503,121342,20181215,   96,    0
 22503,121342,20181216,   12,    0
 22503,121342,20181217,    0,    0
 22503,121342,20181218,   30,    0
 22503,121342,20181219,    4,    0
 22503,121342,20181220,    0,    0
 22503,121342,20181221,  178,    0
 22503,121342,20181222,   30,    0
 22503,121342,20181223,   68,    0
 22503,121342,20181224,    0,    0
 22503,121342,20181225,    2,    0
 22503,121342,20181226,    0,    0
 22503,121342,20181227,    0,    0
 22503,121342,20181228,    0,    0
 22503,121342,20181229,    0,    0
 22503,121342,20181230,    2,    0
 22503,121342,20181231,    0,    0
 22503,121342,20190101,    2,    0
 22503,121342,20190102,    8,    0
 22503,121342,20190103,    2,    0
 22503,121342,20190104,    0,    0
 22503,121342,20190105,    0,    0
 22503,121342,20190106,    0,    0
 22503,121342,20190107,    0,    0
 22503,121342,20190108,   18,    0
 22503,121342,20190109,   36,    0
 22503,121342,20190110,    2,    0
 22503,121342,20190111,    2,    0
 22503,121342,20190112,    4,    0
 22503,121342,20190113,    2,    0
 22503,121342,20190114,    0,    0
 22503,121342,20190115,    0,    0
 22503,121342,20190116,   28,    0
 22503,121342,20190117,    4,    0
 22503,121342,20190118,    0,    0
 22503,121342,20190119,    0,    0
 22503,121342,20190120,    0,    0
 22503,121342,20190121,    2,    0
 22503,121342,20190122,   36,    0
 22503,121342,20190123,    0,    0
 22503,121342,20190124,    2,    0
 22503,121342,20190125,    6,    0
 22503,121342,20190126,    2,    0
 22503,121342,20190127,   50,    0
 22503,121342,20190128,    4,    0
 22503,121342,20190129,-9999,    9
 22503,121342,20190130,-9999,    9
 22503,121342,20190131,-9999,    9
 22503,121342,20190201,-9999,    9
 22503,121342,20190202,   28,    0
 22503,121342,20190203,    0,    0
 22503,121342,20190204,   58,    0
 22503,121342,20190205,-9999,    9
 22503,121342,20190206,-9999,    9
 22503,121342,20190207,-9999,    9
 22503,121342,20190208,-9999,    9
 22503,121342,20190209,-9999,    9
 22503,121342,20190210,-9999,    9
 22503,121342,20190211,-9999,    9
 22503,121342,20190212,-9999,    9
 22503,121342,20190213,-9999,    9
 22503,121342,20190214,    0,    0
 22503,121342,20190215,    2,    0
 22503,121342,20190216,    0,    0
 22503,121342,20190217,    0,    0
 22503,121342,20190218,-9999,    9
 22503,121342,20190219,    0,    0
 22503,121342,20190220,    0,    0
 22503,121342,20190221,    0,    0
 22503,121342,20190222,    0,    0
 22503,121342,20190223,    2,    0
 22503,121342,20190224,    0,    0
 22503,121342,20190225,    2,    0
 22503,121342,20190226,    0,    0
 22503,121342,20190227,    0,    0
 22503,121342,20190228,    0,    0
 22503,121342,20190301,    0,    0
 22503,121342,20190302,    2,    0
 22503,121342,20190303,   42,    0
 22503,121342,20190304,    0,    0
 22503,121342,20190305,    8,    0
 22503,121342,20190306,   66,    0
 22503,121342,20190307,   38,    0
 22503,121342,20190308,   30,    0
 22503,121342,20190309,    0,    0
 22503,121342,20190310,  112,    0
 22503,121342,20190311,    0,    0
 22503,121342,20190312,   80,    0
 22503,121342,20190313,    4,    0
 22503,121342,20190314,   24,    0
 22503,121342,20190315,   24,    0
 22503,121342,20190316,   58,    0
 22503,121342,20190317,    4,    0
 22503,121342,20190318,    0,    0
 22503,121342,20190319,    0,    0
 22503,121342,20190320,    0,    0
 22503,121342,20190321,    0,    0
 22503,121342,20190322,    0,    0
 22503,121342,20190323,    0,    0
 22503,121342,20190324,-9999,    9
 22503,121342,20190325,    0,    0
 22503,121342,20190326,    0,    0
 22503,121342,20190327,    0,    0
 22503,121342,20190328,    0,    0
 22503,121342,20190329,    0,    0
 22503,121342,20190330,    0,    0
 22503,121342,20190331,    0,    0
 22503,121342,20190401,    0,    0
 22503,121342,20190402,   12,    0
 22503,121342,20190403,    6,    0
 22503,121342,20190404,    8,    0
 22503,121342,20190405,    0,    0
 22503,121342,20190406,    0,    0
 22503,121342,20190407,   52,    0
 22503,121342,20190408,    0,    0
 22503,121342,20190409,    0,    0
 22503,121342,20190410,    0,    0
 22503,121342,20190411,    0,    0
 22503,121342,20190412,    0,    0
 22503,121342,20190413,    8,    0
 22503,121342,20190414,    0,    0
 22503,121342,20190415,    2,    0
 22503,121342,20190416,    0,    0
 22503,121342,20190417,    0,    0
 22503,121342,20190418,    0,    0
 22503,121342,20190419,    0,    0
 22503,121342,20190420,    2,    0
 22503,121342,20190421,    0,    0
 22503,121342,20190422,    0,    0
 22503,121342,20190423,    0,    0
 22503,121342,20190424,    2,    0
 22503,121342,20190425,-9999,    9
 22503,121342,20190426,-9999,    9
 22503,121342,20190427,-9999,    9
 22503,121342,20190428,-9999,    9
 22503,121342,20190429,-9999,    9
 22503,121342,20190430,-9999,    9
 22503,121342,20190501,-9999,    9
 22503,121342,20190502,   84,    0
 22503,121342,20190503,   12,    0
 22503,121342,20190504,   36,    0
 22503,121342,20190505,    0,    0
 22503,121342,20190506,    0,    0
 22503,121342,20190507,   10,    0
 22503,121342,20190508,  142,    0
 22503,121342,20190509,    0,    0
 22503,121342,20190510,   32,    0
 22503,121342,20190511,   26,    0
 22503,121342,20190512,    0,    0
 22503,121342,20190513,    0,    0
 22503,121342,20190514,    0,    0
 22503,121342,20190515,    0,    0
 22503,121342,20190516,    0,    0
 22503,121342,20190517,   18,    0
 22503,121342,20190518,    0,    0
 22503,121342,20190519,   16,    0
 22503,121342,20190520,    2,    0
 22503,121342,20190521,    2,    0
 22503,121342,20190522,    0,    0
 22503,121342,20190523,    0,    0
 22503,121342,20190524,    0,    0
 22503,121342,20190525,    0,    0
 22503,121342,20190526,    0,    0
 22503,121342,20190527,    0,    0
 22503,121342,20190528,    6,    0
 22503,121342,20190529,   12,    0
 22503,121342,20190530,    0,    0
 22503,121342,20190531,    0,    0
 22503,121342,20190601,    0,    0
 22503,121342,20190602,    0,    0
 22503,121342,20190603,    0,    0
 22503,121342,20190604,   66,    0
 22503,121342,20190605,   16,    0
 22503,121342,20190606,    4,    0
 22503,121342,20190607,   62,    0
 22503,121342,20190608,   98,    0
 22503,121342,20190609,    0,    0
 22503,121342,20190610,  218,    0
 22503,121342,20190611,   50,    0
 22503,121342,20190612,  170,    0
 22503,121342,20190613,   94,    0
 22503,121342,20190614,    2,    0
 22503,121342,20190615,    4,    0
 22503,121342,20190616,   18,    0
 22503,121342,20190617,    0,    0
 22503,121342,20190618,   20,    0
 22503,121342,20190619,  138,    0
 22503,121342,20190620,    2,    0
 22503,121342,20190621,    0,    0
 22503,121342,20190622,    0,    0
 22503,121342,20190623,    0,    0
 22503,121342,20190624,    0,    0
 22503,121342,20190625,   90,    0
 22503,121342,20190626,    0,    0
 22503,121342,20190627,    0,    0
 22503,121342,20190628,    0,    0
 22503,121342,20190629,    0,    0
 22503,121342,20190630,    0,    0
 22503,121342,20190701,    0,    0
 22503,121342,20190702,    0,    0
 22503,121342,20190703,    0,    0
 22503,121342,20190704,    0,    0
 22503,121342,20190705,    0,    0
 22503,121342,20190706,   20,    0
 22503,121342,20190707,    0,    0
 22503,121342,20190708,    0,    0
 22503,121342,20190709,    0,    0
 22503,121342,20190710,    2,    0
 22503,121342,20190711,    4,    0
 22503,121342,20190712,   32,    0
 22503,121342,20190713,    0,    0
 22503,121342,20190714,    2,    0
 22503,121342,20190715,    0,    0
 22503,121342,20190716,    0,    0
 22503,121342,20190717,    0,    0
 22503,121342,20190718,   12,    0
 22503,121342,20190719,   44,    0
 22503,121342,20190720,   78,    0
 22503,121342,20190721,    0,    0
 22503,121342,20190722,    0,    0
 22503,121342,20190723,    0,    0
 22503,121342,20190724,   30,    0
 22503,121342,20190725,   26,    0
 22503,121342,20190726,    6,    0
 22503,121342,20190727,  156,    0
 22503,121342,20190728,   18,    0
 22503,121342,20190729,    0,    0
 22503,121342,20190730,    4,    0
 22503,121342,20190731,    0,    0
 22503,121342,20190801,    0,    0
 22503,121342,20190802,    0,    0
 22503,121342,20190803,    0,    0
 22503,121342,20190804,    0,    0
 22503,121342,20190805,    2,    0
 22503,121342,20190806,    0,    0
 22503,121342,20190807,    0,    0
 22503,121342,20190808,    0,    0
 22503,121342,20190809,   44,    0
 22503,121342,20190810,    6,    0
 22503,121342,20190811,    8,    0
 22503,121342,20190812,    0,    0
 22503,121342,20190813,    0,    0
 22503,121342,20190814,   92,    0
 22503,121342,20190815,    0,    0
 22503,121342,20190816,   52,    0
 22503,121342,20190817,    0,    0
 22503,121342,20190818,    4,    0
 22503,121342,20190819,   16,    0
 22503,121342,20190820,    0,    0
 22503,121342,20190821,    0,    0
 22503,121342,20190822,    0,    0
 22503,121342,20190823,    0,    0
 22503,121342,20190824,    0,    0
 22503,121342,20190825,    0,    0
 22503,121342,20190826,    0,    0
 22503,121342,20190827,    0,    0
 22503,121342,20190828,   20,    0
 22503,121342,20190829,    2,    0
 22503,121342,20190830,    0,    0
 22503,121342,20190831,    0,    0
 22503,121342,20190901,-9999,    9
 22503,121342,20190902,    0,    0
 22503,121342,20190903,    0,    0
 22503,121342,20190904,   46,    0
 22503,121342,20190905,    0,    0
 22503,121342,20190906,    0,    0
 22503,121342,20190907,    4,    0
 22503,121342,20190908,    0,    0
 22503,121342,20190909,    4,    0
 22503,121342,20190910,    0,    0
 22503,121342,20190911,    6,    0
 22503,121342,20190912,    0,    0
 22503,121342,20190913,    0,    0
 22503,121342,20190914,    0,    0
 22503,121342,20190915,    0,    0
 22503,121342,20190916,   18,    0
 22503,121342,20190917,    2,    0
 22503,121342,20190918,    0,    0
 22503,121342,20190919,    0,    0
 22503,121342,20190920,    0,    0
 22503,121342,20190921,    0,    0
 22503,121342,20190922,   32,    0
 22503,121342,20190923,    8,    0
 22503,121342,20190924,   68,    0
 22503,121342,20190925,   36,    0
 22503,121342,20190926,   18,    0
 22503,121342,20190927,   28,    0
 22503,121342,20190928,   40,    0
 22503,121342,20190929,  252,    0
 22503,121342,20190930,  154,    0
 22503,121342,20191001,  118,    0
 22503,121342,20191002,    0,    0
 22503,121342,20191003,   16,    0
 22503,121342,20191004,   86,    0
 22503,121342,20191005,    0,    0
 22503,121342,20191006,  472,    0
 22503,121342,20191007,    2,    0
 22503,121342,20191008,    4,    0
 22503,121342,20191009,    0,    0
 22503,121342,20191010,    6,    0
 22503,121342,20191011,   36,    0
 22503,121342,20191012,   46,    0
 22503,121342,20191013,   54,    0
 22503,121342,20191014,   96,    0
 22503,121342,20191015,    0,    0
 22503,121342,20191016,   10,    0
 22503,121342,20191017,   14,    0
 22503,121342,20191018,   44,    0
 22503,121342,20191019,    0,    0
 22503,121342,20191020,    2,    0
 22503,121342,20191021,   10,    0
 22503,121342,20191022,    0,    0
 22503,121342,20191023,   14,    0
 22503,121342,20191024,   72,    0
 22503,121342,20191025,    2,    0
 22503,121342,20191026,   32,    0
 22503,121342,20191027,    0,    0
 22503,121342,20191028,    2,    0
 22503,121342,20191029,    6,    0
 22503,121342,20191030,    2,    0
 22503,121342,20191031,    0,    0
 22503,121342,20191101,   34,    0
 22503,121342,20191102,   44,    0
 22503,121342,20191103,   12,    0
 22503,121342,20191104,    4,    0
 22503,121342,20191105,    6,    0
 22503,121342,20191106,    2,    0
 22503,121342,20191107,   66,    0
 22503,121342,20191108,    4,    0
 22503,121342,20191109,    2,    0
 22503,121342,20191110,    0,    0
 22503,121342,20191111,   94,    0
 22503,121342,20191112,   34,    0
 22503,121342,20191113,    0,    0
 22503,121342,20191114,  118,    0
 22503,121342,20191115,   30,    0
 22503,121342,20191116,    0,    0
 22503,121342,20191117,    6,    0
 22503,121342,20191118,    4,    0
 22503,121342,20191119,    2,    0
 22503,121342,20191120,    0,    0
 22503,121342,20191121,    0,    0
 22503,121342,20191122,    4,    0
 22503,121342,20191123,   18,    0
 22503,121342,20191124,    0,    0
 22503,121342,20191125,    8,    0
 22503,121342,20191126,   10,    0
 22503,121342,20191127,  204,    0
 22503,121342,20191128,   44,    0
 22503,121342,20191129,    2,    0
 22503,121342,20191130,    2,    0
 22503,121342,20191201,    8,    0
 22503,121342,20191202,    0,    0
 22503,121342,20191203,    2,    0
 22503,121342,20191204,    0,    0
 22503,121342,20191205,    2,    0
 22503,121342,20191206,   92,    0
 22503,121342,20191207,    0,    0
 22503,121342,20191208,   30,    0
 22503,121342,20191209,    0,    0
 22503,121342,20191210,   36,    0
 22503,121342,20191211,    0,    0
 22503,121342,20191212,   66,    0
 22503,121342,20191213,    2,    0
 22503,121342,20191214,    4,    0
 22503,121342,20191215,   16,    0
 22503,121342,20191216,   10,    0
 22503,121342,20191217,   86,    0
 22503,121342,20191218,    4,    0
 22503,121342,20191219,   58,    0
 22503,121342,20191220,  196,    0
 22503,121342,20191221,   20,    0
 22503,121342,20191222,   16,    0
 22503,121342,20191223,    0,    0
 22503,121342,20191224,   34,    0
 22503,121342,20191225,    0,    0
 22503,121342,20191226,   76,    0
 22503,121342,20191227,    0,    0
 22503,121342,20191228,    0,    0
 22503,121342,20191229,    0,    0
 22503,121342,20191230,    0,    0
 22503,121342,20191231,-9999,    9
 22503,121342,20200101,-9999,    9
 22503,121342,20200102,-9999,    9
 22503,121342,20200103,-9999,    9
 22503,121342,20200104,-9999,    9
 22503,121342,20200105,-9999,    9
 22503,121342,20200106,-9999,    9
 22503,121342,20200107,-9999,    9
 22503,121342,20200108,-9999,    9
 22503,121342,20200109,-9999,    9
 22503,121342,20200110,-9999,    9
 22503,121342,20200111,-9999,    9
 22503,121342,20200112,-9999,    9
 22503,121342,20200113,-9999,    9
 22503,121342,20200114,-9999,    9
 22503,121342,20200115,-9999,    9
 22503,121342,20200116,-9999,    9
 22503,121342,20200117,-9999,    9
 22503,121342,20200118,-9999,    9
 22503,121342,20200119,-9999,    9
 22503,121342,20200120,-9999,    9
 22503,121342,20200121,-9999,    9
 22503,121342,20200122,-9999,    9
 22503,121342,20200123,-9999,    9
 22503,121342,20200124,-9999,    9
 22503,121342,20200125,-9999,    9
 22503,121342,20200126,-9999,    9
 22503,121342,20200127,-9999,    9
 22503,121342,20200128,-9999,    9
 22503,121342,20200129,-9999,    9
 22503,121342,20200130,-9999,    9
 22503,121342,20200131,-9999,    9
 22503,121342,20200201,-9999,    9
 22503,121342,20200202,-9999,    9
 22503,121342,20200203,-9999,    9
 22503,121342,20200204,-9999,    9
 22503,121342,20200205,-9999,    9
 22503,121342,20200206,-9999,    9
 22503,121342,20200207,-9999,    9
 22503,121342,20200208,-9999,    9
 22503,121342,20200209,-9999,    9
 22503,121342,20200210,-9999,    9
 22503,121342,20200211,-9999,    9
 22503,121342,20200212,-9999,    9
 22503,121342,20200213,-9999,    9
 22503,121342,20200214,-9999,    9
 22503,121342,20200215,-9999,    9
 22503,121342,20200216,-9999,    9
 22503,121342,20200217,-9999,    9
 22503,121342,20200218,-9999,    9
 22503,121342,20200219,-9999,    9
 22503,121342,20200220,-9999,    9
 22503,121342,20200221,-9999,    9
 22503,121342,20200222,-9999,    9
 22503,121342,20200223,-9999,    9
 22503,121342,20200224,-9999,    9
 22503,121342,20200225,-9999,    9
 22503,121342,20200226,-9999,    9
 22503,121342,20200227,-9999,    9
 22503,121342,20200228,-9999,    9
 22503,121342,20200229,-9999,    9
 22503,121342,20200301,-9999,    9
 22503,121342,20200302,-9999,    9
 22503,121342,20200303,-9999,    9
 22503,121342,20200304,-9999,    9
 22503,121342,20200305,-9999,    9
 22503,121342,20200306,-9999,    9
 22503,121342,20200307,-9999,    9
 22503,121342,20200308,-9999,    9
 22503,121342,20200309,-9999,    9
 22503,121342,20200310,-9999,    9
 22503,121342,20200311,-9999,    9
 22503,121342,20200312,-9999,    9
 22503,121342,20200313,-9999,    9
 22503,121342,20200314,-9999,    9
 22503,121342,20200315,-9999,    9
 22503,121342,20200316,-9999,    9
 22503,121342,20200317,-9999,    9
 22503,121342,20200318,-9999,    9
 22503,121342,20200319,-9999,    9
 22503,121342,20200320,-9999,    9
 22503,121342,20200321,-9999,    9
 22503,121342,20200322,-9999,    9
 22503,121342,20200323,-9999,    9
 22503,121342,20200324,-9999,    9
 22503,121342,20200325,-9999,    9
 22503,121342,20200326,-9999,    9
 22503,121342,20200327,-9999,    9
 22503,121342,20200328,-9999,    9
 22503,121342,20200329,-9999,    9
 22503,121342,20200330,-9999,    9
 22503,121342,20200331,-9999,    9
 22503,121342,20200401,-9999,    9
 22503,121342,20200402,-9999,    9
 22503,121342,20200403,-9999,    9
 22503,121342,20200404,-9999,    9
 22503,121342,20200405,-9999,    9
 22503,121342,20200406,-9999,    9
 22503,121342,20200407,-9999,    9
 22503,121342,20200408,-9999,    9
 22503,121342,20200409,-9999,    9
 22503,121342,20200410,-9999,    9
 22503,121342,20200411,-9999,    9
 22503,121342,20200412,-9999,    9
 22503,121342,20200413,-9999,    9
 22503,121342,20200414,-9999,    9
 22503,121342,20200415,-9999,    9
 22503,121342,20200416,-9999,    9
 22503,121342,20200417,-9999,    9
 22503,121342,20200418,-9999,    9
 22503,121342,20200419,-9999,    9
 22503,121342,20200420,-9999,    9
 22503,121342,20200421,-9999,    9
 22503,121342,20200422,-9999,    9
 22503,121342,20200423,-9999,    9
 22503,121342,20200424,-9999,    9
 22503,121342,20200425,-9999,    9
 22503,121342,20200426,-9999,    9
 22503,121342,20200427,-9999,    9
 22503,121342,20200428,-9999,    9
 22503,121342,20200429,-9999,    9
 22503,121342,20200430,-9999,    9
 22503,121342,20200501,-9999,    9
 22503,121342,20200502,-9999,    9
 22503,121342,20200503,-9999,    9
 22503,121342,20200504,-9999,    9
 22503,121342,20200505,-9999,    9
 22503,121342,20200506,-9999,    9
 22503,121342,20200507,-9999,    9
 22503,121342,20200508,-9999,    9
 22503,121342,20200509,-9999,    9
 22503,121342,20200510,-9999,    9
 22503,121342,20200511,-9999,    9
 22503,121342,20200512,-9999,    9
 22503,121342,20200513,-9999,    9
 22503,121342,20200514,-9999,    9
 22503,121342,20200515,-9999,    9
 22503,121342,20200516,-9999,    9
 22503,121342,20200517,-9999,    9
 22503,121342,20200518,-9999,    9
 22503,121342,20200519,-9999,    9
 22503,121342,20200520,-9999,    9
 22503,121342,20200521,-9999,    9
 22503,121342,20200522,-9999,    9
 22503,121342,20200523,-9999,    9
 22503,121342,20200524,-9999,    9
 22503,121342,20200525,-9999,    9
 22503,121342,20200526,-9999,    9
 22503,121342,20200527,-9999,    9
 22503,121342,20200528,-9999,    9
 22503,121342,20200529,-9999,    9
 22503,121342,20200530,-9999,    9
 22503,121342,20200531,-9999,    9
 22503,121342,20200601,-9999,    9
 22503,121342,20200602,-9999,    9
 22503,121342,20200603,-9999,    9
 22503,121342,20200604,-9999,    9
 22503,121342,20200605,-9999,    9
 22503,121342,20200606,-9999,    9
 22503,121342,20200607,-9999,    9
 22503,121342,20200608,-9999,    9
 22503,121342,20200609,-9999,    9
 22503,121342,20200610,-9999,    9
 22503,121342,20200611,-9999,    9
 22503,121342,20200612,-9999,    9
 22503,121342,20200613,-9999,    9
 22503,121342,20200614,-9999,    9
 22503,121342,20200615,-9999,    9
 22503,121342,20200616,-9999,    9
 22503,121342,20200617,-9999,    9
 22503,121342,20200618,-9999,    9
 22503,121342,20200619,-9999,    9
 22503,121342,20200620,-9999,    9
 22503,121342,20200621,-9999,    9
 22503,121342,20200622,-9999,    9
 22503,121342,20200623,-9999,    9
 22503,121342,20200624,-9999,    9
 22503,121342,20200625,-9999,    9
 22503,121342,20200626,-9999,    9
 22503,121342,20200627,-9999,    9
 22503,121342,20200628,-9999,    9
 22503,121342,20200629,-9999,    9
 22503,121342,20200630,-9999,    9
 22503,121342,20200701,-9999,    9
 22503,121342,20200702,-9999,    9
 22503,121342,20200703,-9999,    9
 22503,121342,20200704,-9999,    9
 22503,121342,20200705,-9999,    9
 22503,121342,20200706,-9999,    9
 22503,121342,20200707,-9999,    9
 22503,121342,20200708,-9999,    9
 22503,121342,20200709,-9999,    9
 22503,121342,20200710,-9999,    9
 22503,121342,20200711,-9999,    9
 22503,121342,20200712,-9999,    9
 22503,121342,20200713,-9999,    9
 22503,121342,20200714,-9999,    9
 22503,121342,20200715,-9999,    9
 22503,121342,20200716,-9999,    9
 22503,121342,20200717,-9999,    9
 22503,121342,20200718,-9999,    9
 22503,121342,20200719,-9999,    9
 22503,121342,20200720,-9999,    9
 22503,121342,20200721,-9999,    9
 22503,121342,20200722,-9999,    9
 22503,121342,20200723,-9999,    9
 22503,121342,20200724,-9999,    9
 22503,121342,20200725,-9999,    9
 22503,121342,20200726,-9999,    9
 22503,121342,20200727,-9999,    9
 22503,121342,20200728,-9999,    9
 22503,121342,20200729,-9999,    9
 22503,121342,20200730,-9999,    9
 22503,121342,20200731,-9999,    9
 22503,121342,20200801,-9999,    9
 22503,121342,20200802,-9999,    9
 22503,121342,20200803,-9999,    9
 22503,121342,20200804,-9999,    9
 22503,121342,20200805,-9999,    9
 22503,121342,20200806,-9999,    9
 22503,121342,20200807,-9999,    9
 22503,121342,20200808,-9999,    9
 22503,121342,20200809,-9999,    9
 22503,121342,20200810,-9999,    9
 22503,121342,20200811,-9999,    9
 22503,121342,20200812,-9999,    9
 22503,121342,20200813,-9999,    9
 22503,121342,20200814,-9999,    9
 22503,121342,20200815,-9999,    9
 22503,121342,20200816,-9999,    9
 22503,121342,20200817,-9999,    9
 22503,121342,20200818,-9999,    9
 22503,121342,20200819,-9999,    9
 22503,121342,20200820,-9999,    9
 22503,121342,20200821,-9999,    9
 22503,121342,20200822,-9999,    9
 22503,121342,20200823,-9999,    9
 22503,121342,20200824,-9999,    9
 22503,121342,20200825,-9999,    9
 22503,121342,20200826,-9999,    9
 22503,121342,20200827,-9999,    9
 22503,121342,20200828,-9999,    9
 22503,121342,20200829,-9999,    9
 22503,121342,20200830,-9999,    9
 22503,121342,20200831,-9999,    9
 22503,121342,20200901,-9999,    9
 22503,121342,20200902,-9999,    9
 22503,121342,20200903,-9999,    9
 22503,121342,20200904,-9999,    9
 22503,121342,20200905,-9999,    9
 22503,121342,20200906,-9999,    9
 22503,121342,20200907,-9999,    9
 22503,121342,20200908,-9999,    9
 22503,121342,20200909,-9999,    9
 22503,121342,20200910,-9999,    9
 22503,121342,20200911,-9999,    9
 22503,121342,20200912,-9999,    9
 22503,121342,20200913,-9999,    9
 22503,121342,20200914,-9999,    9
 22503,121342,20200915,-9999,    9
 22503,121342,20200916,-9999,    9
 22503,121342,20200917,-9999,    9
 22503,121342,20200918,-9999,    9
 22503,121342,20200919,-9999,    9
 22503,121342,20200920,-9999,    9
 22503,121342,20200921,-9999,    9
 22503,121342,20200922,-9999,    9
 22503,121342,20200923,-9999,    9
 22503,121342,20200924,-9999,    9
 22503,121342,20200925,-9999,    9
 22503,121342,20200926,-9999,    9
 22503,121342,20200927,-9999,    9
 22503,121342,20200928,-9999,    9
 22503,121342,20200929,-9999,    9
 22503,121342,20200930,-9999,    9
 22503,121342,20201001,-9999,    9
 22503,121342,20201002,-9999,    9
 22503,121342,20201003,-9999,    9
 22503,121342,20201004,-9999,    9
 22503,121342,20201005,-9999,    9
 22503,121342,20201006,-9999,    9
 22503,121342,20201007,-9999,    9
 22503,121342,20201008,-9999,    9
 22503,121342,20201009,-9999,    9
 22503,121342,20201010,-9999,    9
 22503,121342,20201011,-9999,    9
 22503,121342,20201012,-9999,    9
 22503,121342,20201013,-9999,    9
 22503,121342,20201014,-9999,    9
 22503,121342,20201015,-9999,    9
 22503,121342,20201016,-9999,    9
 22503,121342,20201017,-9999,    9
 22503,121342,20201018,-9999,    9
 22503,121342,20201019,-9999,    9
 22503,121342,20201020,-9999,    9
 22503,121342,20201021,-9999,    9
 22503,121342,20201022,-9999,    9
 22503,121342,20201023,-9999,    9
 22503,121342,20201024,-9999,    9
 22503,121342,20201025,-9999,    9
 22503,121342,20201026,-9999,    9
 22503,121342,20201027,-9999,    9
 22503,121342,20201028,-9999,    9
 22503,121342,20201029,-9999,    9
 22503,121342,20201030,-9999,    9
 22503,121342,20201031,-9999,    9
 22503,121342,20201101,-9999,    9
 22503,121342,20201102,-9999,    9
 22503,121342,20201103,-9999,    9
 22503,121342,20201104,-9999,    9
 22503,121342,20201105,-9999,    9
 22503,121342,20201106,-9999,    9
 22503,121342,20201107,-9999,    9
 22503,121342,20201108,-9999,    9
 22503,121342,20201109,-9999,    9
 22503,121342,20201110,-9999,    9
 22503,121342,20201111,-9999,    9
 22503,121342,20201112,-9999,    9
 22503,121342,20201113,-9999,    9
 22503,121342,20201114,-9999,    9
 22503,121342,20201115,-9999,    9
 22503,121342,20201116,-9999,    9
 22503,121342,20201117,-9999,    9
 22503,121342,20201118,-9999,    9
 22503,121342,20201119,-9999,    9
 22503,121342,20201120,-9999,    9
 22503,121342,20201121,-9999,    9
 22503,121342,20201122,-9999,    9
 22503,121342,20201123,-9999,    9
 22503,121342,20201124,-9999,    9
 22503,121342,20201125,-9999,    9
 22503,121342,20201126,-9999,    9
 22503,121342,20201127,-9999,    9
 22503,121342,20201128,-9999,    9
 22503,121342,20201129,-9999,    9
 22503,121342,20201130,-9999,    9
 22503,121342,20201201,-9999,    9
 22503,121342,20201202,-9999,    9
 22503,121342,20201203,-9999,    9
 22503,121342,20201204,-9999,    9
 22503,121342,20201205,-9999,    9
 22503,121342,20201206,-9999,    9
 22503,121342,20201207,-9999,    9
 22503,121342,20201208,-9999,    9
 22503,121342,20201209,-9999,    9
 22503,121342,20201210,-9999,    9
 22503,121342,20201211,-9999,    9
 22503,121342,20201212,-9999,    9
 22503,121342,20201213,-9999,    9
 22503,121342,20201214,-9999,    9
 22503,121342,20201215,-9999,    9
 22503,121342,20201216,-9999,    9
 22503,121342,20201217,-9999,    9
 22503,121342,20201218,-9999,    9
 22503,121342,20201219,-9999,    9
 22503,121342,20201220,-9999,    9
 22503,121342,20201221,-9999,    9
 22503,121342,20201222,-9999,    9
 22503,121342,20201223,-9999,    9
 22503,121342,20201224,-9999,    9
 22503,121342,20201225,-9999,    9
 22503,121342,20201226,-9999,    9
 22503,121342,20201227,-9999,    9
 22503,121342,20201228,-9999,    9
 22503,121342,20201229,-9999,    9
 22503,121342,20201230,-9999,    9
 22503,121342,20201231,-9999,    9
 22503,121342,20210101,-9999,    9
 22503,121342,20210102,-9999,    9
 22503,121342,20210103,-9999,    9
 22503,121342,20210104,-9999,    9
 22503,121342,20210105,-9999,    9
 22503,121342,20210106,-9999,    9
 22503,121342,20210107,-9999,    9
 22503,121342,20210108,-9999,    9
 22503,121342,20210109,-9999,    9
 22503,121342,20210110,-9999,    9
 22503,121342,20210111,-9999,    9
 22503,121342,20210112,-9999,    9
 22503,121342,20210113,-9999,    9
 22503,121342,20210114,-9999,    9
 22503,121342,20210115,-9999,    9
 22503,121342,20210116,-9999,    9
 22503,121342,20210117,-9999,    9
 22503,121342,20210118,-9999,    9
 22503,121342,20210119,-9999,    9
 22503,121342,20210120,-9999,    9
 22503,121342,20210121,-9999,    9
 22503,121342,20210122,-9999,    9
 22503,121342,20210123,-9999,    9
 22503,121342,20210124,-9999,    9
 22503,121342,20210125,-9999,    9
 22503,121342,20210126,-9999,    9
 22503,121342,20210127,-9999,    9
 22503,121342,20210128,-9999,    9
 22503,121342,20210129,-9999,    9
 22503,121342,20210130,-9999,    9
 22503,121342,20210131,-9999,    9
 22503,121342,20210201,-9999,    9
 22503,121342,20210202,-9999,    9
 22503,121342,20210203,-9999,    9
 22503,121342,20210204,-9999,    9
 22503,121342,20210205,-9999,    9
 22503,121342,20210206,-9999,    9
 22503,121342,20210207,-9999,    9
 22503,121342,20210208,-9999,    9
 22503,121342,20210209,-9999,    9
 22503,121342,20210210,-9999,    9
 22503,121342,20210211,-9999,    9
 22503,121342,20210212,-9999,    9
 22503,121342,20210213,-9999,    9
 22503,121342,20210214,-9999,    9
 22503,121342,20210215,-9999,    9
 22503,121342,20210216,-9999,    9
 22503,121342,20210217,-9999,    9
 22503,121342,20210218,-9999,    9
 22503,121342,20210219,-9999,    9
 22503,121342,20210220,-9999,    9
 22503,121342,20210221,-9999,    9
 22503,121342,20210222,-9999,    9
 22503,121342,20210223,-9999,    9
 22503,121342,20210224,-9999,    9
 22503,121342,20210225,-9999,    9
 22503,121342,20210226,-9999,    9
 22503,121342,20210227,-9999,    9
 22503,121342,20210228,-9999,    9
 22503,121342,20210301,-9999,    9
 22503,121342,20210302,-9999,    9
 22503,121342,20210303,-9999,    9
 22503,121342,20210304,-9999,    9
 22503,121342,20210305,-9999,    9
 22503,121342,20210306,-9999,    9
 22503,121342,20210307,-9999,    9
 22503,121342,20210308,-9999,    9
 22503,121342,20210309,-9999,    9
 22503,121342,20210310,-9999,    9
 22503,121342,20210311,-9999,    9
 22503,121342,20210312,-9999,    9
 22503,121342,20210313,-9999,    9
 22503,121342,20210314,-9999,    9
 22503,121342,20210315,-9999,    9
 22503,121342,20210316,-9999,    9
 22503,121342,20210317,-9999,    9
 22503,121342,20210318,-9999,    9
 22503,121342,20210319,-9999,    9
 22503,121342,20210320,-9999,    9
 22503,121342,20210321,-9999,    9
 22503,121342,20210322,-9999,    9
 22503,121342,20210323,-9999,    9
 22503,121342,20210324,-9999,    9
 22503,121342,20210325,-9999,    9
 22503,121342,20210326,-9999,    9
 22503,121342,20210327,-9999,    9
 22503,121342,20210328,-9999,    9
 22503,121342,20210329,-9999,    9
 22503,121342,20210330,-9999,    9
 22503,121342,20210331,-9999,    9
 22503,121342,20210401,-9999,    9
 22503,121342,20210402,-9999,    9
 22503,121342,20210403,-9999,    9
 22503,121342,20210404,-9999,    9
 22503,121342,20210405,-9999,    9
 22503,121342,20210406,-9999,    9
 22503,121342,20210407,-9999,    9
 22503,121342,20210408,-9999,    9
 22503,121342,20210409,-9999,    9
 22503,121342,20210410,-9999,    9
 22503,121342,20210411,-9999,    9
 22503,121342,20210412,-9999,    9
 22503,121342,20210413,-9999,    9
 22503,121342,20210414,-9999,    9
 22503,121342,20210415,-9999,    9
 22503,121342,20210416,-9999,    9
 22503,121342,20210417,-9999,    9
 22503,121342,20210418,-9999,    9
 22503,121342,20210419,-9999,    9
 22503,121342,20210420,-9999,    9
 22503,121342,20210421,-9999,    9
 22503,121342,20210422,-9999,    9
 22503,121342,20210423,-9999,    9
 22503,121342,20210424,-9999,    9
 22503,121342,20210425,-9999,    9
 22503,121342,20210426,-9999,    9
 22503,121342,20210427,-9999,    9
 22503,121342,20210428,-9999,    9
 22503,121342,20210429,-9999,    9
 22503,121342,20210430,-9999,    9
 22503,121342,20210501,-9999,    9
 22503,121342,20210502,-9999,    9
 22503,121342,20210503,-9999,    9
 22503,121342,20210504,-9999,    9
 22503,121342,20210505,-9999,    9
 22503,121342,20210506,-9999,    9
 22503,121342,20210507,-9999,    9
 22503,121342,20210508,-9999,    9
 22503,121342,20210509,-9999,    9
 22503,121342,20210510,-9999,    9
 22503,121342,20210511,-9999,    9
 22503,121342,20210512,-9999,    9
 22503,121342,20210513,-9999,    9
 22503,121342,20210514,-9999,    9
 22503,121342,20210515,-9999,    9
 22503,121342,20210516,-9999,    9
 22503,121342,20210517,-9999,    9
 22503,121342,20210518,-9999,    9
 22503,121342,20210519,-9999,    9
 22503,121342,20210520,-9999,    9
 22503,121342,20210521,-9999,    9
 22503,121342,20210522,-9999,    9
 22503,121342,20210523,-9999,    9
 22503,121342,20210524,-9999,    9
 22503,121342,20210525,-9999,    9
 22503,121342,20210526,-9999,    9
 22503,121342,20210527,-9999,    9
 22503,121342,20210528,-9999,    9
 22503,121342,20210529,-9999,    9
 22503,121342,20210530,-9999,    9
 22503,121342,20210531,-9999,    9
 22503,121342,20210601,-9999,    9
 22503,121342,20210602,-9999,    9
 22503,121342,20210603,-9999,    9
 22503,121342,20210604,-9999,    9
 22503,121342,20210605,-9999,    9
 22503,121342,20210606,-9999,    9
 22503,121342,20210607,-9999,    9
 22503,121342,20210608,-9999,    9
 22503,121342,20210609,-9999,    9
 22503,121342,20210610,-9999,    9
 22503,121342,20210611,-9999,    9
 22503,121342,20210612,-9999,    9
 22503,121342,20210613,-9999,    9
 22503,121342,20210614,-9999,    9
 22503,121342,20210615,-9999,    9
 22503,121342,20210616,-9999,    9
 22503,121342,20210617,-9999,    9
 22503,121342,20210618,-9999,    9
 22503,121342,20210619,-9999,    9
 22503,121342,20210620,-9999,    9
 22503,121342,20210621,-9999,    9
 22503,121342,20210622,-9999,    9
 22503,121342,20210623,-9999,    9
 22503,121342,20210624,-9999,    9
 22503,121342,20210625,-9999,    9
 22503,121342,20210626,-9999,    9
 22503,121342,20210627,-9999,    9
 22503,121342,20210628,-9999,    9
 22503,121342,20210629,-9999,    9
 22503,121342,20210630,-9999,    9
 22503,121342,20210701,-9999,    9
 22503,121342,20210702,-9999,    9
 22503,121342,20210703,-9999,    9
 22503,121342,20210704,-9999,    9
 22503,121342,20210705,-9999,    9
 22503,121342,20210706,-9999,    9
 22503,121342,20210707,-9999,    9
 22503,121342,20210708,-9999,    9
 22503,121342,20210709,-9999,    9
 22503,121342,20210710,-9999,    9
 22503,121342,20210711,-9999,    9
 22503,121342,20210712,-9999,    9
 22503,121342,20210713,-9999,    9
 22503,121342,20210714,-9999,    9
 22503,121342,20210715,-9999,    9
 22503,121342,20210716,-9999,    9
 22503,121342,20210717,-9999,    9
 22503,121342,20210718,-9999,    9
 22503,121342,20210719,-9999,    9
 22503,121342,20210720,-9999,    9
 22503,121342,20210721,-9999,    9
 22503,121342,20210722,-9999,    9
 22503,121342,20210723,-9999,    9
 22503,121342,20210724,-9999,    9
 22503,121342,20210725,-9999,    9
 22503,121342,20210726,-9999,    9
 22503,121342,20210727,-9999,    9
 22503,121342,20210728,-9999,    9
 22503,121342,20210729,-9999,    9
 22503,121342,20210730,-9999,    9
 22503,121342,20210731,-9999,    9
 22503,121342,20210801,-9999,    9
 22503,121342,20210802,-9999,    9
 22503,121342,20210803,-9999,    9
 22503,121342,20210804,-9999,    9
 22503,121342,20210805,-9999,    9
 22503,121342,20210806,-9999,    9
 22503,121342,20210807,-9999,    9
 22503,121342,20210808,-9999,    9
 22503,121342,20210809,-9999,    9
 22503,121342,20210810,-9999,    9
 22503,121342,20210811,-9999,    9
 22503,121342,20210812,-9999,    9
 22503,121342,20210813,-9999,    9
 22503,121342,20210814,-9999,    9
 22503,121342,20210815,-9999,    9
 22503,121342,20210816,-9999,    9
 22503,121342,20210817,-9999,    9
 22503,121342,20210818,-9999,    9
 22503,121342,20210819,-9999,    9
 22503,121342,20210820,-9999,    9
 22503,121342,20210821,-9999,    9
 22503,121342,20210822,-9999,    9
 22503,121342,20210823,-9999,    9
 22503,121342,20210824,-9999,    9
 22503,121342,20210825,-9999,    9
 22503,121342,20210826,-9999,    9
 22503,121342,20210827,-9999,    9
 22503,121342,20210828,-9999,    9
 22503,121342,20210829,-9999,    9
 22503,121342,20210830,-9999,    9
 22503,121342,20210831,-9999,    9
 22503,121342,20210901,-9999,    9
 22503,121342,20210902,-9999,    9
 22503,121342,20210903,-9999,    9
 22503,121342,20210904,-9999,    9
 22503,121342,20210905,-9999,    9
 22503,121342,20210906,-9999,    9
 22503,121342,20210907,-9999,    9
 22503,121342,20210908,-9999,    9
 22503,121342,20210909,-9999,    9
 22503,121342,20210910,-9999,    9
 22503,121342,20210911,-9999,    9
 22503,121342,20210912,-9999,    9
 22503,121342,20210913,-9999,    9
 22503,121342,20210914,-9999,    9
 22503,121342,20210915,-9999,    9
 22503,121342,20210916,-9999,    9
 22503,121342,20210917,-9999,    9
 22503,121342,20210918,-9999,    9
 22503,121342,20210919,-9999,    9
 22503,121342,20210920,-9999,    9
 22503,121342,20210921,-9999,    9
 22503,121342,20210922,-9999,    9
 22503,121342,20210923,-9999,    9
 22503,121342,20210924,-9999,    9
 22503,121342,20210925,-9999,    9
 22503,121342,20210926,-9999,    9
 22503,121342,20210927,-9999,    9
 22503,121342,20210928,-9999,    9
 22503,121342,20210929,-9999,    9
 22503,121342,20210930,-9999,    9
 22503,121342,20211001,-9999,    9
 22503,121342,20211002,-9999,    9
 22503,121342,20211003,-9999,    9
 22503,121342,20211004,-9999,    9
 22503,121342,20211005,-9999,    9
 22503,121342,20211006,-9999,    9
 22503,121342,20211007,-9999,    9
 22503,121342,20211008,-9999,    9
 22503,121342,20211009,-9999,    9
 22503,121342,20211010,-9999,    9
 22503,121342,20211011,-9999,    9
 22503,121342,20211012,-9999,    9
 22503,121342,20211013,-9999,    9
 22503,121342,20211014,-9999,    9
 22503,121342,20211015,-9999,    9
 22503,121342,20211016,-9999,    9
 22503,121342,20211017,-9999,    9
 22503,121342,20211018,-9999,    9
 22503,121342,20211019,-9999,    9
 22503,121342,20211020,-9999,    9
 22503,121342,20211021,-9999,    9
 22503,121342,20211022,-9999,    9
 22503,121342,20211023,-9999,    9
 22503,121342,20211024,-9999,    9
 22503,121342,20211025,-9999,    9
 22503,121342,20211026,-9999,    9
 22503,121342,20211027,-9999,    9
 22503,121342,20211028,-9999,    9
 22503,121342,20211029,-9999,    9
 22503,121342,20211030,-9999,    9
 22503,121342,20211031,-9999,    9
 22503,121342,20211101,-9999,    9
 22503,121342,20211102,-9999,    9
 22503,121342,20211103,-9999,    9
 22503,121342,20211104,-9999,    9
 22503,121342,20211105,-9999,    9
 22503,121342,20211106,-9999,    9
 22503,121342,20211107,-9999,    9
 22503,121342,20211108,-9999,    9
 22503,121342,20211109,-9999,    9
 22503,121342,20211110,-9999,    9
 22503,121342,20211111,-9999,    9
 22503,121342,20211112,-9999,    9
 22503,121342,20211113,-9999,    9
 22503,121342,20211114,-9999,    9
 22503,121342,20211115,-9999,    9
 22503,121342,20211116,-9999,    9
 22503,121342,20211117,-9999,    9
 22503,121342,20211118,-9999,    9
 22503,121342,20211119,-9999,    9
 22503,121342,20211120,-9999,    9
 22503,121342,20211121,-9999,    9
 22503,121342,20211122,-9999,    9
 22503,121342,20211123,-9999,    9
 22503,121342,20211124,-9999,    9
 22503,121342,20211125,-9999,    9
 22503,121342,20211126,-9999,    9
 22503,121342,20211127,-9999,    9
 22503,121342,20211128,-9999,    9
 22503,121342,20211129,-9999,    9
 22503,121342,20211130,-9999,    9
 22503,121342,20211201,-9999,    9
 22503,121342,20211202,-9999,    9
 22503,121342,20211203,-9999,    9
 22503,121342,20211204,-9999,    9
 22503,121342,20211205,-9999,    9
 22503,121342,20211206,-9999,    9
 22503,121342,20211207,-9999,    9
 22503,121342,20211208,-9999,    9
 22503,121342,20211209,-9999,    9
 22503,121342,20211210,-9999,    9
 22503,121342,20211211,-9999,    9
 22503,121342,20211212,-9999,    9
 22503,121342,20211213,-9999,    9
 22503,121342,20211214,-9999,    9
 22503,121342,20211215,-9999,    9
 22503,121342,20211216,-9999,    9
 22503,121342,20211217,-9999,    9
 22503,121342,20211218,-9999,    9
 22503,121342,20211219,-9999,    9
 22503,121342,20211220,-9999,    9
 22503,121342,20211221,-9999,    9
 22503,121342,20211222,-9999,    9
 22503,121342,20211223,-9999,    9
 22503,121342,20211224,-9999,    9
 22503,121342,20211225,-9999,    9
 22503,121342,20211226,-9999,    9
 22503,121342,20211227,-9999,    9
 22503,121342,20211228,-9999,    9
 22503,121342,20211229,-9999,    9
 22503,121342,20211230,-9999,    9
 22503,121342,20211231,-9999,    9
 22503,121342,20220101,-9999,    9
 22503,121342,20220102,-9999,    9
 22503,121342,20220103,-9999,    9
 22503,121342,20220104,-9999,    9
 22503,121342,20220105,-9999,    9
 22503,121342,20220106,-9999,    9
 22503,121342,20220107,-9999,    9
 22503,121342,20220108,-9999,    9
 22503,121342,20220109,-9999,    9
 22503,121342,20220110,-9999,    9
 22503,121342,20220111,-9999,    9
 22503,121342,20220112,-9999,    9
 22503,121342,20220113,-9999,    9
 22503,121342,20220114,-9999,    9
 22503,121342,20220115,-9999,    9
 22503,121342,20220116,-9999,    9
 22503,121342,20220117,-9999,    9
 22503,121342,20220118,-9999,    9
 22503,121342,20220119,-9999,    9
 22503,121342,20220120,-9999,    9
 22503,121342,20220121,-9999,    9
 22503,121342,20220122,-9999,    9
 22503,121342,20220123,-9999,    9
 22503,121342,20220124,-9999,    9
 22503,121342,20220125,-9999,    9
 22503,121342,20220126,-9999,    9
 22503,121342,20220127,-9999,    9
 22503,121342,20220128,-9999,    9
 22503,121342,20220129,-9999,    9
 22503,121342,20220130,-9999,    9
 22503,121342,20220131,-9999,    9
 22503,121342,20220201,-9999,    9
 22503,121342,20220202,-9999,    9
 22503,121342,20220203,-9999,    9
 22503,121342,20220204,-9999,    9
 22503,121342,20220205,-9999,    9
 22503,121342,20220206,-9999,    9
 22503,121342,20220207,-9999,    9
 22503,121342,20220208,-9999,    9
 22503,121342,20220209,-9999,    9
 22503,121342,20220210,-9999,    9
 22503,121342,20220211,-9999,    9
 22503,121342,20220212,-9999,    9
 22503,121342,20220213,-9999,    9
 22503,121342,20220214,-9999,    9
 22503,121342,20220215,-9999,    9
 22503,121342,20220216,-9999,    9
 22503,121342,20220217,-9999,    9
 22503,121342,20220218,-9999,    9
 22503,121342,20220219,-9999,    9
 22503,121342,20220220,-9999,    9
 22503,121342,20220221,-9999,    9
 22503,121342,20220222,-9999,    9
 22503,121342,20220223,-9999,    9
 22503,121342,20220224,-9999,    9
 22503,121342,20220225,-9999,    9
 22503,121342,20220226,-9999,    9
 22503,121342,20220227,-9999,    9
 22503,121342,20220228,-9999,    9
 22503,121342,20220301,-9999,    9
 22503,121342,20220302,-9999,    9
 22503,121342,20220303,-9999,    9
 22503,121342,20220304,-9999,    9
 22503,121342,20220305,-9999,    9
 22503,121342,20220306,-9999,    9
 22503,121342,20220307,-9999,    9
 22503,121342,20220308,-9999,    9
 22503,121342,20220309,-9999,    9
 22503,121342,20220310,-9999,    9
 22503,121342,20220311,-9999,    9
 22503,121342,20220312,-9999,    9
 22503,121342,20220313,-9999,    9
 22503,121342,20220314,-9999,    9
 22503,121342,20220315,-9999,    9
 22503,121342,20220316,-9999,    9
 22503,121342,20220317,-9999,    9
 22503,121342,20220318,-9999,    9
 22503,121342,20220319,-9999,    9
 22503,121342,20220320,-9999,    9
 22503,121342,20220321,-9999,    9
 22503,121342,20220322,-9999,    9
 22503,121342,20220323,-9999,    9
 22503,121342,20220324,-9999,    9
 22503,121342,20220325,-9999,    9
 22503,121342,20220326,-9999,    9
 22503,121342,20220327,-9999,    9
 22503,121342,20220328,-9999,    9
 22503,121342,20220329,-9999,    9
 22503,121342,20220330,-9999,    9
 22503,121342,20220331,-9999,    9
 22503,121342,20220401,-9999,    9
 22503,121342,20220402,-9999,    9
 22503,121342,20220403,-9999,    9
 22503,121342,20220404,-9999,    9
 22503,121342,20220405,-9999,    9
 22503,121342,20220406,-9999,    9
 22503,121342,20220407,-9999,    9
 22503,121342,20220408,-9999,    9
 22503,121342,20220409,-9999,    9
 22503,121342,20220410,-9999,    9
 22503,121342,20220411,-9999,    9
 22503,121342,20220412,-9999,    9
 22503,121342,20220413,-9999,    9
 22503,121342,20220414,-9999,    9
 22503,121342,20220415,-9999,    9
 22503,121342,20220416,-9999,    9
 22503,121342,20220417,-9999,    9
 22503,121342,20220418,-9999,    9
 22503,121342,20220419,-9999,    9
 22503,121342,20220420,-9999,    9
 22503,121342,20220421,-9999,    9
 22503,121342,20220422,-9999,    9
 22503,121342,20220423,-9999,    9
 22503,121342,20220424,-9999,    9
 22503,121342,20220425,-9999,    9
 22503,121342,20220426,-9999,    9
 22503,121342,20220427,-9999,    9
 22503,121342,20220428,-9999,    9
 22503,121342,20220429,-9999,    9
 22503,121342,20220430,-9999,    9
 22503,121342,20220501,-9999,    9
 22503,121342,20220502,-9999,    9
 22503,121342,20220503,-9999,    9
 22503,121342,20220504,-9999,    9
 22503,121342,20220505,-9999,    9
 22503,121342,20220506,-9999,    9
 22503,121342,20220507,-9999,    9
 22503,121342,20220508,-9999,    9
 22503,121342,20220509,-9999,    9
 22503,121342,20220510,-9999,    9
 22503,121342,20220511,-9999,    9
 22503,121342,20220512,-9999,    9
 22503,121342,20220513,-9999,    9
 22503,121342,20220514,-9999,    9
 22503,121342,20220515,-9999,    9
 22503,121342,20220516,-9999,    9
 22503,121342,20220517,-9999,    9
 22503,121342,20220518,-9999,    9
 22503,121342,20220519,-9999,    9
 22503,121342,20220520,-9999,    9
 22503,121342,20220521,-9999,    9
 22503,121342,20220522,-9999,    9
 22503,121342,20220523,-9999,    9
 22503,121342,20220524,-9999,    9
 22503,121342,20220525,-9999,    9
 22503,121342,20220526,-9999,    9
 22503,121342,20220527,-9999,    9
 22503,121342,20220528,-9999,    9
 22503,121342,20220529,-9999,    9
 22503,121342,20220530,-9999,    9
 22503,121342,20220531,-9999,    9
 22503,121342,20220601,-9999,    9
 22503,121342,20220602,-9999,    9
 22503,121342,20220603,-9999,    9
 22503,121342,20220604,-9999,    9
 22503,121342,20220605,-9999,    9
 22503,121342,20220606,-9999,    9
 22503,121342,20220607,-9999,    9
 22503,121342,20220608,-9999,    9
 22503,121342,20220609,-9999,    9
 22503,121342,20220610,-9999,    9
 22503,121342,20220611,-9999,    9
 22503,121342,20220612,-9999,    9
 22503,121342,20220613,-9999,    9
 22503,121342,20220614,-9999,    9
 22503,121342,20220615,-9999,    9
 22503,121342,20220616,-9999,    9
 22503,121342,20220617,-9999,    9
 22503,121342,20220618,-9999,    9
 22503,121342,20220619,-9999,    9
 22503,121342,20220620,-9999,    9
 22503,121342,20220621,-9999,    9
 22503,121342,20220622,-9999,    9
 22503,121342,20220623,-9999,    9
 22503,121342,20220624,-9999,    9
 22503,121342,20220625,-9999,    9
 22503,121342,20220626,-9999,    9
 22503,121342,20220627,-9999,    9
 22503,121342,20220628,-9999,    9
 22503,121342,20220629,-9999,    9
 22503,121342,20220630,-9999,    9
 22503,121342,20220701,-9999,    9
 22503,121342,20220702,-9999,    9
 22503,121342,20220703,-9999,    9
 22503,121342,20220704,-9999,    9
 22503,121342,20220705,-9999,    9
 22503,121342,20220706,-9999,    9
 22503,121342,20220707,-9999,    9
 22503,121342,20220708,-9999,    9
 22503,121342,20220709,-9999,    9
 22503,121342,20220710,-9999,    9
 22503,121342,20220711,-9999,    9
 22503,121342,20220712,-9999,    9
 22503,121342,20220713,-9999,    9
 22503,121342,20220714,-9999,    9
 22503,121342,20220715,-9999,    9
 22503,121342,20220716,-9999,    9
 22503,121342,20220717,-9999,    9
 22503,121342,20220718,-9999,    9
 22503,121342,20220719,-9999,    9
 22503,121342,20220720,-9999,    9
 22503,121342,20220721,-9999,    9
 22503,121342,20220722,-9999,    9
 22503,121342,20220723,-9999,    9
 22503,121342,20220724,-9999,    9
 22503,121342,20220725,-9999,    9
 22503,121342,20220726,-9999,    9
 22503,121342,20220727,-9999,    9
 22503,121342,20220728,-9999,    9
 22503,121342,20220729,-9999,    9
 22503,121342,20220730,-9999,    9
 22503,121342,20220731,-9999,    9
 22503,121342,20220801,-9999,    9
 22503,121342,20220802,-9999,    9
 22503,121342,20220803,-9999,    9
 22503,121342,20220804,-9999,    9
 22503,121342,20220805,-9999,    9
 22503,121342,20220806,-9999,    9
 22503,121342,20220807,-9999,    9
 22503,121342,20220808,-9999,    9
 22503,121342,20220809,-9999,    9
 22503,121342,20220810,-9999,    9
 22503,121342,20220811,-9999,    9
 22503,121342,20220812,-9999,    9
 22503,121342,20220813,-9999,    9
 22503,121342,20220814,-9999,    9
 22503,121342,20220815,-9999,    9
 22503,121342,20220816,-9999,    9
 22503,121342,20220817,-9999,    9
 22503,121342,20220818,-9999,    9
 22503,121342,20220819,-9999,    9
 22503,121342,20220820,-9999,    9
 22503,121342,20220821,-9999,    9
 22503,121342,20220822,-9999,    9
 22503,121342,20220823,-9999,    9
 22503,121342,20220824,-9999,    9
 22503,121342,20220825,-9999,    9
 22503,121342,20220826,-9999,    9
 22503,121342,20220827,-9999,    9
 22503,121342,20220828,-9999,    9
 22503,121342,20220829,-9999,    9
 22503,121342,20220830,-9999,    9
 22503,121342,20220831,-9999,    9
 22503,121342,20220901,-9999,    9
 22503,121342,20220902,-9999,    9
 22503,121342,20220903,-9999,    9
 22503,121342,20220904,-9999,    9
 22503,121342,20220905,-9999,    9
 22503,121342,20220906,-9999,    9
 22503,121342,20220907,-9999,    9
 22503,121342,20220908,-9999,    9
 22503,121342,20220909,-9999,    9
 22503,121342,20220910,-9999,    9
 22503,121342,20220911,-9999,    9
 22503,121342,20220912,-9999,    9
 22503,121342,20220913,-9999,    9
 22503,121342,20220914,-9999,    9
 22503,121342,20220915,-9999,    9
 22503,121342,20220916,-9999,    9
 22503,121342,20220917,-9999,    9
 22503,121342,20220918,-9999,    9
 22503,121342,20220919,-9999,    9
 22503,121342,20220920,-9999,    9
 22503,121342,20220921,-9999,    9
 22503,121342,20220922,-9999,    9
 22503,121342,20220923,-9999,    9
 22503,121342,20220924,-9999,    9
 22503,121342,20220925,-9999,    9
 22503,121342,20220926,-9999,    9
 22503,121342,20220927,-9999,    9
 22503,121342,20220928,-9999,    9
 22503,121342,20220929,-9999,    9
 22503,121342,20220930,-9999,    9
 22503,121342,20221001,-9999,    9
 22503,121342,20221002,-9999,    9
 22503,121342,20221003,-9999,    9
 22503,121342,20221004,-9999,    9
 22503,121342,20221005,-9999,    9
 22503,121342,20221006,-9999,    9
 22503,121342,20221007,-9999,    9
 22503,121342,20221008,-9999,    9
 22503,121342,20221009,-9999,    9
 22503,121342,20221010,-9999,    9
 22503,121342,20221011,-9999,    9
 22503,121342,20221012,-9999,    9
 22503,121342,20221013,-9999,    9
 22503,121342,20221014,-9999,    9
 22503,121342,20221015,-9999,    9
 22503,121342,20221016,-9999,    9
 22503,121342,20221017,-9999,    9
 22503,121342,20221018,-9999,    9
 22503,121342,20221019,-9999,    9
 22503,121342,20221020,-9999,    9
 22503,121342,20221021,-9999,    9
 22503,121342,20221022,-9999,    9
 22503,121342,20221023,-9999,    9
 22503,121342,20221024,-9999,    9
 22503,121342,20221025,-9999,    9
 22503,121342,20221026,-9999,    9
 22503,121342,20221027,-9999,    9
 22503,121342,20221028,-9999,    9
 22503,121342,20221029,-9999,    9
 22503,121342,20221030,-9999,    9
 22503,121342,20221031,-9999,    9
