EUROPEAN CLIMATE ASSESSMENT & DATASET (ECA&D), file created on: 16-11-2022
THESE DATA CAN BE USED FOR NON-COMMERCIAL RESEARCH AND EDUCATION PROVIDED THAT THE FOLLOWING SOURCE IS ACKNOWLEDGED: 

Klein Tank, A.M.G. and Coauthors, 2002. Daily dataset of 20th-century surface
air temperature and precipitation series for the European Climate Assessment.
Int. J. of Climatol., 22, 1441-1453.
Data and metadata available at http://www.ecad.eu

FILE FORMAT (MISSING VALUE CODE = -9999):

01-06 STAID: Station identifier
08-13 SOUID: Source identifier
15-22 DATE : Date YYYYMMDD
24-28 RR   : Precipitation amount in 0.1 mm
30-34 Q_RR : quality code for RR (0='valid'; 1='suspect'; 9='missing')

This is the blended series of station ROSS-ON-WYE, UNITED KINGDOM (STAID: 22027)
Blended and updated with sources:119275 
See files sources.txt and stations.txt for more info.

STAID, SOUID,    DATE,   RR, Q_RR
 22027,119275,20161201,-9999,    9
 22027,119275,20161202,-9999,    9
 22027,119275,20161203,-9999,    9
 22027,119275,20161204,-9999,    9
 22027,119275,20161205,-9999,    9
 22027,119275,20161206,-9999,    9
 22027,119275,20161207,-9999,    9
 22027,119275,20161208,-9999,    9
 22027,119275,20161209,-9999,    9
 22027,119275,20161210,-9999,    9
 22027,119275,20161211,-9999,    9
 22027,119275,20161212,-9999,    9
 22027,119275,20161213,-9999,    9
 22027,119275,20161214,-9999,    9
 22027,119275,20161215,-9999,    9
 22027,119275,20161216,-9999,    9
 22027,119275,20161217,-9999,    9
 22027,119275,20161218,-9999,    9
 22027,119275,20161219,-9999,    9
 22027,119275,20161220,    2,    0
 22027,119275,20161221,    4,    0
 22027,119275,20161222,    2,    0
 22027,119275,20161223,   26,    0
 22027,119275,20161224,    0,    0
 22027,119275,20161225,   10,    0
 22027,119275,20161226,    0,    0
 22027,119275,20161227,    0,    0
 22027,119275,20161228,    2,    0
 22027,119275,20161229,    0,    0
 22027,119275,20161230,    2,    0
 22027,119275,20161231,    2,    0
 22027,119275,20170101,  102,    0
 22027,119275,20170102,    2,    0
 22027,119275,20170103,    0,    0
 22027,119275,20170104,    0,    0
 22027,119275,20170105,    2,    0
 22027,119275,20170106,   62,    0
 22027,119275,20170107,    2,    0
 22027,119275,20170108,    6,    0
 22027,119275,20170109,   32,    0
 22027,119275,20170110,    0,    0
 22027,119275,20170111,    0,    0
 22027,119275,20170112,   46,    0
 22027,119275,20170113,    0,    0
 22027,119275,20170114,    0,    0
 22027,119275,20170115,   24,    0
 22027,119275,20170116,    8,    0
 22027,119275,20170117,    6,    0
 22027,119275,20170118,    2,    0
 22027,119275,20170119,    2,    0
 22027,119275,20170120,    0,    0
 22027,119275,20170121,    2,    0
 22027,119275,20170122,    0,    0
 22027,119275,20170123,    0,    0
 22027,119275,20170124,    2,    0
 22027,119275,20170125,    2,    0
 22027,119275,20170126,    0,    0
 22027,119275,20170127,   32,    0
 22027,119275,20170128,   60,    0
 22027,119275,20170129,   66,    0
 22027,119275,20170130,   10,    0
 22027,119275,20170131,   92,    0
 22027,119275,20170201,   80,    0
 22027,119275,20170202,  112,    0
 22027,119275,20170203,   48,    0
 22027,119275,20170204,   10,    0
 22027,119275,20170205,    0,    0
 22027,119275,20170206,   18,    0
 22027,119275,20170207,    8,    0
 22027,119275,20170208,    4,    0
 22027,119275,20170209,    0,    0
 22027,119275,20170210,    0,    0
 22027,119275,20170211,    4,    0
 22027,119275,20170212,   14,    0
 22027,119275,20170213,    0,    0
 22027,119275,20170214,    2,    0
 22027,119275,20170215,   34,    0
 22027,119275,20170216,    0,    0
 22027,119275,20170217,    2,    0
 22027,119275,20170218,    0,    0
 22027,119275,20170219,    0,    0
 22027,119275,20170220,    0,    0
 22027,119275,20170221,    8,    0
 22027,119275,20170222,    8,    0
 22027,119275,20170223,   24,    0
 22027,119275,20170224,    2,    0
 22027,119275,20170225,   20,    0
 22027,119275,20170226,   40,    0
 22027,119275,20170227,-9999,    9
 22027,119275,20170228,-9999,    9
 22027,119275,20170301,-9999,    9
 22027,119275,20170302,-9999,    9
 22027,119275,20170303,-9999,    9
 22027,119275,20170304,-9999,    9
 22027,119275,20170305,-9999,    9
 22027,119275,20170306,-9999,    9
 22027,119275,20170307,-9999,    9
 22027,119275,20170308,-9999,    9
 22027,119275,20170309,-9999,    9
 22027,119275,20170310,-9999,    9
 22027,119275,20170311,-9999,    9
 22027,119275,20170312,-9999,    9
 22027,119275,20170313,-9999,    9
 22027,119275,20170314,-9999,    9
 22027,119275,20170315,    0,    0
 22027,119275,20170316,    0,    0
 22027,119275,20170317,    0,    0
 22027,119275,20170318,    0,    0
 22027,119275,20170319,    0,    0
 22027,119275,20170320,   70,    0
 22027,119275,20170321,   32,    0
 22027,119275,20170322,  150,    0
 22027,119275,20170323,   16,    0
 22027,119275,20170324,    0,    0
 22027,119275,20170325,    0,    0
 22027,119275,20170326,    0,    0
 22027,119275,20170327,    0,    0
 22027,119275,20170328,   20,    0
 22027,119275,20170329,    6,    0
 22027,119275,20170330,   18,    0
 22027,119275,20170331,    6,    0
 22027,119275,20170401,   18,    0
 22027,119275,20170402,    0,    0
 22027,119275,20170403,    0,    0
 22027,119275,20170404,    0,    0
 22027,119275,20170405,    0,    0
 22027,119275,20170406,    0,    0
 22027,119275,20170407,    0,    0
 22027,119275,20170408,    0,    0
 22027,119275,20170409,    0,    0
 22027,119275,20170410,    0,    0
 22027,119275,20170411,    0,    0
 22027,119275,20170412,    0,    0
 22027,119275,20170413,    0,    0
 22027,119275,20170414,    4,    0
 22027,119275,20170415,    0,    0
 22027,119275,20170416,    0,    0
 22027,119275,20170417,   14,    0
 22027,119275,20170418,-9999,    9
 22027,119275,20170419,-9999,    9
 22027,119275,20170420,    0,    0
 22027,119275,20170421,    0,    0
 22027,119275,20170422,    0,    0
 22027,119275,20170423,    0,    0
 22027,119275,20170424,    2,    0
 22027,119275,20170425,    2,    0
 22027,119275,20170426,    0,    0
 22027,119275,20170427,   14,    0
 22027,119275,20170428,    0,    0
 22027,119275,20170429,    0,    0
 22027,119275,20170430,   24,    0
 22027,119275,20170501,   32,    0
 22027,119275,20170502,    0,    0
 22027,119275,20170503,    0,    0
 22027,119275,20170504,    0,    0
 22027,119275,20170505,    0,    0
 22027,119275,20170506,    0,    0
 22027,119275,20170507,    0,    0
 22027,119275,20170508,    0,    0
 22027,119275,20170509,    0,    0
 22027,119275,20170510,    0,    0
 22027,119275,20170511,  142,    0
 22027,119275,20170512,   76,    0
 22027,119275,20170513,   24,    0
 22027,119275,20170514,   34,    0
 22027,119275,20170515,    8,    0
 22027,119275,20170516,   28,    0
 22027,119275,20170517,  160,    0
 22027,119275,20170518,    4,    0
 22027,119275,20170519,  182,    0
 22027,119275,20170520,   10,    0
 22027,119275,20170521,    0,    0
 22027,119275,20170522,    0,    0
 22027,119275,20170523,    0,    0
 22027,119275,20170524,    0,    0
 22027,119275,20170525,    0,    0
 22027,119275,20170526,    0,    0
 22027,119275,20170527,   28,    0
 22027,119275,20170528,    8,    0
 22027,119275,20170529,   30,    0
 22027,119275,20170530,    0,    0
 22027,119275,20170531,    0,    0
 22027,119275,20170601,    0,    0
 22027,119275,20170602,   24,    0
 22027,119275,20170603,    0,    0
 22027,119275,20170604,    6,    0
 22027,119275,20170605,  136,    0
 22027,119275,20170606,   46,    0
 22027,119275,20170607,    4,    0
 22027,119275,20170608,   40,    0
 22027,119275,20170609,   54,    0
 22027,119275,20170610,   40,    0
 22027,119275,20170611,    0,    0
 22027,119275,20170612,    0,    0
 22027,119275,20170613,    0,    0
 22027,119275,20170614,    0,    0
 22027,119275,20170615,    0,    0
 22027,119275,20170616,    0,    0
 22027,119275,20170617,    0,    0
 22027,119275,20170618,    0,    0
 22027,119275,20170619,    0,    0
 22027,119275,20170620,-9999,    9
 22027,119275,20170621,    0,    0
 22027,119275,20170622,    0,    0
 22027,119275,20170623,    0,    0
 22027,119275,20170624,    0,    0
 22027,119275,20170625,    0,    0
 22027,119275,20170626,    0,    0
 22027,119275,20170627,   10,    0
 22027,119275,20170628,  300,    0
 22027,119275,20170629,   90,    0
 22027,119275,20170630,    0,    0
 22027,119275,20170701,    0,    0
 22027,119275,20170702,    0,    0
 22027,119275,20170703,    0,    0
 22027,119275,20170704,    0,    0
 22027,119275,20170705,    0,    0
 22027,119275,20170706,    0,    0
 22027,119275,20170707,    0,    0
 22027,119275,20170708,    0,    0
 22027,119275,20170709,    0,    0
 22027,119275,20170710,    0,    0
 22027,119275,20170711,   98,    0
 22027,119275,20170712,    8,    0
 22027,119275,20170713,    0,    0
 22027,119275,20170714,    0,    0
 22027,119275,20170715,    0,    0
 22027,119275,20170716,    0,    0
 22027,119275,20170717,    0,    0
 22027,119275,20170718,    0,    0
 22027,119275,20170719,    8,    0
 22027,119275,20170720,   44,    0
 22027,119275,20170721,  174,    0
 22027,119275,20170722,   32,    0
 22027,119275,20170723,   30,    0
 22027,119275,20170724,    0,    0
 22027,119275,20170725,    0,    0
 22027,119275,20170726,   46,    0
 22027,119275,20170727,   18,    0
 22027,119275,20170728,   26,    0
 22027,119275,20170729,   46,    0
 22027,119275,20170730,   64,    0
 22027,119275,20170731,   36,    0
 22027,119275,20170801,    0,    0
 22027,119275,20170802,   76,    0
 22027,119275,20170803,   14,    0
 22027,119275,20170804,   14,    0
 22027,119275,20170805,    8,    0
 22027,119275,20170806,    0,    0
 22027,119275,20170807,    4,    0
 22027,119275,20170808,   72,    0
 22027,119275,20170809,   58,    0
 22027,119275,20170810,    0,    0
 22027,119275,20170811,    0,    0
 22027,119275,20170812,    0,    0
 22027,119275,20170813,    0,    0
 22027,119275,20170814,    8,    0
 22027,119275,20170815,    2,    0
 22027,119275,20170816,    2,    0
 22027,119275,20170817,   16,    0
 22027,119275,20170818,   22,    0
 22027,119275,20170819,    2,    0
 22027,119275,20170820,   48,    0
 22027,119275,20170821,   16,    0
 22027,119275,20170822,    0,    0
 22027,119275,20170823,    0,    0
 22027,119275,20170824,    0,    0
 22027,119275,20170825,    0,    0
 22027,119275,20170826,    0,    0
 22027,119275,20170827,    0,    0
 22027,119275,20170828,    0,    0
 22027,119275,20170829,    0,    0
 22027,119275,20170830,  112,    0
 22027,119275,20170831,   24,    0
 22027,119275,20170901,    0,    0
 22027,119275,20170902,    0,    0
 22027,119275,20170903,   26,    0
 22027,119275,20170904,    2,    0
 22027,119275,20170905,   28,    0
 22027,119275,20170906,    0,    0
 22027,119275,20170907,-9999,    9
 22027,119275,20170908,-9999,    9
 22027,119275,20170909,-9999,    9
 22027,119275,20170910,-9999,    9
 22027,119275,20170911,-9999,    9
 22027,119275,20170912,-9999,    9
 22027,119275,20170913,-9999,    9
 22027,119275,20170914,-9999,    9
 22027,119275,20170915,   10,    0
 22027,119275,20170916,    2,    0
 22027,119275,20170917,    6,    0
 22027,119275,20170918,   40,    0
 22027,119275,20170919,    0,    0
 22027,119275,20170920,    4,    0
 22027,119275,20170921,   48,    0
 22027,119275,20170922,    0,    0
 22027,119275,20170923,    0,    0
 22027,119275,20170924,   18,    0
 22027,119275,20170925,   32,    0
 22027,119275,20170926,    0,    0
 22027,119275,20170927,   26,    0
 22027,119275,20170928,    0,    0
 22027,119275,20170929,   44,    0
 22027,119275,20170930,   14,    0
 22027,119275,20171001,    0,    0
 22027,119275,20171002,    0,    0
 22027,119275,20171003,    0,    0
 22027,119275,20171004,    0,    0
 22027,119275,20171005,    4,    0
 22027,119275,20171006,    0,    0
 22027,119275,20171007,    0,    0
 22027,119275,20171008,    0,    0
 22027,119275,20171009,    2,    0
 22027,119275,20171010,    0,    0
 22027,119275,20171011,    6,    0
 22027,119275,20171012,    0,    0
 22027,119275,20171013,    0,    0
 22027,119275,20171014,    0,    0
 22027,119275,20171015,    0,    0
 22027,119275,20171016,    4,    0
 22027,119275,20171017,    6,    0
 22027,119275,20171018,    8,    0
 22027,119275,20171019,  226,    0
 22027,119275,20171020,   44,    0
 22027,119275,20171021,   68,    0
 22027,119275,20171022,    2,    0
 22027,119275,20171023,    2,    0
 22027,119275,20171024,    4,    0
 22027,119275,20171025,    0,    0
 22027,119275,20171026,    8,    0
 22027,119275,20171027,    0,    0
 22027,119275,20171028,    2,    0
 22027,119275,20171029,    0,    0
 22027,119275,20171030,    0,    0
 22027,119275,20171031,    0,    0
 22027,119275,20171101,    0,    0
 22027,119275,20171102,    2,    0
 22027,119275,20171103,    0,    0
 22027,119275,20171104,  114,    0
 22027,119275,20171105,    6,    0
 22027,119275,20171106,    2,    0
 22027,119275,20171107,   46,    0
 22027,119275,20171108,    2,    0
 22027,119275,20171109,    0,    0
 22027,119275,20171110,    2,    0
 22027,119275,20171111,   38,    0
 22027,119275,20171112,   20,    0
 22027,119275,20171113,    2,    0
 22027,119275,20171114,    4,    0
 22027,119275,20171115,    4,    0
 22027,119275,20171116,    0,    0
 22027,119275,20171117,    2,    0
 22027,119275,20171118,   34,    0
 22027,119275,20171119,    0,    0
 22027,119275,20171120,   10,    0
 22027,119275,20171121,    4,    0
 22027,119275,20171122,   38,    0
 22027,119275,20171123,   12,    0
 22027,119275,20171124,    2,    0
 22027,119275,20171125,    2,    0
 22027,119275,20171126,    0,    0
 22027,119275,20171127,   24,    0
 22027,119275,20171128,    0,    0
 22027,119275,20171129,    2,    0
 22027,119275,20171130,    0,    0
 22027,119275,20171201,    0,    0
 22027,119275,20171202,    4,    0
 22027,119275,20171203,    0,    0
 22027,119275,20171204,    0,    0
 22027,119275,20171205,    0,    0
 22027,119275,20171206,    0,    0
 22027,119275,20171207,   28,    0
 22027,119275,20171208,   10,    0
 22027,119275,20171209,-9999,    9
 22027,119275,20171210,-9999,    9
 22027,119275,20171211,-9999,    9
 22027,119275,20171212,-9999,    9
 22027,119275,20171213,   46,    0
 22027,119275,20171214,    4,    0
 22027,119275,20171215,   32,    0
 22027,119275,20171216,    0,    0
 22027,119275,20171217,   18,    0
 22027,119275,20171218,    2,    0
 22027,119275,20171219,    0,    0
 22027,119275,20171220,   12,    0
 22027,119275,20171221,   16,    0
 22027,119275,20171222,   34,    0
 22027,119275,20171223,    0,    0
 22027,119275,20171224,    0,    0
 22027,119275,20171225,   90,    0
 22027,119275,20171226,  150,    0
 22027,119275,20171227,   90,    0
 22027,119275,20171228,    2,    0
 22027,119275,20171229,   94,    0
 22027,119275,20171230,    6,    0
 22027,119275,20171231,   70,    0
 22027,119275,20180101,   42,    0
 22027,119275,20180102,   60,    0
 22027,119275,20180103,   16,    0
 22027,119275,20180104,   28,    0
 22027,119275,20180105,   16,    0
 22027,119275,20180106,    4,    0
 22027,119275,20180107,    0,    0
 22027,119275,20180108,    0,    0
 22027,119275,20180109,    6,    0
 22027,119275,20180110,   38,    0
 22027,119275,20180111,    0,    0
 22027,119275,20180112,    2,    0
 22027,119275,20180113,    0,    0
 22027,119275,20180114,    0,    0
 22027,119275,20180115,   68,    0
 22027,119275,20180116,   12,    0
 22027,119275,20180117,   22,    0
 22027,119275,20180118,    0,    0
 22027,119275,20180119,    0,    0
 22027,119275,20180120,   54,    0
 22027,119275,20180121,  142,    0
 22027,119275,20180122,    0,    0
 22027,119275,20180123,    4,    0
 22027,119275,20180124,   92,    0
 22027,119275,20180125,  108,    0
 22027,119275,20180126,    2,    0
 22027,119275,20180127,    4,    0
 22027,119275,20180128,    0,    0
 22027,119275,20180129,    2,    0
 22027,119275,20180130,    2,    0
 22027,119275,20180131,    4,    0
 22027,119275,20180201,    0,    0
 22027,119275,20180202,    0,    0
 22027,119275,20180203,   28,    0
 22027,119275,20180204,    2,    0
 22027,119275,20180205,    0,    0
 22027,119275,20180206,    0,    0
 22027,119275,20180207,    0,    0
 22027,119275,20180208,   32,    0
 22027,119275,20180209,   14,    0
 22027,119275,20180210,    6,    0
 22027,119275,20180211,    4,    0
 22027,119275,20180212,    4,    0
 22027,119275,20180213,   72,    0
 22027,119275,20180214,   14,    0
 22027,119275,20180215,    4,    0
 22027,119275,20180216,    0,    0
 22027,119275,20180217,    0,    0
 22027,119275,20180218,   10,    0
 22027,119275,20180219,    8,    0
 22027,119275,20180220,    0,    0
 22027,119275,20180221,    0,    0
 22027,119275,20180222,    0,    0
 22027,119275,20180223,    2,    0
 22027,119275,20180224,    0,    0
 22027,119275,20180225,    0,    0
 22027,119275,20180226,    0,    0
 22027,119275,20180227,-9999,    9
 22027,119275,20180228,-9999,    9
 22027,119275,20180301,-9999,    9
 22027,119275,20180302,-9999,    9
 22027,119275,20180303,-9999,    9
 22027,119275,20180304,   52,    0
 22027,119275,20180305,  226,    0
 22027,119275,20180306,    8,    0
 22027,119275,20180307,   10,    0
 22027,119275,20180308,   10,    0
 22027,119275,20180309,   60,    0
 22027,119275,20180310,   96,    0
 22027,119275,20180311,   50,    0
 22027,119275,20180312,   98,    0
 22027,119275,20180313,    0,    0
 22027,119275,20180314,   16,    0
 22027,119275,20180315,  116,    0
 22027,119275,20180316,   78,    0
 22027,119275,20180317,-9999,    9
 22027,119275,20180318,-9999,    9
 22027,119275,20180319,-9999,    9
 22027,119275,20180320,   46,    0
 22027,119275,20180321,    0,    0
 22027,119275,20180322,    0,    0
 22027,119275,20180323,   22,    0
 22027,119275,20180324,   44,    0
 22027,119275,20180325,    0,    0
 22027,119275,20180326,   10,    0
 22027,119275,20180327,   24,    0
 22027,119275,20180328,   26,    0
 22027,119275,20180329,   40,    0
 22027,119275,20180330,  146,    0
 22027,119275,20180331,   42,    0
 22027,119275,20180401,   94,    0
 22027,119275,20180402,   90,    0
 22027,119275,20180403,    6,    0
 22027,119275,20180404,   64,    0
 22027,119275,20180405,    0,    0
 22027,119275,20180406,    0,    0
 22027,119275,20180407,   84,    0
 22027,119275,20180408,    6,    0
 22027,119275,20180409,   64,    0
 22027,119275,20180410,   46,    0
 22027,119275,20180411,   10,    0
 22027,119275,20180412,    6,    0
 22027,119275,20180413,    2,    0
 22027,119275,20180414,    0,    0
 22027,119275,20180415,   32,    0
 22027,119275,20180416,    2,    0
 22027,119275,20180417,   16,    0
 22027,119275,20180418,    0,    0
 22027,119275,20180419,    0,    0
 22027,119275,20180420,    0,    0
 22027,119275,20180421,    6,    0
 22027,119275,20180422,    0,    0
 22027,119275,20180423,    0,    0
 22027,119275,20180424,   48,    0
 22027,119275,20180425,    8,    0
 22027,119275,20180426,    0,    0
 22027,119275,20180427,  138,    0
 22027,119275,20180428,   10,    0
 22027,119275,20180429,    0,    0
 22027,119275,20180430,    0,    0
 22027,119275,20180501,    8,    0
 22027,119275,20180502,   66,    0
 22027,119275,20180503,    0,    0
 22027,119275,20180504,    0,    0
 22027,119275,20180505,    0,    0
 22027,119275,20180506,    0,    0
 22027,119275,20180507,    0,    0
 22027,119275,20180508,    0,    0
 22027,119275,20180509,    6,    0
 22027,119275,20180510,    0,    0
 22027,119275,20180511,   14,    0
 22027,119275,20180512,    2,    0
 22027,119275,20180513,    0,    0
 22027,119275,20180514,    0,    0
 22027,119275,20180515,    0,    0
 22027,119275,20180516,    0,    0
 22027,119275,20180517,    0,    0
 22027,119275,20180518,    0,    0
 22027,119275,20180519,    0,    0
 22027,119275,20180520,    0,    0
 22027,119275,20180521,   44,    0
 22027,119275,20180522,    0,    0
 22027,119275,20180523,    0,    0
 22027,119275,20180524,   42,    0
 22027,119275,20180525,  212,    0
 22027,119275,20180526,    2,    0
 22027,119275,20180527,   96,    0
 22027,119275,20180528,    0,    0
 22027,119275,20180529,    0,    0
 22027,119275,20180530,   50,    0
 22027,119275,20180531,  260,    0
 22027,119275,20180601,    0,    0
 22027,119275,20180602,    0,    0
 22027,119275,20180603,    0,    0
 22027,119275,20180604,    0,    0
 22027,119275,20180605,    0,    0
 22027,119275,20180606,    0,    0
 22027,119275,20180607,   70,    0
 22027,119275,20180608,    4,    0
 22027,119275,20180609,    0,    0
 22027,119275,20180610,    0,    0
 22027,119275,20180611,    0,    0
 22027,119275,20180612,    0,    0
 22027,119275,20180613,    2,    0
 22027,119275,20180614,    2,    0
 22027,119275,20180615,    0,    0
 22027,119275,20180616,    2,    0
 22027,119275,20180617,   10,    0
 22027,119275,20180618,    0,    0
 22027,119275,20180619,    0,    0
 22027,119275,20180620,    0,    0
 22027,119275,20180621,    0,    0
 22027,119275,20180622,    0,    0
 22027,119275,20180623,    0,    0
 22027,119275,20180624,    0,    0
 22027,119275,20180625,    0,    0
 22027,119275,20180626,    0,    0
 22027,119275,20180627,    0,    0
 22027,119275,20180628,    0,    0
 22027,119275,20180629,    0,    0
 22027,119275,20180630,    0,    0
 22027,119275,20180701,    0,    0
 22027,119275,20180702,    0,    0
 22027,119275,20180703,    0,    0
 22027,119275,20180704,    0,    0
 22027,119275,20180705,    0,    0
 22027,119275,20180706,    0,    0
 22027,119275,20180707,    0,    0
 22027,119275,20180708,    0,    0
 22027,119275,20180709,    0,    0
 22027,119275,20180710,    0,    0
 22027,119275,20180711,    0,    0
 22027,119275,20180712,   12,    0
 22027,119275,20180713,   86,    0
 22027,119275,20180714,    0,    0
 22027,119275,20180715,    0,    0
 22027,119275,20180716,    2,    0
 22027,119275,20180717,    0,    0
 22027,119275,20180718,    6,    0
 22027,119275,20180719,-9999,    9
 22027,119275,20180720,   12,    0
 22027,119275,20180721,    0,    0
 22027,119275,20180722,    0,    0
 22027,119275,20180723,    0,    0
 22027,119275,20180724,    0,    0
 22027,119275,20180725,    0,    0
 22027,119275,20180726,    0,    0
 22027,119275,20180727,    0,    0
 22027,119275,20180728,  122,    0
 22027,119275,20180729,  108,    0
 22027,119275,20180730,    4,    0
 22027,119275,20180731,   12,    0
 22027,119275,20180801,    0,    0
 22027,119275,20180802,    0,    0
 22027,119275,20180803,    0,    0
 22027,119275,20180804,    0,    0
 22027,119275,20180805,    0,    0
 22027,119275,20180806,    0,    0
 22027,119275,20180807,    0,    0
 22027,119275,20180808,    2,    0
 22027,119275,20180809,    0,    0
 22027,119275,20180810,   70,    0
 22027,119275,20180811,   86,    0
 22027,119275,20180812,  114,    0
 22027,119275,20180813,    0,    0
 22027,119275,20180814,    0,    0
 22027,119275,20180815,    0,    0
 22027,119275,20180816,   92,    0
 22027,119275,20180817,    0,    0
 22027,119275,20180818,    0,    0
 22027,119275,20180819,    0,    0
 22027,119275,20180820,    4,    0
 22027,119275,20180821,    0,    0
 22027,119275,20180822,    0,    0
 22027,119275,20180823,  100,    0
 22027,119275,20180824,   40,    0
 22027,119275,20180825,    0,    0
 22027,119275,20180826,  122,    0
 22027,119275,20180827,    0,    0
 22027,119275,20180828,    0,    0
 22027,119275,20180829,    0,    0
 22027,119275,20180830,    0,    0
 22027,119275,20180831,    0,    0
 22027,119275,20180901,    0,    0
 22027,119275,20180902,    0,    0
 22027,119275,20180903,    0,    0
 22027,119275,20180904,    0,    0
 22027,119275,20180905,    0,    0
 22027,119275,20180906,   12,    0
 22027,119275,20180907,    2,    0
 22027,119275,20180908,    8,    0
 22027,119275,20180909,    0,    0
 22027,119275,20180910,    0,    0
 22027,119275,20180911,    0,    0
 22027,119275,20180912,   10,    0
 22027,119275,20180913,    0,    0
 22027,119275,20180914,    0,    0
 22027,119275,20180915,    0,    0
 22027,119275,20180916,    2,    0
 22027,119275,20180917,    2,    0
 22027,119275,20180918,   12,    0
 22027,119275,20180919,    4,    0
 22027,119275,20180920,  286,    0
 22027,119275,20180921,    0,    0
 22027,119275,20180922,   50,    0
 22027,119275,20180923,   56,    0
 22027,119275,20180924,    0,    0
 22027,119275,20180925,    0,    0
 22027,119275,20180926,    0,    0
 22027,119275,20180927,    0,    0
 22027,119275,20180928,    0,    0
 22027,119275,20180929,    0,    0
 22027,119275,20180930,    0,    0
 22027,119275,20181001,    0,    0
 22027,119275,20181002,    0,    0
 22027,119275,20181003,    0,    0
 22027,119275,20181004,    0,    0
 22027,119275,20181005,    0,    0
 22027,119275,20181006,   62,    0
 22027,119275,20181007,    0,    0
 22027,119275,20181008,    0,    0
 22027,119275,20181009,    0,    0
 22027,119275,20181010,    2,    0
 22027,119275,20181011,    6,    0
 22027,119275,20181012,  180,    0
 22027,119275,20181013,    8,    0
 22027,119275,20181014,  148,    0
 22027,119275,20181015,  106,    0
 22027,119275,20181016,    2,    0
 22027,119275,20181017,    0,    0
 22027,119275,20181018,    0,    0
 22027,119275,20181019,    2,    0
 22027,119275,20181020,    0,    0
 22027,119275,20181021,    4,    0
 22027,119275,20181022,    0,    0
 22027,119275,20181023,    0,    0
 22027,119275,20181024,    0,    0
 22027,119275,20181025,    2,    0
 22027,119275,20181026,   14,    0
 22027,119275,20181027,   14,    0
 22027,119275,20181028,    0,    0
 22027,119275,20181029,    0,    0
 22027,119275,20181030,    2,    0
 22027,119275,20181031,    0,    0
 22027,119275,20181101,   18,    0
 22027,119275,20181102,    0,    0
 22027,119275,20181103,   10,    0
 22027,119275,20181104,   44,    0
 22027,119275,20181105,    0,    0
 22027,119275,20181106,-9999,    9
 22027,119275,20181107,-9999,    9
 22027,119275,20181108,-9999,    9
 22027,119275,20181109,  136,    0
 22027,119275,20181110,   48,    0
 22027,119275,20181111,   32,    0
 22027,119275,20181112,   16,    0
 22027,119275,20181113,    0,    0
 22027,119275,20181114,    2,    0
 22027,119275,20181115,-9999,    9
 22027,119275,20181116,-9999,    9
 22027,119275,20181117,-9999,    9
 22027,119275,20181118,-9999,    9
 22027,119275,20181119,-9999,    9
 22027,119275,20181120,-9999,    9
 22027,119275,20181121,   10,    0
 22027,119275,20181122,    0,    0
 22027,119275,20181123,    2,    0
 22027,119275,20181124,    2,    0
 22027,119275,20181125,    0,    0
 22027,119275,20181126,    0,    0
 22027,119275,20181127,  136,    0
 22027,119275,20181128,    8,    0
 22027,119275,20181129,  112,    0
 22027,119275,20181130,   12,    0
 22027,119275,20181201,   48,    0
 22027,119275,20181202,    8,    0
 22027,119275,20181203,   36,    0
 22027,119275,20181204,   72,    0
 22027,119275,20181205,   50,    0
 22027,119275,20181206,-9999,    9
 22027,119275,20181207,   68,    0
 22027,119275,20181208,   20,    0
 22027,119275,20181209,    8,    0
 22027,119275,20181210,-9999,    9
 22027,119275,20181211,    0,    0
 22027,119275,20181212,-9999,    9
 22027,119275,20181213,    0,    0
 22027,119275,20181214,    0,    0
 22027,119275,20181215,   98,    0
 22027,119275,20181216,   46,    0
 22027,119275,20181217,    0,    0
 22027,119275,20181218,  240,    0
 22027,119275,20181219,   56,    0
 22027,119275,20181220,   24,    0
 22027,119275,20181221,    4,    0
 22027,119275,20181222,    0,    0
 22027,119275,20181223,   36,    0
 22027,119275,20181224,    0,    0
 22027,119275,20181225,    0,    0
 22027,119275,20181226,    0,    0
 22027,119275,20181227,    0,    0
 22027,119275,20181228,    0,    0
 22027,119275,20181229,    0,    0
 22027,119275,20181230,    0,    0
 22027,119275,20181231,    0,    0
 22027,119275,20190101,    0,    0
 22027,119275,20190102,    0,    0
 22027,119275,20190103,    0,    0
 22027,119275,20190104,    0,    0
 22027,119275,20190105,    0,    0
 22027,119275,20190106,    0,    0
 22027,119275,20190107,    0,    0
 22027,119275,20190108,    0,    0
 22027,119275,20190109,    0,    0
 22027,119275,20190110,    0,    0
 22027,119275,20190111,    0,    0
 22027,119275,20190112,    4,    0
 22027,119275,20190113,    0,    0
 22027,119275,20190114,    0,    0
 22027,119275,20190115,    0,    0
 22027,119275,20190116,   34,    0
 22027,119275,20190117,    2,    0
 22027,119275,20190118,   26,    0
 22027,119275,20190119,   22,    0
 22027,119275,20190120,    0,    0
 22027,119275,20190121,   26,    0
 22027,119275,20190122,    8,    0
 22027,119275,20190123,    0,    0
 22027,119275,20190124,    2,    0
 22027,119275,20190125,    0,    0
 22027,119275,20190126,   40,    0
 22027,119275,20190127,   10,    0
 22027,119275,20190128,    0,    0
 22027,119275,20190129,   26,    0
 22027,119275,20190130,    0,    0
 22027,119275,20190131,-9999,    9
 22027,119275,20190201,-9999,    9
 22027,119275,20190202,-9999,    9
 22027,119275,20190203,    0,    0
 22027,119275,20190204,   14,    0
 22027,119275,20190205,   34,    0
 22027,119275,20190206,   26,    0
 22027,119275,20190207,   10,    0
 22027,119275,20190208,  176,    0
 22027,119275,20190209,   16,    0
 22027,119275,20190210,   72,    0
 22027,119275,20190211,    0,    0
 22027,119275,20190212,    0,    0
 22027,119275,20190213,    0,    0
 22027,119275,20190214,    0,    0
 22027,119275,20190215,    2,    0
 22027,119275,20190216,    0,    0
 22027,119275,20190217,    0,    0
 22027,119275,20190218,    0,    0
 22027,119275,20190219,    0,    0
 22027,119275,20190220,    2,    0
 22027,119275,20190221,    4,    0
 22027,119275,20190222,    0,    0
 22027,119275,20190223,    2,    0
 22027,119275,20190224,    2,    0
 22027,119275,20190225,    2,    0
 22027,119275,20190226,    0,    0
 22027,119275,20190227,    0,    0
 22027,119275,20190228,   38,    0
 22027,119275,20190301,    2,    0
 22027,119275,20190302,   20,    0
 22027,119275,20190303,   54,    0
 22027,119275,20190304,    2,    0
 22027,119275,20190305,  104,    0
 22027,119275,20190306,  162,    0
 22027,119275,20190307,    6,    0
 22027,119275,20190308,   16,    0
 22027,119275,20190309,   40,    0
 22027,119275,20190310,   40,    0
 22027,119275,20190311,    0,    0
 22027,119275,20190312,   96,    0
 22027,119275,20190313,    0,    0
 22027,119275,20190314,   20,    0
 22027,119275,20190315,   18,    0
 22027,119275,20190316,   80,    0
 22027,119275,20190317,    4,    0
 22027,119275,20190318,    2,    0
 22027,119275,20190319,    0,    0
 22027,119275,20190320,    0,    0
 22027,119275,20190321,    0,    0
 22027,119275,20190322,    0,    0
 22027,119275,20190323,    0,    0
 22027,119275,20190324,    0,    0
 22027,119275,20190325,    0,    0
 22027,119275,20190326,    0,    0
 22027,119275,20190327,    0,    0
 22027,119275,20190328,    0,    0
 22027,119275,20190329,    0,    0
 22027,119275,20190330,    0,    0
 22027,119275,20190331,    0,    0
 22027,119275,20190401,    0,    0
 22027,119275,20190402,   70,    0
 22027,119275,20190403,   82,    0
 22027,119275,20190404,  226,    0
 22027,119275,20190405,   56,    0
 22027,119275,20190406,    0,    0
 22027,119275,20190407,    0,    0
 22027,119275,20190408,-9999,    9
 22027,119275,20190409,-9999,    9
 22027,119275,20190410,-9999,    9
 22027,119275,20190411,-9999,    9
 22027,119275,20190412,    0,    0
 22027,119275,20190413,    0,    0
 22027,119275,20190414,    0,    0
 22027,119275,20190415,    0,    0
 22027,119275,20190416,    6,    0
 22027,119275,20190417,    0,    0
 22027,119275,20190418,    0,    0
 22027,119275,20190419,    0,    0
 22027,119275,20190420,    0,    0
 22027,119275,20190421,    0,    0
 22027,119275,20190422,    0,    0
 22027,119275,20190423,    0,    0
 22027,119275,20190424,   54,    0
 22027,119275,20190425,   82,    0
 22027,119275,20190426,   30,    0
 22027,119275,20190427,   32,    0
 22027,119275,20190428,    0,    0
 22027,119275,20190429,    0,    0
 22027,119275,20190430,    0,    0
 22027,119275,20190501,   18,    0
 22027,119275,20190502,   42,    0
 22027,119275,20190503,   14,    0
 22027,119275,20190504,    6,    0
 22027,119275,20190505,    0,    0
 22027,119275,20190506,    0,    0
 22027,119275,20190507,    2,    0
 22027,119275,20190508,  118,    0
 22027,119275,20190509,   34,    0
 22027,119275,20190510,   54,    0
 22027,119275,20190511,    0,    0
 22027,119275,20190512,    0,    0
 22027,119275,20190513,    0,    0
 22027,119275,20190514,    0,    0
 22027,119275,20190515,    0,    0
 22027,119275,20190516,    0,    0
 22027,119275,20190517,    0,    0
 22027,119275,20190518,    0,    0
 22027,119275,20190519,   68,    0
 22027,119275,20190520,    0,    0
 22027,119275,20190521,    2,    0
 22027,119275,20190522,    0,    0
 22027,119275,20190523,    0,    0
 22027,119275,20190524,    0,    0
 22027,119275,20190525,    0,    0
 22027,119275,20190526,    0,    0
 22027,119275,20190527,   64,    0
 22027,119275,20190528,    2,    0
 22027,119275,20190529,   10,    0
 22027,119275,20190530,    0,    0
 22027,119275,20190531,    0,    0
 22027,119275,20190601,    0,    0
 22027,119275,20190602,   18,    0
 22027,119275,20190603,    0,    0
 22027,119275,20190604,   52,    0
 22027,119275,20190605,    0,    0
 22027,119275,20190606,    0,    0
 22027,119275,20190607,  308,    0
 22027,119275,20190608,   32,    0
 22027,119275,20190609,    8,    0
 22027,119275,20190610,   86,    0
 22027,119275,20190611,  154,    0
 22027,119275,20190612,  120,    0
 22027,119275,20190613,  252,    0
 22027,119275,20190614,   70,    0
 22027,119275,20190615,   14,    0
 22027,119275,20190616,    4,    0
 22027,119275,20190617,    0,    0
 22027,119275,20190618,   22,    0
 22027,119275,20190619,    0,    0
 22027,119275,20190620,    4,    0
 22027,119275,20190621,    0,    0
 22027,119275,20190622,    0,    0
 22027,119275,20190623,   22,    0
 22027,119275,20190624,    0,    0
 22027,119275,20190625,  234,    0
 22027,119275,20190626,    0,    0
 22027,119275,20190627,    0,    0
 22027,119275,20190628,    0,    0
 22027,119275,20190629,    0,    0
 22027,119275,20190630,    0,    0
 22027,119275,20190701,    0,    0
 22027,119275,20190702,    0,    0
 22027,119275,20190703,    0,    0
 22027,119275,20190704,    0,    0
 22027,119275,20190705,    0,    0
 22027,119275,20190706,    4,    0
 22027,119275,20190707,    0,    0
 22027,119275,20190708,    0,    0
 22027,119275,20190709,    0,    0
 22027,119275,20190710,    0,    0
 22027,119275,20190711,    4,    0
 22027,119275,20190712,    0,    0
 22027,119275,20190713,    0,    0
 22027,119275,20190714,    0,    0
 22027,119275,20190715,    0,    0
 22027,119275,20190716,    0,    0
 22027,119275,20190717,    0,    0
 22027,119275,20190718,    2,    0
 22027,119275,20190719,  106,    0
 22027,119275,20190720,   60,    0
 22027,119275,20190721,    0,    0
 22027,119275,20190722,    0,    0
 22027,119275,20190723,    2,    0
 22027,119275,20190724,   16,    0
 22027,119275,20190725,    2,    0
 22027,119275,20190726,    0,    0
 22027,119275,20190727,    0,    0
 22027,119275,20190728,    0,    0
 22027,119275,20190729,    0,    0
 22027,119275,20190730,  170,    0
 22027,119275,20190731,    0,    0
 22027,119275,20190801,    0,    0
 22027,119275,20190802,    0,    0
 22027,119275,20190803,    0,    0
 22027,119275,20190804,    0,    0
 22027,119275,20190805,    0,    0
 22027,119275,20190806,   48,    0
 22027,119275,20190807,    0,    0
 22027,119275,20190808,  154,    0
 22027,119275,20190809,  102,    0
 22027,119275,20190810,   48,    0
 22027,119275,20190811,  166,    0
 22027,119275,20190812,   28,    0
 22027,119275,20190813,    0,    0
 22027,119275,20190814,   50,    0
 22027,119275,20190815,    0,    0
 22027,119275,20190816,   52,    0
 22027,119275,20190817,    2,    0
 22027,119275,20190818,   22,    0
 22027,119275,20190819,   14,    0
 22027,119275,20190820,    0,    0
 22027,119275,20190821,    0,    0
 22027,119275,20190822,    0,    0
 22027,119275,20190823,    0,    0
 22027,119275,20190824,    0,    0
 22027,119275,20190825,    0,    0
 22027,119275,20190826,    0,    0
 22027,119275,20190827,    4,    0
 22027,119275,20190828,   86,    0
 22027,119275,20190829,    0,    0
 22027,119275,20190830,    0,    0
 22027,119275,20190831,    2,    0
 22027,119275,20190901,    0,    0
 22027,119275,20190902,    0,    0
 22027,119275,20190903,    2,    0
 22027,119275,20190904,    8,    0
 22027,119275,20190905,    0,    0
 22027,119275,20190906,    2,    0
 22027,119275,20190907,    0,    0
 22027,119275,20190908,    0,    0
 22027,119275,20190909,   74,    0
 22027,119275,20190910,    0,    0
 22027,119275,20190911,    0,    0
 22027,119275,20190912,    0,    0
 22027,119275,20190913,    0,    0
 22027,119275,20190914,    0,    0
 22027,119275,20190915,    0,    0
 22027,119275,20190916,    2,    0
 22027,119275,20190917,    0,    0
 22027,119275,20190918,    0,    0
 22027,119275,20190919,    0,    0
 22027,119275,20190920,    0,    0
 22027,119275,20190921,    0,    0
 22027,119275,20190922,   90,    0
 22027,119275,20190923,   50,    0
 22027,119275,20190924,  110,    0
 22027,119275,20190925,   18,    0
 22027,119275,20190926,   78,    0
 22027,119275,20190927,  134,    0
 22027,119275,20190928,  156,    0
 22027,119275,20190929,   38,    0
 22027,119275,20190930,   76,    0
 22027,119275,20191001,   42,    0
 22027,119275,20191002,    0,    0
 22027,119275,20191003,   16,    0
 22027,119275,20191004,    6,    0
 22027,119275,20191005,   88,    0
 22027,119275,20191006,    2,    0
 22027,119275,20191007,   22,    0
 22027,119275,20191008,    0,    0
 22027,119275,20191009,   12,    0
 22027,119275,20191010,   34,    0
 22027,119275,20191011,   44,    0
 22027,119275,20191012,    6,    0
 22027,119275,20191013,   78,    0
 22027,119275,20191014,   48,    0
 22027,119275,20191015,    8,    0
 22027,119275,20191016,    4,    0
 22027,119275,20191017,   32,    0
 22027,119275,20191018,  336,    0
 22027,119275,20191019,    4,    0
 22027,119275,20191020,    4,    0
 22027,119275,20191021,    6,    0
 22027,119275,20191022,    0,    0
 22027,119275,20191023,    6,    0
 22027,119275,20191024,    4,    0
 22027,119275,20191025,  100,    0
 22027,119275,20191026,  438,    0
 22027,119275,20191027,    0,    0
 22027,119275,20191028,    2,    0
 22027,119275,20191029,    0,    0
 22027,119275,20191030,    0,    0
 22027,119275,20191031,   46,    0
 22027,119275,20191101,   18,    0
 22027,119275,20191102,   72,    0
 22027,119275,20191103,   16,    0
 22027,119275,20191104,   26,    0
 22027,119275,20191105,    2,    0
 22027,119275,20191106,   34,    0
 22027,119275,20191107,    6,    0
 22027,119275,20191108,   14,    0
 22027,119275,20191109,   32,    0
 22027,119275,20191110,   82,    0
 22027,119275,20191111,   16,    0
 22027,119275,20191112,    4,    0
 22027,119275,20191113,  112,    0
 22027,119275,20191114,  388,    0
 22027,119275,20191115,    0,    0
 22027,119275,20191116,    6,    0
 22027,119275,20191117,    8,    0
 22027,119275,20191118,    2,    0
 22027,119275,20191119,    0,    0
 22027,119275,20191120,    0,    0
 22027,119275,20191121,   56,    0
 22027,119275,20191122,   84,    0
 22027,119275,20191123,   74,    0
 22027,119275,20191124,    0,    0
 22027,119275,20191125,   32,    0
 22027,119275,20191126,   18,    0
 22027,119275,20191127,   24,    0
 22027,119275,20191128,   34,    0
 22027,119275,20191129,    2,    0
 22027,119275,20191130,    0,    0
 22027,119275,20191201,    2,    0
 22027,119275,20191202,    0,    0
 22027,119275,20191203,    0,    0
 22027,119275,20191204,    2,    0
 22027,119275,20191205,    2,    0
 22027,119275,20191206,   26,    0
 22027,119275,20191207,    2,    0
 22027,119275,20191208,   50,    0
 22027,119275,20191209,    8,    0
 22027,119275,20191210,   66,    0
 22027,119275,20191211,   16,    0
 22027,119275,20191212,   74,    0
 22027,119275,20191213,    8,    0
 22027,119275,20191214,   80,    0
 22027,119275,20191215,   54,    0
 22027,119275,20191216,    0,    0
 22027,119275,20191217,    0,    0
 22027,119275,20191218,  108,    0
 22027,119275,20191219,  154,    0
 22027,119275,20191220,  112,    0
 22027,119275,20191221,   70,    0
 22027,119275,20191222,   12,    0
 22027,119275,20191223,    8,    0
 22027,119275,20191224,   84,    0
 22027,119275,20191225,    0,    0
 22027,119275,20191226,   12,    0
 22027,119275,20191227,    2,    0
 22027,119275,20191228,    0,    0
 22027,119275,20191229,    0,    0
 22027,119275,20191230,    0,    0
 22027,119275,20191231,-9999,    9
 22027,119275,20200101,-9999,    9
 22027,119275,20200102,-9999,    9
 22027,119275,20200103,-9999,    9
 22027,119275,20200104,-9999,    9
 22027,119275,20200105,-9999,    9
 22027,119275,20200106,-9999,    9
 22027,119275,20200107,-9999,    9
 22027,119275,20200108,-9999,    9
 22027,119275,20200109,-9999,    9
 22027,119275,20200110,-9999,    9
 22027,119275,20200111,-9999,    9
 22027,119275,20200112,-9999,    9
 22027,119275,20200113,-9999,    9
 22027,119275,20200114,-9999,    9
 22027,119275,20200115,-9999,    9
 22027,119275,20200116,-9999,    9
 22027,119275,20200117,-9999,    9
 22027,119275,20200118,-9999,    9
 22027,119275,20200119,-9999,    9
 22027,119275,20200120,-9999,    9
 22027,119275,20200121,-9999,    9
 22027,119275,20200122,-9999,    9
 22027,119275,20200123,-9999,    9
 22027,119275,20200124,-9999,    9
 22027,119275,20200125,-9999,    9
 22027,119275,20200126,-9999,    9
 22027,119275,20200127,-9999,    9
 22027,119275,20200128,-9999,    9
 22027,119275,20200129,-9999,    9
 22027,119275,20200130,-9999,    9
 22027,119275,20200131,-9999,    9
 22027,119275,20200201,-9999,    9
 22027,119275,20200202,-9999,    9
 22027,119275,20200203,-9999,    9
 22027,119275,20200204,-9999,    9
 22027,119275,20200205,-9999,    9
 22027,119275,20200206,-9999,    9
 22027,119275,20200207,-9999,    9
 22027,119275,20200208,-9999,    9
 22027,119275,20200209,-9999,    9
 22027,119275,20200210,-9999,    9
 22027,119275,20200211,-9999,    9
 22027,119275,20200212,-9999,    9
 22027,119275,20200213,-9999,    9
 22027,119275,20200214,-9999,    9
 22027,119275,20200215,-9999,    9
 22027,119275,20200216,-9999,    9
 22027,119275,20200217,-9999,    9
 22027,119275,20200218,-9999,    9
 22027,119275,20200219,-9999,    9
 22027,119275,20200220,-9999,    9
 22027,119275,20200221,-9999,    9
 22027,119275,20200222,-9999,    9
 22027,119275,20200223,-9999,    9
 22027,119275,20200224,-9999,    9
 22027,119275,20200225,-9999,    9
 22027,119275,20200226,-9999,    9
 22027,119275,20200227,-9999,    9
 22027,119275,20200228,-9999,    9
 22027,119275,20200229,-9999,    9
 22027,119275,20200301,-9999,    9
 22027,119275,20200302,-9999,    9
 22027,119275,20200303,-9999,    9
 22027,119275,20200304,-9999,    9
 22027,119275,20200305,-9999,    9
 22027,119275,20200306,-9999,    9
 22027,119275,20200307,-9999,    9
 22027,119275,20200308,-9999,    9
 22027,119275,20200309,-9999,    9
 22027,119275,20200310,-9999,    9
 22027,119275,20200311,-9999,    9
 22027,119275,20200312,-9999,    9
 22027,119275,20200313,-9999,    9
 22027,119275,20200314,-9999,    9
 22027,119275,20200315,-9999,    9
 22027,119275,20200316,-9999,    9
 22027,119275,20200317,-9999,    9
 22027,119275,20200318,-9999,    9
 22027,119275,20200319,-9999,    9
 22027,119275,20200320,-9999,    9
 22027,119275,20200321,-9999,    9
 22027,119275,20200322,-9999,    9
 22027,119275,20200323,-9999,    9
 22027,119275,20200324,-9999,    9
 22027,119275,20200325,-9999,    9
 22027,119275,20200326,-9999,    9
 22027,119275,20200327,-9999,    9
 22027,119275,20200328,-9999,    9
 22027,119275,20200329,-9999,    9
 22027,119275,20200330,-9999,    9
 22027,119275,20200331,-9999,    9
 22027,119275,20200401,-9999,    9
 22027,119275,20200402,-9999,    9
 22027,119275,20200403,-9999,    9
 22027,119275,20200404,-9999,    9
 22027,119275,20200405,-9999,    9
 22027,119275,20200406,-9999,    9
 22027,119275,20200407,-9999,    9
 22027,119275,20200408,-9999,    9
 22027,119275,20200409,-9999,    9
 22027,119275,20200410,-9999,    9
 22027,119275,20200411,-9999,    9
 22027,119275,20200412,-9999,    9
 22027,119275,20200413,-9999,    9
 22027,119275,20200414,-9999,    9
 22027,119275,20200415,-9999,    9
 22027,119275,20200416,-9999,    9
 22027,119275,20200417,-9999,    9
 22027,119275,20200418,-9999,    9
 22027,119275,20200419,-9999,    9
 22027,119275,20200420,-9999,    9
 22027,119275,20200421,-9999,    9
 22027,119275,20200422,-9999,    9
 22027,119275,20200423,-9999,    9
 22027,119275,20200424,-9999,    9
 22027,119275,20200425,-9999,    9
 22027,119275,20200426,-9999,    9
 22027,119275,20200427,-9999,    9
 22027,119275,20200428,-9999,    9
 22027,119275,20200429,-9999,    9
 22027,119275,20200430,-9999,    9
 22027,119275,20200501,-9999,    9
 22027,119275,20200502,-9999,    9
 22027,119275,20200503,-9999,    9
 22027,119275,20200504,-9999,    9
 22027,119275,20200505,-9999,    9
 22027,119275,20200506,-9999,    9
 22027,119275,20200507,-9999,    9
 22027,119275,20200508,-9999,    9
 22027,119275,20200509,-9999,    9
 22027,119275,20200510,-9999,    9
 22027,119275,20200511,-9999,    9
 22027,119275,20200512,-9999,    9
 22027,119275,20200513,-9999,    9
 22027,119275,20200514,-9999,    9
 22027,119275,20200515,-9999,    9
 22027,119275,20200516,-9999,    9
 22027,119275,20200517,-9999,    9
 22027,119275,20200518,-9999,    9
 22027,119275,20200519,-9999,    9
 22027,119275,20200520,-9999,    9
 22027,119275,20200521,-9999,    9
 22027,119275,20200522,-9999,    9
 22027,119275,20200523,-9999,    9
 22027,119275,20200524,-9999,    9
 22027,119275,20200525,-9999,    9
 22027,119275,20200526,-9999,    9
 22027,119275,20200527,-9999,    9
 22027,119275,20200528,-9999,    9
 22027,119275,20200529,-9999,    9
 22027,119275,20200530,-9999,    9
 22027,119275,20200531,-9999,    9
 22027,119275,20200601,-9999,    9
 22027,119275,20200602,-9999,    9
 22027,119275,20200603,-9999,    9
 22027,119275,20200604,-9999,    9
 22027,119275,20200605,-9999,    9
 22027,119275,20200606,-9999,    9
 22027,119275,20200607,-9999,    9
 22027,119275,20200608,-9999,    9
 22027,119275,20200609,-9999,    9
 22027,119275,20200610,-9999,    9
 22027,119275,20200611,-9999,    9
 22027,119275,20200612,-9999,    9
 22027,119275,20200613,-9999,    9
 22027,119275,20200614,-9999,    9
 22027,119275,20200615,-9999,    9
 22027,119275,20200616,-9999,    9
 22027,119275,20200617,-9999,    9
 22027,119275,20200618,-9999,    9
 22027,119275,20200619,-9999,    9
 22027,119275,20200620,-9999,    9
 22027,119275,20200621,-9999,    9
 22027,119275,20200622,-9999,    9
 22027,119275,20200623,-9999,    9
 22027,119275,20200624,-9999,    9
 22027,119275,20200625,-9999,    9
 22027,119275,20200626,-9999,    9
 22027,119275,20200627,-9999,    9
 22027,119275,20200628,-9999,    9
 22027,119275,20200629,-9999,    9
 22027,119275,20200630,-9999,    9
 22027,119275,20200701,-9999,    9
 22027,119275,20200702,-9999,    9
 22027,119275,20200703,-9999,    9
 22027,119275,20200704,-9999,    9
 22027,119275,20200705,-9999,    9
 22027,119275,20200706,-9999,    9
 22027,119275,20200707,-9999,    9
 22027,119275,20200708,-9999,    9
 22027,119275,20200709,-9999,    9
 22027,119275,20200710,-9999,    9
 22027,119275,20200711,-9999,    9
 22027,119275,20200712,-9999,    9
 22027,119275,20200713,-9999,    9
 22027,119275,20200714,-9999,    9
 22027,119275,20200715,-9999,    9
 22027,119275,20200716,-9999,    9
 22027,119275,20200717,-9999,    9
 22027,119275,20200718,-9999,    9
 22027,119275,20200719,-9999,    9
 22027,119275,20200720,-9999,    9
 22027,119275,20200721,-9999,    9
 22027,119275,20200722,-9999,    9
 22027,119275,20200723,-9999,    9
 22027,119275,20200724,-9999,    9
 22027,119275,20200725,-9999,    9
 22027,119275,20200726,-9999,    9
 22027,119275,20200727,-9999,    9
 22027,119275,20200728,-9999,    9
 22027,119275,20200729,-9999,    9
 22027,119275,20200730,-9999,    9
 22027,119275,20200731,-9999,    9
 22027,119275,20200801,-9999,    9
 22027,119275,20200802,-9999,    9
 22027,119275,20200803,-9999,    9
 22027,119275,20200804,-9999,    9
 22027,119275,20200805,-9999,    9
 22027,119275,20200806,-9999,    9
 22027,119275,20200807,-9999,    9
 22027,119275,20200808,-9999,    9
 22027,119275,20200809,-9999,    9
 22027,119275,20200810,-9999,    9
 22027,119275,20200811,-9999,    9
 22027,119275,20200812,-9999,    9
 22027,119275,20200813,-9999,    9
 22027,119275,20200814,-9999,    9
 22027,119275,20200815,-9999,    9
 22027,119275,20200816,-9999,    9
 22027,119275,20200817,-9999,    9
 22027,119275,20200818,-9999,    9
 22027,119275,20200819,-9999,    9
 22027,119275,20200820,-9999,    9
 22027,119275,20200821,-9999,    9
 22027,119275,20200822,-9999,    9
 22027,119275,20200823,-9999,    9
 22027,119275,20200824,-9999,    9
 22027,119275,20200825,-9999,    9
 22027,119275,20200826,-9999,    9
 22027,119275,20200827,-9999,    9
 22027,119275,20200828,-9999,    9
 22027,119275,20200829,-9999,    9
 22027,119275,20200830,-9999,    9
 22027,119275,20200831,-9999,    9
 22027,119275,20200901,-9999,    9
 22027,119275,20200902,-9999,    9
 22027,119275,20200903,-9999,    9
 22027,119275,20200904,-9999,    9
 22027,119275,20200905,-9999,    9
 22027,119275,20200906,-9999,    9
 22027,119275,20200907,-9999,    9
 22027,119275,20200908,-9999,    9
 22027,119275,20200909,-9999,    9
 22027,119275,20200910,-9999,    9
 22027,119275,20200911,-9999,    9
 22027,119275,20200912,-9999,    9
 22027,119275,20200913,-9999,    9
 22027,119275,20200914,-9999,    9
 22027,119275,20200915,-9999,    9
 22027,119275,20200916,-9999,    9
 22027,119275,20200917,-9999,    9
 22027,119275,20200918,-9999,    9
 22027,119275,20200919,-9999,    9
 22027,119275,20200920,-9999,    9
 22027,119275,20200921,-9999,    9
 22027,119275,20200922,-9999,    9
 22027,119275,20200923,-9999,    9
 22027,119275,20200924,-9999,    9
 22027,119275,20200925,-9999,    9
 22027,119275,20200926,-9999,    9
 22027,119275,20200927,-9999,    9
 22027,119275,20200928,-9999,    9
 22027,119275,20200929,-9999,    9
 22027,119275,20200930,-9999,    9
 22027,119275,20201001,-9999,    9
 22027,119275,20201002,-9999,    9
 22027,119275,20201003,-9999,    9
 22027,119275,20201004,-9999,    9
 22027,119275,20201005,-9999,    9
 22027,119275,20201006,-9999,    9
 22027,119275,20201007,-9999,    9
 22027,119275,20201008,-9999,    9
 22027,119275,20201009,-9999,    9
 22027,119275,20201010,-9999,    9
 22027,119275,20201011,-9999,    9
 22027,119275,20201012,-9999,    9
 22027,119275,20201013,-9999,    9
 22027,119275,20201014,-9999,    9
 22027,119275,20201015,-9999,    9
 22027,119275,20201016,-9999,    9
 22027,119275,20201017,-9999,    9
 22027,119275,20201018,-9999,    9
 22027,119275,20201019,-9999,    9
 22027,119275,20201020,-9999,    9
 22027,119275,20201021,-9999,    9
 22027,119275,20201022,-9999,    9
 22027,119275,20201023,-9999,    9
 22027,119275,20201024,-9999,    9
 22027,119275,20201025,-9999,    9
 22027,119275,20201026,-9999,    9
 22027,119275,20201027,-9999,    9
 22027,119275,20201028,-9999,    9
 22027,119275,20201029,-9999,    9
 22027,119275,20201030,-9999,    9
 22027,119275,20201031,-9999,    9
 22027,119275,20201101,-9999,    9
 22027,119275,20201102,-9999,    9
 22027,119275,20201103,-9999,    9
 22027,119275,20201104,-9999,    9
 22027,119275,20201105,-9999,    9
 22027,119275,20201106,-9999,    9
 22027,119275,20201107,-9999,    9
 22027,119275,20201108,-9999,    9
 22027,119275,20201109,-9999,    9
 22027,119275,20201110,-9999,    9
 22027,119275,20201111,-9999,    9
 22027,119275,20201112,-9999,    9
 22027,119275,20201113,-9999,    9
 22027,119275,20201114,-9999,    9
 22027,119275,20201115,-9999,    9
 22027,119275,20201116,-9999,    9
 22027,119275,20201117,-9999,    9
 22027,119275,20201118,-9999,    9
 22027,119275,20201119,-9999,    9
 22027,119275,20201120,-9999,    9
 22027,119275,20201121,-9999,    9
 22027,119275,20201122,-9999,    9
 22027,119275,20201123,-9999,    9
 22027,119275,20201124,-9999,    9
 22027,119275,20201125,-9999,    9
 22027,119275,20201126,-9999,    9
 22027,119275,20201127,-9999,    9
 22027,119275,20201128,-9999,    9
 22027,119275,20201129,-9999,    9
 22027,119275,20201130,-9999,    9
 22027,119275,20201201,-9999,    9
 22027,119275,20201202,-9999,    9
 22027,119275,20201203,-9999,    9
 22027,119275,20201204,-9999,    9
 22027,119275,20201205,-9999,    9
 22027,119275,20201206,-9999,    9
 22027,119275,20201207,-9999,    9
 22027,119275,20201208,-9999,    9
 22027,119275,20201209,-9999,    9
 22027,119275,20201210,-9999,    9
 22027,119275,20201211,-9999,    9
 22027,119275,20201212,-9999,    9
 22027,119275,20201213,-9999,    9
 22027,119275,20201214,-9999,    9
 22027,119275,20201215,-9999,    9
 22027,119275,20201216,-9999,    9
 22027,119275,20201217,-9999,    9
 22027,119275,20201218,-9999,    9
 22027,119275,20201219,-9999,    9
 22027,119275,20201220,-9999,    9
 22027,119275,20201221,-9999,    9
 22027,119275,20201222,-9999,    9
 22027,119275,20201223,-9999,    9
 22027,119275,20201224,-9999,    9
 22027,119275,20201225,-9999,    9
 22027,119275,20201226,-9999,    9
 22027,119275,20201227,-9999,    9
 22027,119275,20201228,-9999,    9
 22027,119275,20201229,-9999,    9
 22027,119275,20201230,-9999,    9
 22027,119275,20201231,-9999,    9
 22027,119275,20210101,-9999,    9
 22027,119275,20210102,-9999,    9
 22027,119275,20210103,-9999,    9
 22027,119275,20210104,-9999,    9
 22027,119275,20210105,-9999,    9
 22027,119275,20210106,-9999,    9
 22027,119275,20210107,-9999,    9
 22027,119275,20210108,-9999,    9
 22027,119275,20210109,-9999,    9
 22027,119275,20210110,-9999,    9
 22027,119275,20210111,-9999,    9
 22027,119275,20210112,-9999,    9
 22027,119275,20210113,-9999,    9
 22027,119275,20210114,-9999,    9
 22027,119275,20210115,-9999,    9
 22027,119275,20210116,-9999,    9
 22027,119275,20210117,-9999,    9
 22027,119275,20210118,-9999,    9
 22027,119275,20210119,-9999,    9
 22027,119275,20210120,-9999,    9
 22027,119275,20210121,-9999,    9
 22027,119275,20210122,-9999,    9
 22027,119275,20210123,-9999,    9
 22027,119275,20210124,-9999,    9
 22027,119275,20210125,-9999,    9
 22027,119275,20210126,-9999,    9
 22027,119275,20210127,-9999,    9
 22027,119275,20210128,-9999,    9
 22027,119275,20210129,-9999,    9
 22027,119275,20210130,-9999,    9
 22027,119275,20210131,-9999,    9
 22027,119275,20210201,-9999,    9
 22027,119275,20210202,-9999,    9
 22027,119275,20210203,-9999,    9
 22027,119275,20210204,-9999,    9
 22027,119275,20210205,-9999,    9
 22027,119275,20210206,-9999,    9
 22027,119275,20210207,-9999,    9
 22027,119275,20210208,-9999,    9
 22027,119275,20210209,-9999,    9
 22027,119275,20210210,-9999,    9
 22027,119275,20210211,-9999,    9
 22027,119275,20210212,-9999,    9
 22027,119275,20210213,-9999,    9
 22027,119275,20210214,-9999,    9
 22027,119275,20210215,-9999,    9
 22027,119275,20210216,-9999,    9
 22027,119275,20210217,-9999,    9
 22027,119275,20210218,-9999,    9
 22027,119275,20210219,-9999,    9
 22027,119275,20210220,-9999,    9
 22027,119275,20210221,-9999,    9
 22027,119275,20210222,-9999,    9
 22027,119275,20210223,-9999,    9
 22027,119275,20210224,-9999,    9
 22027,119275,20210225,-9999,    9
 22027,119275,20210226,-9999,    9
 22027,119275,20210227,-9999,    9
 22027,119275,20210228,-9999,    9
 22027,119275,20210301,-9999,    9
 22027,119275,20210302,-9999,    9
 22027,119275,20210303,-9999,    9
 22027,119275,20210304,-9999,    9
 22027,119275,20210305,-9999,    9
 22027,119275,20210306,-9999,    9
 22027,119275,20210307,-9999,    9
 22027,119275,20210308,-9999,    9
 22027,119275,20210309,-9999,    9
 22027,119275,20210310,-9999,    9
 22027,119275,20210311,-9999,    9
 22027,119275,20210312,-9999,    9
 22027,119275,20210313,-9999,    9
 22027,119275,20210314,-9999,    9
 22027,119275,20210315,-9999,    9
 22027,119275,20210316,-9999,    9
 22027,119275,20210317,-9999,    9
 22027,119275,20210318,-9999,    9
 22027,119275,20210319,-9999,    9
 22027,119275,20210320,-9999,    9
 22027,119275,20210321,-9999,    9
 22027,119275,20210322,-9999,    9
 22027,119275,20210323,-9999,    9
 22027,119275,20210324,-9999,    9
 22027,119275,20210325,-9999,    9
 22027,119275,20210326,-9999,    9
 22027,119275,20210327,-9999,    9
 22027,119275,20210328,-9999,    9
 22027,119275,20210329,-9999,    9
 22027,119275,20210330,-9999,    9
 22027,119275,20210331,-9999,    9
 22027,119275,20210401,-9999,    9
 22027,119275,20210402,-9999,    9
 22027,119275,20210403,-9999,    9
 22027,119275,20210404,-9999,    9
 22027,119275,20210405,-9999,    9
 22027,119275,20210406,-9999,    9
 22027,119275,20210407,-9999,    9
 22027,119275,20210408,-9999,    9
 22027,119275,20210409,-9999,    9
 22027,119275,20210410,-9999,    9
 22027,119275,20210411,-9999,    9
 22027,119275,20210412,-9999,    9
 22027,119275,20210413,-9999,    9
 22027,119275,20210414,-9999,    9
 22027,119275,20210415,-9999,    9
 22027,119275,20210416,-9999,    9
 22027,119275,20210417,-9999,    9
 22027,119275,20210418,-9999,    9
 22027,119275,20210419,-9999,    9
 22027,119275,20210420,-9999,    9
 22027,119275,20210421,-9999,    9
 22027,119275,20210422,-9999,    9
 22027,119275,20210423,-9999,    9
 22027,119275,20210424,-9999,    9
 22027,119275,20210425,-9999,    9
 22027,119275,20210426,-9999,    9
 22027,119275,20210427,-9999,    9
 22027,119275,20210428,-9999,    9
 22027,119275,20210429,-9999,    9
 22027,119275,20210430,-9999,    9
 22027,119275,20210501,-9999,    9
 22027,119275,20210502,-9999,    9
 22027,119275,20210503,-9999,    9
 22027,119275,20210504,-9999,    9
 22027,119275,20210505,-9999,    9
 22027,119275,20210506,-9999,    9
 22027,119275,20210507,-9999,    9
 22027,119275,20210508,-9999,    9
 22027,119275,20210509,-9999,    9
 22027,119275,20210510,-9999,    9
 22027,119275,20210511,-9999,    9
 22027,119275,20210512,-9999,    9
 22027,119275,20210513,-9999,    9
 22027,119275,20210514,-9999,    9
 22027,119275,20210515,-9999,    9
 22027,119275,20210516,-9999,    9
 22027,119275,20210517,-9999,    9
 22027,119275,20210518,-9999,    9
 22027,119275,20210519,-9999,    9
 22027,119275,20210520,-9999,    9
 22027,119275,20210521,-9999,    9
 22027,119275,20210522,-9999,    9
 22027,119275,20210523,-9999,    9
 22027,119275,20210524,-9999,    9
 22027,119275,20210525,-9999,    9
 22027,119275,20210526,-9999,    9
 22027,119275,20210527,-9999,    9
 22027,119275,20210528,-9999,    9
 22027,119275,20210529,-9999,    9
 22027,119275,20210530,-9999,    9
 22027,119275,20210531,-9999,    9
 22027,119275,20210601,-9999,    9
 22027,119275,20210602,-9999,    9
 22027,119275,20210603,-9999,    9
 22027,119275,20210604,-9999,    9
 22027,119275,20210605,-9999,    9
 22027,119275,20210606,-9999,    9
 22027,119275,20210607,-9999,    9
 22027,119275,20210608,-9999,    9
 22027,119275,20210609,-9999,    9
 22027,119275,20210610,-9999,    9
 22027,119275,20210611,-9999,    9
 22027,119275,20210612,-9999,    9
 22027,119275,20210613,-9999,    9
 22027,119275,20210614,-9999,    9
 22027,119275,20210615,-9999,    9
 22027,119275,20210616,-9999,    9
 22027,119275,20210617,-9999,    9
 22027,119275,20210618,-9999,    9
 22027,119275,20210619,-9999,    9
 22027,119275,20210620,-9999,    9
 22027,119275,20210621,-9999,    9
 22027,119275,20210622,-9999,    9
 22027,119275,20210623,-9999,    9
 22027,119275,20210624,-9999,    9
 22027,119275,20210625,-9999,    9
 22027,119275,20210626,-9999,    9
 22027,119275,20210627,-9999,    9
 22027,119275,20210628,-9999,    9
 22027,119275,20210629,-9999,    9
 22027,119275,20210630,-9999,    9
 22027,119275,20210701,-9999,    9
 22027,119275,20210702,-9999,    9
 22027,119275,20210703,-9999,    9
 22027,119275,20210704,-9999,    9
 22027,119275,20210705,-9999,    9
 22027,119275,20210706,-9999,    9
 22027,119275,20210707,-9999,    9
 22027,119275,20210708,-9999,    9
 22027,119275,20210709,-9999,    9
 22027,119275,20210710,-9999,    9
 22027,119275,20210711,-9999,    9
 22027,119275,20210712,-9999,    9
 22027,119275,20210713,-9999,    9
 22027,119275,20210714,-9999,    9
 22027,119275,20210715,-9999,    9
 22027,119275,20210716,-9999,    9
 22027,119275,20210717,-9999,    9
 22027,119275,20210718,-9999,    9
 22027,119275,20210719,-9999,    9
 22027,119275,20210720,-9999,    9
 22027,119275,20210721,-9999,    9
 22027,119275,20210722,-9999,    9
 22027,119275,20210723,-9999,    9
 22027,119275,20210724,-9999,    9
 22027,119275,20210725,-9999,    9
 22027,119275,20210726,-9999,    9
 22027,119275,20210727,-9999,    9
 22027,119275,20210728,-9999,    9
 22027,119275,20210729,-9999,    9
 22027,119275,20210730,-9999,    9
 22027,119275,20210731,-9999,    9
 22027,119275,20210801,-9999,    9
 22027,119275,20210802,-9999,    9
 22027,119275,20210803,-9999,    9
 22027,119275,20210804,-9999,    9
 22027,119275,20210805,-9999,    9
 22027,119275,20210806,-9999,    9
 22027,119275,20210807,-9999,    9
 22027,119275,20210808,-9999,    9
 22027,119275,20210809,-9999,    9
 22027,119275,20210810,-9999,    9
 22027,119275,20210811,-9999,    9
 22027,119275,20210812,-9999,    9
 22027,119275,20210813,-9999,    9
 22027,119275,20210814,-9999,    9
 22027,119275,20210815,-9999,    9
 22027,119275,20210816,-9999,    9
 22027,119275,20210817,-9999,    9
 22027,119275,20210818,-9999,    9
 22027,119275,20210819,-9999,    9
 22027,119275,20210820,-9999,    9
 22027,119275,20210821,-9999,    9
 22027,119275,20210822,-9999,    9
 22027,119275,20210823,-9999,    9
 22027,119275,20210824,-9999,    9
 22027,119275,20210825,-9999,    9
 22027,119275,20210826,-9999,    9
 22027,119275,20210827,-9999,    9
 22027,119275,20210828,-9999,    9
 22027,119275,20210829,-9999,    9
 22027,119275,20210830,-9999,    9
 22027,119275,20210831,-9999,    9
 22027,119275,20210901,-9999,    9
 22027,119275,20210902,-9999,    9
 22027,119275,20210903,-9999,    9
 22027,119275,20210904,-9999,    9
 22027,119275,20210905,-9999,    9
 22027,119275,20210906,-9999,    9
 22027,119275,20210907,-9999,    9
 22027,119275,20210908,-9999,    9
 22027,119275,20210909,-9999,    9
 22027,119275,20210910,-9999,    9
 22027,119275,20210911,-9999,    9
 22027,119275,20210912,-9999,    9
 22027,119275,20210913,-9999,    9
 22027,119275,20210914,-9999,    9
 22027,119275,20210915,-9999,    9
 22027,119275,20210916,-9999,    9
 22027,119275,20210917,-9999,    9
 22027,119275,20210918,-9999,    9
 22027,119275,20210919,-9999,    9
 22027,119275,20210920,-9999,    9
 22027,119275,20210921,-9999,    9
 22027,119275,20210922,-9999,    9
 22027,119275,20210923,-9999,    9
 22027,119275,20210924,-9999,    9
 22027,119275,20210925,-9999,    9
 22027,119275,20210926,-9999,    9
 22027,119275,20210927,-9999,    9
 22027,119275,20210928,-9999,    9
 22027,119275,20210929,-9999,    9
 22027,119275,20210930,-9999,    9
 22027,119275,20211001,-9999,    9
 22027,119275,20211002,-9999,    9
 22027,119275,20211003,-9999,    9
 22027,119275,20211004,-9999,    9
 22027,119275,20211005,-9999,    9
 22027,119275,20211006,-9999,    9
 22027,119275,20211007,-9999,    9
 22027,119275,20211008,-9999,    9
 22027,119275,20211009,-9999,    9
 22027,119275,20211010,-9999,    9
 22027,119275,20211011,-9999,    9
 22027,119275,20211012,-9999,    9
 22027,119275,20211013,-9999,    9
 22027,119275,20211014,-9999,    9
 22027,119275,20211015,-9999,    9
 22027,119275,20211016,-9999,    9
 22027,119275,20211017,-9999,    9
 22027,119275,20211018,-9999,    9
 22027,119275,20211019,-9999,    9
 22027,119275,20211020,-9999,    9
 22027,119275,20211021,-9999,    9
 22027,119275,20211022,-9999,    9
 22027,119275,20211023,-9999,    9
 22027,119275,20211024,-9999,    9
 22027,119275,20211025,-9999,    9
 22027,119275,20211026,-9999,    9
 22027,119275,20211027,-9999,    9
 22027,119275,20211028,-9999,    9
 22027,119275,20211029,-9999,    9
 22027,119275,20211030,-9999,    9
 22027,119275,20211031,-9999,    9
 22027,119275,20211101,-9999,    9
 22027,119275,20211102,-9999,    9
 22027,119275,20211103,-9999,    9
 22027,119275,20211104,-9999,    9
 22027,119275,20211105,-9999,    9
 22027,119275,20211106,-9999,    9
 22027,119275,20211107,-9999,    9
 22027,119275,20211108,-9999,    9
 22027,119275,20211109,-9999,    9
 22027,119275,20211110,-9999,    9
 22027,119275,20211111,-9999,    9
 22027,119275,20211112,-9999,    9
 22027,119275,20211113,-9999,    9
 22027,119275,20211114,-9999,    9
 22027,119275,20211115,-9999,    9
 22027,119275,20211116,-9999,    9
 22027,119275,20211117,-9999,    9
 22027,119275,20211118,-9999,    9
 22027,119275,20211119,-9999,    9
 22027,119275,20211120,-9999,    9
 22027,119275,20211121,-9999,    9
 22027,119275,20211122,-9999,    9
 22027,119275,20211123,-9999,    9
 22027,119275,20211124,-9999,    9
 22027,119275,20211125,-9999,    9
 22027,119275,20211126,-9999,    9
 22027,119275,20211127,-9999,    9
 22027,119275,20211128,-9999,    9
 22027,119275,20211129,-9999,    9
 22027,119275,20211130,-9999,    9
 22027,119275,20211201,-9999,    9
 22027,119275,20211202,-9999,    9
 22027,119275,20211203,-9999,    9
 22027,119275,20211204,-9999,    9
 22027,119275,20211205,-9999,    9
 22027,119275,20211206,-9999,    9
 22027,119275,20211207,-9999,    9
 22027,119275,20211208,-9999,    9
 22027,119275,20211209,-9999,    9
 22027,119275,20211210,-9999,    9
 22027,119275,20211211,-9999,    9
 22027,119275,20211212,-9999,    9
 22027,119275,20211213,-9999,    9
 22027,119275,20211214,-9999,    9
 22027,119275,20211215,-9999,    9
 22027,119275,20211216,-9999,    9
 22027,119275,20211217,-9999,    9
 22027,119275,20211218,-9999,    9
 22027,119275,20211219,-9999,    9
 22027,119275,20211220,-9999,    9
 22027,119275,20211221,-9999,    9
 22027,119275,20211222,-9999,    9
 22027,119275,20211223,-9999,    9
 22027,119275,20211224,-9999,    9
 22027,119275,20211225,-9999,    9
 22027,119275,20211226,-9999,    9
 22027,119275,20211227,-9999,    9
 22027,119275,20211228,-9999,    9
 22027,119275,20211229,-9999,    9
 22027,119275,20211230,-9999,    9
 22027,119275,20211231,-9999,    9
 22027,119275,20220101,-9999,    9
 22027,119275,20220102,-9999,    9
 22027,119275,20220103,-9999,    9
 22027,119275,20220104,-9999,    9
 22027,119275,20220105,-9999,    9
 22027,119275,20220106,-9999,    9
 22027,119275,20220107,-9999,    9
 22027,119275,20220108,-9999,    9
 22027,119275,20220109,-9999,    9
 22027,119275,20220110,-9999,    9
 22027,119275,20220111,-9999,    9
 22027,119275,20220112,-9999,    9
 22027,119275,20220113,-9999,    9
 22027,119275,20220114,-9999,    9
 22027,119275,20220115,-9999,    9
 22027,119275,20220116,-9999,    9
 22027,119275,20220117,-9999,    9
 22027,119275,20220118,-9999,    9
 22027,119275,20220119,-9999,    9
 22027,119275,20220120,-9999,    9
 22027,119275,20220121,-9999,    9
 22027,119275,20220122,-9999,    9
 22027,119275,20220123,-9999,    9
 22027,119275,20220124,-9999,    9
 22027,119275,20220125,-9999,    9
 22027,119275,20220126,-9999,    9
 22027,119275,20220127,-9999,    9
 22027,119275,20220128,-9999,    9
 22027,119275,20220129,-9999,    9
 22027,119275,20220130,-9999,    9
 22027,119275,20220131,-9999,    9
 22027,119275,20220201,-9999,    9
 22027,119275,20220202,-9999,    9
 22027,119275,20220203,-9999,    9
 22027,119275,20220204,-9999,    9
 22027,119275,20220205,-9999,    9
 22027,119275,20220206,-9999,    9
 22027,119275,20220207,-9999,    9
 22027,119275,20220208,-9999,    9
 22027,119275,20220209,-9999,    9
 22027,119275,20220210,-9999,    9
 22027,119275,20220211,-9999,    9
 22027,119275,20220212,-9999,    9
 22027,119275,20220213,-9999,    9
 22027,119275,20220214,-9999,    9
 22027,119275,20220215,-9999,    9
 22027,119275,20220216,-9999,    9
 22027,119275,20220217,-9999,    9
 22027,119275,20220218,-9999,    9
 22027,119275,20220219,-9999,    9
 22027,119275,20220220,-9999,    9
 22027,119275,20220221,-9999,    9
 22027,119275,20220222,-9999,    9
 22027,119275,20220223,-9999,    9
 22027,119275,20220224,-9999,    9
 22027,119275,20220225,-9999,    9
 22027,119275,20220226,-9999,    9
 22027,119275,20220227,-9999,    9
 22027,119275,20220228,-9999,    9
 22027,119275,20220301,-9999,    9
 22027,119275,20220302,-9999,    9
 22027,119275,20220303,-9999,    9
 22027,119275,20220304,-9999,    9
 22027,119275,20220305,-9999,    9
 22027,119275,20220306,-9999,    9
 22027,119275,20220307,-9999,    9
 22027,119275,20220308,-9999,    9
 22027,119275,20220309,-9999,    9
 22027,119275,20220310,-9999,    9
 22027,119275,20220311,-9999,    9
 22027,119275,20220312,-9999,    9
 22027,119275,20220313,-9999,    9
 22027,119275,20220314,-9999,    9
 22027,119275,20220315,-9999,    9
 22027,119275,20220316,-9999,    9
 22027,119275,20220317,-9999,    9
 22027,119275,20220318,-9999,    9
 22027,119275,20220319,-9999,    9
 22027,119275,20220320,-9999,    9
 22027,119275,20220321,-9999,    9
 22027,119275,20220322,-9999,    9
 22027,119275,20220323,-9999,    9
 22027,119275,20220324,-9999,    9
 22027,119275,20220325,-9999,    9
 22027,119275,20220326,-9999,    9
 22027,119275,20220327,-9999,    9
 22027,119275,20220328,-9999,    9
 22027,119275,20220329,-9999,    9
 22027,119275,20220330,-9999,    9
 22027,119275,20220331,-9999,    9
 22027,119275,20220401,-9999,    9
 22027,119275,20220402,-9999,    9
 22027,119275,20220403,-9999,    9
 22027,119275,20220404,-9999,    9
 22027,119275,20220405,-9999,    9
 22027,119275,20220406,-9999,    9
 22027,119275,20220407,-9999,    9
 22027,119275,20220408,-9999,    9
 22027,119275,20220409,-9999,    9
 22027,119275,20220410,-9999,    9
 22027,119275,20220411,-9999,    9
 22027,119275,20220412,-9999,    9
 22027,119275,20220413,-9999,    9
 22027,119275,20220414,-9999,    9
 22027,119275,20220415,-9999,    9
 22027,119275,20220416,-9999,    9
 22027,119275,20220417,-9999,    9
 22027,119275,20220418,-9999,    9
 22027,119275,20220419,-9999,    9
 22027,119275,20220420,-9999,    9
 22027,119275,20220421,-9999,    9
 22027,119275,20220422,-9999,    9
 22027,119275,20220423,-9999,    9
 22027,119275,20220424,-9999,    9
 22027,119275,20220425,-9999,    9
 22027,119275,20220426,-9999,    9
 22027,119275,20220427,-9999,    9
 22027,119275,20220428,-9999,    9
 22027,119275,20220429,-9999,    9
 22027,119275,20220430,-9999,    9
 22027,119275,20220501,-9999,    9
 22027,119275,20220502,-9999,    9
 22027,119275,20220503,-9999,    9
 22027,119275,20220504,-9999,    9
 22027,119275,20220505,-9999,    9
 22027,119275,20220506,-9999,    9
 22027,119275,20220507,-9999,    9
 22027,119275,20220508,-9999,    9
 22027,119275,20220509,-9999,    9
 22027,119275,20220510,-9999,    9
 22027,119275,20220511,-9999,    9
 22027,119275,20220512,-9999,    9
 22027,119275,20220513,-9999,    9
 22027,119275,20220514,-9999,    9
 22027,119275,20220515,-9999,    9
 22027,119275,20220516,-9999,    9
 22027,119275,20220517,-9999,    9
 22027,119275,20220518,-9999,    9
 22027,119275,20220519,-9999,    9
 22027,119275,20220520,-9999,    9
 22027,119275,20220521,-9999,    9
 22027,119275,20220522,-9999,    9
 22027,119275,20220523,-9999,    9
 22027,119275,20220524,-9999,    9
 22027,119275,20220525,-9999,    9
 22027,119275,20220526,-9999,    9
 22027,119275,20220527,-9999,    9
 22027,119275,20220528,-9999,    9
 22027,119275,20220529,-9999,    9
 22027,119275,20220530,-9999,    9
 22027,119275,20220531,-9999,    9
 22027,119275,20220601,-9999,    9
 22027,119275,20220602,-9999,    9
 22027,119275,20220603,-9999,    9
 22027,119275,20220604,-9999,    9
 22027,119275,20220605,-9999,    9
 22027,119275,20220606,-9999,    9
 22027,119275,20220607,-9999,    9
 22027,119275,20220608,-9999,    9
 22027,119275,20220609,-9999,    9
 22027,119275,20220610,-9999,    9
 22027,119275,20220611,-9999,    9
 22027,119275,20220612,-9999,    9
 22027,119275,20220613,-9999,    9
 22027,119275,20220614,-9999,    9
 22027,119275,20220615,-9999,    9
 22027,119275,20220616,-9999,    9
 22027,119275,20220617,-9999,    9
 22027,119275,20220618,-9999,    9
 22027,119275,20220619,-9999,    9
 22027,119275,20220620,-9999,    9
 22027,119275,20220621,-9999,    9
 22027,119275,20220622,-9999,    9
 22027,119275,20220623,-9999,    9
 22027,119275,20220624,-9999,    9
 22027,119275,20220625,-9999,    9
 22027,119275,20220626,-9999,    9
 22027,119275,20220627,-9999,    9
 22027,119275,20220628,-9999,    9
 22027,119275,20220629,-9999,    9
 22027,119275,20220630,-9999,    9
 22027,119275,20220701,-9999,    9
 22027,119275,20220702,-9999,    9
 22027,119275,20220703,-9999,    9
 22027,119275,20220704,-9999,    9
 22027,119275,20220705,-9999,    9
 22027,119275,20220706,-9999,    9
 22027,119275,20220707,-9999,    9
 22027,119275,20220708,-9999,    9
 22027,119275,20220709,-9999,    9
 22027,119275,20220710,-9999,    9
 22027,119275,20220711,-9999,    9
 22027,119275,20220712,-9999,    9
 22027,119275,20220713,-9999,    9
 22027,119275,20220714,-9999,    9
 22027,119275,20220715,-9999,    9
 22027,119275,20220716,-9999,    9
 22027,119275,20220717,-9999,    9
 22027,119275,20220718,-9999,    9
 22027,119275,20220719,-9999,    9
 22027,119275,20220720,-9999,    9
 22027,119275,20220721,-9999,    9
 22027,119275,20220722,-9999,    9
 22027,119275,20220723,-9999,    9
 22027,119275,20220724,-9999,    9
 22027,119275,20220725,-9999,    9
 22027,119275,20220726,-9999,    9
 22027,119275,20220727,-9999,    9
 22027,119275,20220728,-9999,    9
 22027,119275,20220729,-9999,    9
 22027,119275,20220730,-9999,    9
 22027,119275,20220731,-9999,    9
 22027,119275,20220801,-9999,    9
 22027,119275,20220802,-9999,    9
 22027,119275,20220803,-9999,    9
 22027,119275,20220804,-9999,    9
 22027,119275,20220805,-9999,    9
 22027,119275,20220806,-9999,    9
 22027,119275,20220807,-9999,    9
 22027,119275,20220808,-9999,    9
 22027,119275,20220809,-9999,    9
 22027,119275,20220810,-9999,    9
 22027,119275,20220811,-9999,    9
 22027,119275,20220812,-9999,    9
 22027,119275,20220813,-9999,    9
 22027,119275,20220814,-9999,    9
 22027,119275,20220815,-9999,    9
 22027,119275,20220816,-9999,    9
 22027,119275,20220817,-9999,    9
 22027,119275,20220818,-9999,    9
 22027,119275,20220819,-9999,    9
 22027,119275,20220820,-9999,    9
 22027,119275,20220821,-9999,    9
 22027,119275,20220822,-9999,    9
 22027,119275,20220823,-9999,    9
 22027,119275,20220824,-9999,    9
 22027,119275,20220825,-9999,    9
 22027,119275,20220826,-9999,    9
 22027,119275,20220827,-9999,    9
 22027,119275,20220828,-9999,    9
 22027,119275,20220829,-9999,    9
 22027,119275,20220830,-9999,    9
 22027,119275,20220831,-9999,    9
 22027,119275,20220901,-9999,    9
 22027,119275,20220902,-9999,    9
 22027,119275,20220903,-9999,    9
 22027,119275,20220904,-9999,    9
 22027,119275,20220905,-9999,    9
 22027,119275,20220906,-9999,    9
 22027,119275,20220907,-9999,    9
 22027,119275,20220908,-9999,    9
 22027,119275,20220909,-9999,    9
 22027,119275,20220910,-9999,    9
 22027,119275,20220911,-9999,    9
 22027,119275,20220912,-9999,    9
 22027,119275,20220913,-9999,    9
 22027,119275,20220914,-9999,    9
 22027,119275,20220915,-9999,    9
 22027,119275,20220916,-9999,    9
 22027,119275,20220917,-9999,    9
 22027,119275,20220918,-9999,    9
 22027,119275,20220919,-9999,    9
 22027,119275,20220920,-9999,    9
 22027,119275,20220921,-9999,    9
 22027,119275,20220922,-9999,    9
 22027,119275,20220923,-9999,    9
 22027,119275,20220924,-9999,    9
 22027,119275,20220925,-9999,    9
 22027,119275,20220926,-9999,    9
 22027,119275,20220927,-9999,    9
 22027,119275,20220928,-9999,    9
 22027,119275,20220929,-9999,    9
 22027,119275,20220930,-9999,    9
 22027,119275,20221001,-9999,    9
 22027,119275,20221002,-9999,    9
 22027,119275,20221003,-9999,    9
 22027,119275,20221004,-9999,    9
 22027,119275,20221005,-9999,    9
 22027,119275,20221006,-9999,    9
 22027,119275,20221007,-9999,    9
 22027,119275,20221008,-9999,    9
 22027,119275,20221009,-9999,    9
 22027,119275,20221010,-9999,    9
 22027,119275,20221011,-9999,    9
 22027,119275,20221012,-9999,    9
 22027,119275,20221013,-9999,    9
 22027,119275,20221014,-9999,    9
 22027,119275,20221015,-9999,    9
 22027,119275,20221016,-9999,    9
 22027,119275,20221017,-9999,    9
 22027,119275,20221018,-9999,    9
 22027,119275,20221019,-9999,    9
 22027,119275,20221020,-9999,    9
 22027,119275,20221021,-9999,    9
 22027,119275,20221022,-9999,    9
 22027,119275,20221023,-9999,    9
 22027,119275,20221024,-9999,    9
 22027,119275,20221025,-9999,    9
 22027,119275,20221026,-9999,    9
 22027,119275,20221027,-9999,    9
 22027,119275,20221028,-9999,    9
 22027,119275,20221029,-9999,    9
 22027,119275,20221030,-9999,    9
 22027,119275,20221031,-9999,    9
