EUROPEAN CLIMATE ASSESSMENT & DATASET (ECA&D), file created on: 16-11-2022
THESE DATA CAN BE USED FOR NON-COMMERCIAL RESEARCH AND EDUCATION PROVIDED THAT THE FOLLOWING SOURCE IS ACKNOWLEDGED: 

Klein Tank, A.M.G. and Coauthors, 2002. Daily dataset of 20th-century surface
air temperature and precipitation series for the European Climate Assessment.
Int. J. of Climatol., 22, 1441-1453.
Data and metadata available at http://www.ecad.eu

FILE FORMAT (MISSING VALUE CODE = -9999):

01-06 STAID: Station identifier
08-13 SOUID: Source identifier
15-22 DATE : Date YYYYMMDD
24-28 RR   : Precipitation amount in 0.1 mm
30-34 Q_RR : quality code for RR (0='valid'; 1='suspect'; 9='missing')

This is the blended series of station NEUDORF/LANDSEE, AUSTRIA (STAID: 24458)
Blended and updated with sources:131558 
See files sources.txt and stations.txt for more info.

STAID, SOUID,    DATE,   RR, Q_RR
 24458,131558,20151118,    0,    0
 24458,131558,20151119,    1,    0
 24458,131558,20151120,   15,    0
 24458,131558,20151121,    0,    0
 24458,131558,20151122,    0,    0
 24458,131558,20151123,    0,    0
 24458,131558,20151124,    0,    0
 24458,131558,20151125,   16,    0
 24458,131558,20151126,    1,    0
 24458,131558,20151127,    0,    0
 24458,131558,20151128,    0,    0
 24458,131558,20151129,    0,    0
 24458,131558,20151130,    0,    0
 24458,131558,20151201,   19,    0
 24458,131558,20151202,    3,    0
 24458,131558,20151203,    0,    0
 24458,131558,20151204,    0,    0
 24458,131558,20151205,    0,    0
 24458,131558,20151206,    0,    0
 24458,131558,20151207,    0,    0
 24458,131558,20151208,    0,    0
 24458,131558,20151209,    1,    0
 24458,131558,20151210,    0,    0
 24458,131558,20151211,    0,    0
 24458,131558,20151212,    0,    0
 24458,131558,20151213,    0,    0
 24458,131558,20151214,    0,    0
 24458,131558,20151215,    0,    0
 24458,131558,20151216,    0,    0
 24458,131558,20151217,    3,    0
 24458,131558,20151218,    0,    0
 24458,131558,20151219,    0,    0
 24458,131558,20151220,    0,    0
 24458,131558,20151221,    0,    0
 24458,131558,20151222,    0,    0
 24458,131558,20151223,    0,    0
 24458,131558,20151224,    0,    0
 24458,131558,20151225,    0,    0
 24458,131558,20151226,    0,    0
 24458,131558,20151227,    0,    0
 24458,131558,20151228,    0,    0
 24458,131558,20151229,    0,    0
 24458,131558,20151230,    0,    0
 24458,131558,20151231,    1,    0
 24458,131558,20160101,    2,    0
 24458,131558,20160102,   16,    0
 24458,131558,20160103,    2,    0
 24458,131558,20160104,    6,    0
 24458,131558,20160105,    0,    0
 24458,131558,20160106,    0,    0
 24458,131558,20160107,    5,    0
 24458,131558,20160108,    0,    0
 24458,131558,20160109,   57,    0
 24458,131558,20160110,    0,    0
 24458,131558,20160111,  153,    0
 24458,131558,20160112,    0,    0
 24458,131558,20160113,    0,    0
 24458,131558,20160114,    0,    0
 24458,131558,20160115,    2,    0
 24458,131558,20160116,    0,    0
 24458,131558,20160117,    8,    0
 24458,131558,20160118,    0,    0
 24458,131558,20160119,    0,    0
 24458,131558,20160120,    2,    0
 24458,131558,20160121,    9,    0
 24458,131558,20160122,    0,    0
 24458,131558,20160123,   69,    0
 24458,131558,20160124,   24,    0
 24458,131558,20160125,   40,    0
 24458,131558,20160126,    0,    0
 24458,131558,20160127,    0,    0
 24458,131558,20160128,    0,    0
 24458,131558,20160129,    0,    0
 24458,131558,20160130,    0,    0
 24458,131558,20160131,   86,    0
 24458,131558,20160201,    6,    0
 24458,131558,20160202,    0,    0
 24458,131558,20160203,  135,    0
 24458,131558,20160204,   11,    0
 24458,131558,20160205,   21,    0
 24458,131558,20160206,    0,    0
 24458,131558,20160207,    0,    0
 24458,131558,20160208,    0,    0
 24458,131558,20160209,  123,    0
 24458,131558,20160210,   17,    0
 24458,131558,20160211,    0,    0
 24458,131558,20160212,    0,    0
 24458,131558,20160213,    0,    0
 24458,131558,20160214,   37,    0
 24458,131558,20160215,    4,    0
 24458,131558,20160216,   14,    0
 24458,131558,20160217,   16,    0
 24458,131558,20160218,   76,    0
 24458,131558,20160219,   13,    0
 24458,131558,20160220,   14,    0
 24458,131558,20160221,    2,    0
 24458,131558,20160222,    0,    0
 24458,131558,20160223,   22,    0
 24458,131558,20160224,    0,    0
 24458,131558,20160225,    0,    0
 24458,131558,20160226,    0,    0
 24458,131558,20160227,    0,    0
 24458,131558,20160228,   19,    0
 24458,131558,20160229,   53,    0
 24458,131558,20160301,    0,    0
 24458,131558,20160302,    6,    0
 24458,131558,20160303,   15,    0
 24458,131558,20160304,    0,    0
 24458,131558,20160305,    1,    0
 24458,131558,20160306,   48,    0
 24458,131558,20160307,   29,    0
 24458,131558,20160308,    0,    0
 24458,131558,20160309,    0,    0
 24458,131558,20160310,    0,    0
 24458,131558,20160311,    0,    0
 24458,131558,20160312,    0,    0
 24458,131558,20160313,    5,    0
 24458,131558,20160314,    0,    0
 24458,131558,20160315,   83,    0
 24458,131558,20160316,   17,    0
 24458,131558,20160317,    0,    0
 24458,131558,20160318,    0,    0
 24458,131558,20160319,    0,    0
 24458,131558,20160320,    0,    0
 24458,131558,20160321,    0,    0
 24458,131558,20160322,    0,    0
 24458,131558,20160323,   23,    0
 24458,131558,20160324,    0,    0
 24458,131558,20160325,   14,    0
 24458,131558,20160326,    1,    0
 24458,131558,20160327,    0,    0
 24458,131558,20160328,    2,    0
 24458,131558,20160329,   91,    0
 24458,131558,20160330,    0,    0
 24458,131558,20160331,    0,    0
 24458,131558,20160401,    0,    0
 24458,131558,20160402,    0,    0
 24458,131558,20160403,    0,    0
 24458,131558,20160404,    0,    0
 24458,131558,20160405,    0,    0
 24458,131558,20160406,    0,    0
 24458,131558,20160407,    0,    0
 24458,131558,20160408,  156,    0
 24458,131558,20160409,    0,    0
 24458,131558,20160410,    0,    0
 24458,131558,20160411,    0,    0
 24458,131558,20160412,    0,    0
 24458,131558,20160413,    0,    0
 24458,131558,20160414,    0,    0
 24458,131558,20160415,    0,    0
 24458,131558,20160416,    0,    0
 24458,131558,20160417,    0,    0
 24458,131558,20160418,   16,    0
 24458,131558,20160419,    0,    0
 24458,131558,20160420,    0,    0
 24458,131558,20160421,    0,    0
 24458,131558,20160422,    0,    0
 24458,131558,20160423,   18,    0
 24458,131558,20160424,    0,    0
 24458,131558,20160425,    0,    0
 24458,131558,20160426,   62,    0
 24458,131558,20160427,   88,    0
 24458,131558,20160428,    0,    0
 24458,131558,20160429,    0,    0
 24458,131558,20160430,    0,    0
 24458,131558,20160501,  241,    0
 24458,131558,20160502,   73,    0
 24458,131558,20160503,   48,    0
 24458,131558,20160504,    1,    0
 24458,131558,20160505,    0,    0
 24458,131558,20160506,    0,    0
 24458,131558,20160507,    0,    0
 24458,131558,20160508,    0,    0
 24458,131558,20160509,    0,    0
 24458,131558,20160510,    2,    0
 24458,131558,20160511,  178,    0
 24458,131558,20160512,  209,    0
 24458,131558,20160513,   89,    0
 24458,131558,20160514,    2,    0
 24458,131558,20160515,    0,    0
 24458,131558,20160516,   10,    0
 24458,131558,20160517,    0,    0
 24458,131558,20160518,    0,    0
 24458,131558,20160519,   28,    0
 24458,131558,20160520,    0,    0
 24458,131558,20160521,    0,    0
 24458,131558,20160522,    0,    0
 24458,131558,20160523,  124,    0
 24458,131558,20160524,   10,    0
 24458,131558,20160525,    0,    0
 24458,131558,20160526,    0,    0
 24458,131558,20160527,   62,    0
 24458,131558,20160528,    0,    0
 24458,131558,20160529,    0,    0
 24458,131558,20160530,   30,    0
 24458,131558,20160531,  117,    0
 24458,131558,20160601,    6,    0
 24458,131558,20160602,   55,    0
 24458,131558,20160603,    4,    0
 24458,131558,20160604,  176,    0
 24458,131558,20160605,    5,    0
 24458,131558,20160606,    0,    0
 24458,131558,20160607,    0,    0
 24458,131558,20160608,    0,    0
 24458,131558,20160609,   66,    0
 24458,131558,20160610,    0,    0
 24458,131558,20160611,  166,    0
 24458,131558,20160612,    7,    0
 24458,131558,20160613,    0,    0
 24458,131558,20160614,   34,    0
 24458,131558,20160615,   86,    0
 24458,131558,20160616,    0,    0
 24458,131558,20160617,    0,    0
 24458,131558,20160618,  172,    0
 24458,131558,20160619,   94,    0
 24458,131558,20160620,   30,    0
 24458,131558,20160621,    0,    0
 24458,131558,20160622,    0,    0
 24458,131558,20160623,    0,    0
 24458,131558,20160624,    0,    0
 24458,131558,20160625,    9,    0
 24458,131558,20160626,   62,    0
 24458,131558,20160627,    8,    0
 24458,131558,20160628,    0,    0
 24458,131558,20160629,    0,    0
 24458,131558,20160630,    0,    0
 24458,131558,20160701,    4,    0
 24458,131558,20160702,   37,    0
 24458,131558,20160703,    1,    0
 24458,131558,20160704,    0,    0
 24458,131558,20160705,   25,    0
 24458,131558,20160706,    0,    0
 24458,131558,20160707,    0,    0
 24458,131558,20160708,    0,    0
 24458,131558,20160709,    4,    0
 24458,131558,20160710,    0,    0
 24458,131558,20160711,    0,    0
 24458,131558,20160712,  132,    0
 24458,131558,20160713,  265,    0
 24458,131558,20160714,    0,    0
 24458,131558,20160715,    0,    0
 24458,131558,20160716,   25,    0
 24458,131558,20160717,    0,    0
 24458,131558,20160718,    0,    0
 24458,131558,20160719,    0,    0
 24458,131558,20160720,    0,    0
 24458,131558,20160721,   39,    0
 24458,131558,20160722,   71,    0
 24458,131558,20160723,    0,    0
 24458,131558,20160724,   48,    0
 24458,131558,20160725,   13,    0
 24458,131558,20160726,    0,    0
 24458,131558,20160727,   53,    0
 24458,131558,20160728,    0,    0
 24458,131558,20160729,  145,    0
 24458,131558,20160730,    5,    0
 24458,131558,20160731,  134,    0
 24458,131558,20160801,    0,    0
 24458,131558,20160802,    1,    0
 24458,131558,20160803,    0,    0
 24458,131558,20160804,    0,    0
 24458,131558,20160805,   87,    0
 24458,131558,20160806,    0,    0
 24458,131558,20160807,    0,    0
 24458,131558,20160808,    0,    0
 24458,131558,20160809,  113,    0
 24458,131558,20160810,   79,    0
 24458,131558,20160811,    0,    0
 24458,131558,20160812,    0,    0
 24458,131558,20160813,    1,    0
 24458,131558,20160814,    0,    0
 24458,131558,20160815,   42,    0
 24458,131558,20160816,   17,    0
 24458,131558,20160817,    0,    0
 24458,131558,20160818,   18,    0
 24458,131558,20160819,    0,    0
 24458,131558,20160820,   15,    0
 24458,131558,20160821,  167,    0
 24458,131558,20160822,    0,    0
 24458,131558,20160823,    0,    0
 24458,131558,20160824,    0,    0
 24458,131558,20160825,    0,    0
 24458,131558,20160826,    0,    0
 24458,131558,20160827,    0,    0
 24458,131558,20160828,    0,    0
 24458,131558,20160829,    3,    0
 24458,131558,20160830,    0,    0
 24458,131558,20160831,    0,    0
 24458,131558,20160901,    0,    0
 24458,131558,20160902,    0,    0
 24458,131558,20160903,    0,    0
 24458,131558,20160904,   99,    0
 24458,131558,20160905,   34,    0
 24458,131558,20160906,  139,    0
 24458,131558,20160907,    0,    0
 24458,131558,20160908,    0,    0
 24458,131558,20160909,    0,    0
 24458,131558,20160910,    0,    0
 24458,131558,20160911,    0,    0
 24458,131558,20160912,    0,    0
 24458,131558,20160913,    0,    0
 24458,131558,20160914,    0,    0
 24458,131558,20160915,    0,    0
 24458,131558,20160916,   12,    0
 24458,131558,20160917,   96,    0
 24458,131558,20160918,    1,    0
 24458,131558,20160919,    0,    0
 24458,131558,20160920,    0,    0
 24458,131558,20160921,    4,    0
 24458,131558,20160922,    0,    0
 24458,131558,20160923,    0,    0
 24458,131558,20160924,    0,    0
 24458,131558,20160925,    0,    0
 24458,131558,20160926,    0,    0
 24458,131558,20160927,    0,    0
 24458,131558,20160928,    0,    0
 24458,131558,20160929,    0,    0
 24458,131558,20160930,    0,    0
 24458,131558,20161001,    0,    0
 24458,131558,20161002,   15,    0
 24458,131558,20161003,    0,    0
 24458,131558,20161004,  123,    0
 24458,131558,20161005,    0,    0
 24458,131558,20161006,    7,    0
 24458,131558,20161007,    5,    0
 24458,131558,20161008,    0,    0
 24458,131558,20161009,   15,    0
 24458,131558,20161010,  121,    0
 24458,131558,20161011,    7,    0
 24458,131558,20161012,    0,    0
 24458,131558,20161013,    0,    0
 24458,131558,20161014,    0,    0
 24458,131558,20161015,    0,    0
 24458,131558,20161016,    0,    0
 24458,131558,20161017,   19,    0
 24458,131558,20161018,    4,    0
 24458,131558,20161019,  248,    0
 24458,131558,20161020,    7,    0
 24458,131558,20161021,    4,    0
 24458,131558,20161022,    0,    0
 24458,131558,20161023,    0,    0
 24458,131558,20161024,    0,    0
 24458,131558,20161025,  103,    0
 24458,131558,20161026,    2,    0
 24458,131558,20161027,    0,    0
 24458,131558,20161028,    0,    0
 24458,131558,20161029,    0,    0
 24458,131558,20161030,    0,    0
 24458,131558,20161031,    0,    0
 24458,131558,20161101,    0,    0
 24458,131558,20161102,    4,    0
 24458,131558,20161103,    0,    0
 24458,131558,20161104,    0,    0
 24458,131558,20161105,    6,    0
 24458,131558,20161106,  295,    0
 24458,131558,20161107,    3,    0
 24458,131558,20161108,   26,    0
 24458,131558,20161109,    0,    0
 24458,131558,20161110,    0,    0
 24458,131558,20161111,   90,    0
 24458,131558,20161112,   83,    0
 24458,131558,20161113,    0,    0
 24458,131558,20161114,    0,    0
 24458,131558,20161115,    0,    0
 24458,131558,20161116,   35,    0
 24458,131558,20161117,    3,    0
 24458,131558,20161118,    0,    0
 24458,131558,20161119,   25,    0
 24458,131558,20161120,    0,    0
 24458,131558,20161121,    0,    0
 24458,131558,20161122,    0,    0
 24458,131558,20161123,    0,    0
 24458,131558,20161124,    0,    0
 24458,131558,20161125,    0,    0
 24458,131558,20161126,    0,    0
 24458,131558,20161127,    3,    0
 24458,131558,20161128,    0,    0
 24458,131558,20161129,    0,    0
 24458,131558,20161130,    0,    0
 24458,131558,20161201,    0,    0
 24458,131558,20161202,    8,    0
 24458,131558,20161203,    0,    0
 24458,131558,20161204,    0,    0
 24458,131558,20161205,    0,    0
 24458,131558,20161206,    0,    0
 24458,131558,20161207,    0,    0
 24458,131558,20161208,    0,    0
 24458,131558,20161209,    0,    0
 24458,131558,20161210,    0,    0
 24458,131558,20161211,    1,    0
 24458,131558,20161212,    8,    0
 24458,131558,20161213,    0,    0
 24458,131558,20161214,    8,    0
 24458,131558,20161215,    0,    0
 24458,131558,20161216,    0,    0
 24458,131558,20161217,    0,    0
 24458,131558,20161218,    1,    0
 24458,131558,20161219,    0,    0
 24458,131558,20161220,    0,    0
 24458,131558,20161221,    0,    0
 24458,131558,20161222,    0,    0
 24458,131558,20161223,    0,    0
 24458,131558,20161224,    0,    0
 24458,131558,20161225,    4,    0
 24458,131558,20161226,    1,    0
 24458,131558,20161227,   20,    0
 24458,131558,20161228,  110,    0
 24458,131558,20161229,    0,    0
 24458,131558,20161230,    0,    0
 24458,131558,20161231,    0,    0
 24458,131558,20170101,    0,    0
 24458,131558,20170102,    0,    0
 24458,131558,20170103,    0,    0
 24458,131558,20170104,   14,    0
 24458,131558,20170105,   14,    0
 24458,131558,20170106,    4,    0
 24458,131558,20170107,   28,    0
 24458,131558,20170108,   15,    0
 24458,131558,20170109,    0,    0
 24458,131558,20170110,    0,    0
 24458,131558,20170111,    0,    0
 24458,131558,20170112,    0,    0
 24458,131558,20170113,   65,    0
 24458,131558,20170114,    3,    0
 24458,131558,20170115,    0,    0
 24458,131558,20170116,    0,    0
 24458,131558,20170117,    0,    0
 24458,131558,20170118,    0,    0
 24458,131558,20170119,    0,    0
 24458,131558,20170120,    0,    0
 24458,131558,20170121,    0,    0
 24458,131558,20170122,    0,    0
 24458,131558,20170123,    0,    0
 24458,131558,20170124,    0,    0
 24458,131558,20170125,    0,    0
 24458,131558,20170126,    0,    0
 24458,131558,20170127,    0,    0
 24458,131558,20170128,    0,    0
 24458,131558,20170129,    0,    0
 24458,131558,20170130,    0,    0
 24458,131558,20170131,   34,    0
 24458,131558,20170201,    4,    0
 24458,131558,20170202,    0,    0
 24458,131558,20170203,    0,    0
 24458,131558,20170204,    0,    0
 24458,131558,20170205,  129,    0
 24458,131558,20170206,   41,    0
 24458,131558,20170207,    0,    0
 24458,131558,20170208,    0,    0
 24458,131558,20170209,    0,    0
 24458,131558,20170210,    0,    0
 24458,131558,20170211,    0,    0
 24458,131558,20170212,    0,    0
 24458,131558,20170213,    0,    0
 24458,131558,20170214,    0,    0
 24458,131558,20170215,    0,    0
 24458,131558,20170216,    0,    0
 24458,131558,20170217,    2,    0
 24458,131558,20170218,    0,    0
 24458,131558,20170219,    0,    0
 24458,131558,20170220,    0,    0
 24458,131558,20170221,   44,    0
 24458,131558,20170222,    0,    0
 24458,131558,20170223,    0,    0
 24458,131558,20170224,    0,    0
 24458,131558,20170225,    0,    0
 24458,131558,20170226,    0,    0
 24458,131558,20170227,    0,    0
 24458,131558,20170228,   67,    0
 24458,131558,20170301,    0,    0
 24458,131558,20170302,    1,    0
 24458,131558,20170303,    0,    0
 24458,131558,20170304,    0,    0
 24458,131558,20170305,    0,    0
 24458,131558,20170306,    0,    0
 24458,131558,20170307,    0,    0
 24458,131558,20170308,   15,    0
 24458,131558,20170309,   62,    0
 24458,131558,20170310,   14,    0
 24458,131558,20170311,    0,    0
 24458,131558,20170312,    0,    0
 24458,131558,20170313,    0,    0
 24458,131558,20170314,    0,    0
 24458,131558,20170315,    0,    0
 24458,131558,20170316,    0,    0
 24458,131558,20170317,   17,    0
 24458,131558,20170318,   47,    0
 24458,131558,20170319,    8,    0
 24458,131558,20170320,    0,    0
 24458,131558,20170321,    0,    0
 24458,131558,20170322,    1,    0
 24458,131558,20170323,    0,    0
 24458,131558,20170324,    0,    0
 24458,131558,20170325,    0,    0
 24458,131558,20170326,    0,    0
 24458,131558,20170327,    0,    0
 24458,131558,20170328,    0,    0
 24458,131558,20170329,    0,    0
 24458,131558,20170330,    0,    0
 24458,131558,20170331,    0,    0
 24458,131558,20170401,    0,    0
 24458,131558,20170402,    0,    0
 24458,131558,20170403,    0,    0
 24458,131558,20170404,   15,    0
 24458,131558,20170405,    0,    0
 24458,131558,20170406,    0,    0
 24458,131558,20170407,   24,    0
 24458,131558,20170408,    0,    0
 24458,131558,20170409,    0,    0
 24458,131558,20170410,    0,    0
 24458,131558,20170411,    0,    0
 24458,131558,20170412,    1,    0
 24458,131558,20170413,    1,    0
 24458,131558,20170414,    0,    0
 24458,131558,20170415,    2,    0
 24458,131558,20170416,    0,    0
 24458,131558,20170417,   33,    0
 24458,131558,20170418,    2,    0
 24458,131558,20170419,  225,    0
 24458,131558,20170420,   13,    0
 24458,131558,20170421,    0,    0
 24458,131558,20170422,   12,    0
 24458,131558,20170423,    0,    0
 24458,131558,20170424,    0,    0
 24458,131558,20170425,    0,    0
 24458,131558,20170426,   20,    0
 24458,131558,20170427,  114,    0
 24458,131558,20170428,   69,    0
 24458,131558,20170429,    0,    0
 24458,131558,20170430,    0,    0
 24458,131558,20170501,  139,    0
 24458,131558,20170502,    0,    0
 24458,131558,20170503,   34,    0
 24458,131558,20170504,   29,    0
 24458,131558,20170505,    0,    0
 24458,131558,20170506,    1,    0
 24458,131558,20170507,    0,    0
 24458,131558,20170508,    9,    0
 24458,131558,20170509,    8,    0
 24458,131558,20170510,    0,    0
 24458,131558,20170511,    0,    0
 24458,131558,20170512,   63,    0
 24458,131558,20170513,    0,    0
 24458,131558,20170514,  147,    0
 24458,131558,20170515,    0,    0
 24458,131558,20170516,    0,    0
 24458,131558,20170517,    0,    0
 24458,131558,20170518,    0,    0
 24458,131558,20170519,    0,    0
 24458,131558,20170520,   73,    0
 24458,131558,20170521,    0,    0
 24458,131558,20170522,   21,    0
 24458,131558,20170523,   36,    0
 24458,131558,20170524,   67,    0
 24458,131558,20170525,    0,    0
 24458,131558,20170526,    0,    0
 24458,131558,20170527,    0,    0
 24458,131558,20170528,    0,    0
 24458,131558,20170529,    0,    0
 24458,131558,20170530,    0,    0
 24458,131558,20170531,  297,    0
 24458,131558,20170601,    0,    0
 24458,131558,20170602,   49,    0
 24458,131558,20170603,    0,    0
 24458,131558,20170604,  322,    0
 24458,131558,20170605,    0,    0
 24458,131558,20170606,   57,    0
 24458,131558,20170607,    4,    0
 24458,131558,20170608,    0,    0
 24458,131558,20170609,    0,    0
 24458,131558,20170610,   12,    0
 24458,131558,20170611,    0,    0
 24458,131558,20170612,    0,    0
 24458,131558,20170613,    0,    0
 24458,131558,20170614,    0,    0
 24458,131558,20170615,   50,    0
 24458,131558,20170616,   22,    0
 24458,131558,20170617,    3,    0
 24458,131558,20170618,    0,    0
 24458,131558,20170619,    0,    0
 24458,131558,20170620,    0,    0
 24458,131558,20170621,    0,    0
 24458,131558,20170622,    3,    0
 24458,131558,20170623,    0,    0
 24458,131558,20170624,    4,    0
 24458,131558,20170625,  106,    0
 24458,131558,20170626,    0,    0
 24458,131558,20170627,    0,    0
 24458,131558,20170628,   37,    0
 24458,131558,20170629,   37,    0
 24458,131558,20170630,    4,    0
 24458,131558,20170701,   63,    0
 24458,131558,20170702,    1,    0
 24458,131558,20170703,    0,    0
 24458,131558,20170704,    0,    0
 24458,131558,20170705,   37,    0
 24458,131558,20170706,    0,    0
 24458,131558,20170707,    5,    0
 24458,131558,20170708,    0,    0
 24458,131558,20170709,  535,    0
 24458,131558,20170710,    0,    0
 24458,131558,20170711,  108,    0
 24458,131558,20170712,   58,    0
 24458,131558,20170713,    0,    0
 24458,131558,20170714,    0,    0
 24458,131558,20170715,    5,    0
 24458,131558,20170716,    0,    0
 24458,131558,20170717,    0,    0
 24458,131558,20170718,    0,    0
 24458,131558,20170719,    1,    0
 24458,131558,20170720,   57,    0
 24458,131558,20170721,    0,    0
 24458,131558,20170722,  149,    0
 24458,131558,20170723,   78,    0
 24458,131558,20170724,  140,    0
 24458,131558,20170725,    0,    0
 24458,131558,20170726,   97,    0
 24458,131558,20170727,   51,    0
 24458,131558,20170728,    0,    0
 24458,131558,20170729,    0,    0
 24458,131558,20170730,    0,    0
 24458,131558,20170731,    0,    0
 24458,131558,20170801,    0,    0
 24458,131558,20170802,    0,    0
 24458,131558,20170803,    0,    0
 24458,131558,20170804,   74,    0
 24458,131558,20170805,   55,    0
 24458,131558,20170806,  116,    0
 24458,131558,20170807,    0,    0
 24458,131558,20170808,    0,    0
 24458,131558,20170809,    0,    0
 24458,131558,20170810,  276,    0
 24458,131558,20170811,    0,    0
 24458,131558,20170812,    0,    0
 24458,131558,20170813,    0,    0
 24458,131558,20170814,    0,    0
 24458,131558,20170815,    0,    0
 24458,131558,20170816,    1,    0
 24458,131558,20170817,    0,    0
 24458,131558,20170818,    0,    0
 24458,131558,20170819,  123,    0
 24458,131558,20170820,    2,    0
 24458,131558,20170821,    0,    0
 24458,131558,20170822,    0,    0
 24458,131558,20170823,    0,    0
 24458,131558,20170824,    0,    0
 24458,131558,20170825,    0,    0
 24458,131558,20170826,    0,    0
 24458,131558,20170827,  151,    0
 24458,131558,20170828,    0,    0
 24458,131558,20170829,    0,    0
 24458,131558,20170830,    0,    0
 24458,131558,20170831,    0,    0
 24458,131558,20170901,  190,    0
 24458,131558,20170902,   26,    0
 24458,131558,20170903,    9,    0
 24458,131558,20170904,    0,    0
 24458,131558,20170905,    0,    0
 24458,131558,20170906,   12,    0
 24458,131558,20170907,    0,    0
 24458,131558,20170908,    0,    0
 24458,131558,20170909,    0,    0
 24458,131558,20170910,   13,    0
 24458,131558,20170911,   55,    0
 24458,131558,20170912,    1,    0
 24458,131558,20170913,    0,    0
 24458,131558,20170914,   43,    0
 24458,131558,20170915,   88,    0
 24458,131558,20170916,   24,    0
 24458,131558,20170917,  144,    0
 24458,131558,20170918,  110,    0
 24458,131558,20170919,  267,    0
 24458,131558,20170920,    8,    0
 24458,131558,20170921,    0,    0
 24458,131558,20170922,    0,    0
 24458,131558,20170923,    0,    0
 24458,131558,20170924,    0,    0
 24458,131558,20170925,    1,    0
 24458,131558,20170926,    0,    0
 24458,131558,20170927,    1,    0
 24458,131558,20170928,    0,    0
 24458,131558,20170929,    0,    0
 24458,131558,20170930,    0,    0
 24458,131558,20171001,    0,    0
 24458,131558,20171002,    1,    0
 24458,131558,20171003,   60,    0
 24458,131558,20171004,    0,    0
 24458,131558,20171005,    0,    0
 24458,131558,20171006,    0,    0
 24458,131558,20171007,    5,    0
 24458,131558,20171008,    2,    0
 24458,131558,20171009,    0,    0
 24458,131558,20171010,    2,    0
 24458,131558,20171011,    0,    0
 24458,131558,20171012,    0,    0
 24458,131558,20171013,    0,    0
 24458,131558,20171014,    0,    0
 24458,131558,20171015,    0,    0
 24458,131558,20171016,    0,    0
 24458,131558,20171017,    0,    0
 24458,131558,20171018,    0,    0
 24458,131558,20171019,    0,    0
 24458,131558,20171020,    0,    0
 24458,131558,20171021,    0,    0
 24458,131558,20171022,   57,    0
 24458,131558,20171023,   49,    0
 24458,131558,20171024,    0,    0
 24458,131558,20171025,    0,    0
 24458,131558,20171026,    1,    0
 24458,131558,20171027,   22,    0
 24458,131558,20171028,    0,    0
 24458,131558,20171029,   83,    0
 24458,131558,20171030,   16,    0
 24458,131558,20171031,    0,    0
 24458,131558,20171101,    0,    0
 24458,131558,20171102,   13,    0
 24458,131558,20171103,    0,    0
 24458,131558,20171104,    0,    0
 24458,131558,20171105,    0,    0
 24458,131558,20171106,   19,    0
 24458,131558,20171107,   32,    0
 24458,131558,20171108,   34,    0
 24458,131558,20171109,    0,    0
 24458,131558,20171110,    0,    0
 24458,131558,20171111,   10,    0
 24458,131558,20171112,    0,    0
 24458,131558,20171113,    0,    0
 24458,131558,20171114,    0,    0
 24458,131558,20171115,    0,    0
 24458,131558,20171116,    0,    0
 24458,131558,20171117,   21,    0
 24458,131558,20171118,    0,    0
 24458,131558,20171119,    2,    0
 24458,131558,20171120,   13,    0
 24458,131558,20171121,    8,    0
 24458,131558,20171122,    0,    0
 24458,131558,20171123,    0,    0
 24458,131558,20171124,    0,    0
 24458,131558,20171125,   18,    0
 24458,131558,20171126,    0,    0
 24458,131558,20171127,    0,    0
 24458,131558,20171128,    2,    0
 24458,131558,20171129,  129,    0
 24458,131558,20171130,    5,    0
 24458,131558,20171201,    0,    0
 24458,131558,20171202,    0,    0
 24458,131558,20171203,    0,    0
 24458,131558,20171204,    0,    0
 24458,131558,20171205,    9,    0
 24458,131558,20171206,    0,    0
 24458,131558,20171207,    0,    0
 24458,131558,20171208,    4,    0
 24458,131558,20171209,    0,    0
 24458,131558,20171210,    0,    0
 24458,131558,20171211,   59,    0
 24458,131558,20171212,   84,    0
 24458,131558,20171213,    0,    0
 24458,131558,20171214,    0,    0
 24458,131558,20171215,    0,    0
 24458,131558,20171216,   14,    0
 24458,131558,20171217,    1,    0
 24458,131558,20171218,    0,    0
 24458,131558,20171219,    0,    0
 24458,131558,20171220,    0,    0
 24458,131558,20171221,   40,    0
 24458,131558,20171222,    0,    0
 24458,131558,20171223,    1,    0
 24458,131558,20171224,    0,    0
 24458,131558,20171225,    0,    0
 24458,131558,20171226,    0,    0
 24458,131558,20171227,   11,    0
 24458,131558,20171228,  104,    0
 24458,131558,20171229,    0,    0
 24458,131558,20171230,    4,    0
 24458,131558,20171231,    1,    0
 24458,131558,20180101,    1,    0
 24458,131558,20180102,    0,    0
 24458,131558,20180103,    5,    0
 24458,131558,20180104,    1,    0
 24458,131558,20180105,    0,    0
 24458,131558,20180106,    0,    0
 24458,131558,20180107,    0,    0
 24458,131558,20180108,    2,    0
 24458,131558,20180109,   48,    0
 24458,131558,20180110,   33,    0
 24458,131558,20180111,    0,    0
 24458,131558,20180112,    8,    0
 24458,131558,20180113,   29,    0
 24458,131558,20180114,   37,    0
 24458,131558,20180115,    0,    0
 24458,131558,20180116,    0,    0
 24458,131558,20180117,    0,    0
 24458,131558,20180118,    0,    0
 24458,131558,20180119,    0,    0
 24458,131558,20180120,    0,    0
 24458,131558,20180121,    0,    0
 24458,131558,20180122,   26,    0
 24458,131558,20180123,    5,    0
 24458,131558,20180124,    0,    0
 24458,131558,20180125,    0,    0
 24458,131558,20180126,    0,    0
 24458,131558,20180127,    0,    0
 24458,131558,20180128,    0,    0
 24458,131558,20180129,    0,    0
 24458,131558,20180130,    0,    0
 24458,131558,20180131,    0,    0
 24458,131558,20180201,   54,    0
 24458,131558,20180202,   11,    0
 24458,131558,20180203,    0,    0
 24458,131558,20180204,    0,    0
 24458,131558,20180205,    0,    0
 24458,131558,20180206,   10,    0
 24458,131558,20180207,   77,    0
 24458,131558,20180208,    0,    0
 24458,131558,20180209,    0,    0
 24458,131558,20180210,    0,    0
 24458,131558,20180211,    6,    0
 24458,131558,20180212,    5,    0
 24458,131558,20180213,   17,    0
 24458,131558,20180214,    0,    0
 24458,131558,20180215,    9,    0
 24458,131558,20180216,    5,    0
 24458,131558,20180217,   47,    0
 24458,131558,20180218,    7,    0
 24458,131558,20180219,   49,    0
 24458,131558,20180220,   48,    0
 24458,131558,20180221,    7,    0
 24458,131558,20180222,   12,    0
 24458,131558,20180223,   12,    0
 24458,131558,20180224,    0,    0
 24458,131558,20180225,    0,    0
 24458,131558,20180226,    0,    0
 24458,131558,20180227,    0,    0
 24458,131558,20180228,    0,    0
 24458,131558,20180301,    0,    0
 24458,131558,20180302,    3,    0
 24458,131558,20180303,    0,    0
 24458,131558,20180304,    0,    0
 24458,131558,20180305,   19,    0
 24458,131558,20180306,   35,    0
 24458,131558,20180307,    0,    0
 24458,131558,20180308,    0,    0
 24458,131558,20180309,    0,    0
 24458,131558,20180310,    0,    0
 24458,131558,20180311,    0,    0
 24458,131558,20180312,    7,    0
 24458,131558,20180313,    0,    0
 24458,131558,20180314,    0,    0
 24458,131558,20180315,   28,    0
 24458,131558,20180316,   76,    0
 24458,131558,20180317,  112,    0
 24458,131558,20180318,    7,    0
 24458,131558,20180319,    0,    0
 24458,131558,20180320,    0,    0
 24458,131558,20180321,    0,    0
 24458,131558,20180322,    0,    0
 24458,131558,20180323,    0,    0
 24458,131558,20180324,    0,    0
 24458,131558,20180325,    0,    0
 24458,131558,20180326,    4,    0
 24458,131558,20180327,    0,    0
 24458,131558,20180328,    0,    0
 24458,131558,20180329,  191,    0
 24458,131558,20180330,    0,    0
 24458,131558,20180331,  125,    0
 24458,131558,20180401,    0,    0
 24458,131558,20180402,    0,    0
 24458,131558,20180403,    0,    0
 24458,131558,20180404,    0,    0
 24458,131558,20180405,    0,    0
 24458,131558,20180406,    0,    0
 24458,131558,20180407,    2,    0
 24458,131558,20180408,    0,    0
 24458,131558,20180409,    0,    0
 24458,131558,20180410,    1,    0
 24458,131558,20180411,    0,    0
 24458,131558,20180412,    2,    0
 24458,131558,20180413,    0,    0
 24458,131558,20180414,    0,    0
 24458,131558,20180415,    0,    0
 24458,131558,20180416,    0,    0
 24458,131558,20180417,    0,    0
 24458,131558,20180418,    0,    0
 24458,131558,20180419,    0,    0
 24458,131558,20180420,    0,    0
 24458,131558,20180421,    0,    0
 24458,131558,20180422,    0,    0
 24458,131558,20180423,   46,    0
 24458,131558,20180424,    0,    0
 24458,131558,20180425,   32,    0
 24458,131558,20180426,  249,    0
 24458,131558,20180427,    0,    0
 24458,131558,20180428,    0,    0
 24458,131558,20180429,    0,    0
 24458,131558,20180430,    0,    0
 24458,131558,20180501,    0,    0
 24458,131558,20180502,  141,    0
 24458,131558,20180503,    0,    0
 24458,131558,20180504,   30,    0
 24458,131558,20180505,    0,    0
 24458,131558,20180506,    0,    0
 24458,131558,20180507,    0,    0
 24458,131558,20180508,    8,    0
 24458,131558,20180509,    0,    0
 24458,131558,20180510,    9,    0
 24458,131558,20180511,    0,    0
 24458,131558,20180512,  103,    0
 24458,131558,20180513,   41,    0
 24458,131558,20180514,  202,    0
 24458,131558,20180515,  195,    0
 24458,131558,20180516,   37,    0
 24458,131558,20180517,    0,    0
 24458,131558,20180518,    0,    0
 24458,131558,20180519,    0,    0
 24458,131558,20180520,    0,    0
 24458,131558,20180521,    0,    0
 24458,131558,20180522,    3,    0
 24458,131558,20180523,   17,    0
 24458,131558,20180524,    3,    0
 24458,131558,20180525,   83,    0
 24458,131558,20180526,    0,    0
 24458,131558,20180527,    0,    0
 24458,131558,20180528,   34,    0
 24458,131558,20180529,   55,    0
 24458,131558,20180530,    0,    0
 24458,131558,20180531,    0,    0
 24458,131558,20180601,    4,    0
 24458,131558,20180602,   10,    0
 24458,131558,20180603,   38,    0
 24458,131558,20180604,  239,    0
 24458,131558,20180605,   91,    0
 24458,131558,20180606,   21,    0
 24458,131558,20180607,  268,    0
 24458,131558,20180608,   91,    0
 24458,131558,20180609,    0,    0
 24458,131558,20180610,    0,    0
 24458,131558,20180611,   11,    0
 24458,131558,20180612,  123,    0
 24458,131558,20180613,  206,    0
 24458,131558,20180614,   38,    0
 24458,131558,20180615,    0,    0
 24458,131558,20180616,    0,    0
 24458,131558,20180617,    0,    0
 24458,131558,20180618,    0,    0
 24458,131558,20180619,    0,    0
 24458,131558,20180620,    0,    0
 24458,131558,20180621,   66,    0
 24458,131558,20180622,    0,    0
 24458,131558,20180623,    0,    0
 24458,131558,20180624,   24,    0
 24458,131558,20180625,    0,    0
 24458,131558,20180626,   19,    0
 24458,131558,20180627,  123,    0
 24458,131558,20180628,   16,    0
 24458,131558,20180629,    0,    0
 24458,131558,20180630,    0,    0
 24458,131558,20180701,    0,    0
 24458,131558,20180702,    0,    0
 24458,131558,20180703,    0,    0
 24458,131558,20180704,    0,    0
 24458,131558,20180705,    0,    0
 24458,131558,20180706,   27,    0
 24458,131558,20180707,    0,    0
 24458,131558,20180708,    0,    0
 24458,131558,20180709,    0,    0
 24458,131558,20180710,  145,    0
 24458,131558,20180711,    1,    0
 24458,131558,20180712,    0,    0
 24458,131558,20180713,    0,    0
 24458,131558,20180714,    5,    0
 24458,131558,20180715,    0,    0
 24458,131558,20180716,    2,    0
 24458,131558,20180717,    0,    0
 24458,131558,20180718,    1,    0
 24458,131558,20180719,    0,    0
 24458,131558,20180720,    0,    0
 24458,131558,20180721,   68,    0
 24458,131558,20180722,  137,    0
 24458,131558,20180723,   35,    0
 24458,131558,20180724,    0,    0
 24458,131558,20180725,   60,    0
 24458,131558,20180726,    5,    0
 24458,131558,20180727,    0,    0
 24458,131558,20180728,    0,    0
 24458,131558,20180729,    0,    0
 24458,131558,20180730,    0,    0
 24458,131558,20180731,    0,    0
 24458,131558,20180801,   23,    0
 24458,131558,20180802,   10,    0
 24458,131558,20180803,    0,    0
 24458,131558,20180804,    0,    0
 24458,131558,20180805,   37,    0
 24458,131558,20180806,    0,    0
 24458,131558,20180807,   79,    0
 24458,131558,20180808,    0,    0
 24458,131558,20180809,    0,    0
 24458,131558,20180810,  201,    0
 24458,131558,20180811,    0,    0
 24458,131558,20180812,    0,    0
 24458,131558,20180813,    0,    0
 24458,131558,20180814,  144,    0
 24458,131558,20180815,    0,    0
 24458,131558,20180816,    0,    0
 24458,131558,20180817,    0,    0
 24458,131558,20180818,    0,    0
 24458,131558,20180819,    0,    0
 24458,131558,20180820,    0,    0
 24458,131558,20180821,    0,    0
 24458,131558,20180822,    0,    0
 24458,131558,20180823,    0,    0
 24458,131558,20180824,  384,    0
 24458,131558,20180825,   75,    0
 24458,131558,20180826,   22,    0
 24458,131558,20180827,    0,    0
 24458,131558,20180828,    0,    0
 24458,131558,20180829,    0,    0
 24458,131558,20180830,   13,    0
 24458,131558,20180831,  417,    0
 24458,131558,20180901,  319,    0
 24458,131558,20180902,  159,    0
 24458,131558,20180903,  112,    0
 24458,131558,20180904,   19,    0
 24458,131558,20180905,    0,    0
 24458,131558,20180906,    0,    0
 24458,131558,20180907,    0,    0
 24458,131558,20180908,    0,    0
 24458,131558,20180909,    0,    0
 24458,131558,20180910,    0,    0
 24458,131558,20180911,    0,    0
 24458,131558,20180912,    0,    0
 24458,131558,20180913,    0,    0
 24458,131558,20180914,   70,    0
 24458,131558,20180915,    0,    0
 24458,131558,20180916,    0,    0
 24458,131558,20180917,    0,    0
 24458,131558,20180918,    0,    0
 24458,131558,20180919,    0,    0
 24458,131558,20180920,    0,    0
 24458,131558,20180921,   33,    0
 24458,131558,20180922,   31,    0
 24458,131558,20180923,   10,    0
 24458,131558,20180924,    3,    0
 24458,131558,20180925,    0,    0
 24458,131558,20180926,    0,    0
 24458,131558,20180927,    0,    0
 24458,131558,20180928,    0,    0
 24458,131558,20180929,    0,    0
 24458,131558,20180930,    0,    0
 24458,131558,20181001,    9,    0
 24458,131558,20181002,    3,    0
 24458,131558,20181003,    1,    0
 24458,131558,20181004,    0,    0
 24458,131558,20181005,    0,    0
 24458,131558,20181006,    0,    0
 24458,131558,20181007,    0,    0
 24458,131558,20181008,    0,    0
 24458,131558,20181009,    0,    0
 24458,131558,20181010,    0,    0
 24458,131558,20181011,    0,    0
 24458,131558,20181012,    0,    0
 24458,131558,20181013,    0,    0
 24458,131558,20181014,    0,    0
 24458,131558,20181015,    0,    0
 24458,131558,20181016,    0,    0
 24458,131558,20181017,    4,    0
 24458,131558,20181018,    0,    0
 24458,131558,20181019,    0,    0
 24458,131558,20181020,    0,    0
 24458,131558,20181021,    1,    0
 24458,131558,20181022,    0,    0
 24458,131558,20181023,    8,    0
 24458,131558,20181024,  168,    0
 24458,131558,20181025,    0,    0
 24458,131558,20181026,    0,    0
 24458,131558,20181027,  301,    0
 24458,131558,20181028,   39,    0
 24458,131558,20181029,    0,    0
 24458,131558,20181030,    0,    0
 24458,131558,20181031,    0,    0
 24458,131558,20181101,    0,    0
 24458,131558,20181102,   37,    0
 24458,131558,20181103,    0,    0
 24458,131558,20181104,    0,    0
 24458,131558,20181105,    0,    0
 24458,131558,20181106,    0,    0
 24458,131558,20181107,    0,    0
 24458,131558,20181108,    0,    0
 24458,131558,20181109,    0,    0
 24458,131558,20181110,    0,    0
 24458,131558,20181111,    0,    0
 24458,131558,20181112,    0,    0
 24458,131558,20181113,    0,    0
 24458,131558,20181114,    0,    0
 24458,131558,20181115,    0,    0
 24458,131558,20181116,    0,    0
 24458,131558,20181117,    0,    0
 24458,131558,20181118,    6,    0
 24458,131558,20181119,   32,    0
 24458,131558,20181120,   71,    0
 24458,131558,20181121,    3,    0
 24458,131558,20181122,    0,    0
 24458,131558,20181123,    0,    0
 24458,131558,20181124,    0,    0
 24458,131558,20181125,  140,    0
 24458,131558,20181126,  170,    0
 24458,131558,20181127,   17,    0
 24458,131558,20181128,    0,    0
 24458,131558,20181129,    0,    0
 24458,131558,20181130,    0,    0
 24458,131558,20181201,    0,    0
 24458,131558,20181202,   19,    0
 24458,131558,20181203,   30,    0
 24458,131558,20181204,   24,    0
 24458,131558,20181205,    0,    0
 24458,131558,20181206,    0,    0
 24458,131558,20181207,   30,    0
 24458,131558,20181208,    0,    0
 24458,131558,20181209,    4,    0
 24458,131558,20181210,    2,    0
 24458,131558,20181211,    9,    0
 24458,131558,20181212,   25,    0
 24458,131558,20181213,    0,    0
 24458,131558,20181214,   31,    0
 24458,131558,20181215,   14,    0
 24458,131558,20181216,    0,    0
 24458,131558,20181217,    0,    0
 24458,131558,20181218,    0,    0
 24458,131558,20181219,    0,    0
 24458,131558,20181220,   13,    0
 24458,131558,20181221,    0,    0
 24458,131558,20181222,    0,    0
 24458,131558,20181223,   52,    0
 24458,131558,20181224,   15,    0
 24458,131558,20181225,    0,    0
 24458,131558,20181226,    0,    0
 24458,131558,20181227,    0,    0
 24458,131558,20181228,    0,    0
 24458,131558,20181229,    0,    0
 24458,131558,20181230,   19,    0
 24458,131558,20181231,    1,    0
 24458,131558,20190101,   26,    0
 24458,131558,20190102,    6,    0
 24458,131558,20190103,   36,    0
 24458,131558,20190104,    9,    0
 24458,131558,20190105,  105,    0
 24458,131558,20190106,    1,    0
 24458,131558,20190107,   34,    0
 24458,131558,20190108,    1,    0
 24458,131558,20190109,   26,    0
 24458,131558,20190110,   16,    0
 24458,131558,20190111,    3,    0
 24458,131558,20190112,    0,    0
 24458,131558,20190113,    5,    0
 24458,131558,20190114,   27,    0
 24458,131558,20190115,    0,    0
 24458,131558,20190116,    0,    0
 24458,131558,20190117,    0,    0
 24458,131558,20190118,    0,    0
 24458,131558,20190119,    0,    0
 24458,131558,20190120,    0,    0
 24458,131558,20190121,    0,    0
 24458,131558,20190122,   17,    0
 24458,131558,20190123,   11,    0
 24458,131558,20190124,    0,    0
 24458,131558,20190125,    0,    0
 24458,131558,20190126,    0,    0
 24458,131558,20190127,   12,    0
 24458,131558,20190128,    0,    0
 24458,131558,20190129,    0,    0
 24458,131558,20190130,    0,    0
 24458,131558,20190131,    0,    0
 24458,131558,20190201,    0,    0
 24458,131558,20190202,   15,    0
 24458,131558,20190203,   64,    0
 24458,131558,20190204,    0,    0
 24458,131558,20190205,    0,    0
 24458,131558,20190206,    0,    0
 24458,131558,20190207,    0,    0
 24458,131558,20190208,    0,    0
 24458,131558,20190209,    0,    0
 24458,131558,20190210,   33,    0
 24458,131558,20190211,    0,    0
 24458,131558,20190212,    5,    0
 24458,131558,20190213,    0,    0
 24458,131558,20190214,    0,    0
 24458,131558,20190215,    0,    0
 24458,131558,20190216,    0,    0
 24458,131558,20190217,    0,    0
 24458,131558,20190218,    0,    0
 24458,131558,20190219,    0,    0
 24458,131558,20190220,    0,    0
 24458,131558,20190221,   36,    0
 24458,131558,20190222,   31,    0
 24458,131558,20190223,    0,    0
 24458,131558,20190224,    0,    0
 24458,131558,20190225,    0,    0
 24458,131558,20190226,    0,    0
 24458,131558,20190227,    0,    0
 24458,131558,20190228,    0,    0
 24458,131558,20190301,   49,    0
 24458,131558,20190302,   29,    0
 24458,131558,20190303,    0,    0
 24458,131558,20190304,    0,    0
 24458,131558,20190305,    0,    0
 24458,131558,20190306,    0,    0
 24458,131558,20190307,   24,    0
 24458,131558,20190308,   50,    0
 24458,131558,20190309,    0,    0
 24458,131558,20190310,    1,    0
 24458,131558,20190311,    0,    0
 24458,131558,20190312,    0,    0
 24458,131558,20190313,   22,    0
 24458,131558,20190314,    0,    0
 24458,131558,20190315,   10,    0
 24458,131558,20190316,   20,    0
 24458,131558,20190317,    0,    0
 24458,131558,20190318,    0,    0
 24458,131558,20190319,    0,    0
 24458,131558,20190320,    0,    0
 24458,131558,20190321,    0,    0
 24458,131558,20190322,    0,    0
 24458,131558,20190323,    0,    0
 24458,131558,20190324,    0,    0
 24458,131558,20190325,    0,    0
 24458,131558,20190326,    0,    0
 24458,131558,20190327,    1,    0
 24458,131558,20190328,    0,    0
 24458,131558,20190329,    0,    0
 24458,131558,20190330,    0,    0
 24458,131558,20190331,    0,    0
 24458,131558,20190401,    0,    0
 24458,131558,20190402,    0,    0
 24458,131558,20190403,    0,    0
 24458,131558,20190404,    0,    0
 24458,131558,20190405,  134,    0
 24458,131558,20190406,    0,    0
 24458,131558,20190407,    0,    0
 24458,131558,20190408,    0,    0
 24458,131558,20190409,    0,    0
 24458,131558,20190410,   56,    0
 24458,131558,20190411,   12,    0
 24458,131558,20190412,    0,    0
 24458,131558,20190413,    0,    0
 24458,131558,20190414,   56,    0
 24458,131558,20190415,    0,    0
 24458,131558,20190416,    0,    0
 24458,131558,20190417,    0,    0
 24458,131558,20190418,    0,    0
 24458,131558,20190419,    0,    0
 24458,131558,20190420,    0,    0
 24458,131558,20190421,    0,    0
 24458,131558,20190422,    0,    0
 24458,131558,20190423,   22,    0
 24458,131558,20190424,    0,    0
 24458,131558,20190425,    0,    0
 24458,131558,20190426,    3,    0
 24458,131558,20190427,    9,    0
 24458,131558,20190428,    0,    0
 24458,131558,20190429,    1,    0
 24458,131558,20190430,  133,    0
 24458,131558,20190501,    0,    0
 24458,131558,20190502,    0,    0
 24458,131558,20190503,   21,    0
 24458,131558,20190504,   41,    0
 24458,131558,20190505,  139,    0
 24458,131558,20190506,    1,    0
 24458,131558,20190507,    0,    0
 24458,131558,20190508,    9,    0
 24458,131558,20190509,   65,    0
 24458,131558,20190510,    5,    0
 24458,131558,20190511,   89,    0
 24458,131558,20190512,   36,    0
 24458,131558,20190513,   14,    0
 24458,131558,20190514,   33,    0
 24458,131558,20190515,   40,    0
 24458,131558,20190516,    1,    0
 24458,131558,20190517,    0,    0
 24458,131558,20190518,    0,    0
 24458,131558,20190519,  152,    0
 24458,131558,20190520,  111,    0
 24458,131558,20190521,   21,    0
 24458,131558,20190522,    0,    0
 24458,131558,20190523,    0,    0
 24458,131558,20190524,    0,    0
 24458,131558,20190525,    0,    0
 24458,131558,20190526,    8,    0
 24458,131558,20190527,   51,    0
 24458,131558,20190528,   78,    0
 24458,131558,20190529,  113,    0
 24458,131558,20190530,   39,    0
 24458,131558,20190531,    0,    0
 24458,131558,20190601,    0,    0
 24458,131558,20190602,    0,    0
 24458,131558,20190603,    0,    0
 24458,131558,20190604,    0,    0
 24458,131558,20190605,    0,    0
 24458,131558,20190606,   20,    0
 24458,131558,20190607,    0,    0
 24458,131558,20190608,    0,    0
 24458,131558,20190609,    0,    0
 24458,131558,20190610,    0,    0
 24458,131558,20190611,    0,    0
 24458,131558,20190612,    0,    0
 24458,131558,20190613,    0,    0
 24458,131558,20190614,    0,    0
 24458,131558,20190615,    0,    0
 24458,131558,20190616,    0,    0
 24458,131558,20190617,    0,    0
 24458,131558,20190618,    0,    0
 24458,131558,20190619,    0,    0
 24458,131558,20190620,  296,    0
 24458,131558,20190621,   37,    0
 24458,131558,20190622,   21,    0
 24458,131558,20190623,  346,    0
 24458,131558,20190624,    0,    0
 24458,131558,20190625,    0,    0
 24458,131558,20190626,    0,    0
 24458,131558,20190627,    0,    0
 24458,131558,20190628,    0,    0
 24458,131558,20190629,    0,    0
 24458,131558,20190630,    0,    0
 24458,131558,20190701,    0,    0
 24458,131558,20190702,    0,    0
 24458,131558,20190703,    0,    0
 24458,131558,20190704,    0,    0
 24458,131558,20190705,    0,    0
 24458,131558,20190706,    3,    0
 24458,131558,20190707,    5,    0
 24458,131558,20190708,    1,    0
 24458,131558,20190709,    0,    0
 24458,131558,20190710,    0,    0
 24458,131558,20190711,   15,    0
 24458,131558,20190712,  136,    0
 24458,131558,20190713,    7,    0
 24458,131558,20190714,    3,    0
 24458,131558,20190715,    0,    0
 24458,131558,20190716,    0,    0
 24458,131558,20190717,    0,    0
 24458,131558,20190718,   21,    0
 24458,131558,20190719,    0,    0
 24458,131558,20190720,    0,    0
 24458,131558,20190721,    0,    0
 24458,131558,20190722,    0,    0
 24458,131558,20190723,    0,    0
 24458,131558,20190724,    0,    0
 24458,131558,20190725,    0,    0
 24458,131558,20190726,    0,    0
 24458,131558,20190727,  103,    0
 24458,131558,20190728,   65,    0
 24458,131558,20190729,    0,    0
 24458,131558,20190730,    0,    0
 24458,131558,20190731,   49,    0
 24458,131558,20190801,    0,    0
 24458,131558,20190802,   16,    0
 24458,131558,20190803,    0,    0
 24458,131558,20190804,    0,    0
 24458,131558,20190805,    2,    0
 24458,131558,20190806,    0,    0
 24458,131558,20190807,   60,    0
 24458,131558,20190808,    0,    0
 24458,131558,20190809,    0,    0
 24458,131558,20190810,    1,    0
 24458,131558,20190811,    0,    0
 24458,131558,20190812,    4,    0
 24458,131558,20190813,   94,    0
 24458,131558,20190814,    0,    0
 24458,131558,20190815,    0,    0
 24458,131558,20190816,    1,    0
 24458,131558,20190817,    0,    0
 24458,131558,20190818,    0,    0
 24458,131558,20190819,    0,    0
 24458,131558,20190820,    0,    0
 24458,131558,20190821,    3,    0
 24458,131558,20190822,    6,    0
 24458,131558,20190823,    0,    0
 24458,131558,20190824,  451,    0
 24458,131558,20190825,    3,    0
 24458,131558,20190826,   28,    0
 24458,131558,20190827,    0,    0
 24458,131558,20190828,    0,    0
 24458,131558,20190829,    0,    0
 24458,131558,20190830,    0,    0
 24458,131558,20190831,    0,    0
 24458,131558,20190901,  179,    0
 24458,131558,20190902,  155,    0
 24458,131558,20190903,    0,    0
 24458,131558,20190904,    0,    0
 24458,131558,20190905,    0,    0
 24458,131558,20190906,   78,    0
 24458,131558,20190907,  181,    0
 24458,131558,20190908,  205,    0
 24458,131558,20190909,   29,    0
 24458,131558,20190910,    0,    0
 24458,131558,20190911,    0,    0
 24458,131558,20190912,    0,    0
 24458,131558,20190913,    0,    0
 24458,131558,20190914,    0,    0
 24458,131558,20190915,    0,    0
 24458,131558,20190916,   35,    0
 24458,131558,20190917,    0,    0
 24458,131558,20190918,    0,    0
 24458,131558,20190919,    0,    0
 24458,131558,20190920,    0,    0
 24458,131558,20190921,    0,    0
 24458,131558,20190922,    0,    0
 24458,131558,20190923,    0,    0
 24458,131558,20190924,    0,    0
 24458,131558,20190925,   13,    0
 24458,131558,20190926,    0,    0
 24458,131558,20190927,    0,    0
 24458,131558,20190928,   52,    0
 24458,131558,20190929,    0,    0
 24458,131558,20190930,    0,    0
 24458,131558,20191001,    0,    0
 24458,131558,20191002,  101,    0
 24458,131558,20191003,    0,    0
 24458,131558,20191004,    0,    0
 24458,131558,20191005,    2,    0
 24458,131558,20191006,   23,    0
 24458,131558,20191007,    9,    0
 24458,131558,20191008,    0,    0
 24458,131558,20191009,   11,    0
 24458,131558,20191010,   20,    0
 24458,131558,20191011,    0,    0
 24458,131558,20191012,    0,    0
 24458,131558,20191013,    0,    0
 24458,131558,20191014,    0,    0
 24458,131558,20191015,    0,    0
 24458,131558,20191016,   38,    0
 24458,131558,20191017,    0,    0
 24458,131558,20191018,    0,    0
 24458,131558,20191019,    0,    0
 24458,131558,20191020,    0,    0
 24458,131558,20191021,    0,    0
 24458,131558,20191022,    0,    0
 24458,131558,20191023,    0,    0
 24458,131558,20191024,    0,    0
 24458,131558,20191025,    0,    0
 24458,131558,20191026,    0,    0
 24458,131558,20191027,    0,    0
 24458,131558,20191028,   30,    0
 24458,131558,20191029,   41,    0
 24458,131558,20191030,   34,    0
 24458,131558,20191031,    0,    0
 24458,131558,20191101,    0,    0
 24458,131558,20191102,    0,    0
 24458,131558,20191103,   19,    0
 24458,131558,20191104,   30,    0
 24458,131558,20191105,  250,    0
 24458,131558,20191106,   52,    0
 24458,131558,20191107,    0,    0
 24458,131558,20191108,   16,    0
 24458,131558,20191109,   38,    0
 24458,131558,20191110,    0,    0
 24458,131558,20191111,    0,    0
 24458,131558,20191112,  130,    0
 24458,131558,20191113,   75,    0
 24458,131558,20191114,    0,    0
 24458,131558,20191115,   21,    0
 24458,131558,20191116,    0,    0
 24458,131558,20191117,   24,    0
 24458,131558,20191118,    5,    0
 24458,131558,20191119,    0,    0
 24458,131558,20191120,  214,    0
 24458,131558,20191121,    0,    0
 24458,131558,20191122,    0,    0
 24458,131558,20191123,    0,    0
 24458,131558,20191124,    0,    0
 24458,131558,20191125,    0,    0
 24458,131558,20191126,    0,    0
 24458,131558,20191127,   14,    0
 24458,131558,20191128,   23,    0
 24458,131558,20191129,    0,    0
 24458,131558,20191130,    0,    0
 24458,131558,20191201,   78,    0
 24458,131558,20191202,    6,    0
 24458,131558,20191203,    0,    0
 24458,131558,20191204,    0,    0
 24458,131558,20191205,    0,    0
 24458,131558,20191206,    0,    0
 24458,131558,20191207,    0,    0
 24458,131558,20191208,    0,    0
 24458,131558,20191209,   13,    0
 24458,131558,20191210,    0,    0
 24458,131558,20191211,    0,    0
 24458,131558,20191212,   13,    0
 24458,131558,20191213,    9,    0
 24458,131558,20191214,    0,    0
 24458,131558,20191215,    0,    0
 24458,131558,20191216,    0,    0
 24458,131558,20191217,    0,    0
 24458,131558,20191218,    0,    0
 24458,131558,20191219,    0,    0
 24458,131558,20191220,    0,    0
 24458,131558,20191221,  234,    0
 24458,131558,20191222,   51,    0
 24458,131558,20191223,    0,    0
 24458,131558,20191224,   13,    0
 24458,131558,20191225,   33,    0
 24458,131558,20191226,    0,    0
 24458,131558,20191227,    1,    0
 24458,131558,20191228,   35,    0
 24458,131558,20191229,    0,    0
 24458,131558,20191230,    0,    0
 24458,131558,20191231,    0,    0
 24458,131558,20200101,    0,    0
 24458,131558,20200102,    0,    0
 24458,131558,20200103,    0,    0
 24458,131558,20200104,   35,    0
 24458,131558,20200105,    0,    0
 24458,131558,20200106,    0,    0
 24458,131558,20200107,    0,    0
 24458,131558,20200108,    1,    0
 24458,131558,20200109,    0,    0
 24458,131558,20200110,    0,    0
 24458,131558,20200111,    0,    0
 24458,131558,20200112,    0,    0
 24458,131558,20200113,    0,    0
 24458,131558,20200114,    0,    0
 24458,131558,20200115,    0,    0
 24458,131558,20200116,    0,    0
 24458,131558,20200117,    0,    0
 24458,131558,20200118,    2,    0
 24458,131558,20200119,    9,    0
 24458,131558,20200120,    0,    0
 24458,131558,20200121,    0,    0
 24458,131558,20200122,    0,    0
 24458,131558,20200123,    0,    0
 24458,131558,20200124,    0,    0
 24458,131558,20200125,    0,    0
 24458,131558,20200126,    0,    0
 24458,131558,20200127,    0,    0
 24458,131558,20200128,   40,    0
 24458,131558,20200129,    0,    0
 24458,131558,20200130,    2,    0
 24458,131558,20200131,    0,    0
 24458,131558,20200201,    0,    0
 24458,131558,20200202,    0,    0
 24458,131558,20200203,    0,    0
 24458,131558,20200204,   10,    0
 24458,131558,20200205,    1,    0
 24458,131558,20200206,    0,    0
 24458,131558,20200207,    0,    0
 24458,131558,20200208,    0,    0
 24458,131558,20200209,    0,    0
 24458,131558,20200210,   32,    0
 24458,131558,20200211,    0,    0
 24458,131558,20200212,   38,    0
 24458,131558,20200213,    0,    0
 24458,131558,20200214,    0,    0
 24458,131558,20200215,    0,    0
 24458,131558,20200216,    0,    0
 24458,131558,20200217,    0,    0
 24458,131558,20200218,    0,    0
 24458,131558,20200219,    5,    0
 24458,131558,20200220,    2,    0
 24458,131558,20200221,   11,    0
 24458,131558,20200222,    0,    0
 24458,131558,20200223,    8,    0
 24458,131558,20200224,    0,    0
 24458,131558,20200225,   87,    0
 24458,131558,20200226,    0,    0
 24458,131558,20200227,    8,    0
 24458,131558,20200228,    6,    0
 24458,131558,20200229,    0,    0
 24458,131558,20200301,   35,    0
 24458,131558,20200302,    5,    0
 24458,131558,20200303,   11,    0
 24458,131558,20200304,    0,    0
 24458,131558,20200305,   42,    0
 24458,131558,20200306,   65,    0
 24458,131558,20200307,    0,    0
 24458,131558,20200308,    0,    0
 24458,131558,20200309,    0,    0
 24458,131558,20200310,    0,    0
 24458,131558,20200311,    0,    0
 24458,131558,20200312,    0,    0
 24458,131558,20200313,   14,    0
 24458,131558,20200314,    0,    0
 24458,131558,20200315,    0,    0
 24458,131558,20200316,    0,    0
 24458,131558,20200317,    0,    0
 24458,131558,20200318,    0,    0
 24458,131558,20200319,    0,    0
 24458,131558,20200320,    0,    0
 24458,131558,20200321,   30,    0
 24458,131558,20200322,    0,    0
 24458,131558,20200323,    0,    0
 24458,131558,20200324,    0,    0
 24458,131558,20200325,   22,    0
 24458,131558,20200326,    1,    0
 24458,131558,20200327,    0,    0
 24458,131558,20200328,    0,    0
 24458,131558,20200329,    0,    0
 24458,131558,20200330,    0,    0
 24458,131558,20200331,    0,    0
 24458,131558,20200401,    0,    0
 24458,131558,20200402,    0,    0
 24458,131558,20200403,    0,    0
 24458,131558,20200404,    0,    0
 24458,131558,20200405,    0,    0
 24458,131558,20200406,    0,    0
 24458,131558,20200407,    0,    0
 24458,131558,20200408,    0,    0
 24458,131558,20200409,    0,    0
 24458,131558,20200410,    0,    0
 24458,131558,20200411,    0,    0
 24458,131558,20200412,    0,    0
 24458,131558,20200413,    2,    0
 24458,131558,20200414,    0,    0
 24458,131558,20200415,    0,    0
 24458,131558,20200416,    0,    0
 24458,131558,20200417,    0,    0
 24458,131558,20200418,    1,    0
 24458,131558,20200419,    4,    0
 24458,131558,20200420,    0,    0
 24458,131558,20200421,    0,    0
 24458,131558,20200422,    0,    0
 24458,131558,20200423,    0,    0
 24458,131558,20200424,    0,    0
 24458,131558,20200425,    0,    0
 24458,131558,20200426,    0,    0
 24458,131558,20200427,    0,    0
 24458,131558,20200428,    0,    0
 24458,131558,20200429,   75,    0
 24458,131558,20200430,   32,    0
 24458,131558,20200501,    5,    0
 24458,131558,20200502,   13,    0
 24458,131558,20200503,    4,    0
 24458,131558,20200504,    2,    0
 24458,131558,20200505,   27,    0
 24458,131558,20200506,    0,    0
 24458,131558,20200507,    0,    0
 24458,131558,20200508,    0,    0
 24458,131558,20200509,    0,    0
 24458,131558,20200510,    0,    0
 24458,131558,20200511,    0,    0
 24458,131558,20200512,    0,    0
 24458,131558,20200513,    0,    0
 24458,131558,20200514,   47,    0
 24458,131558,20200515,    8,    0
 24458,131558,20200516,    3,    0
 24458,131558,20200517,    1,    0
 24458,131558,20200518,    0,    0
 24458,131558,20200519,    9,    0
 24458,131558,20200520,    0,    0
 24458,131558,20200521,    0,    0
 24458,131558,20200522,    4,    0
 24458,131558,20200523,   70,    0
 24458,131558,20200524,    1,    0
 24458,131558,20200525,   62,    0
 24458,131558,20200526,   50,    0
 24458,131558,20200527,    0,    0
 24458,131558,20200528,    0,    0
 24458,131558,20200529,    0,    0
 24458,131558,20200530,   57,    0
 24458,131558,20200531,   27,    0
 24458,131558,20200601,    0,    0
 24458,131558,20200602,   21,    0
 24458,131558,20200603,  117,    0
 24458,131558,20200604,   35,    0
 24458,131558,20200605,   40,    0
 24458,131558,20200606,    0,    0
 24458,131558,20200607,    0,    0
 24458,131558,20200608,    0,    0
 24458,131558,20200609,    2,    0
 24458,131558,20200610,  119,    0
 24458,131558,20200611,    0,    0
 24458,131558,20200612,    0,    0
 24458,131558,20200613,    0,    0
 24458,131558,20200614,   68,    0
 24458,131558,20200615,    0,    0
 24458,131558,20200616,    3,    0
 24458,131558,20200617,    0,    0
 24458,131558,20200618,    0,    0
 24458,131558,20200619,  194,    0
 24458,131558,20200620,  360,    0
 24458,131558,20200621,    4,    0
 24458,131558,20200622,    0,    0
 24458,131558,20200623,    0,    0
 24458,131558,20200624,   52,    0
 24458,131558,20200625,   10,    0
 24458,131558,20200626,    0,    0
 24458,131558,20200627,    6,    0
 24458,131558,20200628,    1,    0
 24458,131558,20200629,  100,    0
 24458,131558,20200630,    0,    0
 24458,131558,20200701,   18,    0
 24458,131558,20200702,   19,    0
 24458,131558,20200703,    9,    0
 24458,131558,20200704,    0,    0
 24458,131558,20200705,    0,    0
 24458,131558,20200706,  207,    0
 24458,131558,20200707,    0,    0
 24458,131558,20200708,    0,    0
 24458,131558,20200709,    0,    0
 24458,131558,20200710,    0,    0
 24458,131558,20200711,  113,    0
 24458,131558,20200712,    0,    0
 24458,131558,20200713,    0,    0
 24458,131558,20200714,    0,    0
 24458,131558,20200715,   18,    0
 24458,131558,20200716,   20,    0
 24458,131558,20200717,    5,    0
 24458,131558,20200718,    0,    0
 24458,131558,20200719,    2,    0
 24458,131558,20200720,   87,    0
 24458,131558,20200721,  146,    0
 24458,131558,20200722,    9,    0
 24458,131558,20200723,    0,    0
 24458,131558,20200724,   99,    0
 24458,131558,20200725,    2,    0
 24458,131558,20200726,    2,    0
 24458,131558,20200727,    0,    0
 24458,131558,20200728,   50,    0
 24458,131558,20200729,   37,    0
 24458,131558,20200730,    0,    0
 24458,131558,20200731,    0,    0
 24458,131558,20200801,    0,    0
 24458,131558,20200802,   19,    0
 24458,131558,20200803,   83,    0
 24458,131558,20200804,   16,    0
 24458,131558,20200805,   33,    0
 24458,131558,20200806,    0,    0
 24458,131558,20200807,    0,    0
 24458,131558,20200808,    0,    0
 24458,131558,20200809,    0,    0
 24458,131558,20200810,    0,    0
 24458,131558,20200811,    3,    0
 24458,131558,20200812,    0,    0
 24458,131558,20200813,   79,    0
 24458,131558,20200814,   33,    0
 24458,131558,20200815,  184,    0
 24458,131558,20200816,  122,    0
 24458,131558,20200817,   94,    0
 24458,131558,20200818,    2,    0
 24458,131558,20200819,    0,    0
 24458,131558,20200820,    0,    0
 24458,131558,20200821,    0,    0
 24458,131558,20200822,   11,    0
 24458,131558,20200823,    0,    0
 24458,131558,20200824,    0,    0
 24458,131558,20200825,    0,    0
 24458,131558,20200826,    0,    0
 24458,131558,20200827,    0,    0
 24458,131558,20200828,    0,    0
 24458,131558,20200829,   65,    0
 24458,131558,20200830,  123,    0
 24458,131558,20200831,  184,    0
 24458,131558,20200901,   49,    0
 24458,131558,20200902,   51,    0
 24458,131558,20200903,    0,    0
 24458,131558,20200904,    0,    0
 24458,131558,20200905,    0,    0
 24458,131558,20200906,  153,    0
 24458,131558,20200907,    0,    0
 24458,131558,20200908,    0,    0
 24458,131558,20200909,    0,    0
 24458,131558,20200910,    0,    0
 24458,131558,20200911,    0,    0
 24458,131558,20200912,    0,    0
 24458,131558,20200913,    0,    0
 24458,131558,20200914,    0,    0
 24458,131558,20200915,    0,    0
 24458,131558,20200916,    0,    0
 24458,131558,20200917,   30,    0
 24458,131558,20200918,    0,    0
 24458,131558,20200919,    0,    0
 24458,131558,20200920,    0,    0
 24458,131558,20200921,    0,    0
 24458,131558,20200922,    0,    0
 24458,131558,20200923,   70,    0
 24458,131558,20200924,    1,    0
 24458,131558,20200925,  243,    0
 24458,131558,20200926,    4,    0
 24458,131558,20200927,  300,    0
 24458,131558,20200928,   44,    0
 24458,131558,20200929,    0,    0
 24458,131558,20200930,    0,    0
 24458,131558,20201001,    0,    0
 24458,131558,20201002,    0,    0
 24458,131558,20201003,  518,    0
 24458,131558,20201004,    0,    0
 24458,131558,20201005,    0,    0
 24458,131558,20201006,   15,    0
 24458,131558,20201007,    0,    0
 24458,131558,20201008,    0,    0
 24458,131558,20201009,    0,    0
 24458,131558,20201010,   14,    0
 24458,131558,20201011,  227,    0
 24458,131558,20201012,   48,    0
 24458,131558,20201013,  134,    0
 24458,131558,20201014,    1,    0
 24458,131558,20201015,  104,    0
 24458,131558,20201016,   43,    0
 24458,131558,20201017,    0,    0
 24458,131558,20201018,    0,    0
 24458,131558,20201019,    0,    0
 24458,131558,20201020,    0,    0
 24458,131558,20201021,    0,    0
 24458,131558,20201022,    0,    0
 24458,131558,20201023,    0,    0
 24458,131558,20201024,    3,    0
 24458,131558,20201025,    0,    0
 24458,131558,20201026,    0,    0
 24458,131558,20201027,   70,    0
 24458,131558,20201028,    0,    0
 24458,131558,20201029,    5,    0
 24458,131558,20201030,   15,    0
 24458,131558,20201031,    0,    0
 24458,131558,20201101,   33,    0
 24458,131558,20201102,    0,    0
 24458,131558,20201103,    1,    0
 24458,131558,20201104,    0,    0
 24458,131558,20201105,    0,    0
 24458,131558,20201106,    0,    0
 24458,131558,20201107,    0,    0
 24458,131558,20201108,    0,    0
 24458,131558,20201109,    0,    0
 24458,131558,20201110,    0,    0
 24458,131558,20201111,    0,    0
 24458,131558,20201112,    0,    0
 24458,131558,20201113,    0,    0
 24458,131558,20201114,    0,    0
 24458,131558,20201115,    0,    0
 24458,131558,20201116,   10,    0
 24458,131558,20201117,    0,    0
 24458,131558,20201118,    0,    0
 24458,131558,20201119,    2,    0
 24458,131558,20201120,    8,    0
 24458,131558,20201121,    0,    0
 24458,131558,20201122,    0,    0
 24458,131558,20201123,    2,    0
 24458,131558,20201124,    0,    0
 24458,131558,20201125,    0,    0
 24458,131558,20201126,    0,    0
 24458,131558,20201127,    0,    0
 24458,131558,20201128,    0,    0
 24458,131558,20201129,    0,    0
 24458,131558,20201130,    0,    0
 24458,131558,20201201,    0,    0
 24458,131558,20201202,   47,    0
 24458,131558,20201203,   29,    0
 24458,131558,20201204,    0,    0
 24458,131558,20201205,    0,    0
 24458,131558,20201206,    8,    0
 24458,131558,20201207,    0,    0
 24458,131558,20201208,    7,    0
 24458,131558,20201209,  131,    0
 24458,131558,20201210,   30,    0
 24458,131558,20201211,    1,    0
 24458,131558,20201212,    0,    0
 24458,131558,20201213,    0,    0
 24458,131558,20201214,    0,    0
 24458,131558,20201215,    0,    0
 24458,131558,20201216,    0,    0
 24458,131558,20201217,    0,    0
 24458,131558,20201218,    0,    0
 24458,131558,20201219,    1,    0
 24458,131558,20201220,    0,    0
 24458,131558,20201221,    0,    0
 24458,131558,20201222,   14,    0
 24458,131558,20201223,    0,    0
 24458,131558,20201224,   71,    0
 24458,131558,20201225,    8,    0
 24458,131558,20201226,    0,    0
 24458,131558,20201227,    1,    0
 24458,131558,20201228,   54,    0
 24458,131558,20201229,    0,    0
 24458,131558,20201230,    3,    0
 24458,131558,20201231,    0,    0
 24458,131558,20210101,    0,    0
 24458,131558,20210102,   38,    0
 24458,131558,20210103,    0,    0
 24458,131558,20210104,    2,    0
 24458,131558,20210105,   72,    0
 24458,131558,20210106,    2,    0
 24458,131558,20210107,    0,    0
 24458,131558,20210108,    0,    0
 24458,131558,20210109,    0,    0
 24458,131558,20210110,    0,    0
 24458,131558,20210111,    0,    0
 24458,131558,20210112,   55,    0
 24458,131558,20210113,   10,    0
 24458,131558,20210114,    6,    0
 24458,131558,20210115,    5,    0
 24458,131558,20210116,   43,    0
 24458,131558,20210117,    0,    0
 24458,131558,20210118,   15,    0
 24458,131558,20210119,    3,    0
 24458,131558,20210120,    0,    0
 24458,131558,20210121,    0,    0
 24458,131558,20210122,    0,    0
 24458,131558,20210123,  118,    0
 24458,131558,20210124,    0,    0
 24458,131558,20210125,    0,    0
 24458,131558,20210126,    1,    0
 24458,131558,20210127,    0,    0
 24458,131558,20210128,   50,    0
 24458,131558,20210129,   18,    0
 24458,131558,20210130,    8,    0
 24458,131558,20210131,    4,    0
 24458,131558,20210201,    0,    0
 24458,131558,20210202,    0,    0
 24458,131558,20210203,    0,    0
 24458,131558,20210204,    0,    0
 24458,131558,20210205,    0,    0
 24458,131558,20210206,    0,    0
 24458,131558,20210207,   53,    0
 24458,131558,20210208,   32,    0
 24458,131558,20210209,   79,    0
 24458,131558,20210210,    0,    0
 24458,131558,20210211,    0,    0
 24458,131558,20210212,    0,    0
 24458,131558,20210213,    0,    0
 24458,131558,20210214,    0,    0
 24458,131558,20210215,   26,    0
 24458,131558,20210216,    1,    0
 24458,131558,20210217,    0,    0
 24458,131558,20210218,    0,    0
 24458,131558,20210219,    0,    0
 24458,131558,20210220,    0,    0
 24458,131558,20210221,    0,    0
 24458,131558,20210222,    0,    0
 24458,131558,20210223,    0,    0
 24458,131558,20210224,    0,    0
 24458,131558,20210225,    0,    0
 24458,131558,20210226,    0,    0
 24458,131558,20210227,    0,    0
 24458,131558,20210228,    0,    0
 24458,131558,20210301,    0,    0
 24458,131558,20210302,    0,    0
 24458,131558,20210303,    0,    0
 24458,131558,20210304,    0,    0
 24458,131558,20210305,    5,    0
 24458,131558,20210306,    0,    0
 24458,131558,20210307,    0,    0
 24458,131558,20210308,    0,    0
 24458,131558,20210309,    0,    0
 24458,131558,20210310,    0,    0
 24458,131558,20210311,    1,    0
 24458,131558,20210312,    3,    0
 24458,131558,20210313,    0,    0
 24458,131558,20210314,    1,    0
 24458,131558,20210315,    0,    0
 24458,131558,20210316,    4,    0
 24458,131558,20210317,    2,    0
 24458,131558,20210318,    0,    0
 24458,131558,20210319,    9,    0
 24458,131558,20210320,    0,    0
 24458,131558,20210321,   10,    0
 24458,131558,20210322,    4,    0
 24458,131558,20210323,    0,    0
 24458,131558,20210324,    0,    0
 24458,131558,20210325,    0,    0
 24458,131558,20210326,    0,    0
 24458,131558,20210327,   14,    0
 24458,131558,20210328,    0,    0
 24458,131558,20210329,    0,    0
 24458,131558,20210330,    0,    0
 24458,131558,20210331,    0,    0
 24458,131558,20210401,    0,    0
 24458,131558,20210402,    0,    0
 24458,131558,20210403,    3,    0
 24458,131558,20210404,    0,    0
 24458,131558,20210405,   11,    0
 24458,131558,20210406,    0,    0
 24458,131558,20210407,    0,    0
 24458,131558,20210408,    0,    0
 24458,131558,20210409,    0,    0
 24458,131558,20210410,    0,    0
 24458,131558,20210411,    0,    0
 24458,131558,20210412,   87,    0
 24458,131558,20210413,   81,    0
 24458,131558,20210414,    6,    0
 24458,131558,20210415,    0,    0
 24458,131558,20210416,    0,    0
 24458,131558,20210417,    0,    0
 24458,131558,20210418,    1,    0
 24458,131558,20210419,   12,    0
 24458,131558,20210420,   13,    0
 24458,131558,20210421,    5,    0
 24458,131558,20210422,   34,    0
 24458,131558,20210423,    0,    0
 24458,131558,20210424,    0,    0
 24458,131558,20210425,    0,    0
 24458,131558,20210426,    0,    0
 24458,131558,20210427,    0,    0
 24458,131558,20210428,    0,    0
 24458,131558,20210429,   17,    0
 24458,131558,20210430,    0,    0
 24458,131558,20210501,  160,    0
 24458,131558,20210502,    4,    0
 24458,131558,20210503,    0,    0
 24458,131558,20210504,    0,    0
 24458,131558,20210505,   39,    0
 24458,131558,20210506,    0,    0
 24458,131558,20210507,   30,    0
 24458,131558,20210508,    0,    0
 24458,131558,20210509,    0,    0
 24458,131558,20210510,    0,    0
 24458,131558,20210511,   16,    0
 24458,131558,20210512,   51,    0
 24458,131558,20210513,    3,    0
 24458,131558,20210514,  102,    0
 24458,131558,20210515,   27,    0
 24458,131558,20210516,  123,    0
 24458,131558,20210517,   34,    0
 24458,131558,20210518,    0,    0
 24458,131558,20210519,    9,    0
 24458,131558,20210520,    0,    0
 24458,131558,20210521,    0,    0
 24458,131558,20210522,   25,    0
 24458,131558,20210523,   48,    0
 24458,131558,20210524,   45,    0
 24458,131558,20210525,    2,    0
 24458,131558,20210526,    0,    0
 24458,131558,20210527,   63,    0
 24458,131558,20210528,    0,    0
 24458,131558,20210529,    0,    0
 24458,131558,20210530,    3,    0
 24458,131558,20210531,    2,    0
 24458,131558,20210601,    0,    0
 24458,131558,20210602,    0,    0
 24458,131558,20210603,    0,    0
 24458,131558,20210604,    0,    0
 24458,131558,20210605,    0,    0
 24458,131558,20210606,   22,    0
 24458,131558,20210607,    0,    0
 24458,131558,20210608,    0,    0
 24458,131558,20210609,    2,    0
 24458,131558,20210610,    0,    0
 24458,131558,20210611,    0,    0
 24458,131558,20210612,   88,    0
 24458,131558,20210613,    0,    0
 24458,131558,20210614,    0,    0
 24458,131558,20210615,    0,    0
 24458,131558,20210616,    0,    0
 24458,131558,20210617,    0,    0
 24458,131558,20210618,    0,    0
 24458,131558,20210619,    0,    0
 24458,131558,20210620,    0,    0
 24458,131558,20210621,    2,    0
 24458,131558,20210622,    0,    0
 24458,131558,20210623,    0,    0
 24458,131558,20210624,    0,    0
 24458,131558,20210625,    3,    0
 24458,131558,20210626,    0,    0
 24458,131558,20210627,   26,    0
 24458,131558,20210628,    0,    0
 24458,131558,20210629,    0,    0
 24458,131558,20210630,   21,    0
 24458,131558,20210701,    0,    0
 24458,131558,20210702,    0,    0
 24458,131558,20210703,    0,    0
 24458,131558,20210704,    0,    0
 24458,131558,20210705,    0,    0
 24458,131558,20210706,    0,    0
 24458,131558,20210707,    0,    0
 24458,131558,20210708,    0,    0
 24458,131558,20210709,    8,    0
 24458,131558,20210710,    0,    0
 24458,131558,20210711,   91,    0
 24458,131558,20210712,    0,    0
 24458,131558,20210713,   13,    0
 24458,131558,20210714,   84,    0
 24458,131558,20210715,    0,    0
 24458,131558,20210716,  167,    0
 24458,131558,20210717,  311,    0
 24458,131558,20210718,  112,    0
 24458,131558,20210719,    0,    0
 24458,131558,20210720,    0,    0
 24458,131558,20210721,    0,    0
 24458,131558,20210722,    0,    0
 24458,131558,20210723,    0,    0
 24458,131558,20210724,   42,    0
 24458,131558,20210725,    0,    0
 24458,131558,20210726,    0,    0
 24458,131558,20210727,    0,    0
 24458,131558,20210728,   37,    0
 24458,131558,20210729,    0,    0
 24458,131558,20210730,   15,    0
 24458,131558,20210731,  159,    0
 24458,131558,20210801,  254,    0
 24458,131558,20210802,    4,    0
 24458,131558,20210803,   73,    0
 24458,131558,20210804,  122,    0
 24458,131558,20210805,   33,    0
 24458,131558,20210806,    1,    0
 24458,131558,20210807,    0,    0
 24458,131558,20210808,    0,    0
 24458,131558,20210809,    0,    0
 24458,131558,20210810,    2,    0
 24458,131558,20210811,    0,    0
 24458,131558,20210812,    0,    0
 24458,131558,20210813,    1,    0
 24458,131558,20210814,    0,    0
 24458,131558,20210815,    2,    0
 24458,131558,20210816,  217,    0
 24458,131558,20210817,    0,    0
 24458,131558,20210818,    0,    0
 24458,131558,20210819,    0,    0
 24458,131558,20210820,    0,    0
 24458,131558,20210821,    0,    0
 24458,131558,20210822,  282,    0
 24458,131558,20210823,    1,    0
 24458,131558,20210824,    1,    0
 24458,131558,20210825,    0,    0
 24458,131558,20210826,   35,    0
 24458,131558,20210827,    1,    0
 24458,131558,20210828,    7,    0
 24458,131558,20210829,    0,    0
 24458,131558,20210830,    0,    0
 24458,131558,20210831,   10,    0
 24458,131558,20210901,    0,    0
 24458,131558,20210902,    0,    0
 24458,131558,20210903,    0,    0
 24458,131558,20210904,    0,    0
 24458,131558,20210905,    0,    0
 24458,131558,20210906,    0,    0
 24458,131558,20210907,    0,    0
 24458,131558,20210908,    0,    0
 24458,131558,20210909,    0,    0
 24458,131558,20210910,    0,    0
 24458,131558,20210911,    0,    0
 24458,131558,20210912,  144,    0
 24458,131558,20210913,    5,    0
 24458,131558,20210914,    0,    0
 24458,131558,20210915,    0,    0
 24458,131558,20210916,  193,    0
 24458,131558,20210917,    4,    0
 24458,131558,20210918,    0,    0
 24458,131558,20210919,    0,    0
 24458,131558,20210920,    0,    0
 24458,131558,20210921,    0,    0
 24458,131558,20210922,   23,    0
 24458,131558,20210923,    0,    0
 24458,131558,20210924,    0,    0
 24458,131558,20210925,    0,    0
 24458,131558,20210926,    5,    0
 24458,131558,20210927,    1,    0
 24458,131558,20210928,    0,    0
 24458,131558,20210929,   31,    0
 24458,131558,20210930,    0,    0
 24458,131558,20211001,    0,    0
 24458,131558,20211002,    0,    0
 24458,131558,20211003,    0,    0
 24458,131558,20211004,    0,    0
 24458,131558,20211005,    0,    0
 24458,131558,20211006,  116,    0
 24458,131558,20211007,   49,    0
 24458,131558,20211008,    0,    0
 24458,131558,20211009,    0,    0
 24458,131558,20211010,    1,    0
 24458,131558,20211011,    0,    0
 24458,131558,20211012,    8,    0
 24458,131558,20211013,    2,    0
 24458,131558,20211014,    0,    0
 24458,131558,20211015,    0,    0
 24458,131558,20211016,    0,    0
 24458,131558,20211017,    0,    0
 24458,131558,20211018,    0,    0
 24458,131558,20211019,    0,    0
 24458,131558,20211020,    0,    0
 24458,131558,20211021,   39,    0
 24458,131558,20211022,    0,    0
 24458,131558,20211023,    0,    0
 24458,131558,20211024,    0,    0
 24458,131558,20211025,    0,    0
 24458,131558,20211026,    0,    0
 24458,131558,20211027,    0,    0
 24458,131558,20211028,    0,    0
 24458,131558,20211029,    0,    0
 24458,131558,20211030,    0,    0
 24458,131558,20211031,    0,    0
 24458,131558,20211101,  146,    0
 24458,131558,20211102,   10,    0
 24458,131558,20211103,   33,    0
 24458,131558,20211104,    0,    0
 24458,131558,20211105,    0,    0
 24458,131558,20211106,    0,    0
 24458,131558,20211107,    0,    0
 24458,131558,20211108,    0,    0
 24458,131558,20211109,    0,    0
 24458,131558,20211110,    0,    0
 24458,131558,20211111,    0,    0
 24458,131558,20211112,    0,    0
 24458,131558,20211113,    1,    0
 24458,131558,20211114,    1,    0
 24458,131558,20211115,    0,    0
 24458,131558,20211116,    0,    0
 24458,131558,20211117,    0,    0
 24458,131558,20211118,    0,    0
 24458,131558,20211119,    0,    0
 24458,131558,20211120,    0,    0
 24458,131558,20211121,    0,    0
 24458,131558,20211122,    3,    0
 24458,131558,20211123,    0,    0
 24458,131558,20211124,    0,    0
 24458,131558,20211125,   21,    0
 24458,131558,20211126,  102,    0
 24458,131558,20211127,   13,    0
 24458,131558,20211128,   41,    0
 24458,131558,20211129,    0,    0
 24458,131558,20211130,   15,    0
 24458,131558,20211201,    0,    0
 24458,131558,20211202,   59,    0
 24458,131558,20211203,    0,    0
 24458,131558,20211204,   55,    0
 24458,131558,20211205,   10,    0
 24458,131558,20211206,    0,    0
 24458,131558,20211207,    0,    0
 24458,131558,20211208,   78,    0
 24458,131558,20211209,  100,    0
 24458,131558,20211210,    0,    0
 24458,131558,20211211,    0,    0
 24458,131558,20211212,    1,    0
 24458,131558,20211213,    0,    0
 24458,131558,20211214,    2,    0
 24458,131558,20211215,    0,    0
 24458,131558,20211216,    0,    0
 24458,131558,20211217,    0,    0
 24458,131558,20211218,    0,    0
 24458,131558,20211219,    5,    0
 24458,131558,20211220,    1,    0
 24458,131558,20211221,    0,    0
 24458,131558,20211222,    0,    0
 24458,131558,20211223,    2,    0
 24458,131558,20211224,    0,    0
 24458,131558,20211225,    0,    0
 24458,131558,20211226,    0,    0
 24458,131558,20211227,    0,    0
 24458,131558,20211228,    2,    0
 24458,131558,20211229,   30,    0
 24458,131558,20211230,    7,    0
 24458,131558,20211231,    0,    0
 24458,131558,20220101,-9999,    9
 24458,131558,20220102,-9999,    9
 24458,131558,20220103,-9999,    9
 24458,131558,20220104,-9999,    9
 24458,131558,20220105,-9999,    9
 24458,131558,20220106,-9999,    9
 24458,131558,20220107,-9999,    9
 24458,131558,20220108,-9999,    9
 24458,131558,20220109,-9999,    9
 24458,131558,20220110,-9999,    9
 24458,131558,20220111,-9999,    9
 24458,131558,20220112,-9999,    9
 24458,131558,20220113,-9999,    9
 24458,131558,20220114,-9999,    9
 24458,131558,20220115,-9999,    9
 24458,131558,20220116,-9999,    9
 24458,131558,20220117,-9999,    9
 24458,131558,20220118,-9999,    9
 24458,131558,20220119,-9999,    9
 24458,131558,20220120,-9999,    9
 24458,131558,20220121,-9999,    9
 24458,131558,20220122,-9999,    9
 24458,131558,20220123,-9999,    9
 24458,131558,20220124,-9999,    9
 24458,131558,20220125,-9999,    9
 24458,131558,20220126,-9999,    9
 24458,131558,20220127,-9999,    9
 24458,131558,20220128,-9999,    9
 24458,131558,20220129,-9999,    9
 24458,131558,20220130,-9999,    9
 24458,131558,20220131,-9999,    9
 24458,131558,20220201,-9999,    9
 24458,131558,20220202,-9999,    9
 24458,131558,20220203,-9999,    9
 24458,131558,20220204,-9999,    9
 24458,131558,20220205,-9999,    9
 24458,131558,20220206,-9999,    9
 24458,131558,20220207,-9999,    9
 24458,131558,20220208,-9999,    9
 24458,131558,20220209,-9999,    9
 24458,131558,20220210,-9999,    9
 24458,131558,20220211,-9999,    9
 24458,131558,20220212,-9999,    9
 24458,131558,20220213,-9999,    9
 24458,131558,20220214,-9999,    9
 24458,131558,20220215,-9999,    9
 24458,131558,20220216,-9999,    9
 24458,131558,20220217,-9999,    9
 24458,131558,20220218,-9999,    9
 24458,131558,20220219,-9999,    9
 24458,131558,20220220,-9999,    9
 24458,131558,20220221,-9999,    9
 24458,131558,20220222,-9999,    9
 24458,131558,20220223,-9999,    9
 24458,131558,20220224,-9999,    9
 24458,131558,20220225,-9999,    9
 24458,131558,20220226,-9999,    9
 24458,131558,20220227,-9999,    9
 24458,131558,20220228,-9999,    9
 24458,131558,20220301,-9999,    9
 24458,131558,20220302,-9999,    9
 24458,131558,20220303,-9999,    9
 24458,131558,20220304,-9999,    9
 24458,131558,20220305,-9999,    9
 24458,131558,20220306,-9999,    9
 24458,131558,20220307,-9999,    9
 24458,131558,20220308,-9999,    9
 24458,131558,20220309,-9999,    9
 24458,131558,20220310,-9999,    9
 24458,131558,20220311,-9999,    9
 24458,131558,20220312,-9999,    9
 24458,131558,20220313,-9999,    9
 24458,131558,20220314,-9999,    9
 24458,131558,20220315,-9999,    9
 24458,131558,20220316,-9999,    9
 24458,131558,20220317,-9999,    9
 24458,131558,20220318,-9999,    9
 24458,131558,20220319,-9999,    9
 24458,131558,20220320,-9999,    9
 24458,131558,20220321,-9999,    9
 24458,131558,20220322,-9999,    9
 24458,131558,20220323,-9999,    9
 24458,131558,20220324,-9999,    9
 24458,131558,20220325,-9999,    9
 24458,131558,20220326,-9999,    9
 24458,131558,20220327,-9999,    9
 24458,131558,20220328,-9999,    9
 24458,131558,20220329,-9999,    9
 24458,131558,20220330,-9999,    9
 24458,131558,20220331,-9999,    9
 24458,131558,20220401,-9999,    9
 24458,131558,20220402,-9999,    9
 24458,131558,20220403,-9999,    9
 24458,131558,20220404,-9999,    9
 24458,131558,20220405,-9999,    9
 24458,131558,20220406,-9999,    9
 24458,131558,20220407,-9999,    9
 24458,131558,20220408,-9999,    9
 24458,131558,20220409,-9999,    9
 24458,131558,20220410,-9999,    9
 24458,131558,20220411,-9999,    9
 24458,131558,20220412,-9999,    9
 24458,131558,20220413,-9999,    9
 24458,131558,20220414,-9999,    9
 24458,131558,20220415,-9999,    9
 24458,131558,20220416,-9999,    9
 24458,131558,20220417,-9999,    9
 24458,131558,20220418,-9999,    9
 24458,131558,20220419,-9999,    9
 24458,131558,20220420,-9999,    9
 24458,131558,20220421,-9999,    9
 24458,131558,20220422,-9999,    9
 24458,131558,20220423,-9999,    9
 24458,131558,20220424,-9999,    9
 24458,131558,20220425,-9999,    9
 24458,131558,20220426,-9999,    9
 24458,131558,20220427,-9999,    9
 24458,131558,20220428,-9999,    9
 24458,131558,20220429,-9999,    9
 24458,131558,20220430,-9999,    9
 24458,131558,20220501,-9999,    9
 24458,131558,20220502,-9999,    9
 24458,131558,20220503,-9999,    9
 24458,131558,20220504,-9999,    9
 24458,131558,20220505,-9999,    9
 24458,131558,20220506,-9999,    9
 24458,131558,20220507,-9999,    9
 24458,131558,20220508,-9999,    9
 24458,131558,20220509,-9999,    9
 24458,131558,20220510,-9999,    9
 24458,131558,20220511,-9999,    9
 24458,131558,20220512,-9999,    9
 24458,131558,20220513,-9999,    9
 24458,131558,20220514,-9999,    9
 24458,131558,20220515,-9999,    9
 24458,131558,20220516,-9999,    9
 24458,131558,20220517,-9999,    9
 24458,131558,20220518,-9999,    9
 24458,131558,20220519,-9999,    9
 24458,131558,20220520,-9999,    9
 24458,131558,20220521,-9999,    9
 24458,131558,20220522,-9999,    9
 24458,131558,20220523,-9999,    9
 24458,131558,20220524,-9999,    9
 24458,131558,20220525,-9999,    9
 24458,131558,20220526,-9999,    9
 24458,131558,20220527,-9999,    9
 24458,131558,20220528,-9999,    9
 24458,131558,20220529,-9999,    9
 24458,131558,20220530,-9999,    9
 24458,131558,20220531,-9999,    9
 24458,131558,20220601,-9999,    9
 24458,131558,20220602,-9999,    9
 24458,131558,20220603,-9999,    9
 24458,131558,20220604,-9999,    9
 24458,131558,20220605,-9999,    9
 24458,131558,20220606,-9999,    9
 24458,131558,20220607,-9999,    9
 24458,131558,20220608,-9999,    9
 24458,131558,20220609,-9999,    9
 24458,131558,20220610,-9999,    9
 24458,131558,20220611,-9999,    9
 24458,131558,20220612,-9999,    9
 24458,131558,20220613,-9999,    9
 24458,131558,20220614,-9999,    9
 24458,131558,20220615,-9999,    9
 24458,131558,20220616,-9999,    9
 24458,131558,20220617,-9999,    9
 24458,131558,20220618,-9999,    9
 24458,131558,20220619,-9999,    9
 24458,131558,20220620,-9999,    9
 24458,131558,20220621,-9999,    9
 24458,131558,20220622,-9999,    9
 24458,131558,20220623,-9999,    9
 24458,131558,20220624,-9999,    9
 24458,131558,20220625,-9999,    9
 24458,131558,20220626,-9999,    9
 24458,131558,20220627,-9999,    9
 24458,131558,20220628,-9999,    9
 24458,131558,20220629,-9999,    9
 24458,131558,20220630,-9999,    9
 24458,131558,20220701,-9999,    9
 24458,131558,20220702,-9999,    9
 24458,131558,20220703,-9999,    9
 24458,131558,20220704,-9999,    9
 24458,131558,20220705,-9999,    9
 24458,131558,20220706,-9999,    9
 24458,131558,20220707,-9999,    9
 24458,131558,20220708,-9999,    9
 24458,131558,20220709,-9999,    9
 24458,131558,20220710,-9999,    9
 24458,131558,20220711,-9999,    9
 24458,131558,20220712,-9999,    9
 24458,131558,20220713,-9999,    9
 24458,131558,20220714,-9999,    9
 24458,131558,20220715,-9999,    9
 24458,131558,20220716,-9999,    9
 24458,131558,20220717,-9999,    9
 24458,131558,20220718,-9999,    9
 24458,131558,20220719,-9999,    9
 24458,131558,20220720,-9999,    9
 24458,131558,20220721,-9999,    9
 24458,131558,20220722,-9999,    9
 24458,131558,20220723,-9999,    9
 24458,131558,20220724,-9999,    9
 24458,131558,20220725,-9999,    9
 24458,131558,20220726,-9999,    9
 24458,131558,20220727,-9999,    9
 24458,131558,20220728,-9999,    9
 24458,131558,20220729,-9999,    9
 24458,131558,20220730,-9999,    9
 24458,131558,20220731,-9999,    9
 24458,131558,20220801,-9999,    9
 24458,131558,20220802,-9999,    9
 24458,131558,20220803,-9999,    9
 24458,131558,20220804,-9999,    9
 24458,131558,20220805,-9999,    9
 24458,131558,20220806,-9999,    9
 24458,131558,20220807,-9999,    9
 24458,131558,20220808,-9999,    9
 24458,131558,20220809,-9999,    9
 24458,131558,20220810,-9999,    9
 24458,131558,20220811,-9999,    9
 24458,131558,20220812,-9999,    9
 24458,131558,20220813,-9999,    9
 24458,131558,20220814,-9999,    9
 24458,131558,20220815,-9999,    9
 24458,131558,20220816,-9999,    9
 24458,131558,20220817,-9999,    9
 24458,131558,20220818,-9999,    9
 24458,131558,20220819,-9999,    9
 24458,131558,20220820,-9999,    9
 24458,131558,20220821,-9999,    9
 24458,131558,20220822,-9999,    9
 24458,131558,20220823,-9999,    9
 24458,131558,20220824,-9999,    9
 24458,131558,20220825,-9999,    9
 24458,131558,20220826,-9999,    9
 24458,131558,20220827,-9999,    9
 24458,131558,20220828,-9999,    9
 24458,131558,20220829,-9999,    9
 24458,131558,20220830,-9999,    9
 24458,131558,20220831,-9999,    9
 24458,131558,20220901,-9999,    9
 24458,131558,20220902,-9999,    9
 24458,131558,20220903,-9999,    9
 24458,131558,20220904,-9999,    9
 24458,131558,20220905,-9999,    9
 24458,131558,20220906,-9999,    9
 24458,131558,20220907,-9999,    9
 24458,131558,20220908,-9999,    9
 24458,131558,20220909,-9999,    9
 24458,131558,20220910,-9999,    9
 24458,131558,20220911,-9999,    9
 24458,131558,20220912,-9999,    9
 24458,131558,20220913,-9999,    9
 24458,131558,20220914,-9999,    9
 24458,131558,20220915,-9999,    9
 24458,131558,20220916,-9999,    9
 24458,131558,20220917,-9999,    9
 24458,131558,20220918,-9999,    9
 24458,131558,20220919,-9999,    9
 24458,131558,20220920,-9999,    9
 24458,131558,20220921,-9999,    9
 24458,131558,20220922,-9999,    9
 24458,131558,20220923,-9999,    9
 24458,131558,20220924,-9999,    9
 24458,131558,20220925,-9999,    9
 24458,131558,20220926,-9999,    9
 24458,131558,20220927,-9999,    9
 24458,131558,20220928,-9999,    9
 24458,131558,20220929,-9999,    9
 24458,131558,20220930,-9999,    9
 24458,131558,20221001,-9999,    9
 24458,131558,20221002,-9999,    9
 24458,131558,20221003,-9999,    9
 24458,131558,20221004,-9999,    9
 24458,131558,20221005,-9999,    9
 24458,131558,20221006,-9999,    9
 24458,131558,20221007,-9999,    9
 24458,131558,20221008,-9999,    9
 24458,131558,20221009,-9999,    9
 24458,131558,20221010,-9999,    9
 24458,131558,20221011,-9999,    9
 24458,131558,20221012,-9999,    9
 24458,131558,20221013,-9999,    9
 24458,131558,20221014,-9999,    9
 24458,131558,20221015,-9999,    9
 24458,131558,20221016,-9999,    9
 24458,131558,20221017,-9999,    9
 24458,131558,20221018,-9999,    9
 24458,131558,20221019,-9999,    9
 24458,131558,20221020,-9999,    9
 24458,131558,20221021,-9999,    9
 24458,131558,20221022,-9999,    9
 24458,131558,20221023,-9999,    9
 24458,131558,20221024,-9999,    9
 24458,131558,20221025,-9999,    9
 24458,131558,20221026,-9999,    9
 24458,131558,20221027,-9999,    9
 24458,131558,20221028,-9999,    9
 24458,131558,20221029,-9999,    9
 24458,131558,20221030,-9999,    9
 24458,131558,20221031,-9999,    9
