EUROPEAN CLIMATE ASSESSMENT & DATASET (ECA&D), file created on: 16-11-2022
THESE DATA CAN BE USED FOR NON-COMMERCIAL RESEARCH AND EDUCATION PROVIDED THAT THE FOLLOWING SOURCE IS ACKNOWLEDGED: 

Klein Tank, A.M.G. and Coauthors, 2002. Daily dataset of 20th-century surface
air temperature and precipitation series for the European Climate Assessment.
Int. J. of Climatol., 22, 1441-1453.
Data and metadata available at http://www.ecad.eu

FILE FORMAT (MISSING VALUE CODE = -9999):

01-06 STAID: Station identifier
08-13 SOUID: Source identifier
15-22 DATE : Date YYYYMMDD
24-28 RR   : Precipitation amount in 0.1 mm
30-34 Q_RR : quality code for RR (0='valid'; 1='suspect'; 9='missing')

This is the blended series of station TIVISSA, SPAIN (STAID: 11348)
Blended and updated with sources:73123 
See files sources.txt and stations.txt for more info.

STAID, SOUID,    DATE,   RR, Q_RR
 11348, 73123,20160101,    0,    0
 11348, 73123,20160102,    0,    0
 11348, 73123,20160103,    1,    0
 11348, 73123,20160104,   26,    0
 11348, 73123,20160105,    0,    0
 11348, 73123,20160106,    0,    0
 11348, 73123,20160107,    0,    0
 11348, 73123,20160108,    0,    0
 11348, 73123,20160109,    3,    0
 11348, 73123,20160110,    0,    0
 11348, 73123,20160111,    5,    0
 11348, 73123,20160112,    0,    0
 11348, 73123,20160113,    0,    0
 11348, 73123,20160114,    0,    0
 11348, 73123,20160115,    0,    0
 11348, 73123,20160116,    0,    0
 11348, 73123,20160117,    0,    0
 11348, 73123,20160118,    0,    0
 11348, 73123,20160119,    0,    0
 11348, 73123,20160120,    0,    0
 11348, 73123,20160121,    0,    0
 11348, 73123,20160122,    0,    0
 11348, 73123,20160123,    0,    0
 11348, 73123,20160124,    0,    0
 11348, 73123,20160125,    0,    0
 11348, 73123,20160126,    0,    0
 11348, 73123,20160127,    0,    0
 11348, 73123,20160128,    0,    0
 11348, 73123,20160129,    0,    0
 11348, 73123,20160130,    0,    0
 11348, 73123,20160131,    0,    0
 11348, 73123,20160201,    0,    0
 11348, 73123,20160202,    0,    0
 11348, 73123,20160203,    0,    0
 11348, 73123,20160204,    0,    0
 11348, 73123,20160205,    0,    0
 11348, 73123,20160206,    0,    0
 11348, 73123,20160207,    5,    0
 11348, 73123,20160208,    0,    0
 11348, 73123,20160209,    0,    0
 11348, 73123,20160210,    0,    0
 11348, 73123,20160211,   61,    0
 11348, 73123,20160212,    5,    0
 11348, 73123,20160213,   31,    0
 11348, 73123,20160214,   29,    0
 11348, 73123,20160215,    0,    0
 11348, 73123,20160216,    0,    0
 11348, 73123,20160217,    0,    0
 11348, 73123,20160218,    0,    0
 11348, 73123,20160219,    0,    0
 11348, 73123,20160220,    0,    0
 11348, 73123,20160221,    0,    0
 11348, 73123,20160222,    1,    0
 11348, 73123,20160223,    0,    0
 11348, 73123,20160224,    0,    0
 11348, 73123,20160225,    0,    0
 11348, 73123,20160226,   23,    0
 11348, 73123,20160227,  252,    0
 11348, 73123,20160228,   19,    0
 11348, 73123,20160229,    0,    0
 11348, 73123,20160301,    0,    0
 11348, 73123,20160302,    0,    0
 11348, 73123,20160303,    0,    0
 11348, 73123,20160304,    5,    0
 11348, 73123,20160305,    0,    0
 11348, 73123,20160306,    0,    0
 11348, 73123,20160307,    0,    0
 11348, 73123,20160308,    3,    0
 11348, 73123,20160309,   15,    0
 11348, 73123,20160310,    0,    0
 11348, 73123,20160311,    0,    0
 11348, 73123,20160312,    0,    0
 11348, 73123,20160313,    0,    0
 11348, 73123,20160314,  407,    0
 11348, 73123,20160315,  202,    0
 11348, 73123,20160316,    2,    0
 11348, 73123,20160317,    0,    0
 11348, 73123,20160318,    0,    0
 11348, 73123,20160319,  186,    0
 11348, 73123,20160320,   92,    0
 11348, 73123,20160321,    0,    0
 11348, 73123,20160322,    0,    0
 11348, 73123,20160323,    0,    0
 11348, 73123,20160324,    0,    0
 11348, 73123,20160325,    1,    0
 11348, 73123,20160326,    0,    0
 11348, 73123,20160327,    0,    0
 11348, 73123,20160328,    0,    0
 11348, 73123,20160329,    0,    0
 11348, 73123,20160330,    0,    0
 11348, 73123,20160331,    0,    0
 11348, 73123,20160401,   10,    0
 11348, 73123,20160402,    0,    0
 11348, 73123,20160403,    0,    0
 11348, 73123,20160404,  161,    0
 11348, 73123,20160405,  628,    0
 11348, 73123,20160406,    0,    0
 11348, 73123,20160407,    0,    0
 11348, 73123,20160408,    0,    0
 11348, 73123,20160409,    0,    0
 11348, 73123,20160410,    0,    0
 11348, 73123,20160411,    3,    0
 11348, 73123,20160412,    0,    0
 11348, 73123,20160413,    0,    0
 11348, 73123,20160414,    0,    0
 11348, 73123,20160415,    0,    0
 11348, 73123,20160416,    5,    0
 11348, 73123,20160417,    6,    0
 11348, 73123,20160418,    0,    0
 11348, 73123,20160419,    0,    0
 11348, 73123,20160420,   10,    0
 11348, 73123,20160421,    3,    0
 11348, 73123,20160422,    5,    0
 11348, 73123,20160423,    0,    0
 11348, 73123,20160424,    0,    0
 11348, 73123,20160425,    0,    0
 11348, 73123,20160426,    0,    0
 11348, 73123,20160427,   82,    0
 11348, 73123,20160428,   25,    0
 11348, 73123,20160429,    0,    0
 11348, 73123,20160430,   27,    0
 11348, 73123,20160501,    0,    0
 11348, 73123,20160502,    0,    0
 11348, 73123,20160503,    0,    0
 11348, 73123,20160504,    0,    0
 11348, 73123,20160505,    0,    0
 11348, 73123,20160506,    0,    0
 11348, 73123,20160507,    1,    0
 11348, 73123,20160508,    6,    0
 11348, 73123,20160509,  218,    0
 11348, 73123,20160510,   58,    0
 11348, 73123,20160511,   11,    0
 11348, 73123,20160512,    0,    0
 11348, 73123,20160513,    0,    0
 11348, 73123,20160514,    0,    0
 11348, 73123,20160515,    0,    0
 11348, 73123,20160516,    0,    0
 11348, 73123,20160517,    0,    0
 11348, 73123,20160518,   41,    0
 11348, 73123,20160519,    0,    0
 11348, 73123,20160520,    0,    0
 11348, 73123,20160521,    0,    0
 11348, 73123,20160522,   24,    0
 11348, 73123,20160523,    0,    0
 11348, 73123,20160524,    0,    0
 11348, 73123,20160525,    0,    0
 11348, 73123,20160526,    0,    0
 11348, 73123,20160527,    0,    0
 11348, 73123,20160528,  151,    0
 11348, 73123,20160529,    0,    0
 11348, 73123,20160530,    0,    0
 11348, 73123,20160531,    0,    0
 11348, 73123,20160601,    0,    0
 11348, 73123,20160602,    0,    0
 11348, 73123,20160603,    0,    0
 11348, 73123,20160604,   27,    0
 11348, 73123,20160605,    1,    0
 11348, 73123,20160606,   12,    0
 11348, 73123,20160607,    0,    0
 11348, 73123,20160608,    0,    0
 11348, 73123,20160609,    0,    0
 11348, 73123,20160610,    0,    0
 11348, 73123,20160611,    0,    0
 11348, 73123,20160612,    0,    0
 11348, 73123,20160613,    0,    0
 11348, 73123,20160614,    0,    0
 11348, 73123,20160615,    7,    0
 11348, 73123,20160616,    0,    0
 11348, 73123,20160617,    0,    0
 11348, 73123,20160618,   15,    0
 11348, 73123,20160619,    0,    0
 11348, 73123,20160620,    0,    0
 11348, 73123,20160621,    0,    0
 11348, 73123,20160622,    0,    0
 11348, 73123,20160623,    0,    0
 11348, 73123,20160624,    0,    0
 11348, 73123,20160625,    0,    0
 11348, 73123,20160626,    0,    0
 11348, 73123,20160627,    0,    0
 11348, 73123,20160628,    0,    0
 11348, 73123,20160629,    0,    0
 11348, 73123,20160630,    0,    0
 11348, 73123,20160701,    0,    0
 11348, 73123,20160702,    0,    0
 11348, 73123,20160703,    0,    0
 11348, 73123,20160704,    0,    0
 11348, 73123,20160705,    0,    0
 11348, 73123,20160706,    0,    0
 11348, 73123,20160707,    0,    0
 11348, 73123,20160708,    0,    0
 11348, 73123,20160709,    0,    0
 11348, 73123,20160710,    0,    0
 11348, 73123,20160711,    0,    0
 11348, 73123,20160712,    0,    0
 11348, 73123,20160713,    0,    0
 11348, 73123,20160714,    0,    0
 11348, 73123,20160715,    0,    0
 11348, 73123,20160716,    0,    0
 11348, 73123,20160717,    0,    0
 11348, 73123,20160718,    0,    0
 11348, 73123,20160719,    0,    0
 11348, 73123,20160720,    0,    0
 11348, 73123,20160721,    0,    0
 11348, 73123,20160722,  157,    0
 11348, 73123,20160723,    0,    0
 11348, 73123,20160724,    0,    0
 11348, 73123,20160725,    0,    0
 11348, 73123,20160726,    0,    0
 11348, 73123,20160727,    0,    0
 11348, 73123,20160728,    0,    0
 11348, 73123,20160729,    0,    0
 11348, 73123,20160730,    0,    0
 11348, 73123,20160731,    0,    0
 11348, 73123,20160801,    0,    0
 11348, 73123,20160802,    0,    0
 11348, 73123,20160803,    0,    0
 11348, 73123,20160804,    0,    0
 11348, 73123,20160805,    0,    0
 11348, 73123,20160806,    0,    0
 11348, 73123,20160807,    0,    0
 11348, 73123,20160808,    0,    0
 11348, 73123,20160809,   16,    0
 11348, 73123,20160810,    0,    0
 11348, 73123,20160811,    0,    0
 11348, 73123,20160812,    0,    0
 11348, 73123,20160813,    0,    0
 11348, 73123,20160814,    0,    0
 11348, 73123,20160815,   10,    0
 11348, 73123,20160816,    0,    0
 11348, 73123,20160817,    0,    0
 11348, 73123,20160818,    0,    0
 11348, 73123,20160819,    0,    0
 11348, 73123,20160820,    0,    0
 11348, 73123,20160821,    0,    0
 11348, 73123,20160822,    0,    0
 11348, 73123,20160823,    0,    0
 11348, 73123,20160824,    0,    0
 11348, 73123,20160825,    0,    0
 11348, 73123,20160826,    0,    0
 11348, 73123,20160827,    0,    0
 11348, 73123,20160828,    0,    0
 11348, 73123,20160829,    0,    0
 11348, 73123,20160830,    0,    0
 11348, 73123,20160831,    0,    0
 11348, 73123,20160901,    0,    0
 11348, 73123,20160902,    0,    0
 11348, 73123,20160903,    0,    0
 11348, 73123,20160904,    0,    0
 11348, 73123,20160905,    0,    0
 11348, 73123,20160906,    0,    0
 11348, 73123,20160907,    0,    0
 11348, 73123,20160908,    0,    0
 11348, 73123,20160909,    0,    0
 11348, 73123,20160910,    0,    0
 11348, 73123,20160911,    0,    0
 11348, 73123,20160912,    0,    0
 11348, 73123,20160913,   46,    0
 11348, 73123,20160914,   35,    0
 11348, 73123,20160915,    0,    0
 11348, 73123,20160916,    0,    0
 11348, 73123,20160917,    0,    0
 11348, 73123,20160918,    0,    0
 11348, 73123,20160919,    0,    0
 11348, 73123,20160920,    0,    0
 11348, 73123,20160921,    0,    0
 11348, 73123,20160922,    0,    0
 11348, 73123,20160923,   26,    0
 11348, 73123,20160924,    0,    0
 11348, 73123,20160925,    0,    0
 11348, 73123,20160926,    1,    0
 11348, 73123,20160927,    0,    0
 11348, 73123,20160928,    5,    0
 11348, 73123,20160929,    1,    0
 11348, 73123,20160930,    0,    0
 11348, 73123,20161001,    0,    0
 11348, 73123,20161002,    0,    0
 11348, 73123,20161003,    0,    0
 11348, 73123,20161004,    0,    0
 11348, 73123,20161005,    0,    0
 11348, 73123,20161006,    0,    0
 11348, 73123,20161007,    0,    0
 11348, 73123,20161008,    0,    0
 11348, 73123,20161009,    0,    0
 11348, 73123,20161010,    0,    0
 11348, 73123,20161011,    0,    0
 11348, 73123,20161012,   46,    0
 11348, 73123,20161013,  155,    0
 11348, 73123,20161014,   76,    0
 11348, 73123,20161015,    0,    0
 11348, 73123,20161016,    0,    0
 11348, 73123,20161017,    1,    0
 11348, 73123,20161018,    5,    0
 11348, 73123,20161019,    0,    0
 11348, 73123,20161020,    0,    0
 11348, 73123,20161021,    1,    0
 11348, 73123,20161022,   12,    0
 11348, 73123,20161023,    0,    0
 11348, 73123,20161024,    0,    0
 11348, 73123,20161025,    8,    0
 11348, 73123,20161026,    0,    0
 11348, 73123,20161027,    0,    0
 11348, 73123,20161028,    1,    0
 11348, 73123,20161029,    0,    0
 11348, 73123,20161030,    1,    0
 11348, 73123,20161031,    1,    0
 11348, 73123,20161101,    1,    0
 11348, 73123,20161102,    0,    0
 11348, 73123,20161103,    1,    0
 11348, 73123,20161104,    6,    0
 11348, 73123,20161105,   40,    0
 11348, 73123,20161106,    0,    0
 11348, 73123,20161107,    0,    0
 11348, 73123,20161108,    0,    0
 11348, 73123,20161109,    0,    0
 11348, 73123,20161110,    0,    0
 11348, 73123,20161111,    0,    0
 11348, 73123,20161112,    0,    0
 11348, 73123,20161113,    6,    0
 11348, 73123,20161114,    1,    0
 11348, 73123,20161115,    0,    0
 11348, 73123,20161116,    0,    0
 11348, 73123,20161117,    0,    0
 11348, 73123,20161118,    0,    0
 11348, 73123,20161119,    0,    0
 11348, 73123,20161120,   21,    0
 11348, 73123,20161121,  180,    0
 11348, 73123,20161122,   87,    0
 11348, 73123,20161123,  314,    0
 11348, 73123,20161124,    1,    0
 11348, 73123,20161125,    1,    0
 11348, 73123,20161126,   12,    0
 11348, 73123,20161127,  309,    0
 11348, 73123,20161128,   16,    0
 11348, 73123,20161129,    0,    0
 11348, 73123,20161130,    0,    0
 11348, 73123,20161201,    1,    0
 11348, 73123,20161202,    3,    0
 11348, 73123,20161203,    2,    0
 11348, 73123,20161204,   40,    0
 11348, 73123,20161205,    0,    0
 11348, 73123,20161206,    1,    0
 11348, 73123,20161207,    1,    0
 11348, 73123,20161208,    4,    0
 11348, 73123,20161209,    4,    0
 11348, 73123,20161210,    1,    0
 11348, 73123,20161211,    2,    0
 11348, 73123,20161212,    0,    0
 11348, 73123,20161213,    3,    0
 11348, 73123,20161214,    3,    0
 11348, 73123,20161215,   11,    0
 11348, 73123,20161216,  527,    0
 11348, 73123,20161217,    0,    0
 11348, 73123,20161218,    2,    0
 11348, 73123,20161219,   82,    0
 11348, 73123,20161220,    6,    0
 11348, 73123,20161221,    1,    0
 11348, 73123,20161222,    0,    0
 11348, 73123,20161223,    0,    0
 11348, 73123,20161224,    1,    0
 11348, 73123,20161225,    1,    0
 11348, 73123,20161226,    2,    0
 11348, 73123,20161227,    0,    0
 11348, 73123,20161228,    1,    0
 11348, 73123,20161229,    0,    0
 11348, 73123,20161230,    4,    0
 11348, 73123,20161231,    1,    0
 11348, 73123,20170101,    3,    0
 11348, 73123,20170102,    4,    0
 11348, 73123,20170103,    0,    0
 11348, 73123,20170104,    2,    0
 11348, 73123,20170105,    0,    0
 11348, 73123,20170106,    0,    0
 11348, 73123,20170107,    0,    0
 11348, 73123,20170108,    0,    0
 11348, 73123,20170109,    0,    0
 11348, 73123,20170110,    0,    0
 11348, 73123,20170111,    0,    0
 11348, 73123,20170112,    0,    0
 11348, 73123,20170113,    0,    0
 11348, 73123,20170114,    0,    0
 11348, 73123,20170115,    0,    0
 11348, 73123,20170116,    0,    0
 11348, 73123,20170117,    0,    0
 11348, 73123,20170118,    0,    0
 11348, 73123,20170119,    1,    0
 11348, 73123,20170120,  237,    0
 11348, 73123,20170121,   17,    0
 11348, 73123,20170122,   99,    0
 11348, 73123,20170123,   54,    0
 11348, 73123,20170124,    0,    0
 11348, 73123,20170125,    0,    0
 11348, 73123,20170126,    0,    0
 11348, 73123,20170127,  251,    0
 11348, 73123,20170128,   86,    0
 11348, 73123,20170129,    0,    0
 11348, 73123,20170130,    0,    0
 11348, 73123,20170131,    0,    0
 11348, 73123,20170201,    1,    0
 11348, 73123,20170202,   21,    0
 11348, 73123,20170203,    0,    0
 11348, 73123,20170204,    0,    0
 11348, 73123,20170205,   97,    0
 11348, 73123,20170206,    0,    0
 11348, 73123,20170207,    0,    0
 11348, 73123,20170208,    0,    0
 11348, 73123,20170209,    0,    0
 11348, 73123,20170210,    0,    0
 11348, 73123,20170211,    7,    0
 11348, 73123,20170212,    6,    0
 11348, 73123,20170213,  194,    0
 11348, 73123,20170214,    1,    0
 11348, 73123,20170215,    0,    0
 11348, 73123,20170216,    0,    0
 11348, 73123,20170217,    1,    0
 11348, 73123,20170218,    1,    0
 11348, 73123,20170219,    0,    0
 11348, 73123,20170220,    1,    0
 11348, 73123,20170221,    0,    0
 11348, 73123,20170222,    0,    0
 11348, 73123,20170223,    0,    0
 11348, 73123,20170224,   39,    0
 11348, 73123,20170225,    0,    0
 11348, 73123,20170226,    0,    0
 11348, 73123,20170227,    0,    0
 11348, 73123,20170228,    0,    0
 11348, 73123,20170301,    0,    0
 11348, 73123,20170302,    0,    0
 11348, 73123,20170303,  175,    0
 11348, 73123,20170304,   81,    0
 11348, 73123,20170305,    0,    0
 11348, 73123,20170306,    0,    0
 11348, 73123,20170307,    0,    0
 11348, 73123,20170308,    0,    0
 11348, 73123,20170309,    0,    0
 11348, 73123,20170310,    0,    0
 11348, 73123,20170311,    0,    0
 11348, 73123,20170312,    3,    0
 11348, 73123,20170313,   50,    0
 11348, 73123,20170314,    0,    0
 11348, 73123,20170315,    0,    0
 11348, 73123,20170316,    0,    0
 11348, 73123,20170317,    0,    0
 11348, 73123,20170318,    0,    0
 11348, 73123,20170319,    0,    0
 11348, 73123,20170320,    0,    0
 11348, 73123,20170321,    0,    0
 11348, 73123,20170322,    0,    0
 11348, 73123,20170323,    0,    0
 11348, 73123,20170324,   81,    0
 11348, 73123,20170325,   16,    0
 11348, 73123,20170326,    0,    0
 11348, 73123,20170327,   53,    0
 11348, 73123,20170328,    1,    0
 11348, 73123,20170329,    0,    0
 11348, 73123,20170330,    0,    0
 11348, 73123,20170331,   62,    0
 11348, 73123,20170401,    0,    0
 11348, 73123,20170402,    0,    0
 11348, 73123,20170403,    0,    0
 11348, 73123,20170404,    0,    0
 11348, 73123,20170405,    0,    0
 11348, 73123,20170406,    0,    0
 11348, 73123,20170407,    0,    0
 11348, 73123,20170408,    0,    0
 11348, 73123,20170409,    0,    0
 11348, 73123,20170410,    0,    0
 11348, 73123,20170411,    0,    0
 11348, 73123,20170412,    0,    0
 11348, 73123,20170413,    0,    0
 11348, 73123,20170414,    0,    0
 11348, 73123,20170415,    0,    0
 11348, 73123,20170416,    0,    0
 11348, 73123,20170417,    0,    0
 11348, 73123,20170418,    0,    0
 11348, 73123,20170419,    3,    0
 11348, 73123,20170420,    0,    0
 11348, 73123,20170421,    0,    0
 11348, 73123,20170422,    0,    0
 11348, 73123,20170423,    0,    0
 11348, 73123,20170424,    0,    0
 11348, 73123,20170425,   24,    0
 11348, 73123,20170426,   14,    0
 11348, 73123,20170427,  122,    0
 11348, 73123,20170428,    0,    0
 11348, 73123,20170429,   11,    0
 11348, 73123,20170430,    8,    0
 11348, 73123,20170501,    0,    0
 11348, 73123,20170502,    0,    0
 11348, 73123,20170503,    0,    0
 11348, 73123,20170504,    0,    0
 11348, 73123,20170505,    0,    0
 11348, 73123,20170506,    0,    0
 11348, 73123,20170507,    0,    0
 11348, 73123,20170508,    0,    0
 11348, 73123,20170509,   20,    0
 11348, 73123,20170510,    1,    0
 11348, 73123,20170511,   64,    0
 11348, 73123,20170512,    1,    0
 11348, 73123,20170513,   13,    0
 11348, 73123,20170514,    0,    0
 11348, 73123,20170515,    0,    0
 11348, 73123,20170516,    0,    0
 11348, 73123,20170517,    0,    0
 11348, 73123,20170518,   91,    0
 11348, 73123,20170519,    0,    0
 11348, 73123,20170520,    0,    0
 11348, 73123,20170521,    0,    0
 11348, 73123,20170522,    0,    0
 11348, 73123,20170523,    0,    0
 11348, 73123,20170524,    0,    0
 11348, 73123,20170525,    0,    0
 11348, 73123,20170526,    0,    0
 11348, 73123,20170527,    0,    0
 11348, 73123,20170528,    0,    0
 11348, 73123,20170529,    0,    0
 11348, 73123,20170530,    0,    0
 11348, 73123,20170531,    0,    0
 11348, 73123,20170601,    0,    0
 11348, 73123,20170602,    0,    0
 11348, 73123,20170603,   78,    0
 11348, 73123,20170604,  117,    0
 11348, 73123,20170605,   19,    0
 11348, 73123,20170606,    0,    0
 11348, 73123,20170607,    0,    0
 11348, 73123,20170608,    0,    0
 11348, 73123,20170609,    0,    0
 11348, 73123,20170610,    0,    0
 11348, 73123,20170611,    0,    0
 11348, 73123,20170612,    0,    0
 11348, 73123,20170613,    0,    0
 11348, 73123,20170614,    0,    0
 11348, 73123,20170615,    0,    0
 11348, 73123,20170616,    0,    0
 11348, 73123,20170617,    0,    0
 11348, 73123,20170618,    0,    0
 11348, 73123,20170619,    0,    0
 11348, 73123,20170620,    0,    0
 11348, 73123,20170621,    0,    0
 11348, 73123,20170622,    0,    0
 11348, 73123,20170623,    0,    0
 11348, 73123,20170624,    0,    0
 11348, 73123,20170625,    0,    0
 11348, 73123,20170626,    1,    0
 11348, 73123,20170627,   24,    0
 11348, 73123,20170628,    0,    0
 11348, 73123,20170629,    0,    0
 11348, 73123,20170630,    0,    0
 11348, 73123,20170701,    0,    0
 11348, 73123,20170702,    0,    0
 11348, 73123,20170703,    0,    0
 11348, 73123,20170704,    0,    0
 11348, 73123,20170705,    0,    0
 11348, 73123,20170706,    0,    0
 11348, 73123,20170707,    0,    0
 11348, 73123,20170708,    0,    0
 11348, 73123,20170709,    0,    0
 11348, 73123,20170710,    0,    0
 11348, 73123,20170711,    0,    0
 11348, 73123,20170712,    0,    0
 11348, 73123,20170713,    0,    0
 11348, 73123,20170714,    0,    0
 11348, 73123,20170715,    0,    0
 11348, 73123,20170716,    0,    0
 11348, 73123,20170717,    0,    0
 11348, 73123,20170718,    0,    0
 11348, 73123,20170719,    0,    0
 11348, 73123,20170720,    0,    0
 11348, 73123,20170721,   37,    0
 11348, 73123,20170722,    0,    0
 11348, 73123,20170723,  187,    0
 11348, 73123,20170724,    0,    0
 11348, 73123,20170725,    0,    0
 11348, 73123,20170726,    0,    0
 11348, 73123,20170727,    0,    0
 11348, 73123,20170728,    0,    0
 11348, 73123,20170729,    0,    0
 11348, 73123,20170730,    0,    0
 11348, 73123,20170731,    0,    0
 11348, 73123,20170801,    2,    0
 11348, 73123,20170802,    0,    0
 11348, 73123,20170803,    0,    0
 11348, 73123,20170804,    0,    0
 11348, 73123,20170805,    0,    0
 11348, 73123,20170806,    0,    0
 11348, 73123,20170807,    1,    0
 11348, 73123,20170808,    0,    0
 11348, 73123,20170809,   11,    0
 11348, 73123,20170810,    0,    0
 11348, 73123,20170811,    0,    0
 11348, 73123,20170812,    0,    0
 11348, 73123,20170813,    0,    0
 11348, 73123,20170814,    0,    0
 11348, 73123,20170815,    6,    0
 11348, 73123,20170816,    0,    0
 11348, 73123,20170817,    0,    0
 11348, 73123,20170818,    0,    0
 11348, 73123,20170819,    0,    0
 11348, 73123,20170820,    0,    0
 11348, 73123,20170821,    0,    0
 11348, 73123,20170822,    0,    0
 11348, 73123,20170823,    0,    0
 11348, 73123,20170824,    2,    0
 11348, 73123,20170825,    0,    0
 11348, 73123,20170826,    0,    0
 11348, 73123,20170827,    0,    0
 11348, 73123,20170828,    0,    0
 11348, 73123,20170829,   13,    0
 11348, 73123,20170830,   43,    0
 11348, 73123,20170831,    3,    0
 11348, 73123,20170901,    0,    0
 11348, 73123,20170902,    0,    0
 11348, 73123,20170903,    8,    0
 11348, 73123,20170904,    0,    0
 11348, 73123,20170905,    0,    0
 11348, 73123,20170906,    0,    0
 11348, 73123,20170907,    0,    0
 11348, 73123,20170908,    0,    0
 11348, 73123,20170909,   70,    0
 11348, 73123,20170910,    0,    0
 11348, 73123,20170911,    0,    0
 11348, 73123,20170912,    0,    0
 11348, 73123,20170913,    0,    0
 11348, 73123,20170914,    0,    0
 11348, 73123,20170915,   98,    0
 11348, 73123,20170916,    0,    0
 11348, 73123,20170917,    0,    0
 11348, 73123,20170918,    0,    0
 11348, 73123,20170919,    0,    0
 11348, 73123,20170920,    0,    0
 11348, 73123,20170921,    0,    0
 11348, 73123,20170922,   40,    0
 11348, 73123,20170923,    1,    0
 11348, 73123,20170924,    1,    0
 11348, 73123,20170925,    0,    0
 11348, 73123,20170926,    0,    0
 11348, 73123,20170927,    0,    0
 11348, 73123,20170928,    0,    0
 11348, 73123,20170929,    0,    0
 11348, 73123,20170930,    2,    0
 11348, 73123,20171001,    0,    0
 11348, 73123,20171002,    0,    0
 11348, 73123,20171003,    0,    0
 11348, 73123,20171004,    0,    0
 11348, 73123,20171005,    0,    0
 11348, 73123,20171006,    0,    0
 11348, 73123,20171007,    0,    0
 11348, 73123,20171008,    0,    0
 11348, 73123,20171009,    0,    0
 11348, 73123,20171010,    0,    0
 11348, 73123,20171011,    0,    0
 11348, 73123,20171012,    0,    0
 11348, 73123,20171013,    0,    0
 11348, 73123,20171014,    0,    0
 11348, 73123,20171015,    0,    0
 11348, 73123,20171016,    0,    0
 11348, 73123,20171017,    0,    0
 11348, 73123,20171018,  332,    0
 11348, 73123,20171019,   66,    0
 11348, 73123,20171020,    0,    0
 11348, 73123,20171021,    0,    0
 11348, 73123,20171022,    0,    0
 11348, 73123,20171023,    0,    0
 11348, 73123,20171024,    0,    0
 11348, 73123,20171025,    0,    0
 11348, 73123,20171026,    0,    0
 11348, 73123,20171027,    0,    0
 11348, 73123,20171028,    0,    0
 11348, 73123,20171029,    0,    0
 11348, 73123,20171030,    0,    0
 11348, 73123,20171031,    0,    0
 11348, 73123,20171101,    0,    0
 11348, 73123,20171102,    0,    0
 11348, 73123,20171103,    0,    0
 11348, 73123,20171104,  302,    0
 11348, 73123,20171105,    0,    0
 11348, 73123,20171106,    0,    0
 11348, 73123,20171107,    0,    0
 11348, 73123,20171108,    0,    0
 11348, 73123,20171109,    0,    0
 11348, 73123,20171110,    0,    0
 11348, 73123,20171111,    0,    0
 11348, 73123,20171112,    0,    0
 11348, 73123,20171113,    0,    0
 11348, 73123,20171114,    0,    0
 11348, 73123,20171115,    0,    0
 11348, 73123,20171116,    0,    0
 11348, 73123,20171117,    0,    0
 11348, 73123,20171118,    0,    0
 11348, 73123,20171119,    0,    0
 11348, 73123,20171120,    0,    0
 11348, 73123,20171121,    0,    0
 11348, 73123,20171122,    0,    0
 11348, 73123,20171123,    2,    0
 11348, 73123,20171124,    0,    0
 11348, 73123,20171125,    0,    0
 11348, 73123,20171126,    0,    0
 11348, 73123,20171127,    0,    0
 11348, 73123,20171128,    0,    0
 11348, 73123,20171129,    0,    0
 11348, 73123,20171130,    0,    0
 11348, 73123,20171201,    4,    0
 11348, 73123,20171202,    0,    0
 11348, 73123,20171203,    0,    0
 11348, 73123,20171204,    0,    0
 11348, 73123,20171205,    0,    0
 11348, 73123,20171206,    0,    0
 11348, 73123,20171207,    0,    0
 11348, 73123,20171208,    0,    0
 11348, 73123,20171209,    3,    0
 11348, 73123,20171210,    0,    0
 11348, 73123,20171211,   28,    0
 11348, 73123,20171212,    0,    0
 11348, 73123,20171213,    0,    0
 11348, 73123,20171214,    0,    0
 11348, 73123,20171215,    0,    0
 11348, 73123,20171216,    0,    0
 11348, 73123,20171217,    0,    0
 11348, 73123,20171218,    0,    0
 11348, 73123,20171219,    0,    0
 11348, 73123,20171220,    0,    0
 11348, 73123,20171221,    0,    0
 11348, 73123,20171222,    0,    0
 11348, 73123,20171223,    0,    0
 11348, 73123,20171224,    2,    0
 11348, 73123,20171225,    2,    0
 11348, 73123,20171226,    2,    0
 11348, 73123,20171227,   46,    0
 11348, 73123,20171228,    5,    0
 11348, 73123,20171229,    1,    0
 11348, 73123,20171230,    0,    0
 11348, 73123,20171231,    0,    0
 11348, 73123,20180101,    0,    0
 11348, 73123,20180102,    0,    0
 11348, 73123,20180103,    0,    0
 11348, 73123,20180104,    0,    0
 11348, 73123,20180105,    0,    0
 11348, 73123,20180106,   12,    0
 11348, 73123,20180107,   36,    0
 11348, 73123,20180108,    0,    0
 11348, 73123,20180109,    1,    0
 11348, 73123,20180110,    0,    0
 11348, 73123,20180111,    0,    0
 11348, 73123,20180112,    0,    0
 11348, 73123,20180113,    0,    0
 11348, 73123,20180114,    0,    0
 11348, 73123,20180115,    0,    0
 11348, 73123,20180116,    0,    0
 11348, 73123,20180117,    0,    0
 11348, 73123,20180118,    0,    0
 11348, 73123,20180119,    0,    0
 11348, 73123,20180120,    0,    0
 11348, 73123,20180121,    0,    0
 11348, 73123,20180122,    0,    0
 11348, 73123,20180123,    0,    0
 11348, 73123,20180124,    0,    0
 11348, 73123,20180125,   19,    0
 11348, 73123,20180126,  133,    0
 11348, 73123,20180127,    0,    0
 11348, 73123,20180128,    0,    0
 11348, 73123,20180129,    0,    0
 11348, 73123,20180130,    0,    0
 11348, 73123,20180131,    0,    0
 11348, 73123,20180201,    1,    0
 11348, 73123,20180202,    0,    0
 11348, 73123,20180203,    0,    0
 11348, 73123,20180204,  243,    0
 11348, 73123,20180205,  158,    0
 11348, 73123,20180206,  134,    0
 11348, 73123,20180207,    0,    0
 11348, 73123,20180208,    0,    0
 11348, 73123,20180209,    0,    0
 11348, 73123,20180210,    0,    0
 11348, 73123,20180211,    0,    0
 11348, 73123,20180212,    0,    0
 11348, 73123,20180213,    0,    0
 11348, 73123,20180214,    3,    0
 11348, 73123,20180215,    0,    0
 11348, 73123,20180216,    0,    0
 11348, 73123,20180217,    0,    0
 11348, 73123,20180218,    0,    0
 11348, 73123,20180219,    0,    0
 11348, 73123,20180220,    0,    0
 11348, 73123,20180221,    0,    0
 11348, 73123,20180222,    0,    0
 11348, 73123,20180223,    0,    0
 11348, 73123,20180224,    0,    0
 11348, 73123,20180225,    0,    0
 11348, 73123,20180226,    0,    0
 11348, 73123,20180227,   40,    0
 11348, 73123,20180228,  113,    0
 11348, 73123,20180301,    6,    0
 11348, 73123,20180302,   13,    0
 11348, 73123,20180303,    0,    0
 11348, 73123,20180304,    0,    0
 11348, 73123,20180305,   71,    0
 11348, 73123,20180306,    6,    0
 11348, 73123,20180307,    0,    0
 11348, 73123,20180308,    0,    0
 11348, 73123,20180309,   13,    0
 11348, 73123,20180310,   36,    0
 11348, 73123,20180311,    1,    0
 11348, 73123,20180312,    3,    0
 11348, 73123,20180313,    5,    0
 11348, 73123,20180314,    0,    0
 11348, 73123,20180315,   14,    0
 11348, 73123,20180316,    0,    0
 11348, 73123,20180317,   65,    0
 11348, 73123,20180318,    0,    0
 11348, 73123,20180319,   51,    0
 11348, 73123,20180320,    0,    0
 11348, 73123,20180321,    0,    0
 11348, 73123,20180322,    0,    0
 11348, 73123,20180323,    2,    0
 11348, 73123,20180324,   98,    0
 11348, 73123,20180325,    1,    0
 11348, 73123,20180326,    0,    0
 11348, 73123,20180327,    0,    0
 11348, 73123,20180328,    0,    0
 11348, 73123,20180329,    0,    0
 11348, 73123,20180330,   13,    0
 11348, 73123,20180331,    2,    0
 11348, 73123,20180401,    0,    0
 11348, 73123,20180402,    0,    0
 11348, 73123,20180403,    0,    0
 11348, 73123,20180404,    0,    0
 11348, 73123,20180405,    0,    0
 11348, 73123,20180406,    0,    0
 11348, 73123,20180407,   26,    0
 11348, 73123,20180408,  114,    0
 11348, 73123,20180409,   26,    0
 11348, 73123,20180410,  155,    0
 11348, 73123,20180411,  195,    0
 11348, 73123,20180412,    0,    0
 11348, 73123,20180413,   52,    0
 11348, 73123,20180414,    2,    0
 11348, 73123,20180415,    0,    0
 11348, 73123,20180416,   50,    0
 11348, 73123,20180417,    1,    0
 11348, 73123,20180418,    0,    0
 11348, 73123,20180419,    0,    0
 11348, 73123,20180420,    0,    0
 11348, 73123,20180421,    0,    0
 11348, 73123,20180422,    0,    0
 11348, 73123,20180423,    0,    0
 11348, 73123,20180424,    0,    0
 11348, 73123,20180425,    0,    0
 11348, 73123,20180426,    0,    0
 11348, 73123,20180427,   10,    0
 11348, 73123,20180428,    0,    0
 11348, 73123,20180429,  101,    0
 11348, 73123,20180430,    1,    0
 11348, 73123,20180501,    4,    0
 11348, 73123,20180502,    1,    0
 11348, 73123,20180503,    0,    0
 11348, 73123,20180504,    1,    0
 11348, 73123,20180505,    0,    0
 11348, 73123,20180506,    0,    0
 11348, 73123,20180507,    0,    0
 11348, 73123,20180508,    6,    0
 11348, 73123,20180509,    1,    0
 11348, 73123,20180510,    0,    0
 11348, 73123,20180511,    0,    0
 11348, 73123,20180512,  199,    0
 11348, 73123,20180513,    0,    0
 11348, 73123,20180514,    0,    0
 11348, 73123,20180515,    0,    0
 11348, 73123,20180516,    0,    0
 11348, 73123,20180517,    0,    0
 11348, 73123,20180518,    5,    0
 11348, 73123,20180519,    3,    0
 11348, 73123,20180520,  270,    0
 11348, 73123,20180521,    0,    0
 11348, 73123,20180522,    0,    0
 11348, 73123,20180523,    1,    0
 11348, 73123,20180524,    0,    0
 11348, 73123,20180525,    1,    0
 11348, 73123,20180526,    0,    0
 11348, 73123,20180527,    0,    0
 11348, 73123,20180528,  766,    0
 11348, 73123,20180529,    0,    0
 11348, 73123,20180530,  400,    0
 11348, 73123,20180531,    1,    0
 11348, 73123,20180601,    0,    0
 11348, 73123,20180602,    0,    0
 11348, 73123,20180603,   10,    0
 11348, 73123,20180604,    0,    0
 11348, 73123,20180605,    0,    0
 11348, 73123,20180606,   18,    0
 11348, 73123,20180607,    0,    0
 11348, 73123,20180608,    0,    0
 11348, 73123,20180609,    0,    0
 11348, 73123,20180610,    0,    0
 11348, 73123,20180611,    0,    0
 11348, 73123,20180612,    0,    0
 11348, 73123,20180613,    0,    0
 11348, 73123,20180614,    0,    0
 11348, 73123,20180615,    0,    0
 11348, 73123,20180616,    0,    0
 11348, 73123,20180617,    0,    0
 11348, 73123,20180618,    0,    0
 11348, 73123,20180619,    0,    0
 11348, 73123,20180620,    0,    0
 11348, 73123,20180621,    0,    0
 11348, 73123,20180622,    0,    0
 11348, 73123,20180623,    0,    0
 11348, 73123,20180624,    0,    0
 11348, 73123,20180625,    0,    0
 11348, 73123,20180626,    0,    0
 11348, 73123,20180627,    0,    0
 11348, 73123,20180628,    0,    0
 11348, 73123,20180629,    0,    0
 11348, 73123,20180630,    0,    0
 11348, 73123,20180701,    0,    0
 11348, 73123,20180702,    0,    0
 11348, 73123,20180703,    0,    0
 11348, 73123,20180704,    0,    0
 11348, 73123,20180705,    0,    0
 11348, 73123,20180706,    0,    0
 11348, 73123,20180707,    0,    0
 11348, 73123,20180708,    0,    0
 11348, 73123,20180709,   11,    0
 11348, 73123,20180710,    0,    0
 11348, 73123,20180711,   63,    0
 11348, 73123,20180712,    0,    0
 11348, 73123,20180713,    0,    0
 11348, 73123,20180714,    0,    0
 11348, 73123,20180715,    0,    0
 11348, 73123,20180716,    0,    0
 11348, 73123,20180717,    0,    0
 11348, 73123,20180718,    0,    0
 11348, 73123,20180719,    0,    0
 11348, 73123,20180720,   11,    0
 11348, 73123,20180721,    0,    0
 11348, 73123,20180722,   27,    0
 11348, 73123,20180723,    0,    0
 11348, 73123,20180724,    0,    0
 11348, 73123,20180725,    0,    0
 11348, 73123,20180726,    0,    0
 11348, 73123,20180727,    0,    0
 11348, 73123,20180728,    0,    0
 11348, 73123,20180729,    0,    0
 11348, 73123,20180730,    0,    0
 11348, 73123,20180731,    0,    0
 11348, 73123,20180801,    0,    0
 11348, 73123,20180802,    0,    0
 11348, 73123,20180803,    0,    0
 11348, 73123,20180804,    0,    0
 11348, 73123,20180805,    0,    0
 11348, 73123,20180806,    0,    0
 11348, 73123,20180807,    0,    0
 11348, 73123,20180808,    0,    0
 11348, 73123,20180809,  702,    0
 11348, 73123,20180810,    0,    0
 11348, 73123,20180811,    0,    0
 11348, 73123,20180812,    0,    0
 11348, 73123,20180813,    0,    0
 11348, 73123,20180814,    0,    0
 11348, 73123,20180815,    0,    0
 11348, 73123,20180816,    0,    0
 11348, 73123,20180817,   94,    0
 11348, 73123,20180818,    0,    0
 11348, 73123,20180819,    0,    0
 11348, 73123,20180820,    0,    0
 11348, 73123,20180821,    0,    0
 11348, 73123,20180822,    0,    0
 11348, 73123,20180823,    1,    0
 11348, 73123,20180824,    0,    0
 11348, 73123,20180825,    0,    0
 11348, 73123,20180826,    0,    0
 11348, 73123,20180827,    0,    0
 11348, 73123,20180828,   40,    0
 11348, 73123,20180829,    0,    0
 11348, 73123,20180830,    0,    0
 11348, 73123,20180831,    0,    0
 11348, 73123,20180901,    0,    0
 11348, 73123,20180902,    0,    0
 11348, 73123,20180903,    0,    0
 11348, 73123,20180904,    0,    0
 11348, 73123,20180905,  112,    0
 11348, 73123,20180906,    0,    0
 11348, 73123,20180907,    0,    0
 11348, 73123,20180908,    0,    0
 11348, 73123,20180909,    0,    0
 11348, 73123,20180910,    0,    0
 11348, 73123,20180911,    1,    0
 11348, 73123,20180912,    0,    0
 11348, 73123,20180913,    0,    0
 11348, 73123,20180914,    0,    0
 11348, 73123,20180915,  109,    0
 11348, 73123,20180916,    1,    0
 11348, 73123,20180917,    5,    0
 11348, 73123,20180918,   39,    0
 11348, 73123,20180919,    0,    0
 11348, 73123,20180920,    0,    0
 11348, 73123,20180921,    0,    0
 11348, 73123,20180922,    0,    0
 11348, 73123,20180923,    0,    0
 11348, 73123,20180924,    0,    0
 11348, 73123,20180925,    0,    0
 11348, 73123,20180926,    0,    0
 11348, 73123,20180927,    0,    0
 11348, 73123,20180928,    0,    0
 11348, 73123,20180929,    0,    0
 11348, 73123,20180930,    0,    0
 11348, 73123,20181001,    0,    0
 11348, 73123,20181002,    0,    0
 11348, 73123,20181003,    0,    0
 11348, 73123,20181004,    0,    0
 11348, 73123,20181005,    0,    0
 11348, 73123,20181006,    0,    0
 11348, 73123,20181007,    0,    0
 11348, 73123,20181008,   29,    0
 11348, 73123,20181009,   50,    0
 11348, 73123,20181010,    0,    0
 11348, 73123,20181011,    0,    0
 11348, 73123,20181012,    0,    0
 11348, 73123,20181013,    0,    0
 11348, 73123,20181014,  642,    0
 11348, 73123,20181015,   34,    0
 11348, 73123,20181016,    1,    0
 11348, 73123,20181017,    3,    0
 11348, 73123,20181018,  281,    0
 11348, 73123,20181019,  769,    0
 11348, 73123,20181020,    3,    0
 11348, 73123,20181021,    2,    0
 11348, 73123,20181022,    0,    0
 11348, 73123,20181023,    0,    0
 11348, 73123,20181024,    0,    0
 11348, 73123,20181025,    0,    0
 11348, 73123,20181026,   10,    0
 11348, 73123,20181027,   93,    0
 11348, 73123,20181028,    0,    0
 11348, 73123,20181029,    0,    0
 11348, 73123,20181030,   61,    0
 11348, 73123,20181031,  596,    0
 11348, 73123,20181101,    0,    0
 11348, 73123,20181102,    2,    0
 11348, 73123,20181103,    0,    0
 11348, 73123,20181104,    0,    0
 11348, 73123,20181105,  178,    0
 11348, 73123,20181106,    0,    0
 11348, 73123,20181107,    0,    0
 11348, 73123,20181108,   11,    0
 11348, 73123,20181109,  175,    0
 11348, 73123,20181110,    0,    0
 11348, 73123,20181111,    0,    0
 11348, 73123,20181112,    0,    0
 11348, 73123,20181113,    0,    0
 11348, 73123,20181114,    0,    0
 11348, 73123,20181115,  233,    0
 11348, 73123,20181116,   49,    0
 11348, 73123,20181117,    0,    0
 11348, 73123,20181118,   74,    0
 11348, 73123,20181119,    5,    0
 11348, 73123,20181120,   93,    0
 11348, 73123,20181121,    1,    0
 11348, 73123,20181122,    0,    0
 11348, 73123,20181123,   44,    0
 11348, 73123,20181124,    1,    0
 11348, 73123,20181125,    6,    0
 11348, 73123,20181126,   69,    0
 11348, 73123,20181127,    0,    0
 11348, 73123,20181128,    0,    0
 11348, 73123,20181129,    0,    0
 11348, 73123,20181130,   29,    0
 11348, 73123,20181201,    0,    0
 11348, 73123,20181202,    0,    0
 11348, 73123,20181203,    0,    0
 11348, 73123,20181204,    0,    0
 11348, 73123,20181205,    2,    0
 11348, 73123,20181206,    2,    0
 11348, 73123,20181207,    0,    0
 11348, 73123,20181208,    0,    0
 11348, 73123,20181209,    0,    0
 11348, 73123,20181210,    0,    0
 11348, 73123,20181211,    0,    0
 11348, 73123,20181212,    0,    0
 11348, 73123,20181213,  102,    0
 11348, 73123,20181214,    0,    0
 11348, 73123,20181215,    0,    0
 11348, 73123,20181216,    0,    0
 11348, 73123,20181217,    0,    0
 11348, 73123,20181218,    0,    0
 11348, 73123,20181219,    7,    0
 11348, 73123,20181220,    0,    0
 11348, 73123,20181221,    0,    0
 11348, 73123,20181222,    0,    0
 11348, 73123,20181223,    0,    0
 11348, 73123,20181224,    1,    0
 11348, 73123,20181225,    1,    0
 11348, 73123,20181226,    2,    0
 11348, 73123,20181227,    2,    0
 11348, 73123,20181228,    0,    0
 11348, 73123,20181229,    0,    0
 11348, 73123,20181230,    1,    0
 11348, 73123,20181231,    0,    0
 11348, 73123,20190101,    0,    0
 11348, 73123,20190102,   55,    0
 11348, 73123,20190103,    0,    0
 11348, 73123,20190104,    1,    0
 11348, 73123,20190105,    0,    0
 11348, 73123,20190106,    0,    0
 11348, 73123,20190107,-9999,    9
 11348, 73123,20190108,-9999,    9
 11348, 73123,20190109,-9999,    9
 11348, 73123,20190110,-9999,    9
 11348, 73123,20190111,-9999,    9
 11348, 73123,20190112,-9999,    9
 11348, 73123,20190113,-9999,    9
 11348, 73123,20190114,-9999,    9
 11348, 73123,20190115,-9999,    9
 11348, 73123,20190116,-9999,    9
 11348, 73123,20190117,-9999,    9
 11348, 73123,20190118,-9999,    9
 11348, 73123,20190119,-9999,    9
 11348, 73123,20190120,-9999,    9
 11348, 73123,20190121,-9999,    9
 11348, 73123,20190122,-9999,    9
 11348, 73123,20190123,-9999,    9
 11348, 73123,20190124,-9999,    9
 11348, 73123,20190125,-9999,    9
 11348, 73123,20190126,-9999,    9
 11348, 73123,20190127,-9999,    9
 11348, 73123,20190128,-9999,    9
 11348, 73123,20190129,-9999,    9
 11348, 73123,20190130,-9999,    9
 11348, 73123,20190131,-9999,    9
 11348, 73123,20190201,    0,    0
 11348, 73123,20190202,    0,    0
 11348, 73123,20190203,    0,    0
 11348, 73123,20190204,    0,    0
 11348, 73123,20190205,   26,    0
 11348, 73123,20190206,    0,    0
 11348, 73123,20190207,-9999,    9
 11348, 73123,20190208,-9999,    9
 11348, 73123,20190209,-9999,    9
 11348, 73123,20190210,-9999,    9
 11348, 73123,20190211,-9999,    9
 11348, 73123,20190212,-9999,    9
 11348, 73123,20190213,-9999,    9
 11348, 73123,20190214,-9999,    9
 11348, 73123,20190215,-9999,    9
 11348, 73123,20190216,-9999,    9
 11348, 73123,20190217,-9999,    9
 11348, 73123,20190218,-9999,    9
 11348, 73123,20190219,-9999,    9
 11348, 73123,20190220,-9999,    9
 11348, 73123,20190221,-9999,    9
 11348, 73123,20190222,-9999,    9
 11348, 73123,20190223,-9999,    9
 11348, 73123,20190224,-9999,    9
 11348, 73123,20190225,-9999,    9
 11348, 73123,20190226,-9999,    9
 11348, 73123,20190227,-9999,    9
 11348, 73123,20190228,-9999,    9
 11348, 73123,20190301,    0,    0
 11348, 73123,20190302,    0,    0
 11348, 73123,20190303,    0,    0
 11348, 73123,20190304,    0,    0
 11348, 73123,20190305,   15,    0
 11348, 73123,20190306,    0,    0
 11348, 73123,20190307,-9999,    9
 11348, 73123,20190308,-9999,    9
 11348, 73123,20190309,-9999,    9
 11348, 73123,20190310,-9999,    9
 11348, 73123,20190311,-9999,    9
 11348, 73123,20190312,-9999,    9
 11348, 73123,20190313,-9999,    9
 11348, 73123,20190314,-9999,    9
 11348, 73123,20190315,-9999,    9
 11348, 73123,20190316,-9999,    9
 11348, 73123,20190317,-9999,    9
 11348, 73123,20190318,-9999,    9
 11348, 73123,20190319,-9999,    9
 11348, 73123,20190320,-9999,    9
 11348, 73123,20190321,-9999,    9
 11348, 73123,20190322,-9999,    9
 11348, 73123,20190323,-9999,    9
 11348, 73123,20190324,-9999,    9
 11348, 73123,20190325,-9999,    9
 11348, 73123,20190326,-9999,    9
 11348, 73123,20190327,-9999,    9
 11348, 73123,20190328,-9999,    9
 11348, 73123,20190329,-9999,    9
 11348, 73123,20190330,-9999,    9
 11348, 73123,20190331,-9999,    9
 11348, 73123,20190401,    0,    0
 11348, 73123,20190402,    0,    0
 11348, 73123,20190403,    0,    0
 11348, 73123,20190404,    0,    0
 11348, 73123,20190405,    0,    0
 11348, 73123,20190406,    0,    0
 11348, 73123,20190407,-9999,    9
 11348, 73123,20190408,-9999,    9
 11348, 73123,20190409,-9999,    9
 11348, 73123,20190410,-9999,    9
 11348, 73123,20190411,-9999,    9
 11348, 73123,20190412,-9999,    9
 11348, 73123,20190413,-9999,    9
 11348, 73123,20190414,-9999,    9
 11348, 73123,20190415,-9999,    9
 11348, 73123,20190416,-9999,    9
 11348, 73123,20190417,-9999,    9
 11348, 73123,20190418,-9999,    9
 11348, 73123,20190419,-9999,    9
 11348, 73123,20190420,-9999,    9
 11348, 73123,20190421,-9999,    9
 11348, 73123,20190422,-9999,    9
 11348, 73123,20190423,-9999,    9
 11348, 73123,20190424,-9999,    9
 11348, 73123,20190425,-9999,    9
 11348, 73123,20190426,-9999,    9
 11348, 73123,20190427,-9999,    9
 11348, 73123,20190428,-9999,    9
 11348, 73123,20190429,-9999,    9
 11348, 73123,20190430,-9999,    9
 11348, 73123,20190501,    0,    0
 11348, 73123,20190502,    0,    0
 11348, 73123,20190503,    0,    0
 11348, 73123,20190504,   21,    0
 11348, 73123,20190505,    0,    0
 11348, 73123,20190506,    0,    0
 11348, 73123,20190507,-9999,    9
 11348, 73123,20190508,-9999,    9
 11348, 73123,20190509,-9999,    9
 11348, 73123,20190510,-9999,    9
 11348, 73123,20190511,-9999,    9
 11348, 73123,20190512,-9999,    9
 11348, 73123,20190513,-9999,    9
 11348, 73123,20190514,-9999,    9
 11348, 73123,20190515,-9999,    9
 11348, 73123,20190516,-9999,    9
 11348, 73123,20190517,-9999,    9
 11348, 73123,20190518,-9999,    9
 11348, 73123,20190519,-9999,    9
 11348, 73123,20190520,-9999,    9
 11348, 73123,20190521,-9999,    9
 11348, 73123,20190522,-9999,    9
 11348, 73123,20190523,-9999,    9
 11348, 73123,20190524,-9999,    9
 11348, 73123,20190525,-9999,    9
 11348, 73123,20190526,-9999,    9
 11348, 73123,20190527,-9999,    9
 11348, 73123,20190528,-9999,    9
 11348, 73123,20190529,-9999,    9
 11348, 73123,20190530,-9999,    9
 11348, 73123,20190531,-9999,    9
 11348, 73123,20190601,    0,    0
 11348, 73123,20190602,    0,    0
 11348, 73123,20190603,    4,    0
 11348, 73123,20190604,    7,    0
 11348, 73123,20190605,    0,    0
 11348, 73123,20190606,    0,    0
 11348, 73123,20190607,-9999,    9
 11348, 73123,20190608,-9999,    9
 11348, 73123,20190609,-9999,    9
 11348, 73123,20190610,-9999,    9
 11348, 73123,20190611,-9999,    9
 11348, 73123,20190612,-9999,    9
 11348, 73123,20190613,-9999,    9
 11348, 73123,20190614,-9999,    9
 11348, 73123,20190615,-9999,    9
 11348, 73123,20190616,-9999,    9
 11348, 73123,20190617,-9999,    9
 11348, 73123,20190618,-9999,    9
 11348, 73123,20190619,-9999,    9
 11348, 73123,20190620,-9999,    9
 11348, 73123,20190621,-9999,    9
 11348, 73123,20190622,-9999,    9
 11348, 73123,20190623,-9999,    9
 11348, 73123,20190624,-9999,    9
 11348, 73123,20190625,-9999,    9
 11348, 73123,20190626,-9999,    9
 11348, 73123,20190627,-9999,    9
 11348, 73123,20190628,-9999,    9
 11348, 73123,20190629,-9999,    9
 11348, 73123,20190630,-9999,    9
 11348, 73123,20190701,    0,    0
 11348, 73123,20190702,    0,    0
 11348, 73123,20190703,    0,    0
 11348, 73123,20190704,    0,    0
 11348, 73123,20190705,    0,    0
 11348, 73123,20190706,    6,    0
 11348, 73123,20190707,    7,    0
 11348, 73123,20190708,   76,    0
 11348, 73123,20190709,  118,    0
 11348, 73123,20190710,    0,    0
 11348, 73123,20190711,    0,    0
 11348, 73123,20190712,    0,    0
 11348, 73123,20190713,    0,    0
 11348, 73123,20190714,    1,    0
 11348, 73123,20190715,    0,    0
 11348, 73123,20190716,    0,    0
 11348, 73123,20190717,    1,    0
 11348, 73123,20190718,    0,    0
 11348, 73123,20190719,    0,    0
 11348, 73123,20190720,    0,    0
 11348, 73123,20190721,    0,    0
 11348, 73123,20190722,    0,    0
 11348, 73123,20190723,    0,    0
 11348, 73123,20190724,    0,    0
 11348, 73123,20190725,    0,    0
 11348, 73123,20190726,    0,    0
 11348, 73123,20190727,    0,    0
 11348, 73123,20190728,    0,    0
 11348, 73123,20190729,    0,    0
 11348, 73123,20190730,    0,    0
 11348, 73123,20190731,    0,    0
 11348, 73123,20190801,    0,    0
 11348, 73123,20190802,    0,    0
 11348, 73123,20190803,    0,    0
 11348, 73123,20190804,    0,    0
 11348, 73123,20190805,    0,    0
 11348, 73123,20190806,    0,    0
 11348, 73123,20190807,    0,    0
 11348, 73123,20190808,    0,    0
 11348, 73123,20190809,    0,    0
 11348, 73123,20190810,    0,    0
 11348, 73123,20190811,    5,    0
 11348, 73123,20190812,    0,    0
 11348, 73123,20190813,    0,    0
 11348, 73123,20190814,    0,    0
 11348, 73123,20190815,    0,    0
 11348, 73123,20190816,    0,    0
 11348, 73123,20190817,    0,    0
 11348, 73123,20190818,    0,    0
 11348, 73123,20190819,    0,    0
 11348, 73123,20190820,  130,    0
 11348, 73123,20190821,    0,    0
 11348, 73123,20190822,    0,    0
 11348, 73123,20190823,    0,    0
 11348, 73123,20190824,    0,    0
 11348, 73123,20190825,    0,    0
 11348, 73123,20190826,    0,    0
 11348, 73123,20190827,  127,    0
 11348, 73123,20190828,    1,    0
 11348, 73123,20190829,    0,    0
 11348, 73123,20190830,    0,    0
 11348, 73123,20190831,    0,    0
 11348, 73123,20190901,    0,    0
 11348, 73123,20190902,    0,    0
 11348, 73123,20190903,    0,    0
 11348, 73123,20190904,    0,    0
 11348, 73123,20190905,    0,    0
 11348, 73123,20190906,    0,    0
 11348, 73123,20190907,    0,    0
 11348, 73123,20190908,    0,    0
 11348, 73123,20190909,    0,    0
 11348, 73123,20190910,   44,    0
 11348, 73123,20190911,  353,    0
 11348, 73123,20190912,    0,    0
 11348, 73123,20190913,   31,    0
 11348, 73123,20190914,    1,    0
 11348, 73123,20190915,    0,    0
 11348, 73123,20190916,    0,    0
 11348, 73123,20190917,    0,    0
 11348, 73123,20190918,    0,    0
 11348, 73123,20190919,    0,    0
 11348, 73123,20190920,    0,    0
 11348, 73123,20190921,  365,    0
 11348, 73123,20190922,    0,    0
 11348, 73123,20190923,    0,    0
 11348, 73123,20190924,    0,    0
 11348, 73123,20190925,    0,    0
 11348, 73123,20190926,    0,    0
 11348, 73123,20190927,    0,    0
 11348, 73123,20190928,    0,    0
 11348, 73123,20190929,    0,    0
 11348, 73123,20190930,    0,    0
 11348, 73123,20191001,    0,    0
 11348, 73123,20191002,    0,    0
 11348, 73123,20191003,    0,    0
 11348, 73123,20191004,    0,    0
 11348, 73123,20191005,    0,    0
 11348, 73123,20191006,    0,    0
 11348, 73123,20191007,    0,    0
 11348, 73123,20191008,    0,    0
 11348, 73123,20191009,    0,    0
 11348, 73123,20191010,    0,    0
 11348, 73123,20191011,    0,    0
 11348, 73123,20191012,    0,    0
 11348, 73123,20191013,    0,    0
 11348, 73123,20191014,    7,    0
 11348, 73123,20191015,    0,    0
 11348, 73123,20191016,    0,    0
 11348, 73123,20191017,    0,    0
 11348, 73123,20191018,    0,    0
 11348, 73123,20191019,    0,    0
 11348, 73123,20191020,   40,    0
 11348, 73123,20191021,    0,    0
 11348, 73123,20191022, 1622,    0
 11348, 73123,20191023,    6,    0
 11348, 73123,20191024,    0,    0
 11348, 73123,20191025,    0,    0
 11348, 73123,20191026,    0,    0
 11348, 73123,20191027,    0,    0
 11348, 73123,20191028,    0,    0
 11348, 73123,20191029,    3,    0
 11348, 73123,20191030,    0,    0
 11348, 73123,20191031,    0,    0
 11348, 73123,20191101,    7,    0
 11348, 73123,20191102,    1,    0
 11348, 73123,20191103,    7,    0
 11348, 73123,20191104,    8,    0
 11348, 73123,20191105,    2,    0
 11348, 73123,20191106,    0,    0
 11348, 73123,20191107,    0,    0
 11348, 73123,20191108,    0,    0
 11348, 73123,20191109,    1,    0
 11348, 73123,20191110,   10,    0
 11348, 73123,20191111,    0,    0
 11348, 73123,20191112,    0,    0
 11348, 73123,20191113,  126,    0
 11348, 73123,20191114,    6,    0
 11348, 73123,20191115,    1,    0
 11348, 73123,20191116,    0,    0
 11348, 73123,20191117,    7,    0
 11348, 73123,20191118,    0,    0
 11348, 73123,20191119,    0,    0
 11348, 73123,20191120,    0,    0
 11348, 73123,20191121,    1,    0
 11348, 73123,20191122,   96,    0
 11348, 73123,20191123,    3,    0
 11348, 73123,20191124,    0,    0
 11348, 73123,20191125,    0,    0
 11348, 73123,20191126,    0,    0
 11348, 73123,20191127,    0,    0
 11348, 73123,20191128,    0,    0
 11348, 73123,20191129,    0,    0
 11348, 73123,20191130,    0,    0
 11348, 73123,20191201,    0,    0
 11348, 73123,20191202,    1,    0
 11348, 73123,20191203,   30,    0
 11348, 73123,20191204,  520,    0
 11348, 73123,20191205,  252,    0
 11348, 73123,20191206,    3,    0
 11348, 73123,20191207,    4,    0
 11348, 73123,20191208,    1,    0
 11348, 73123,20191209,    0,    0
 11348, 73123,20191210,    0,    0
 11348, 73123,20191211,    0,    0
 11348, 73123,20191212,    4,    0
 11348, 73123,20191213,    0,    0
 11348, 73123,20191214,    0,    0
 11348, 73123,20191215,    0,    0
 11348, 73123,20191216,    0,    0
 11348, 73123,20191217,    0,    0
 11348, 73123,20191218,    0,    0
 11348, 73123,20191219,   18,    0
 11348, 73123,20191220,   82,    0
 11348, 73123,20191221,   10,    0
 11348, 73123,20191222,   12,    0
 11348, 73123,20191223,    0,    0
 11348, 73123,20191224,    0,    0
 11348, 73123,20191225,    0,    0
 11348, 73123,20191226,    0,    0
 11348, 73123,20191227,    0,    0
 11348, 73123,20191228,    1,    0
 11348, 73123,20191229,    1,    0
 11348, 73123,20191230,    4,    0
 11348, 73123,20191231,    1,    0
 11348, 73123,20200101,    0,    0
 11348, 73123,20200102,    1,    0
 11348, 73123,20200103,    4,    0
 11348, 73123,20200104,    0,    0
 11348, 73123,20200105,    1,    0
 11348, 73123,20200106,    2,    0
 11348, 73123,20200107,    1,    0
 11348, 73123,20200108,    0,    0
 11348, 73123,20200109,    2,    0
 11348, 73123,20200110,    1,    0
 11348, 73123,20200111,    0,    0
 11348, 73123,20200112,    0,    0
 11348, 73123,20200113,    0,    0
 11348, 73123,20200114,    2,    0
 11348, 73123,20200115,    0,    0
 11348, 73123,20200116,    0,    0
 11348, 73123,20200117,    1,    0
 11348, 73123,20200118,    0,    0
 11348, 73123,20200119,  328,    0
 11348, 73123,20200120,  281,    0
 11348, 73123,20200121, 1312,    0
 11348, 73123,20200122,  548,    0
 11348, 73123,20200123,  247,    0
 11348, 73123,20200124,    1,    0
 11348, 73123,20200125,    0,    0
 11348, 73123,20200126,    0,    0
 11348, 73123,20200127,    0,    0
 11348, 73123,20200128,    0,    0
 11348, 73123,20200129,    0,    0
 11348, 73123,20200130,    0,    0
 11348, 73123,20200131,    0,    0
 11348, 73123,20200201,    0,    0
 11348, 73123,20200202,    0,    0
 11348, 73123,20200203,    0,    0
 11348, 73123,20200204,    0,    0
 11348, 73123,20200205,    0,    0
 11348, 73123,20200206,    0,    0
 11348, 73123,20200207,    0,    0
 11348, 73123,20200208,    0,    0
 11348, 73123,20200209,    1,    0
 11348, 73123,20200210,    0,    0
 11348, 73123,20200211,    0,    0
 11348, 73123,20200212,    0,    0
 11348, 73123,20200213,    0,    0
 11348, 73123,20200214,    0,    0
 11348, 73123,20200215,    1,    0
 11348, 73123,20200216,    0,    0
 11348, 73123,20200217,    1,    0
 11348, 73123,20200218,    0,    0
 11348, 73123,20200219,    0,    0
 11348, 73123,20200220,    0,    0
 11348, 73123,20200221,    0,    0
 11348, 73123,20200222,    0,    0
 11348, 73123,20200223,    0,    0
 11348, 73123,20200224,    0,    0
 11348, 73123,20200225,    0,    0
 11348, 73123,20200226,    0,    0
 11348, 73123,20200227,    0,    0
 11348, 73123,20200228,    0,    0
 11348, 73123,20200229,    0,    0
 11348, 73123,20200301,    0,    0
 11348, 73123,20200302,    4,    0
 11348, 73123,20200303,    0,    0
 11348, 73123,20200304,    0,    0
 11348, 73123,20200305,    0,    0
 11348, 73123,20200306,    0,    0
 11348, 73123,20200307,    0,    0
 11348, 73123,20200308,    0,    0
 11348, 73123,20200309,    0,    0
 11348, 73123,20200310,    0,    0
 11348, 73123,20200311,    0,    0
 11348, 73123,20200312,    0,    0
 11348, 73123,20200313,    0,    0
 11348, 73123,20200314,    0,    0
 11348, 73123,20200315,    0,    0
 11348, 73123,20200316,  344,    0
 11348, 73123,20200317,   66,    0
 11348, 73123,20200318,    0,    0
 11348, 73123,20200319,    0,    0
 11348, 73123,20200320,    0,    0
 11348, 73123,20200321,    0,    0
 11348, 73123,20200322,    6,    0
 11348, 73123,20200323,   94,    0
 11348, 73123,20200324,    1,    0
 11348, 73123,20200325,    8,    0
 11348, 73123,20200326,   13,    0
 11348, 73123,20200327,    0,    0
 11348, 73123,20200328,    0,    0
 11348, 73123,20200329,    0,    0
 11348, 73123,20200330,   21,    0
 11348, 73123,20200331,   94,    0
 11348, 73123,20200401,  501,    0
 11348, 73123,20200402,   68,    0
 11348, 73123,20200403,    0,    0
 11348, 73123,20200404,    0,    0
 11348, 73123,20200405,    0,    0
 11348, 73123,20200406,    0,    0
 11348, 73123,20200407,   21,    0
 11348, 73123,20200408,    0,    0
 11348, 73123,20200409,    0,    0
 11348, 73123,20200410,    0,    0
 11348, 73123,20200411,    3,    0
 11348, 73123,20200412,    0,    0
 11348, 73123,20200413,   57,    0
 11348, 73123,20200414,    0,    0
 11348, 73123,20200415,    0,    0
 11348, 73123,20200416,    1,    0
 11348, 73123,20200417,    0,    0
 11348, 73123,20200418,   66,    0
 11348, 73123,20200419,  225,    0
 11348, 73123,20200420,  280,    0
 11348, 73123,20200421,  198,    0
 11348, 73123,20200422,   42,    0
 11348, 73123,20200423,   11,    0
 11348, 73123,20200424,    0,    0
 11348, 73123,20200425,    0,    0
 11348, 73123,20200426,    0,    0
 11348, 73123,20200427,   96,    0
 11348, 73123,20200428,    1,    0
 11348, 73123,20200429,    0,    0
 11348, 73123,20200430,    0,    0
 11348, 73123,20200501,    0,    0
 11348, 73123,20200502,    0,    0
 11348, 73123,20200503,    0,    0
 11348, 73123,20200504,    0,    0
 11348, 73123,20200505,    0,    0
 11348, 73123,20200506,    0,    0
 11348, 73123,20200507,    0,    0
 11348, 73123,20200508,    0,    0
 11348, 73123,20200509,    0,    0
 11348, 73123,20200510,  229,    0
 11348, 73123,20200511,    0,    0
 11348, 73123,20200512,   10,    0
 11348, 73123,20200513,   10,    0
 11348, 73123,20200514,  830,    0
 11348, 73123,20200515,   15,    0
 11348, 73123,20200516,  130,    0
 11348, 73123,20200517,    0,    0
 11348, 73123,20200518,    0,    0
 11348, 73123,20200519,    0,    0
 11348, 73123,20200520,    0,    0
 11348, 73123,20200521,    0,    0
 11348, 73123,20200522,    0,    0
 11348, 73123,20200523,    0,    0
 11348, 73123,20200524,    0,    0
 11348, 73123,20200525,   27,    0
 11348, 73123,20200526,    0,    0
 11348, 73123,20200527,    0,    0
 11348, 73123,20200528,    0,    0
 11348, 73123,20200529,    0,    0
 11348, 73123,20200530,    0,    0
 11348, 73123,20200531,   20,    0
 11348, 73123,20200601,    0,    0
 11348, 73123,20200602,    0,    0
 11348, 73123,20200603,  132,    0
 11348, 73123,20200604,   30,    0
 11348, 73123,20200605,    0,    0
 11348, 73123,20200606,    0,    0
 11348, 73123,20200607,    5,    0
 11348, 73123,20200608,    0,    0
 11348, 73123,20200609,    0,    0
 11348, 73123,20200610,    0,    0
 11348, 73123,20200611,    0,    0
 11348, 73123,20200612,    0,    0
 11348, 73123,20200613,    0,    0
 11348, 73123,20200614,    0,    0
 11348, 73123,20200615,    0,    0
 11348, 73123,20200616,   44,    0
 11348, 73123,20200617,    0,    0
 11348, 73123,20200618,   87,    0
 11348, 73123,20200619,    0,    0
 11348, 73123,20200620,    0,    0
 11348, 73123,20200621,    0,    0
 11348, 73123,20200622,    0,    0
 11348, 73123,20200623,    0,    0
 11348, 73123,20200624,    0,    0
 11348, 73123,20200625,    0,    0
 11348, 73123,20200626,    0,    0
 11348, 73123,20200627,    0,    0
 11348, 73123,20200628,    0,    0
 11348, 73123,20200629,    0,    0
 11348, 73123,20200630,    0,    0
 11348, 73123,20200701,    0,    0
 11348, 73123,20200702,    0,    0
 11348, 73123,20200703,    0,    0
 11348, 73123,20200704,    0,    0
 11348, 73123,20200705,    0,    0
 11348, 73123,20200706,    0,    0
 11348, 73123,20200707,    0,    0
 11348, 73123,20200708,    0,    0
 11348, 73123,20200709,    0,    0
 11348, 73123,20200710,    0,    0
 11348, 73123,20200711,    0,    0
 11348, 73123,20200712,   10,    0
 11348, 73123,20200713,    0,    0
 11348, 73123,20200714,    0,    0
 11348, 73123,20200715,    0,    0
 11348, 73123,20200716,    0,    0
 11348, 73123,20200717,    0,    0
 11348, 73123,20200718,    0,    0
 11348, 73123,20200719,    0,    0
 11348, 73123,20200720,    0,    0
 11348, 73123,20200721,    0,    0
 11348, 73123,20200722,    0,    0
 11348, 73123,20200723,    0,    0
 11348, 73123,20200724,    0,    0
 11348, 73123,20200725,    0,    0
 11348, 73123,20200726,    0,    0
 11348, 73123,20200727,    0,    0
 11348, 73123,20200728,    0,    0
 11348, 73123,20200729,    0,    0
 11348, 73123,20200730,    0,    0
 11348, 73123,20200731,    0,    0
 11348, 73123,20200801,    0,    0
 11348, 73123,20200802,    0,    0
 11348, 73123,20200803,    0,    0
 11348, 73123,20200804,    0,    0
 11348, 73123,20200805,    0,    0
 11348, 73123,20200806,    0,    0
 11348, 73123,20200807,    0,    0
 11348, 73123,20200808,   11,    0
 11348, 73123,20200809,    3,    0
 11348, 73123,20200810,   34,    0
 11348, 73123,20200811,    5,    0
 11348, 73123,20200812,  115,    0
 11348, 73123,20200813,    0,    0
 11348, 73123,20200814,    0,    0
 11348, 73123,20200815,    0,    0
 11348, 73123,20200816,    0,    0
 11348, 73123,20200817,    0,    0
 11348, 73123,20200818,    0,    0
 11348, 73123,20200819,    0,    0
 11348, 73123,20200820,    0,    0
 11348, 73123,20200821,    0,    0
 11348, 73123,20200822,    0,    0
 11348, 73123,20200823,    0,    0
 11348, 73123,20200824,    0,    0
 11348, 73123,20200825,    0,    0
 11348, 73123,20200826,    0,    0
 11348, 73123,20200827,    0,    0
 11348, 73123,20200828,    9,    0
 11348, 73123,20200829,    2,    0
 11348, 73123,20200830,    0,    0
 11348, 73123,20200831,    0,    0
 11348, 73123,20200901,    0,    0
 11348, 73123,20200902,    0,    0
 11348, 73123,20200903,    0,    0
 11348, 73123,20200904,    0,    0
 11348, 73123,20200905,    0,    0
 11348, 73123,20200906,    0,    0
 11348, 73123,20200907,    0,    0
 11348, 73123,20200908,    0,    0
 11348, 73123,20200909,    4,    0
 11348, 73123,20200910,    0,    0
 11348, 73123,20200911,    0,    0
 11348, 73123,20200912,    0,    0
 11348, 73123,20200913,    0,    0
 11348, 73123,20200914,    0,    0
 11348, 73123,20200915,    0,    0
 11348, 73123,20200916,    0,    0
 11348, 73123,20200917,    0,    0
 11348, 73123,20200918,   71,    0
 11348, 73123,20200919,    0,    0
 11348, 73123,20200920,    0,    0
 11348, 73123,20200921,    0,    0
 11348, 73123,20200922,    0,    0
 11348, 73123,20200923,    1,    0
 11348, 73123,20200924,    8,    0
 11348, 73123,20200925,    0,    0
 11348, 73123,20200926,    0,    0
 11348, 73123,20200927,    0,    0
 11348, 73123,20200928,    0,    0
 11348, 73123,20200929,    0,    0
 11348, 73123,20200930,    0,    0
 11348, 73123,20201001,    0,    0
 11348, 73123,20201002,   98,    0
 11348, 73123,20201003,    0,    0
 11348, 73123,20201004,   26,    0
 11348, 73123,20201005,    1,    0
 11348, 73123,20201006,    0,    0
 11348, 73123,20201007,    0,    0
 11348, 73123,20201008,    0,    0
 11348, 73123,20201009,    0,    0
 11348, 73123,20201010,    0,    0
 11348, 73123,20201011,    0,    0
 11348, 73123,20201012,    0,    0
 11348, 73123,20201013,    0,    0
 11348, 73123,20201014,    4,    0
 11348, 73123,20201015,    0,    0
 11348, 73123,20201016,    0,    0
 11348, 73123,20201017,    0,    0
 11348, 73123,20201018,    0,    0
 11348, 73123,20201019,    0,    0
 11348, 73123,20201020,    0,    0
 11348, 73123,20201021,    0,    0
 11348, 73123,20201022,   94,    0
 11348, 73123,20201023,    0,    0
 11348, 73123,20201024,    0,    0
 11348, 73123,20201025,    0,    0
 11348, 73123,20201026,    0,    0
 11348, 73123,20201027,    0,    0
 11348, 73123,20201028,    0,    0
 11348, 73123,20201029,    0,    0
 11348, 73123,20201030,    0,    0
 11348, 73123,20201031,    0,    0
 11348, 73123,20201101,    0,    0
 11348, 73123,20201102,    0,    0
 11348, 73123,20201103,    3,    0
 11348, 73123,20201104,  244,    0
 11348, 73123,20201105,  174,    0
 11348, 73123,20201106,   57,    0
 11348, 73123,20201107,  182,    0
 11348, 73123,20201108,    2,    0
 11348, 73123,20201109,    0,    0
 11348, 73123,20201110,    1,    0
 11348, 73123,20201111,    1,    0
 11348, 73123,20201112,    1,    0
 11348, 73123,20201113,    1,    0
 11348, 73123,20201114,    2,    0
 11348, 73123,20201115,    1,    0
 11348, 73123,20201116,    0,    0
 11348, 73123,20201117,    0,    0
 11348, 73123,20201118,    1,    0
 11348, 73123,20201119,    1,    0
 11348, 73123,20201120,    0,    0
 11348, 73123,20201121,    0,    0
 11348, 73123,20201122,    0,    0
 11348, 73123,20201123,    1,    0
 11348, 73123,20201124,    0,    0
 11348, 73123,20201125,    0,    0
 11348, 73123,20201126,    9,    0
 11348, 73123,20201127,  203,    0
 11348, 73123,20201128,  185,    0
 11348, 73123,20201129,    1,    0
 11348, 73123,20201130,    3,    0
 11348, 73123,20201201,    1,    0
 11348, 73123,20201202,    0,    0
 11348, 73123,20201203,    0,    0
 11348, 73123,20201204,    0,    0
 11348, 73123,20201205,    0,    0
 11348, 73123,20201206,    0,    0
 11348, 73123,20201207,   25,    0
 11348, 73123,20201208,    0,    0
 11348, 73123,20201209,    0,    0
 11348, 73123,20201210,   22,    0
 11348, 73123,20201211,   86,    0
 11348, 73123,20201212,    0,    0
 11348, 73123,20201213,    0,    0
 11348, 73123,20201214,    1,    0
 11348, 73123,20201215,    0,    0
 11348, 73123,20201216,    0,    0
 11348, 73123,20201217,    3,    0
 11348, 73123,20201218,    1,    0
 11348, 73123,20201219,    8,    0
 11348, 73123,20201220,    8,    0
 11348, 73123,20201221,    1,    0
 11348, 73123,20201222,    1,    0
 11348, 73123,20201223,    1,    0
 11348, 73123,20201224,    1,    0
 11348, 73123,20201225,    0,    0
 11348, 73123,20201226,    0,    0
 11348, 73123,20201227,    0,    0
 11348, 73123,20201228,    8,    0
 11348, 73123,20201229,    0,    0
 11348, 73123,20201230,    0,    0
 11348, 73123,20201231,    0,    0
 11348, 73123,20210101,    0,    0
 11348, 73123,20210102,    0,    0
 11348, 73123,20210103,    0,    0
 11348, 73123,20210104,    0,    0
 11348, 73123,20210105,    0,    0
 11348, 73123,20210106,    0,    0
 11348, 73123,20210107,   24,    0
 11348, 73123,20210108,   32,    0
 11348, 73123,20210109,  345,    0
 11348, 73123,20210110,   63,    0
 11348, 73123,20210111,    0,    0
 11348, 73123,20210112,    0,    0
 11348, 73123,20210113,    0,    0
 11348, 73123,20210114,    0,    0
 11348, 73123,20210115,    0,    0
 11348, 73123,20210116,    0,    0
 11348, 73123,20210117,    0,    0
 11348, 73123,20210118,    0,    0
 11348, 73123,20210119,    1,    0
 11348, 73123,20210120,    2,    0
 11348, 73123,20210121,    0,    0
 11348, 73123,20210122,   73,    0
 11348, 73123,20210123,    4,    0
 11348, 73123,20210124,    3,    0
 11348, 73123,20210125,   11,    0
 11348, 73123,20210126,    0,    0
 11348, 73123,20210127,    0,    0
 11348, 73123,20210128,    0,    0
 11348, 73123,20210129,    0,    0
 11348, 73123,20210130,    0,    0
 11348, 73123,20210131,    0,    0
 11348, 73123,20210201,    0,    0
 11348, 73123,20210202,    0,    0
 11348, 73123,20210203,    0,    0
 11348, 73123,20210204,    0,    0
 11348, 73123,20210205,    0,    0
 11348, 73123,20210206,   13,    0
 11348, 73123,20210207,    0,    0
 11348, 73123,20210208,   34,    0
 11348, 73123,20210209,   13,    0
 11348, 73123,20210210,   32,    0
 11348, 73123,20210211,    0,    0
 11348, 73123,20210212,   26,    0
 11348, 73123,20210213,    0,    0
 11348, 73123,20210214,    5,    0
 11348, 73123,20210215,    2,    0
 11348, 73123,20210216,    0,    0
 11348, 73123,20210217,    0,    0
 11348, 73123,20210218,    1,    0
 11348, 73123,20210219,    0,    0
 11348, 73123,20210220,    1,    0
 11348, 73123,20210221,    3,    0
 11348, 73123,20210222,   11,    0
 11348, 73123,20210223,   13,    0
 11348, 73123,20210224,    0,    0
 11348, 73123,20210225,    0,    0
 11348, 73123,20210226,    0,    0
 11348, 73123,20210227,    1,    0
 11348, 73123,20210228,    7,    0
 11348, 73123,20210301,    0,    0
 11348, 73123,20210302,    0,    0
 11348, 73123,20210303,    0,    0
 11348, 73123,20210304,    0,    0
 11348, 73123,20210305,    0,    0
 11348, 73123,20210306,    0,    0
 11348, 73123,20210307,    0,    0
 11348, 73123,20210308,   36,    0
 11348, 73123,20210309,    0,    0
 11348, 73123,20210310,    0,    0
 11348, 73123,20210311,    0,    0
 11348, 73123,20210312,    0,    0
 11348, 73123,20210313,    0,    0
 11348, 73123,20210314,    0,    0
 11348, 73123,20210315,    0,    0
 11348, 73123,20210316,    0,    0
 11348, 73123,20210317,    0,    0
 11348, 73123,20210318,    0,    0
 11348, 73123,20210319,   18,    0
 11348, 73123,20210320,    0,    0
 11348, 73123,20210321,    0,    0
 11348, 73123,20210322,    0,    0
 11348, 73123,20210323,    0,    0
 11348, 73123,20210324,    0,    0
 11348, 73123,20210325,    0,    0
 11348, 73123,20210326,    0,    0
 11348, 73123,20210327,    0,    0
 11348, 73123,20210328,    0,    0
 11348, 73123,20210329,    0,    0
 11348, 73123,20210330,    0,    0
 11348, 73123,20210331,    0,    0
 11348, 73123,20210401,    0,    0
 11348, 73123,20210402,    0,    0
 11348, 73123,20210403,    0,    0
 11348, 73123,20210404,    0,    0
 11348, 73123,20210405,    0,    0
 11348, 73123,20210406,    0,    0
 11348, 73123,20210407,    0,    0
 11348, 73123,20210408,    0,    0
 11348, 73123,20210409,   21,    0
 11348, 73123,20210410,    1,    0
 11348, 73123,20210411,   79,    0
 11348, 73123,20210412,    0,    0
 11348, 73123,20210413,    0,    0
 11348, 73123,20210414,    5,    0
 11348, 73123,20210415,    3,    0
 11348, 73123,20210416,    5,    0
 11348, 73123,20210417,    0,    0
 11348, 73123,20210418,    0,    0
 11348, 73123,20210419,    0,    0
 11348, 73123,20210420,    7,    0
 11348, 73123,20210421,    8,    0
 11348, 73123,20210422,    2,    0
 11348, 73123,20210423,    0,    0
 11348, 73123,20210424,    1,    0
 11348, 73123,20210425,   14,    0
 11348, 73123,20210426,   84,    0
 11348, 73123,20210427,    6,    0
 11348, 73123,20210428,    5,    0
 11348, 73123,20210429,    2,    0
 11348, 73123,20210430,  110,    0
 11348, 73123,20210501,   43,    0
 11348, 73123,20210502,    5,    0
 11348, 73123,20210503,    0,    0
 11348, 73123,20210504,    0,    0
 11348, 73123,20210505,    0,    0
 11348, 73123,20210506,    0,    0
 11348, 73123,20210507,    0,    0
 11348, 73123,20210508,    0,    0
 11348, 73123,20210509,    8,    0
 11348, 73123,20210510,   10,    0
 11348, 73123,20210511,    1,    0
 11348, 73123,20210512,   18,    0
 11348, 73123,20210513,  100,    0
 11348, 73123,20210514,    0,    0
 11348, 73123,20210515,    0,    0
 11348, 73123,20210516,    0,    0
 11348, 73123,20210517,    0,    0
 11348, 73123,20210518,    0,    0
 11348, 73123,20210519,    0,    0
 11348, 73123,20210520,    0,    0
 11348, 73123,20210521,    0,    0
 11348, 73123,20210522,    0,    0
 11348, 73123,20210523,    7,    0
 11348, 73123,20210524,    0,    0
 11348, 73123,20210525,    0,    0
 11348, 73123,20210526,    3,    0
 11348, 73123,20210527,    1,    0
 11348, 73123,20210528,    0,    0
 11348, 73123,20210529,    0,    0
 11348, 73123,20210530,   18,    0
 11348, 73123,20210531,    0,    0
 11348, 73123,20210601,    3,    0
 11348, 73123,20210602,    0,    0
 11348, 73123,20210603,    0,    0
 11348, 73123,20210604,    0,    0
 11348, 73123,20210605,    0,    0
 11348, 73123,20210606,   22,    0
 11348, 73123,20210607,    0,    0
 11348, 73123,20210608,    0,    0
 11348, 73123,20210609,    0,    0
 11348, 73123,20210610,    0,    0
 11348, 73123,20210611,   11,    0
 11348, 73123,20210612,    0,    0
 11348, 73123,20210613,    0,    0
 11348, 73123,20210614,    0,    0
 11348, 73123,20210615,    0,    0
 11348, 73123,20210616,    0,    0
 11348, 73123,20210617,  172,    0
 11348, 73123,20210618,    1,    0
 11348, 73123,20210619,    4,    0
 11348, 73123,20210620,  131,    0
 11348, 73123,20210621,    1,    0
 11348, 73123,20210622,    0,    0
 11348, 73123,20210623,  113,    0
 11348, 73123,20210624,    0,    0
 11348, 73123,20210625,    0,    0
 11348, 73123,20210626,   73,    0
 11348, 73123,20210627,    0,    0
 11348, 73123,20210628,    0,    0
 11348, 73123,20210629,    0,    0
 11348, 73123,20210630,    5,    0
 11348, 73123,20210701,    0,    0
 11348, 73123,20210702,    0,    0
 11348, 73123,20210703,    0,    0
 11348, 73123,20210704,    0,    0
 11348, 73123,20210705,    0,    0
 11348, 73123,20210706,    0,    0
 11348, 73123,20210707,   15,    0
 11348, 73123,20210708,    0,    0
 11348, 73123,20210709,    0,    0
 11348, 73123,20210710,    0,    0
 11348, 73123,20210711,    0,    0
 11348, 73123,20210712,    0,    0
 11348, 73123,20210713,    0,    0
 11348, 73123,20210714,    0,    0
 11348, 73123,20210715,    0,    0
 11348, 73123,20210716,    0,    0
 11348, 73123,20210717,    0,    0
 11348, 73123,20210718,    0,    0
 11348, 73123,20210719,    0,    0
 11348, 73123,20210720,    0,    0
 11348, 73123,20210721,    0,    0
 11348, 73123,20210722,    0,    0
 11348, 73123,20210723,    0,    0
 11348, 73123,20210724,    0,    0
 11348, 73123,20210725,    0,    0
 11348, 73123,20210726,   31,    0
 11348, 73123,20210727,    0,    0
 11348, 73123,20210728,    0,    0
 11348, 73123,20210729,    0,    0
 11348, 73123,20210730,    0,    0
 11348, 73123,20210731,  184,    0
 11348, 73123,20210801,    0,    0
 11348, 73123,20210802,    0,    0
 11348, 73123,20210803,    0,    0
 11348, 73123,20210804,    0,    0
 11348, 73123,20210805,    0,    0
 11348, 73123,20210806,    0,    0
 11348, 73123,20210807,    0,    0
 11348, 73123,20210808,   10,    0
 11348, 73123,20210809,    0,    0
 11348, 73123,20210810,    0,    0
 11348, 73123,20210811,    0,    0
 11348, 73123,20210812,    0,    0
 11348, 73123,20210813,    0,    0
 11348, 73123,20210814,    2,    0
 11348, 73123,20210815,    0,    0
 11348, 73123,20210816,    0,    0
 11348, 73123,20210817,    0,    0
 11348, 73123,20210818,    0,    0
 11348, 73123,20210819,  183,    0
 11348, 73123,20210820,    0,    0
 11348, 73123,20210821,    0,    0
 11348, 73123,20210822,    0,    0
 11348, 73123,20210823,    0,    0
 11348, 73123,20210824,    0,    0
 11348, 73123,20210825,  106,    0
 11348, 73123,20210826,    0,    0
 11348, 73123,20210827,    0,    0
 11348, 73123,20210828,    0,    0
 11348, 73123,20210829,    0,    0
 11348, 73123,20210830,  397,    0
 11348, 73123,20210831,    0,    0
 11348, 73123,20210901,  241,    0
 11348, 73123,20210902,   99,    0
 11348, 73123,20210903,    0,    0
 11348, 73123,20210904,    0,    0
 11348, 73123,20210905,    0,    0
 11348, 73123,20210906,    0,    0
 11348, 73123,20210907,    0,    0
 11348, 73123,20210908,    0,    0
 11348, 73123,20210909,    7,    0
 11348, 73123,20210910,    1,    0
 11348, 73123,20210911,    0,    0
 11348, 73123,20210912,    0,    0
 11348, 73123,20210913,    0,    0
 11348, 73123,20210914,    0,    0
 11348, 73123,20210915,  168,    0
 11348, 73123,20210916,    6,    0
 11348, 73123,20210917,    0,    0
 11348, 73123,20210918,    0,    0
 11348, 73123,20210919,    0,    0
 11348, 73123,20210920,    0,    0
 11348, 73123,20210921,    0,    0
 11348, 73123,20210922,  192,    0
 11348, 73123,20210923,  125,    0
 11348, 73123,20210924,    0,    0
 11348, 73123,20210925,    0,    0
 11348, 73123,20210926,    0,    0
 11348, 73123,20210927,    0,    0
 11348, 73123,20210928,    0,    0
 11348, 73123,20210929,    0,    0
 11348, 73123,20210930,    0,    0
 11348, 73123,20211001,    0,    0
 11348, 73123,20211002,    0,    0
 11348, 73123,20211003,  155,    0
 11348, 73123,20211004,    3,    0
 11348, 73123,20211005,    0,    0
 11348, 73123,20211006,    0,    0
 11348, 73123,20211007,    0,    0
 11348, 73123,20211008,    0,    0
 11348, 73123,20211009,    0,    0
 11348, 73123,20211010,    0,    0
 11348, 73123,20211011,    0,    0
 11348, 73123,20211012,    0,    0
 11348, 73123,20211013,    0,    0
 11348, 73123,20211014,    0,    0
 11348, 73123,20211015,    0,    0
 11348, 73123,20211016,    0,    0
 11348, 73123,20211017,    0,    0
 11348, 73123,20211018,    0,    0
 11348, 73123,20211019,    0,    0
 11348, 73123,20211020,    0,    0
 11348, 73123,20211021,    0,    0
 11348, 73123,20211022,    0,    0
 11348, 73123,20211023,    0,    0
 11348, 73123,20211024,    0,    0
 11348, 73123,20211025,    0,    0
 11348, 73123,20211026,    0,    0
 11348, 73123,20211027,    0,    0
 11348, 73123,20211028,    0,    0
 11348, 73123,20211029,    2,    0
 11348, 73123,20211030,   93,    0
 11348, 73123,20211031,   18,    0
 11348, 73123,20211101,   41,    0
 11348, 73123,20211102,    0,    0
 11348, 73123,20211103,    1,    0
 11348, 73123,20211104,    0,    0
 11348, 73123,20211105,    0,    0
 11348, 73123,20211106,    0,    0
 11348, 73123,20211107,    0,    0
 11348, 73123,20211108,    0,    0
 11348, 73123,20211109,    3,    0
 11348, 73123,20211110,   13,    0
 11348, 73123,20211111,   41,    0
 11348, 73123,20211112,   44,    0
 11348, 73123,20211113,    0,    0
 11348, 73123,20211114,    0,    0
 11348, 73123,20211115,    0,    0
 11348, 73123,20211116,    0,    0
 11348, 73123,20211117,    0,    0
 11348, 73123,20211118,    0,    0
 11348, 73123,20211119,    0,    0
 11348, 73123,20211120,    1,    0
 11348, 73123,20211121,    0,    0
 11348, 73123,20211122,   39,    0
 11348, 73123,20211123, 1917,    0
 11348, 73123,20211124,  224,    0
 11348, 73123,20211125,   59,    0
 11348, 73123,20211126,    0,    0
 11348, 73123,20211127,    0,    0
 11348, 73123,20211128,    0,    0
 11348, 73123,20211129,    5,    0
 11348, 73123,20211130,    0,    0
 11348, 73123,20211201,    1,    0
 11348, 73123,20211202,    0,    0
 11348, 73123,20211203,    0,    0
 11348, 73123,20211204,    0,    0
 11348, 73123,20211205,    0,    0
 11348, 73123,20211206,    0,    0
 11348, 73123,20211207,    1,    0
 11348, 73123,20211208,    8,    0
 11348, 73123,20211209,    5,    0
 11348, 73123,20211210,    0,    0
 11348, 73123,20211211,    0,    0
 11348, 73123,20211212,    0,    0
 11348, 73123,20211213,    2,    0
 11348, 73123,20211214,    4,    0
 11348, 73123,20211215,    2,    0
 11348, 73123,20211216,    1,    0
 11348, 73123,20211217,    2,    0
 11348, 73123,20211218,    2,    0
 11348, 73123,20211219,    3,    0
 11348, 73123,20211220,    2,    0
 11348, 73123,20211221,    0,    0
 11348, 73123,20211222,    1,    0
 11348, 73123,20211223,    0,    0
 11348, 73123,20211224,   26,    0
 11348, 73123,20211225,    2,    0
 11348, 73123,20211226,    0,    0
 11348, 73123,20211227,    0,    0
 11348, 73123,20211228,    0,    0
 11348, 73123,20211229,    0,    0
 11348, 73123,20211230,    0,    0
 11348, 73123,20211231,    1,    0
 11348, 73123,20220101,-9999,    9
 11348, 73123,20220102,-9999,    9
 11348, 73123,20220103,-9999,    9
 11348, 73123,20220104,-9999,    9
 11348, 73123,20220105,-9999,    9
 11348, 73123,20220106,-9999,    9
 11348, 73123,20220107,-9999,    9
 11348, 73123,20220108,-9999,    9
 11348, 73123,20220109,-9999,    9
 11348, 73123,20220110,-9999,    9
 11348, 73123,20220111,-9999,    9
 11348, 73123,20220112,-9999,    9
 11348, 73123,20220113,-9999,    9
 11348, 73123,20220114,-9999,    9
 11348, 73123,20220115,-9999,    9
 11348, 73123,20220116,-9999,    9
 11348, 73123,20220117,-9999,    9
 11348, 73123,20220118,-9999,    9
 11348, 73123,20220119,-9999,    9
 11348, 73123,20220120,-9999,    9
 11348, 73123,20220121,-9999,    9
 11348, 73123,20220122,-9999,    9
 11348, 73123,20220123,-9999,    9
 11348, 73123,20220124,-9999,    9
 11348, 73123,20220125,-9999,    9
 11348, 73123,20220126,-9999,    9
 11348, 73123,20220127,-9999,    9
 11348, 73123,20220128,-9999,    9
 11348, 73123,20220129,-9999,    9
 11348, 73123,20220130,-9999,    9
 11348, 73123,20220131,-9999,    9
 11348, 73123,20220201,-9999,    9
 11348, 73123,20220202,-9999,    9
 11348, 73123,20220203,-9999,    9
 11348, 73123,20220204,-9999,    9
 11348, 73123,20220205,-9999,    9
 11348, 73123,20220206,-9999,    9
 11348, 73123,20220207,-9999,    9
 11348, 73123,20220208,-9999,    9
 11348, 73123,20220209,-9999,    9
 11348, 73123,20220210,-9999,    9
 11348, 73123,20220211,-9999,    9
 11348, 73123,20220212,-9999,    9
 11348, 73123,20220213,-9999,    9
 11348, 73123,20220214,-9999,    9
 11348, 73123,20220215,-9999,    9
 11348, 73123,20220216,-9999,    9
 11348, 73123,20220217,-9999,    9
 11348, 73123,20220218,-9999,    9
 11348, 73123,20220219,-9999,    9
 11348, 73123,20220220,-9999,    9
 11348, 73123,20220221,-9999,    9
 11348, 73123,20220222,-9999,    9
 11348, 73123,20220223,-9999,    9
 11348, 73123,20220224,-9999,    9
 11348, 73123,20220225,-9999,    9
 11348, 73123,20220226,-9999,    9
 11348, 73123,20220227,-9999,    9
 11348, 73123,20220228,-9999,    9
 11348, 73123,20220301,-9999,    9
 11348, 73123,20220302,-9999,    9
 11348, 73123,20220303,-9999,    9
 11348, 73123,20220304,-9999,    9
 11348, 73123,20220305,-9999,    9
 11348, 73123,20220306,-9999,    9
 11348, 73123,20220307,-9999,    9
 11348, 73123,20220308,-9999,    9
 11348, 73123,20220309,-9999,    9
 11348, 73123,20220310,-9999,    9
 11348, 73123,20220311,-9999,    9
 11348, 73123,20220312,-9999,    9
 11348, 73123,20220313,-9999,    9
 11348, 73123,20220314,-9999,    9
 11348, 73123,20220315,-9999,    9
 11348, 73123,20220316,-9999,    9
 11348, 73123,20220317,-9999,    9
 11348, 73123,20220318,-9999,    9
 11348, 73123,20220319,-9999,    9
 11348, 73123,20220320,-9999,    9
 11348, 73123,20220321,-9999,    9
 11348, 73123,20220322,-9999,    9
 11348, 73123,20220323,-9999,    9
 11348, 73123,20220324,-9999,    9
 11348, 73123,20220325,-9999,    9
 11348, 73123,20220326,-9999,    9
 11348, 73123,20220327,-9999,    9
 11348, 73123,20220328,-9999,    9
 11348, 73123,20220329,-9999,    9
 11348, 73123,20220330,-9999,    9
 11348, 73123,20220331,-9999,    9
 11348, 73123,20220401,-9999,    9
 11348, 73123,20220402,-9999,    9
 11348, 73123,20220403,-9999,    9
 11348, 73123,20220404,-9999,    9
 11348, 73123,20220405,-9999,    9
 11348, 73123,20220406,-9999,    9
 11348, 73123,20220407,-9999,    9
 11348, 73123,20220408,-9999,    9
 11348, 73123,20220409,-9999,    9
 11348, 73123,20220410,-9999,    9
 11348, 73123,20220411,-9999,    9
 11348, 73123,20220412,-9999,    9
 11348, 73123,20220413,-9999,    9
 11348, 73123,20220414,-9999,    9
 11348, 73123,20220415,-9999,    9
 11348, 73123,20220416,-9999,    9
 11348, 73123,20220417,-9999,    9
 11348, 73123,20220418,-9999,    9
 11348, 73123,20220419,-9999,    9
 11348, 73123,20220420,-9999,    9
 11348, 73123,20220421,-9999,    9
 11348, 73123,20220422,-9999,    9
 11348, 73123,20220423,-9999,    9
 11348, 73123,20220424,-9999,    9
 11348, 73123,20220425,-9999,    9
 11348, 73123,20220426,-9999,    9
 11348, 73123,20220427,-9999,    9
 11348, 73123,20220428,-9999,    9
 11348, 73123,20220429,-9999,    9
 11348, 73123,20220430,-9999,    9
 11348, 73123,20220501,-9999,    9
 11348, 73123,20220502,-9999,    9
 11348, 73123,20220503,-9999,    9
 11348, 73123,20220504,-9999,    9
 11348, 73123,20220505,-9999,    9
 11348, 73123,20220506,-9999,    9
 11348, 73123,20220507,-9999,    9
 11348, 73123,20220508,-9999,    9
 11348, 73123,20220509,-9999,    9
 11348, 73123,20220510,-9999,    9
 11348, 73123,20220511,-9999,    9
 11348, 73123,20220512,-9999,    9
 11348, 73123,20220513,-9999,    9
 11348, 73123,20220514,-9999,    9
 11348, 73123,20220515,-9999,    9
 11348, 73123,20220516,-9999,    9
 11348, 73123,20220517,-9999,    9
 11348, 73123,20220518,-9999,    9
 11348, 73123,20220519,-9999,    9
 11348, 73123,20220520,-9999,    9
 11348, 73123,20220521,-9999,    9
 11348, 73123,20220522,-9999,    9
 11348, 73123,20220523,-9999,    9
 11348, 73123,20220524,-9999,    9
 11348, 73123,20220525,-9999,    9
 11348, 73123,20220526,-9999,    9
 11348, 73123,20220527,-9999,    9
 11348, 73123,20220528,-9999,    9
 11348, 73123,20220529,-9999,    9
 11348, 73123,20220530,-9999,    9
 11348, 73123,20220531,-9999,    9
 11348, 73123,20220601,-9999,    9
 11348, 73123,20220602,-9999,    9
 11348, 73123,20220603,-9999,    9
 11348, 73123,20220604,-9999,    9
 11348, 73123,20220605,-9999,    9
 11348, 73123,20220606,-9999,    9
 11348, 73123,20220607,-9999,    9
 11348, 73123,20220608,-9999,    9
 11348, 73123,20220609,-9999,    9
 11348, 73123,20220610,-9999,    9
 11348, 73123,20220611,-9999,    9
 11348, 73123,20220612,-9999,    9
 11348, 73123,20220613,-9999,    9
 11348, 73123,20220614,-9999,    9
 11348, 73123,20220615,-9999,    9
 11348, 73123,20220616,-9999,    9
 11348, 73123,20220617,-9999,    9
 11348, 73123,20220618,-9999,    9
 11348, 73123,20220619,-9999,    9
 11348, 73123,20220620,-9999,    9
 11348, 73123,20220621,-9999,    9
 11348, 73123,20220622,-9999,    9
 11348, 73123,20220623,-9999,    9
 11348, 73123,20220624,-9999,    9
 11348, 73123,20220625,-9999,    9
 11348, 73123,20220626,-9999,    9
 11348, 73123,20220627,-9999,    9
 11348, 73123,20220628,-9999,    9
 11348, 73123,20220629,-9999,    9
 11348, 73123,20220630,-9999,    9
 11348, 73123,20220701,-9999,    9
 11348, 73123,20220702,-9999,    9
 11348, 73123,20220703,-9999,    9
 11348, 73123,20220704,-9999,    9
 11348, 73123,20220705,-9999,    9
 11348, 73123,20220706,-9999,    9
 11348, 73123,20220707,-9999,    9
 11348, 73123,20220708,-9999,    9
 11348, 73123,20220709,-9999,    9
 11348, 73123,20220710,-9999,    9
 11348, 73123,20220711,-9999,    9
 11348, 73123,20220712,-9999,    9
 11348, 73123,20220713,-9999,    9
 11348, 73123,20220714,-9999,    9
 11348, 73123,20220715,-9999,    9
 11348, 73123,20220716,-9999,    9
 11348, 73123,20220717,-9999,    9
 11348, 73123,20220718,-9999,    9
 11348, 73123,20220719,-9999,    9
 11348, 73123,20220720,-9999,    9
 11348, 73123,20220721,-9999,    9
 11348, 73123,20220722,-9999,    9
 11348, 73123,20220723,-9999,    9
 11348, 73123,20220724,-9999,    9
 11348, 73123,20220725,-9999,    9
 11348, 73123,20220726,-9999,    9
 11348, 73123,20220727,-9999,    9
 11348, 73123,20220728,-9999,    9
 11348, 73123,20220729,-9999,    9
 11348, 73123,20220730,-9999,    9
 11348, 73123,20220731,-9999,    9
 11348, 73123,20220801,-9999,    9
 11348, 73123,20220802,-9999,    9
 11348, 73123,20220803,-9999,    9
 11348, 73123,20220804,-9999,    9
 11348, 73123,20220805,-9999,    9
 11348, 73123,20220806,-9999,    9
 11348, 73123,20220807,-9999,    9
 11348, 73123,20220808,-9999,    9
 11348, 73123,20220809,-9999,    9
 11348, 73123,20220810,-9999,    9
 11348, 73123,20220811,-9999,    9
 11348, 73123,20220812,-9999,    9
 11348, 73123,20220813,-9999,    9
 11348, 73123,20220814,-9999,    9
 11348, 73123,20220815,-9999,    9
 11348, 73123,20220816,-9999,    9
 11348, 73123,20220817,-9999,    9
 11348, 73123,20220818,-9999,    9
 11348, 73123,20220819,-9999,    9
 11348, 73123,20220820,-9999,    9
 11348, 73123,20220821,-9999,    9
 11348, 73123,20220822,-9999,    9
 11348, 73123,20220823,-9999,    9
 11348, 73123,20220824,-9999,    9
 11348, 73123,20220825,-9999,    9
 11348, 73123,20220826,-9999,    9
 11348, 73123,20220827,-9999,    9
 11348, 73123,20220828,-9999,    9
 11348, 73123,20220829,-9999,    9
 11348, 73123,20220830,-9999,    9
 11348, 73123,20220831,-9999,    9
 11348, 73123,20220901,-9999,    9
 11348, 73123,20220902,-9999,    9
 11348, 73123,20220903,-9999,    9
 11348, 73123,20220904,-9999,    9
 11348, 73123,20220905,-9999,    9
 11348, 73123,20220906,-9999,    9
 11348, 73123,20220907,-9999,    9
 11348, 73123,20220908,-9999,    9
 11348, 73123,20220909,-9999,    9
 11348, 73123,20220910,-9999,    9
 11348, 73123,20220911,-9999,    9
 11348, 73123,20220912,-9999,    9
 11348, 73123,20220913,-9999,    9
 11348, 73123,20220914,-9999,    9
 11348, 73123,20220915,-9999,    9
 11348, 73123,20220916,-9999,    9
 11348, 73123,20220917,-9999,    9
 11348, 73123,20220918,-9999,    9
 11348, 73123,20220919,-9999,    9
 11348, 73123,20220920,-9999,    9
 11348, 73123,20220921,-9999,    9
 11348, 73123,20220922,-9999,    9
 11348, 73123,20220923,-9999,    9
 11348, 73123,20220924,-9999,    9
 11348, 73123,20220925,-9999,    9
 11348, 73123,20220926,-9999,    9
 11348, 73123,20220927,-9999,    9
 11348, 73123,20220928,-9999,    9
 11348, 73123,20220929,-9999,    9
 11348, 73123,20220930,-9999,    9
 11348, 73123,20221001,-9999,    9
 11348, 73123,20221002,-9999,    9
 11348, 73123,20221003,-9999,    9
 11348, 73123,20221004,-9999,    9
 11348, 73123,20221005,-9999,    9
 11348, 73123,20221006,-9999,    9
 11348, 73123,20221007,-9999,    9
 11348, 73123,20221008,-9999,    9
 11348, 73123,20221009,-9999,    9
 11348, 73123,20221010,-9999,    9
 11348, 73123,20221011,-9999,    9
 11348, 73123,20221012,-9999,    9
 11348, 73123,20221013,-9999,    9
 11348, 73123,20221014,-9999,    9
 11348, 73123,20221015,-9999,    9
 11348, 73123,20221016,-9999,    9
 11348, 73123,20221017,-9999,    9
 11348, 73123,20221018,-9999,    9
 11348, 73123,20221019,-9999,    9
 11348, 73123,20221020,-9999,    9
 11348, 73123,20221021,-9999,    9
 11348, 73123,20221022,-9999,    9
 11348, 73123,20221023,-9999,    9
 11348, 73123,20221024,-9999,    9
 11348, 73123,20221025,-9999,    9
 11348, 73123,20221026,-9999,    9
 11348, 73123,20221027,-9999,    9
 11348, 73123,20221028,-9999,    9
 11348, 73123,20221029,-9999,    9
 11348, 73123,20221030,-9999,    9
 11348, 73123,20221031,-9999,    9
