EUROPEAN CLIMATE ASSESSMENT & DATASET (ECA&D), file created on: 16-11-2022
THESE DATA CAN BE USED FOR NON-COMMERCIAL RESEARCH AND EDUCATION PROVIDED THAT THE FOLLOWING SOURCE IS ACKNOWLEDGED: 

Klein Tank, A.M.G. and Coauthors, 2002. Daily dataset of 20th-century surface
air temperature and precipitation series for the European Climate Assessment.
Int. J. of Climatol., 22, 1441-1453.
Data and metadata available at http://www.ecad.eu

FILE FORMAT (MISSING VALUE CODE = -9999):

01-06 STAID: Station identifier
08-13 SOUID: Source identifier
15-22 DATE : Date YYYYMMDD
24-28 RR   : Precipitation amount in 0.1 mm
30-34 Q_RR : quality code for RR (0='valid'; 1='suspect'; 9='missing')

This is the blended series of station BAR, MONTENEGRO (STAID: 11378)
Blended and updated with sources:75533 913461 
See files sources.txt and stations.txt for more info.

STAID, SOUID,    DATE,   RR, Q_RR
 11378, 75533,20160701,    0,    0
 11378, 75533,20160702,    0,    0
 11378, 75533,20160703,    0,    0
 11378, 75533,20160704,    0,    0
 11378, 75533,20160705,    0,    0
 11378, 75533,20160706,    0,    0
 11378, 75533,20160707,    0,    0
 11378, 75533,20160708,    0,    0
 11378, 75533,20160709,    0,    0
 11378, 75533,20160710,    0,    0
 11378, 75533,20160711,    0,    0
 11378, 75533,20160712,    0,    0
 11378, 75533,20160713,    0,    0
 11378, 75533,20160714,    0,    0
 11378, 75533,20160715,  270,    0
 11378, 75533,20160716,  110,    0
 11378, 75533,20160717,   20,    0
 11378, 75533,20160718,    0,    0
 11378, 75533,20160719,    0,    0
 11378, 75533,20160720,    0,    0
 11378, 75533,20160721,    0,    0
 11378, 75533,20160722,    0,    0
 11378, 75533,20160723,    0,    0
 11378, 75533,20160724,    0,    0
 11378, 75533,20160725,    2,    0
 11378, 75533,20160726,  137,    0
 11378, 75533,20160727,    0,    0
 11378, 75533,20160728,    0,    0
 11378, 75533,20160729,    0,    0
 11378, 75533,20160730,    0,    0
 11378, 75533,20160731,    0,    0
 11378, 75533,20160801,    0,    0
 11378, 75533,20160802,    0,    0
 11378, 75533,20160803,    0,    0
 11378, 75533,20160804,    0,    0
 11378, 75533,20160805,    0,    0
 11378, 75533,20160806,    0,    0
 11378, 75533,20160807,   60,    0
 11378, 75533,20160808,    0,    0
 11378, 75533,20160809,    0,    0
 11378, 75533,20160810,    0,    0
 11378, 75533,20160811,    0,    0
 11378, 75533,20160812,    0,    0
 11378, 75533,20160813,    0,    0
 11378, 75533,20160814,    0,    0
 11378, 75533,20160815,    0,    0
 11378, 75533,20160816,    0,    0
 11378, 75533,20160817,    0,    0
 11378, 75533,20160818,   10,    0
 11378, 75533,20160819,    0,    0
 11378, 75533,20160820,    0,    0
 11378, 75533,20160821,    0,    0
 11378, 75533,20160822,   20,    0
 11378, 75533,20160823,    0,    0
 11378, 75533,20160824,    0,    0
 11378, 75533,20160825,    0,    0
 11378, 75533,20160826,    0,    0
 11378, 75533,20160827,    0,    0
 11378, 75533,20160828,    0,    0
 11378, 75533,20160829,    0,    0
 11378, 75533,20160830,    0,    0
 11378, 75533,20160831,    0,    0
 11378, 75533,20160901,  160,    0
 11378, 75533,20160902,    3,    0
 11378, 75533,20160903,    0,    0
 11378, 75533,20160904,    0,    0
 11378, 75533,20160905,    0,    0
 11378, 75533,20160906,  130,    0
 11378, 75533,20160907,   30,    0
 11378, 75533,20160908,    0,    0
 11378, 75533,20160909,    0,    0
 11378, 75533,20160910,    3,    0
 11378, 75533,20160911,   11,    0
 11378, 75533,20160912,    1,    0
 11378, 75533,20160913,    0,    0
 11378, 75533,20160914,    0,    0
 11378, 75533,20160915,    0,    0
 11378, 75533,20160916,    0,    0
 11378, 75533,20160917,   50,    0
 11378, 75533,20160918,    0,    0
 11378, 75533,20160919,  103,    0
 11378, 75533,20160920,    3,    0
 11378, 75533,20160921,    0,    0
 11378, 75533,20160922,    0,    0
 11378, 75533,20160923,    0,    0
 11378, 75533,20160924,    0,    0
 11378, 75533,20160925,    0,    0
 11378, 75533,20160926,    0,    0
 11378, 75533,20160927,    0,    0
 11378, 75533,20160928,    0,    0
 11378, 75533,20160929,    0,    0
 11378, 75533,20160930,    0,    0
 11378, 75533,20161001,    0,    0
 11378, 75533,20161002,   80,    0
 11378, 75533,20161003,    5,    0
 11378, 75533,20161004,   10,    0
 11378, 75533,20161005,    0,    0
 11378, 75533,20161006,    6,    0
 11378, 75533,20161007,  340,    0
 11378, 75533,20161008,    1,    0
 11378, 75533,20161009,  220,    0
 11378, 75533,20161010,  250,    0
 11378, 75533,20161011,   50,    0
 11378, 75533,20161012,  410,    0
 11378, 75533,20161013,    0,    0
 11378, 75533,20161014,    0,    0
 11378, 75533,20161015,    0,    0
 11378, 75533,20161016,   70,    0
 11378, 75533,20161017,    0,    0
 11378, 75533,20161018,   10,    0
 11378, 75533,20161019,    0,    0
 11378, 75533,20161020,   20,    0
 11378, 75533,20161021,   32,    0
 11378, 75533,20161022,  100,    0
 11378, 75533,20161023,    0,    0
 11378, 75533,20161024,    0,    0
 11378, 75533,20161025,    0,    0
 11378, 75533,20161026,    0,    0
 11378, 75533,20161027,    0,    0
 11378, 75533,20161028,    0,    0
 11378, 75533,20161029,    0,    0
 11378, 75533,20161030,    0,    0
 11378, 75533,20161031,    0,    0
 11378, 75533,20161101,    0,    0
 11378, 75533,20161102,    0,    0
 11378, 75533,20161103,   10,    0
 11378, 75533,20161104,   20,    0
 11378, 75533,20161105,    0,    0
 11378, 75533,20161106,    5,    0
 11378, 75533,20161107,   90,    0
 11378, 75533,20161108,  540,    0
 11378, 75533,20161109,   10,    0
 11378, 75533,20161110,  168,    0
 11378, 75533,20161111,   52,    0
 11378, 75533,20161112,  390,    0
 11378, 75533,20161113,   90,    0
 11378, 75533,20161114,    0,    0
 11378, 75533,20161115,    0,    0
 11378, 75533,20161116,    0,    0
 11378, 75533,20161117,    0,    0
 11378, 75533,20161118,    0,    0
 11378, 75533,20161119,    0,    0
 11378, 75533,20161120,   10,    0
 11378, 75533,20161121,    0,    0
 11378, 75533,20161122,    0,    0
 11378, 75533,20161123,    0,    0
 11378, 75533,20161124,    0,    0
 11378, 75533,20161125,   10,    0
 11378, 75533,20161126,   70,    0
 11378, 75533,20161127,    8,    0
 11378, 75533,20161128,    0,    0
 11378, 75533,20161129,    8,    0
 11378, 75533,20161130,    0,    0
 11378, 75533,20161201,    0,    0
 11378, 75533,20161202,    0,    0
 11378, 75533,20161203,    0,    0
 11378, 75533,20161204,    0,    0
 11378, 75533,20161205,    0,    0
 11378, 75533,20161206,    0,    0
 11378, 75533,20161207,    0,    0
 11378, 75533,20161208,    0,    0
 11378, 75533,20161209,    0,    0
 11378, 75533,20161210,    0,    0
 11378, 75533,20161211,    0,    0
 11378, 75533,20161212,    5,    0
 11378, 75533,20161213,    0,    0
 11378, 75533,20161214,    0,    0
 11378, 75533,20161215,    0,    0
 11378, 75533,20161216,    0,    0
 11378, 75533,20161217,    0,    0
 11378, 75533,20161218,    0,    0
 11378, 75533,20161219,    0,    0
 11378, 75533,20161220,    0,    0
 11378, 75533,20161221,    0,    0
 11378, 75533,20161222,    0,    0
 11378, 75533,20161223,    0,    0
 11378, 75533,20161224,    0,    0
 11378, 75533,20161225,    0,    0
 11378, 75533,20161226,    0,    0
 11378, 75533,20161227,    1,    0
 11378, 75533,20161228,    0,    0
 11378, 75533,20161229,    0,    0
 11378, 75533,20161230,    0,    0
 11378, 75533,20161231,    0,    0
 11378, 75533,20170101,    0,    0
 11378, 75533,20170102,    0,    0
 11378, 75533,20170103,  120,    0
 11378, 75533,20170104,  150,    0
 11378, 75533,20170105,  145,    0
 11378, 75533,20170106,   10,    0
 11378, 75533,20170107,    0,    0
 11378, 75533,20170108,    0,    0
 11378, 75533,20170109,    0,    0
 11378, 75533,20170110,    0,    0
 11378, 75533,20170111,   50,    0
 11378, 75533,20170112,    0,    0
 11378, 75533,20170113,  141,    0
 11378, 75533,20170114,   87,    0
 11378, 75533,20170115,    4,    0
 11378, 75533,20170116,    0,    0
 11378, 75533,20170117,    0,    0
 11378, 75533,20170118,    0,    0
 11378, 75533,20170119,    6,    0
 11378, 75533,20170120,    0,    0
 11378, 75533,20170121,    0,    0
 11378, 75533,20170122,    0,    0
 11378, 75533,20170123,    0,    0
 11378, 75533,20170124,    0,    0
 11378, 75533,20170125,    0,    0
 11378, 75533,20170126,    0,    0
 11378, 75533,20170127,    0,    0
 11378, 75533,20170128,    0,    0
 11378, 75533,20170129,    0,    0
 11378, 75533,20170130,    0,    0
 11378, 75533,20170131,    0,    0
 11378, 75533,20170201,   10,    0
 11378, 75533,20170202,   12,    0
 11378, 75533,20170203,  150,    0
 11378, 75533,20170204,   30,    0
 11378, 75533,20170205,  110,    0
 11378, 75533,20170206,  210,    0
 11378, 75533,20170207,  184,    0
 11378, 75533,20170208,   30,    0
 11378, 75533,20170209,    0,    0
 11378, 75533,20170210,    0,    0
 11378, 75533,20170211,    0,    0
 11378, 75533,20170212,    0,    0
 11378, 75533,20170213,    0,    0
 11378, 75533,20170214,    0,    0
 11378, 75533,20170215,    0,    0
 11378, 75533,20170216,    0,    0
 11378, 75533,20170217,    0,    0
 11378, 75533,20170218,   40,    0
 11378, 75533,20170219,  140,    0
 11378, 75533,20170220,   10,    0
 11378, 75533,20170221,    0,    0
 11378, 75533,20170222,    0,    0
 11378, 75533,20170223,    0,    0
 11378, 75533,20170224,   50,    0
 11378, 75533,20170225,  700,    0
 11378, 75533,20170226,    4,    0
 11378, 75533,20170227,    0,    0
 11378, 75533,20170228,    0,    0
 11378, 75533,20170301,   80,    0
 11378, 75533,20170302,    0,    0
 11378, 75533,20170303,    0,    0
 11378, 75533,20170304,    0,    0
 11378, 75533,20170305,   40,    0
 11378, 75533,20170306,   30,    0
 11378, 75533,20170307,  330,    0
 11378, 75533,20170308,    0,    0
 11378, 75533,20170309,    0,    0
 11378, 75533,20170310,    0,    0
 11378, 75533,20170311,    0,    0
 11378, 75533,20170312,   20,    0
 11378, 75533,20170313,    0,    0
 11378, 75533,20170314,    0,    0
 11378, 75533,20170315,    0,    0
 11378, 75533,20170316,    0,    0
 11378, 75533,20170317,    0,    0
 11378, 75533,20170318,    0,    0
 11378, 75533,20170319,    0,    0
 11378, 75533,20170320,    0,    0
 11378, 75533,20170321,    0,    0
 11378, 75533,20170322,    0,    0
 11378, 75533,20170323,    0,    0
 11378, 75533,20170324,    0,    0
 11378, 75533,20170325,    0,    0
 11378, 75533,20170326,  170,    0
 11378, 75533,20170327,    0,    0
 11378, 75533,20170328,    0,    0
 11378, 75533,20170329,    0,    0
 11378, 75533,20170330,    0,    0
 11378, 75533,20170331,    0,    0
 11378, 75533,20170401,    0,    0
 11378, 75533,20170402,    0,    0
 11378, 75533,20170403,   10,    0
 11378, 75533,20170404,    9,    0
 11378, 75533,20170405,   72,    0
 11378, 75533,20170406,    0,    0
 11378, 75533,20170407,    2,    0
 11378, 75533,20170408,    0,    0
 11378, 75533,20170409,    0,    0
 11378, 75533,20170410,    0,    0
 11378, 75533,20170411,    0,    0
 11378, 75533,20170412,    0,    0
 11378, 75533,20170413,    0,    0
 11378, 75533,20170414,    0,    0
 11378, 75533,20170415,    3,    0
 11378, 75533,20170416,    8,    0
 11378, 75533,20170417,    2,    0
 11378, 75533,20170418,   80,    0
 11378, 75533,20170419,  250,    0
 11378, 75533,20170420,    8,    0
 11378, 75533,20170421,    0,    0
 11378, 75533,20170422,    0,    0
 11378, 75533,20170423,    0,    0
 11378, 75533,20170424,    0,    0
 11378, 75533,20170425,    0,    0
 11378, 75533,20170426,    0,    0
 11378, 75533,20170427,    0,    0
 11378, 75533,20170428,    0,    0
 11378, 75533,20170429,    6,    0
 11378, 75533,20170430,    0,    0
 11378, 75533,20170501,    0,    0
 11378, 75533,20170502,    0,    0
 11378, 75533,20170503,    0,    0
 11378, 75533,20170504,    0,    0
 11378, 75533,20170505,    0,    0
 11378, 75533,20170506,    0,    0
 11378, 75533,20170507,    0,    0
 11378, 75533,20170508,  320,    0
 11378, 75533,20170509,   90,    0
 11378, 75533,20170510,   10,    0
 11378, 75533,20170511,    0,    0
 11378, 75533,20170512,    0,    0
 11378, 75533,20170513,    0,    0
 11378, 75533,20170514,    0,    0
 11378, 75533,20170515,    0,    0
 11378, 75533,20170516,   20,    0
 11378, 75533,20170517,    0,    0
 11378, 75533,20170518,    0,    0
 11378, 75533,20170519,    0,    0
 11378, 75533,20170520,    0,    0
 11378, 75533,20170521,    4,    0
 11378, 75533,20170522,    0,    0
 11378, 75533,20170523,    0,    0
 11378, 75533,20170524,    0,    0
 11378, 75533,20170525,  190,    0
 11378, 75533,20170526,    0,    0
 11378, 75533,20170527,    0,    0
 11378, 75533,20170528,    0,    0
 11378, 75533,20170529,    0,    0
 11378, 75533,20170530,    0,    0
 11378, 75533,20170531,    0,    0
 11378, 75533,20170601,    0,    0
 11378, 75533,20170602,    0,    0
 11378, 75533,20170603,    3,    0
 11378, 75533,20170604,    0,    0
 11378, 75533,20170605,    0,    0
 11378, 75533,20170606,    0,    0
 11378, 75533,20170607,    0,    0
 11378, 75533,20170608,    0,    0
 11378, 75533,20170609,    0,    0
 11378, 75533,20170610,    0,    0
 11378, 75533,20170611,    0,    0
 11378, 75533,20170612,    0,    0
 11378, 75533,20170613,    0,    0
 11378, 75533,20170614,    0,    0
 11378, 75533,20170615,    0,    0
 11378, 75533,20170616,    1,    0
 11378, 75533,20170617,    0,    0
 11378, 75533,20170618,    0,    0
 11378, 75533,20170619,    0,    0
 11378, 75533,20170620,    0,    0
 11378, 75533,20170621,    0,    0
 11378, 75533,20170622,    0,    0
 11378, 75533,20170623,    0,    0
 11378, 75533,20170624,    0,    0
 11378, 75533,20170625,    0,    0
 11378, 75533,20170626,    0,    0
 11378, 75533,20170627,    0,    0
 11378, 75533,20170628,    0,    0
 11378, 75533,20170629,    8,    0
 11378, 75533,20170630,    0,    0
 11378, 75533,20170701,    0,    0
 11378, 75533,20170702,    1,    0
 11378, 75533,20170703,    0,    0
 11378, 75533,20170704,    0,    0
 11378, 75533,20170705,    0,    0
 11378,913461,20170706,    0,    0
 11378, 75533,20170707,    0,    0
 11378, 75533,20170708,    0,    0
 11378, 75533,20170709,    0,    0
 11378, 75533,20170710,    0,    0
 11378, 75533,20170711,    0,    0
 11378, 75533,20170712,    0,    0
 11378, 75533,20170713,    0,    0
 11378, 75533,20170714,    0,    0
 11378, 75533,20170715,    0,    0
 11378, 75533,20170716,    0,    0
 11378, 75533,20170717,    0,    0
 11378, 75533,20170718,    0,    0
 11378, 75533,20170719,    0,    0
 11378, 75533,20170720,    0,    0
 11378, 75533,20170721,    0,    0
 11378, 75533,20170722,    0,    0
 11378, 75533,20170723,    0,    0
 11378, 75533,20170724,    0,    0
 11378, 75533,20170725,    0,    0
 11378, 75533,20170726,   90,    0
 11378, 75533,20170727,    0,    0
 11378, 75533,20170728,    0,    0
 11378, 75533,20170729,    0,    0
 11378,913461,20170730,    0,    0
 11378, 75533,20170731,    0,    0
 11378, 75533,20170801,    0,    0
 11378, 75533,20170802,    0,    0
 11378, 75533,20170803,    0,    0
 11378, 75533,20170804,    0,    0
 11378, 75533,20170805,    0,    0
 11378, 75533,20170806,    1,    0
 11378, 75533,20170807,    0,    0
 11378, 75533,20170808,    0,    0
 11378, 75533,20170809,    0,    0
 11378, 75533,20170810,    0,    0
 11378, 75533,20170811,    0,    0
 11378, 75533,20170812,    0,    0
 11378, 75533,20170813,  110,    0
 11378, 75533,20170814,    0,    0
 11378, 75533,20170815,    0,    0
 11378, 75533,20170816,    0,    0
 11378, 75533,20170817,    0,    0
 11378, 75533,20170818,    0,    0
 11378, 75533,20170819,    0,    0
 11378, 75533,20170820,    0,    0
 11378, 75533,20170821,    0,    0
 11378, 75533,20170822,    0,    0
 11378, 75533,20170823,    0,    0
 11378, 75533,20170824,    0,    0
 11378, 75533,20170825,    0,    0
 11378, 75533,20170826,    0,    0
 11378, 75533,20170827,    0,    0
 11378, 75533,20170828,    0,    0
 11378, 75533,20170829,    5,    0
 11378, 75533,20170830,    0,    0
 11378, 75533,20170831,    0,    0
 11378, 75533,20170901,    0,    0
 11378, 75533,20170902,   30,    0
 11378, 75533,20170903,    5,    0
 11378, 75533,20170904,  170,    0
 11378, 75533,20170905,    0,    0
 11378, 75533,20170906,    0,    0
 11378, 75533,20170907,    0,    0
 11378, 75533,20170908,  510,    0
 11378, 75533,20170909,  790,    0
 11378, 75533,20170910,    0,    0
 11378, 75533,20170911,    4,    0
 11378, 75533,20170912,  300,    0
 11378, 75533,20170913,    0,    0
 11378, 75533,20170914,    0,    0
 11378, 75533,20170915,    0,    0
 11378, 75533,20170916,    0,    0
 11378, 75533,20170917,    0,    0
 11378, 75533,20170918,    0,    0
 11378, 75533,20170919,    0,    0
 11378, 75533,20170920,    0,    0
 11378, 75533,20170921,   20,    0
 11378, 75533,20170922,    0,    0
 11378, 75533,20170923,    0,    0
 11378, 75533,20170924,    0,    0
 11378, 75533,20170925,  130,    0
 11378, 75533,20170926,   20,    0
 11378, 75533,20170927,    0,    0
 11378, 75533,20170928,    0,    0
 11378, 75533,20170929,    0,    0
 11378, 75533,20170930,    0,    0
 11378, 75533,20171001,    0,    0
 11378, 75533,20171002,    0,    0
 11378, 75533,20171003,    0,    0
 11378, 75533,20171004,    0,    0
 11378, 75533,20171005,    0,    0
 11378, 75533,20171006,    7,    0
 11378, 75533,20171007,  470,    0
 11378, 75533,20171008,    0,    0
 11378, 75533,20171009,    0,    0
 11378, 75533,20171010,    0,    0
 11378, 75533,20171011,    0,    0
 11378, 75533,20171012,    0,    0
 11378, 75533,20171013,    0,    0
 11378, 75533,20171014,    0,    0
 11378, 75533,20171015,    0,    0
 11378, 75533,20171016,    0,    0
 11378, 75533,20171017,    0,    0
 11378, 75533,20171018,    0,    0
 11378, 75533,20171019,    0,    0
 11378, 75533,20171020,    0,    0
 11378, 75533,20171021,    0,    0
 11378, 75533,20171022,    0,    0
 11378, 75533,20171023,   40,    0
 11378, 75533,20171024,   11,    0
 11378, 75533,20171025,    0,    0
 11378, 75533,20171026,    0,    0
 11378, 75533,20171027,    0,    0
 11378, 75533,20171028,   10,    0
 11378, 75533,20171029,    0,    0
 11378, 75533,20171030,    0,    0
 11378, 75533,20171031,    0,    0
 11378, 75533,20171101,    0,    0
 11378, 75533,20171102,    0,    0
 11378, 75533,20171103,    2,    0
 11378, 75533,20171104,    0,    0
 11378, 75533,20171105,    0,    0
 11378, 75533,20171106,    0,    0
 11378, 75533,20171107,  130,    0
 11378, 75533,20171108,  250,    0
 11378, 75533,20171109,    6,    0
 11378, 75533,20171110,   30,    0
 11378, 75533,20171111,  181,    0
 11378, 75533,20171112,    1,    0
 11378, 75533,20171113,   93,    0
 11378, 75533,20171114,  250,    0
 11378, 75533,20171115,    1,    0
 11378, 75533,20171116,   10,    0
 11378, 75533,20171117,    0,    0
 11378, 75533,20171118,    0,    0
 11378, 75533,20171119,   40,    0
 11378, 75533,20171120,    0,    0
 11378, 75533,20171121,    0,    0
 11378, 75533,20171122,    0,    0
 11378, 75533,20171123,    0,    0
 11378, 75533,20171124,    0,    0
 11378, 75533,20171125,    0,    0
 11378, 75533,20171126,  138,    0
 11378, 75533,20171127,   30,    0
 11378, 75533,20171128,    0,    0
 11378, 75533,20171129,    2,    0
 11378, 75533,20171130,  690,    0
 11378, 75533,20171201,  170,    0
 11378, 75533,20171202,   60,    0
 11378, 75533,20171203,  110,    0
 11378, 75533,20171204,   70,    0
 11378, 75533,20171205,    0,    0
 11378, 75533,20171206,    0,    0
 11378, 75533,20171207,    0,    0
 11378, 75533,20171208,    0,    0
 11378, 75533,20171209,  140,    0
 11378, 75533,20171210,   20,    0
 11378, 75533,20171211,   17,    0
 11378, 75533,20171212,   40,    0
 11378, 75533,20171213,   91,    0
 11378, 75533,20171214,   70,    0
 11378, 75533,20171215,  120,    0
 11378, 75533,20171216,  140,    0
 11378, 75533,20171217,  180,    0
 11378, 75533,20171218,    3,    0
 11378, 75533,20171219,    0,    0
 11378, 75533,20171220,    0,    0
 11378, 75533,20171221,    0,    0
 11378, 75533,20171222,    0,    0
 11378, 75533,20171223,    0,    0
 11378, 75533,20171224,    0,    0
 11378, 75533,20171225,    0,    0
 11378, 75533,20171226,    0,    0
 11378, 75533,20171227,  820,    0
 11378, 75533,20171228,  280,    0
 11378, 75533,20171229,  113,    0
 11378, 75533,20171230,   20,    0
 11378, 75533,20171231,    0,    0
 11378, 75533,20180101,    0,    0
 11378, 75533,20180102,  380,    0
 11378, 75533,20180103,    0,    0
 11378, 75533,20180104,   70,    0
 11378, 75533,20180105,    0,    0
 11378, 75533,20180106,    0,    0
 11378, 75533,20180107,    0,    0
 11378, 75533,20180108,    0,    0
 11378, 75533,20180109,    0,    0
 11378, 75533,20180110,    0,    0
 11378, 75533,20180111,  200,    0
 11378, 75533,20180112,    0,    0
 11378, 75533,20180113,    0,    0
 11378, 75533,20180114,    0,    0
 11378, 75533,20180115,  170,    0
 11378, 75533,20180116,  110,    0
 11378, 75533,20180117,  100,    0
 11378, 75533,20180118,    3,    0
 11378, 75533,20180119,   20,    0
 11378, 75533,20180120,   80,    0
 11378, 75533,20180121,  151,    0
 11378, 75533,20180122,    0,    0
 11378, 75533,20180123,    0,    0
 11378, 75533,20180124,    0,    0
 11378, 75533,20180125,    0,    0
 11378, 75533,20180126,    0,    0
 11378, 75533,20180127,    0,    0
 11378, 75533,20180128,    0,    0
 11378, 75533,20180129,    0,    0
 11378, 75533,20180130,    0,    0
 11378, 75533,20180131,    0,    0
 11378, 75533,20180201,    3,    0
 11378, 75533,20180202,  510,    0
 11378, 75533,20180203,  240,    0
 11378, 75533,20180204,    0,    0
 11378, 75533,20180205,    0,    0
 11378, 75533,20180206,    0,    0
 11378, 75533,20180207,  140,    0
 11378, 75533,20180208,  180,    0
 11378, 75533,20180209,   70,    0
 11378, 75533,20180210,    8,    0
 11378, 75533,20180211,   10,    0
 11378, 75533,20180212,    1,    0
 11378, 75533,20180213,  130,    0
 11378, 75533,20180214,   10,    0
 11378, 75533,20180215,    0,    0
 11378, 75533,20180216,    0,    0
 11378, 75533,20180217,    0,    0
 11378, 75533,20180218,    0,    0
 11378, 75533,20180219,    5,    0
 11378, 75533,20180220,  260,    0
 11378, 75533,20180221,  137,    0
 11378, 75533,20180222,    4,    0
 11378, 75533,20180223,    0,    0
 11378, 75533,20180224,    0,    0
 11378, 75533,20180225,   20,    0
 11378, 75533,20180226,    5,    0
 11378, 75533,20180227,  200,    0
 11378, 75533,20180228,   20,    0
 11378, 75533,20180301,   20,    0
 11378, 75533,20180302,  670,    0
 11378, 75533,20180303,   90,    0
 11378, 75533,20180304,   93,    0
 11378, 75533,20180305,   50,    0
 11378, 75533,20180306,  270,    0
 11378, 75533,20180307,   20,    0
 11378, 75533,20180308,  312,    0
 11378, 75533,20180309,    0,    0
 11378, 75533,20180310,    0,    0
 11378, 75533,20180311,    0,    0
 11378, 75533,20180312,  130,    0
 11378, 75533,20180313,  120,    0
 11378, 75533,20180314,   30,    0
 11378, 75533,20180315,    0,    0
 11378, 75533,20180316,  170,    0
 11378, 75533,20180317,   10,    0
 11378, 75533,20180318,   82,    0
 11378, 75533,20180319,  452,    0
 11378, 75533,20180320,  220,    0
 11378, 75533,20180321,  270,    0
 11378, 75533,20180322,   20,    0
 11378, 75533,20180323,  120,    0
 11378, 75533,20180324,   10,    0
 11378, 75533,20180325,   20,    0
 11378, 75533,20180326,   60,    0
 11378, 75533,20180327,   20,    0
 11378, 75533,20180328,    0,    0
 11378, 75533,20180329,    0,    0
 11378, 75533,20180330,    0,    0
 11378, 75533,20180331,    0,    0
 11378, 75533,20180401,  220,    0
 11378, 75533,20180402,   10,    0
 11378, 75533,20180403,    0,    0
 11378, 75533,20180404,    0,    0
 11378, 75533,20180405,    1,    0
 11378, 75533,20180406,    5,    0
 11378, 75533,20180407,    0,    0
 11378, 75533,20180408,    0,    0
 11378, 75533,20180409,    0,    0
 11378, 75533,20180410,    0,    0
 11378, 75533,20180411,    0,    0
 11378, 75533,20180412,    0,    0
 11378, 75533,20180413,    0,    0
 11378, 75533,20180414,    0,    0
 11378, 75533,20180415,    0,    0
 11378, 75533,20180416,    0,    0
 11378, 75533,20180417,   20,    0
 11378, 75533,20180418,    0,    0
 11378, 75533,20180419,    0,    0
 11378, 75533,20180420,    0,    0
 11378, 75533,20180421,    0,    0
 11378, 75533,20180422,    0,    0
 11378, 75533,20180423,    0,    0
 11378, 75533,20180424,    0,    0
 11378, 75533,20180425,    0,    0
 11378, 75533,20180426,    0,    0
 11378, 75533,20180427,    0,    0
 11378, 75533,20180428,    0,    0
 11378, 75533,20180429,    0,    0
 11378, 75533,20180430,    0,    0
 11378, 75533,20180501,    0,    0
 11378, 75533,20180502,    0,    0
 11378, 75533,20180503,   50,    0
 11378, 75533,20180504,  420,    0
 11378, 75533,20180505,  220,    0
 11378, 75533,20180506,  110,    0
 11378, 75533,20180507,   20,    0
 11378, 75533,20180508,    0,    0
 11378, 75533,20180509,   80,    0
 11378, 75533,20180510,    0,    0
 11378, 75533,20180511,    0,    0
 11378, 75533,20180512,    0,    0
 11378, 75533,20180513,    2,    0
 11378, 75533,20180514,  100,    0
 11378, 75533,20180515,   31,    0
 11378, 75533,20180516,   50,    0
 11378, 75533,20180517,    0,    0
 11378, 75533,20180518,    0,    0
 11378, 75533,20180519,    0,    0
 11378, 75533,20180520,    0,    0
 11378, 75533,20180521,    0,    0
 11378, 75533,20180522,    0,    0
 11378, 75533,20180523,   30,    0
 11378, 75533,20180524,    1,    0
 11378, 75533,20180525,    0,    0
 11378, 75533,20180526,    0,    0
 11378, 75533,20180527,    0,    0
 11378, 75533,20180528,    0,    0
 11378, 75533,20180529,    0,    0
 11378, 75533,20180530,    0,    0
 11378, 75533,20180531,    0,    0
 11378, 75533,20180601,    0,    0
 11378, 75533,20180602,    0,    0
 11378, 75533,20180603,    0,    0
 11378, 75533,20180604,    0,    0
 11378, 75533,20180605,    0,    0
 11378, 75533,20180606,   10,    0
 11378, 75533,20180607,    0,    0
 11378, 75533,20180608,    0,    0
 11378, 75533,20180609,   23,    0
 11378, 75533,20180610,   40,    0
 11378, 75533,20180611,    0,    0
 11378, 75533,20180612,    0,    0
 11378, 75533,20180613,    0,    0
 11378, 75533,20180614,    0,    0
 11378, 75533,20180615,    0,    0
 11378, 75533,20180616,    0,    0
 11378, 75533,20180617,    0,    0
 11378, 75533,20180618,    0,    0
 11378, 75533,20180619,    0,    0
 11378, 75533,20180620,    0,    0
 11378, 75533,20180621,    8,    0
 11378, 75533,20180622,    0,    0
 11378, 75533,20180623,  200,    0
 11378, 75533,20180624,    0,    0
 11378, 75533,20180625,    0,    0
 11378, 75533,20180626,    4,    0
 11378, 75533,20180627,    6,    0
 11378, 75533,20180628,    0,    0
 11378, 75533,20180629,  140,    0
 11378, 75533,20180630,   40,    0
 11378, 75533,20180701,    0,    0
 11378, 75533,20180702,    0,    0
 11378, 75533,20180703,    0,    0
 11378, 75533,20180704,    0,    0
 11378, 75533,20180705,    0,    0
 11378, 75533,20180706,    0,    0
 11378, 75533,20180707,    0,    0
 11378, 75533,20180708,    0,    0
 11378, 75533,20180709,    3,    0
 11378, 75533,20180710,    0,    0
 11378, 75533,20180711,    0,    0
 11378, 75533,20180712,    0,    0
 11378, 75533,20180713,    0,    0
 11378, 75533,20180714,    0,    0
 11378, 75533,20180715,    0,    0
 11378, 75533,20180716,    0,    0
 11378, 75533,20180717,    0,    0
 11378, 75533,20180718,    0,    0
 11378, 75533,20180719,    0,    0
 11378, 75533,20180720,    0,    0
 11378, 75533,20180721,    0,    0
 11378, 75533,20180722,    0,    0
 11378, 75533,20180723,    4,    0
 11378, 75533,20180724,    0,    0
 11378, 75533,20180725,    0,    0
 11378, 75533,20180726,    0,    0
 11378, 75533,20180727,    0,    0
 11378, 75533,20180728,   90,    0
 11378, 75533,20180729,    0,    0
 11378, 75533,20180730,    0,    0
 11378,913461,20180731,    0,    0
 11378, 75533,20180801,    0,    0
 11378, 75533,20180802,    0,    0
 11378, 75533,20180803,    0,    0
 11378, 75533,20180804,    0,    0
 11378, 75533,20180805,    0,    0
 11378, 75533,20180806,    0,    0
 11378,913461,20180807,    0,    0
 11378, 75533,20180808,    0,    0
 11378, 75533,20180809,    0,    0
 11378, 75533,20180810,    0,    0
 11378, 75533,20180811,  120,    0
 11378, 75533,20180812,    0,    0
 11378, 75533,20180813,    0,    0
 11378, 75533,20180814,    0,    0
 11378, 75533,20180815,    0,    0
 11378, 75533,20180816,   10,    0
 11378, 75533,20180817,    0,    0
 11378, 75533,20180818,    0,    0
 11378, 75533,20180819,    0,    0
 11378, 75533,20180820,    0,    0
 11378, 75533,20180821,    0,    0
 11378, 75533,20180822,    0,    0
 11378, 75533,20180823,    0,    0
 11378, 75533,20180824,    0,    0
 11378, 75533,20180825,    0,    0
 11378, 75533,20180826,  300,    0
 11378, 75533,20180827,   10,    0
 11378, 75533,20180828,    0,    0
 11378, 75533,20180829,    0,    0
 11378, 75533,20180830,    0,    0
 11378, 75533,20180831,    0,    0
 11378, 75533,20180901,    0,    0
 11378, 75533,20180902,    0,    0
 11378, 75533,20180903,  350,    0
 11378, 75533,20180904,    0,    0
 11378, 75533,20180905,    0,    0
 11378, 75533,20180906,    0,    0
 11378, 75533,20180907,    0,    0
 11378, 75533,20180908,    0,    0
 11378, 75533,20180909,    0,    0
 11378, 75533,20180910,    0,    0
 11378, 75533,20180911,    0,    0
 11378, 75533,20180912,    0,    0
 11378, 75533,20180913,    0,    0
 11378, 75533,20180914,    0,    0
 11378, 75533,20180915,    0,    0
 11378, 75533,20180916,    0,    0
 11378, 75533,20180917,    0,    0
 11378, 75533,20180918,    0,    0
 11378, 75533,20180919,    0,    0
 11378, 75533,20180920,    0,    0
 11378, 75533,20180921,    0,    0
 11378, 75533,20180922,    0,    0
 11378, 75533,20180923,    0,    0
 11378, 75533,20180924,    0,    0
 11378, 75533,20180925,    0,    0
 11378, 75533,20180926,    0,    0
 11378, 75533,20180927,    0,    0
 11378, 75533,20180928,    0,    0
 11378, 75533,20180929,    0,    0
 11378, 75533,20180930,    0,    0
 11378, 75533,20181001,    0,    0
 11378, 75533,20181002,   70,    0
 11378, 75533,20181003,    0,    0
 11378, 75533,20181004,    0,    0
 11378, 75533,20181005,   10,    0
 11378, 75533,20181006,    3,    0
 11378, 75533,20181007,   90,    0
 11378, 75533,20181008,    0,    0
 11378, 75533,20181009,    0,    0
 11378, 75533,20181010,    0,    0
 11378, 75533,20181011,    0,    0
 11378, 75533,20181012,    0,    0
 11378, 75533,20181013,    0,    0
 11378, 75533,20181014,    0,    0
 11378, 75533,20181015,    0,    0
 11378, 75533,20181016,    0,    0
 11378, 75533,20181017,    0,    0
 11378, 75533,20181018,    0,    0
 11378, 75533,20181019,    0,    0
 11378, 75533,20181020,    0,    0
 11378, 75533,20181021,    0,    0
 11378, 75533,20181022,    0,    0
 11378, 75533,20181023,    0,    0
 11378, 75533,20181024,    0,    0
 11378, 75533,20181025,    0,    0
 11378, 75533,20181026,    0,    0
 11378, 75533,20181027,    1,    0
 11378, 75533,20181028,   70,    0
 11378, 75533,20181029,  120,    0
 11378, 75533,20181030,  352,    0
 11378, 75533,20181031,    0,    0
 11378, 75533,20181101,   20,    0
 11378, 75533,20181102,    5,    0
 11378, 75533,20181103,    0,    0
 11378, 75533,20181104,    0,    0
 11378, 75533,20181105,    0,    0
 11378, 75533,20181106,    0,    0
 11378, 75533,20181107,    0,    0
 11378, 75533,20181108,    0,    0
 11378, 75533,20181109,    0,    0
 11378, 75533,20181110,    0,    0
 11378, 75533,20181111,    0,    0
 11378, 75533,20181112,    0,    0
 11378, 75533,20181113,    0,    0
 11378, 75533,20181114,    0,    0
 11378, 75533,20181115,    0,    0
 11378, 75533,20181116,    0,    0
 11378, 75533,20181117,    0,    0
 11378, 75533,20181118,    0,    0
 11378, 75533,20181119,   10,    0
 11378, 75533,20181120,  180,    0
 11378, 75533,20181121,  270,    0
 11378, 75533,20181122,    0,    0
 11378, 75533,20181123,    0,    0
 11378, 75533,20181124,   70,    0
 11378, 75533,20181125,  660,    0
 11378, 75533,20181126,   22,    0
 11378, 75533,20181127,  410,    0
 11378, 75533,20181128,  100,    0
 11378, 75533,20181129,    0,    0
 11378, 75533,20181130,    0,    0
 11378, 75533,20181201,    0,    0
 11378, 75533,20181202,    0,    0
 11378, 75533,20181203,   20,    0
 11378, 75533,20181204,    1,    0
 11378, 75533,20181205,    0,    0
 11378, 75533,20181206,    0,    0
 11378, 75533,20181207,    0,    0
 11378, 75533,20181208,  230,    0
 11378, 75533,20181209,   40,    0
 11378, 75533,20181210,  160,    0
 11378, 75533,20181211,    0,    0
 11378, 75533,20181212,    0,    0
 11378, 75533,20181213,    0,    0
 11378,913461,20181214,  930,    0
 11378, 75533,20181215,  800,    0
 11378, 75533,20181216,   20,    0
 11378, 75533,20181217,   20,    0
 11378, 75533,20181218,    0,    0
 11378, 75533,20181219,    0,    0
 11378, 75533,20181220,    0,    0
 11378, 75533,20181221,  100,    0
 11378, 75533,20181222,    1,    0
 11378, 75533,20181223,    0,    0
 11378, 75533,20181224,   90,    0
 11378, 75533,20181225,   50,    0
 11378, 75533,20181226,    0,    0
 11378, 75533,20181227,    0,    0
 11378, 75533,20181228,    0,    0
 11378, 75533,20181229,    0,    0
 11378, 75533,20181230,    0,    0
 11378, 75533,20181231,    0,    0
 11378, 75533,20190101,    0,    0
 11378, 75533,20190102,    1,    0
 11378, 75533,20190103,    0,    0
 11378, 75533,20190104,    0,    0
 11378, 75533,20190105,    0,    0
 11378, 75533,20190106,    0,    0
 11378, 75533,20190107,    0,    0
 11378, 75533,20190108,    0,    0
 11378, 75533,20190109,  130,    0
 11378, 75533,20190110,  130,    0
 11378, 75533,20190111,    0,    0
 11378, 75533,20190112,    0,    0
 11378, 75533,20190113,    0,    0
 11378, 75533,20190114,   50,    0
 11378, 75533,20190115,    0,    0
 11378, 75533,20190116,    0,    0
 11378, 75533,20190117,    0,    0
 11378, 75533,20190118,   90,    0
 11378, 75533,20190119,  130,    0
 11378, 75533,20190120,  130,    0
 11378, 75533,20190121,    0,    0
 11378, 75533,20190122,  150,    0
 11378, 75533,20190123,   10,    0
 11378, 75533,20190124,   20,    0
 11378, 75533,20190125,   43,    0
 11378, 75533,20190126,    0,    0
 11378, 75533,20190127,    0,    0
 11378, 75533,20190128,  150,    0
 11378, 75533,20190129,   80,    0
 11378, 75533,20190130,    4,    0
 11378, 75533,20190131,  210,    0
 11378, 75533,20190201,  170,    0
 11378, 75533,20190202,    0,    0
 11378, 75533,20190203,    0,    0
 11378, 75533,20190204,  100,    0
 11378, 75533,20190205,    0,    0
 11378, 75533,20190206,    0,    0
 11378, 75533,20190207,    0,    0
 11378, 75533,20190208,    0,    0
 11378, 75533,20190209,    0,    0
 11378, 75533,20190210,    0,    0
 11378, 75533,20190211,  140,    0
 11378, 75533,20190212,    5,    0
 11378, 75533,20190213,    0,    0
 11378, 75533,20190214,    0,    0
 11378, 75533,20190215,    0,    0
 11378, 75533,20190216,    0,    0
 11378, 75533,20190217,    0,    0
 11378, 75533,20190218,    0,    0
 11378, 75533,20190219,    0,    0
 11378, 75533,20190220,    0,    0
 11378, 75533,20190221,    0,    0
 11378, 75533,20190222,    0,    0
 11378, 75533,20190223,    0,    0
 11378, 75533,20190224,    0,    0
 11378, 75533,20190225,    0,    0
 11378, 75533,20190226,    0,    0
 11378, 75533,20190227,    0,    0
 11378, 75533,20190228,    0,    0
 11378, 75533,20190301,    0,    0
 11378, 75533,20190302,    0,    0
 11378, 75533,20190303,    0,    0
 11378, 75533,20190304,    0,    0
 11378, 75533,20190305,    0,    0
 11378, 75533,20190306,    0,    0
 11378, 75533,20190307,    0,    0
 11378, 75533,20190308,    0,    0
 11378, 75533,20190309,   20,    0
 11378, 75533,20190310,    0,    0
 11378, 75533,20190311,   30,    0
 11378, 75533,20190312,  110,    0
 11378, 75533,20190313,    0,    0
 11378, 75533,20190314,   20,    0
 11378, 75533,20190315,    0,    0
 11378, 75533,20190316,    0,    0
 11378, 75533,20190317,    0,    0
 11378, 75533,20190318,    0,    0
 11378, 75533,20190319,    0,    0
 11378, 75533,20190320,    0,    0
 11378, 75533,20190321,    0,    0
 11378, 75533,20190322,    0,    0
 11378, 75533,20190323,    0,    0
 11378, 75533,20190324,    0,    0
 11378, 75533,20190325,    0,    0
 11378, 75533,20190326,    0,    0
 11378, 75533,20190327,    0,    0
 11378, 75533,20190328,    0,    0
 11378, 75533,20190329,    0,    0
 11378, 75533,20190330,    0,    0
 11378, 75533,20190331,    0,    0
 11378, 75533,20190401,    0,    0
 11378, 75533,20190402,    0,    0
 11378, 75533,20190403,    0,    0
 11378, 75533,20190404,    0,    0
 11378, 75533,20190405,  140,    0
 11378, 75533,20190406,   30,    0
 11378, 75533,20190407,    0,    0
 11378, 75533,20190408,  190,    0
 11378, 75533,20190409,    3,    0
 11378, 75533,20190410,   50,    0
 11378, 75533,20190411,   50,    0
 11378, 75533,20190412,   60,    0
 11378, 75533,20190413,  110,    0
 11378, 75533,20190414,   28,    0
 11378, 75533,20190415,    1,    0
 11378, 75533,20190416,    0,    0
 11378, 75533,20190417,    0,    0
 11378, 75533,20190418,    0,    0
 11378, 75533,20190419,    0,    0
 11378, 75533,20190420,    0,    0
 11378, 75533,20190421,    0,    0
 11378, 75533,20190422,    0,    0
 11378, 75533,20190423,   10,    0
 11378, 75533,20190424,   90,    0
 11378, 75533,20190425,    0,    0
 11378, 75533,20190426,    0,    0
 11378, 75533,20190427,   66,    0
 11378, 75533,20190428,    0,    0
 11378, 75533,20190429,    4,    0
 11378, 75533,20190430,   70,    0
 11378, 75533,20190501,   35,    0
 11378, 75533,20190502,    0,    0
 11378, 75533,20190503,    0,    0
 11378, 75533,20190504,   60,    0
 11378, 75533,20190505,  430,    0
 11378, 75533,20190506,  260,    0
 11378, 75533,20190507,    1,    0
 11378, 75533,20190508,    0,    0
 11378, 75533,20190509,   90,    0
 11378, 75533,20190510,    1,    0
 11378, 75533,20190511,    0,    0
 11378, 75533,20190512,   80,    0
 11378, 75533,20190513,  160,    0
 11378, 75533,20190514,   80,    0
 11378, 75533,20190515,   15,    0
 11378, 75533,20190516,    0,    0
 11378, 75533,20190517,    0,    0
 11378, 75533,20190518,    0,    0
 11378, 75533,20190519,   30,    0
 11378, 75533,20190520,   50,    0
 11378, 75533,20190521,   20,    0
 11378, 75533,20190522,    0,    0
 11378, 75533,20190523,    0,    0
 11378, 75533,20190524,    0,    0
 11378, 75533,20190525,   40,    0
 11378, 75533,20190526,    0,    0
 11378, 75533,20190527,  100,    0
 11378, 75533,20190528,   40,    0
 11378, 75533,20190529,  230,    0
 11378, 75533,20190530,  100,    0
 11378, 75533,20190531,    4,    0
 11378, 75533,20190601,    2,    0
 11378, 75533,20190602,   20,    0
 11378, 75533,20190603,   35,    0
 11378, 75533,20190604,    2,    0
 11378, 75533,20190605,    1,    0
 11378, 75533,20190606,    0,    0
 11378, 75533,20190607,    0,    0
 11378, 75533,20190608,    0,    0
 11378, 75533,20190609,    0,    0
 11378, 75533,20190610,    0,    0
 11378,913461,20190611,-9999,    9
 11378, 75533,20190612,    0,    0
 11378, 75533,20190613,    0,    0
 11378, 75533,20190614,    0,    0
 11378, 75533,20190615,    0,    0
 11378, 75533,20190616,    0,    0
 11378, 75533,20190617,    0,    0
 11378, 75533,20190618,    0,    0
 11378, 75533,20190619,    0,    0
 11378, 75533,20190620,    0,    0
 11378, 75533,20190621,    0,    0
 11378, 75533,20190622,    0,    0
 11378, 75533,20190623,    0,    0
 11378, 75533,20190624,   20,    0
 11378, 75533,20190625,    0,    0
 11378, 75533,20190626,    0,    0
 11378, 75533,20190627,    0,    0
 11378, 75533,20190628,    0,    0
 11378, 75533,20190629,    0,    0
 11378, 75533,20190630,    0,    0
 11378, 75533,20190701,    0,    0
 11378, 75533,20190702,    0,    0
 11378, 75533,20190703,    0,    0
 11378, 75533,20190704,    0,    0
 11378, 75533,20190705,    0,    0
 11378, 75533,20190706,    0,    0
 11378, 75533,20190707,    0,    0
 11378, 75533,20190708,   30,    0
 11378, 75533,20190709,   80,    0
 11378, 75533,20190710,  102,    0
 11378, 75533,20190711,    0,    0
 11378, 75533,20190712,    0,    0
 11378, 75533,20190713,    0,    0
 11378, 75533,20190714,  210,    0
 11378, 75533,20190715,    0,    0
 11378, 75533,20190716,    0,    0
 11378, 75533,20190717,    0,    0
 11378, 75533,20190718,    0,    0
 11378, 75533,20190719,    0,    0
 11378, 75533,20190720,    0,    0
 11378, 75533,20190721,    0,    0
 11378, 75533,20190722,    0,    0
 11378, 75533,20190723,    0,    0
 11378, 75533,20190724,    0,    0
 11378, 75533,20190725,    0,    0
 11378, 75533,20190726,    0,    0
 11378, 75533,20190727,    0,    0
 11378, 75533,20190728,  440,    0
 11378, 75533,20190729,  230,    0
 11378, 75533,20190730,   80,    0
 11378, 75533,20190731,    0,    0
 11378, 75533,20190801,    0,    0
 11378, 75533,20190802,    0,    0
 11378, 75533,20190803,    3,    0
 11378, 75533,20190804,    0,    0
 11378, 75533,20190805,    0,    0
 11378, 75533,20190806,    0,    0
 11378, 75533,20190807,    0,    0
 11378, 75533,20190808,    0,    0
 11378, 75533,20190809,    0,    0
 11378, 75533,20190810,    0,    0
 11378, 75533,20190811,    0,    0
 11378, 75533,20190812,    0,    0
 11378, 75533,20190813,    0,    0
 11378, 75533,20190814,    7,    0
 11378, 75533,20190815,    0,    0
 11378, 75533,20190816,    0,    0
 11378, 75533,20190817,    0,    0
 11378, 75533,20190818,    0,    0
 11378, 75533,20190819,    0,    0
 11378, 75533,20190820,    0,    0
 11378, 75533,20190821,    0,    0
 11378, 75533,20190822,    0,    0
 11378, 75533,20190823,    0,    0
 11378, 75533,20190824,   30,    0
 11378, 75533,20190825,    0,    0
 11378, 75533,20190826,    0,    0
 11378, 75533,20190827,    0,    0
 11378, 75533,20190828,    0,    0
 11378, 75533,20190829,    0,    0
 11378, 75533,20190830,    0,    0
 11378, 75533,20190831,    0,    0
 11378, 75533,20190901,    0,    0
 11378, 75533,20190902,    0,    0
 11378, 75533,20190903,    0,    0
 11378, 75533,20190904,    0,    0
 11378, 75533,20190905,    0,    0
 11378, 75533,20190906,    0,    0
 11378, 75533,20190907,    7,    0
 11378, 75533,20190908,    0,    0
 11378, 75533,20190909,    6,    0
 11378, 75533,20190910,    0,    0
 11378, 75533,20190911,   30,    0
 11378, 75533,20190912,    0,    0
 11378, 75533,20190913,    0,    0
 11378, 75533,20190914,    0,    0
 11378, 75533,20190915,    0,    0
 11378, 75533,20190916,    0,    0
 11378, 75533,20190917,    0,    0
 11378, 75533,20190918,    0,    0
 11378, 75533,20190919,   40,    0
 11378, 75533,20190920,    0,    0
 11378, 75533,20190921,    0,    0
 11378, 75533,20190922,    0,    0
 11378, 75533,20190923,  274,    0
 11378, 75533,20190924,  760,    0
 11378, 75533,20190925,    6,    0
 11378, 75533,20190926,   70,    0
 11378, 75533,20190927,    0,    0
 11378, 75533,20190928,    0,    0
 11378, 75533,20190929,    0,    0
 11378, 75533,20190930,    0,    0
 11378, 75533,20191001,    0,    0
 11378, 75533,20191002,    0,    0
 11378, 75533,20191003,  620,    0
 11378, 75533,20191004,    0,    0
 11378, 75533,20191005,    6,    0
 11378, 75533,20191006,    0,    0
 11378, 75533,20191007,    0,    0
 11378, 75533,20191008,    0,    0
 11378, 75533,20191009,    0,    0
 11378, 75533,20191010,    5,    0
 11378, 75533,20191011,   20,    0
 11378, 75533,20191012,    0,    0
 11378, 75533,20191013,    0,    0
 11378, 75533,20191014,    0,    0
 11378, 75533,20191015,    0,    0
 11378, 75533,20191016,    0,    0
 11378, 75533,20191017,    0,    0
 11378, 75533,20191018,    0,    0
 11378, 75533,20191019,    0,    0
 11378, 75533,20191020,    0,    0
 11378, 75533,20191021,    0,    0
 11378, 75533,20191022,    0,    0
 11378, 75533,20191023,    0,    0
 11378, 75533,20191024,    0,    0
 11378, 75533,20191025,    0,    0
 11378, 75533,20191026,    0,    0
 11378, 75533,20191027,    0,    0
 11378, 75533,20191028,    0,    0
 11378, 75533,20191029,    0,    0
 11378, 75533,20191030,    0,    0
 11378, 75533,20191031,   41,    0
 11378, 75533,20191101,    0,    0
 11378, 75533,20191102,  142,    0
 11378, 75533,20191103,  440,    0
 11378, 75533,20191104,  210,    0
 11378, 75533,20191105,    0,    0
 11378, 75533,20191106,  160,    0
 11378, 75533,20191107,   40,    0
 11378, 75533,20191108,  160,    0
 11378, 75533,20191109,  160,    0
 11378, 75533,20191110,  230,    0
 11378, 75533,20191111,    0,    0
 11378, 75533,20191112,  220,    0
 11378, 75533,20191113,  240,    0
 11378, 75533,20191114,  620,    0
 11378, 75533,20191115,   12,    0
 11378, 75533,20191116,    0,    0
 11378, 75533,20191117,   40,    0
 11378, 75533,20191118,  150,    0
 11378, 75533,20191119,    3,    0
 11378, 75533,20191120,   90,    0
 11378, 75533,20191121,   70,    0
 11378, 75533,20191122,    0,    0
 11378, 75533,20191123,    0,    0
 11378, 75533,20191124,    0,    0
 11378, 75533,20191125,    0,    0
 11378, 75533,20191126,    0,    0
 11378, 75533,20191127,   10,    0
 11378, 75533,20191128,   50,    0
 11378, 75533,20191129,    4,    0
 11378, 75533,20191130,   30,    0
 11378, 75533,20191201,    0,    0
 11378, 75533,20191202,    1,    0
 11378, 75533,20191203,  250,    0
 11378, 75533,20191204,    0,    0
 11378, 75533,20191205,    0,    0
 11378, 75533,20191206,   30,    0
 11378, 75533,20191207,  390,    0
 11378, 75533,20191208,    0,    0
 11378, 75533,20191209,    5,    0
 11378, 75533,20191210,  180,    0
 11378, 75533,20191211,    0,    0
 11378, 75533,20191212,   20,    0
 11378, 75533,20191213,  240,    0
 11378, 75533,20191214,  180,    0
 11378, 75533,20191215,    0,    0
 11378, 75533,20191216,    0,    0
 11378, 75533,20191217,    0,    0
 11378, 75533,20191218,    0,    0
 11378, 75533,20191219,    0,    0
 11378, 75533,20191220,  220,    0
 11378, 75533,20191221,  280,    0
 11378, 75533,20191222,  300,    0
 11378, 75533,20191223,  110,    0
 11378, 75533,20191224,    0,    0
 11378, 75533,20191225,    0,    0
 11378, 75533,20191226,    0,    0
 11378, 75533,20191227,    0,    0
 11378, 75533,20191228,    0,    0
 11378, 75533,20191229,    0,    0
 11378, 75533,20191230,    0,    0
 11378, 75533,20191231,    0,    0
 11378, 75533,20200101,    0,    0
 11378, 75533,20200102,    0,    0
 11378, 75533,20200103,    0,    0
 11378, 75533,20200104,    0,    0
 11378, 75533,20200105,    0,    0
 11378, 75533,20200106,    0,    0
 11378, 75533,20200107,    0,    0
 11378, 75533,20200108,    0,    0
 11378, 75533,20200109,    0,    0
 11378, 75533,20200110,    0,    0
 11378, 75533,20200111,    0,    0
 11378, 75533,20200112,    0,    0
 11378, 75533,20200113,    0,    0
 11378, 75533,20200114,    0,    0
 11378, 75533,20200115,    0,    0
 11378, 75533,20200116,    0,    0
 11378, 75533,20200117,    0,    0
 11378, 75533,20200118,    0,    0
 11378, 75533,20200119,  180,    0
 11378, 75533,20200120,    0,    0
 11378, 75533,20200121,    0,    0
 11378, 75533,20200122,    0,    0
 11378,913461,20200123,    0,    0
 11378, 75533,20200124,    0,    0
 11378, 75533,20200125,    3,    0
 11378, 75533,20200126,  160,    0
 11378, 75533,20200127,  220,    0
 11378, 75533,20200128,   50,    0
 11378, 75533,20200129,    3,    0
 11378, 75533,20200130,    0,    0
 11378, 75533,20200131,    0,    0
 11378, 75533,20200201,    0,    0
 11378, 75533,20200202,    0,    0
 11378, 75533,20200203,    0,    0
 11378, 75533,20200204,   50,    0
 11378, 75533,20200205,  220,    0
 11378, 75533,20200206,    0,    0
 11378, 75533,20200207,    0,    0
 11378, 75533,20200208,    0,    0
 11378, 75533,20200209,    0,    0
 11378, 75533,20200210,    0,    0
 11378, 75533,20200211,    0,    0
 11378, 75533,20200212,    0,    0
 11378, 75533,20200213,    0,    0
 11378, 75533,20200214,   20,    0
 11378, 75533,20200215,    0,    0
 11378, 75533,20200216,    0,    0
 11378, 75533,20200217,    0,    0
 11378, 75533,20200218,    0,    0
 11378, 75533,20200219,    0,    0
 11378, 75533,20200220,    0,    0
 11378, 75533,20200221,    0,    0
 11378, 75533,20200222,    0,    0
 11378, 75533,20200223,    0,    0
 11378, 75533,20200224,    0,    0
 11378, 75533,20200225,    0,    0
 11378, 75533,20200226,    0,    0
 11378, 75533,20200227,  130,    0
 11378, 75533,20200228,   40,    0
 11378, 75533,20200229,    0,    0
 11378, 75533,20200301,    0,    0
 11378, 75533,20200302,   16,    0
 11378, 75533,20200303,  583,    0
 11378, 75533,20200304,  120,    0
 11378, 75533,20200305,    7,    0
 11378, 75533,20200306,  270,    0
 11378, 75533,20200307,   83,    0
 11378, 75533,20200308,  100,    0
 11378, 75533,20200309,    1,    0
 11378, 75533,20200310,    0,    0
 11378, 75533,20200311,    0,    0
 11378, 75533,20200312,    0,    0
 11378, 75533,20200313,    0,    0
 11378, 75533,20200314,    1,    0
 11378, 75533,20200315,   66,    0
 11378, 75533,20200316,    0,    0
 11378, 75533,20200317,    0,    0
 11378, 75533,20200318,    0,    0
 11378, 75533,20200319,    0,    0
 11378, 75533,20200320,    0,    0
 11378, 75533,20200321,    0,    0
 11378, 75533,20200322,    0,    0
 11378, 75533,20200323,   10,    0
 11378, 75533,20200324,   16,    0
 11378, 75533,20200325,    6,    0
 11378, 75533,20200326,    1,    0
 11378, 75533,20200327,    1,    0
 11378, 75533,20200328,    1,    0
 11378, 75533,20200329,    0,    0
 11378, 75533,20200330,    0,    0
 11378, 75533,20200331,    0,    0
 11378, 75533,20200401,  140,    0
 11378, 75533,20200402,    0,    0
 11378, 75533,20200403,    0,    0
 11378, 75533,20200404,    0,    0
 11378, 75533,20200405,    0,    0
 11378, 75533,20200406,    0,    0
 11378, 75533,20200407,    0,    0
 11378, 75533,20200408,    0,    0
 11378, 75533,20200409,    0,    0
 11378, 75533,20200410,    0,    0
 11378, 75533,20200411,    0,    0
 11378, 75533,20200412,    0,    0
 11378, 75533,20200413,    0,    0
 11378, 75533,20200414,  180,    0
 11378, 75533,20200415,   80,    0
 11378, 75533,20200416,    0,    0
 11378, 75533,20200417,    0,    0
 11378, 75533,20200418,    0,    0
 11378, 75533,20200419,    0,    0
 11378, 75533,20200420,    4,    0
 11378, 75533,20200421,   84,    0
 11378, 75533,20200422,    1,    0
 11378, 75533,20200423,    0,    0
 11378, 75533,20200424,    0,    0
 11378, 75533,20200425,    0,    0
 11378, 75533,20200426,    0,    0
 11378, 75533,20200427,    0,    0
 11378, 75533,20200428,    0,    0
 11378, 75533,20200429,   50,    0
 11378, 75533,20200430,    0,    0
 11378, 75533,20200501,    0,    0
 11378, 75533,20200502,   50,    0
 11378, 75533,20200503,    0,    0
 11378, 75533,20200504,    0,    0
 11378, 75533,20200505,    0,    0
 11378, 75533,20200506,   92,    0
 11378, 75533,20200507,    1,    0
 11378, 75533,20200508,    0,    0
 11378, 75533,20200509,    0,    0
 11378, 75533,20200510,    0,    0
 11378, 75533,20200511,    0,    0
 11378, 75533,20200512,    0,    0
 11378, 75533,20200513,    0,    0
 11378, 75533,20200514,    0,    0
 11378, 75533,20200515,    0,    0
 11378, 75533,20200516,    0,    0
 11378, 75533,20200517,    0,    0
 11378, 75533,20200518,    0,    0
 11378, 75533,20200519,    0,    0
 11378, 75533,20200520,    0,    0
 11378, 75533,20200521,    1,    0
 11378, 75533,20200522,    0,    0
 11378, 75533,20200523,    0,    0
 11378, 75533,20200524,    0,    0
 11378, 75533,20200525,    0,    0
 11378, 75533,20200526,    0,    0
 11378, 75533,20200527,    0,    0
 11378, 75533,20200528,    0,    0
 11378, 75533,20200529,    0,    0
 11378, 75533,20200530,    0,    0
 11378, 75533,20200531,   20,    0
 11378, 75533,20200601,    3,    0
 11378, 75533,20200602,    0,    0
 11378, 75533,20200603,    0,    0
 11378, 75533,20200604,    0,    0
 11378, 75533,20200605,   20,    0
 11378, 75533,20200606,    0,    0
 11378, 75533,20200607,    0,    0
 11378, 75533,20200608,   40,    0
 11378, 75533,20200609,    0,    0
 11378, 75533,20200610,    0,    0
 11378, 75533,20200611,    0,    0
 11378, 75533,20200612,    0,    0
 11378, 75533,20200613,    0,    0
 11378, 75533,20200614,    0,    0
 11378, 75533,20200615,    0,    0
 11378, 75533,20200616,   90,    0
 11378, 75533,20200617,    1,    0
 11378, 75533,20200618,    0,    0
 11378, 75533,20200619,    0,    0
 11378, 75533,20200620,    0,    0
 11378, 75533,20200621,    0,    0
 11378, 75533,20200622,    0,    0
 11378, 75533,20200623,    4,    0
 11378, 75533,20200624,    0,    0
 11378, 75533,20200625,    0,    0
 11378, 75533,20200626,    0,    0
 11378, 75533,20200627,    0,    0
 11378, 75533,20200628,    0,    0
 11378, 75533,20200629,    0,    0
 11378, 75533,20200630,    0,    0
 11378,913461,20200701,    0,    0
 11378,913461,20200702,    0,    0
 11378,913461,20200703,    0,    0
 11378,913461,20200704,  150,    0
 11378,913461,20200705,    0,    0
 11378,913461,20200706,    0,    0
 11378,913461,20200707,    0,    0
 11378,913461,20200708,    0,    0
 11378,913461,20200709,    0,    0
 11378,913461,20200710,    0,    0
 11378,913461,20200711,    0,    0
 11378,913461,20200712,    0,    0
 11378,913461,20200713,    0,    0
 11378,913461,20200714,    0,    0
 11378,913461,20200715,    0,    0
 11378, 75533,20200716,    0,    0
 11378, 75533,20200717,    0,    0
 11378, 75533,20200718,    1,    0
 11378, 75533,20200719,    0,    0
 11378, 75533,20200720,    0,    0
 11378, 75533,20200721,    0,    0
 11378,913461,20200722,    0,    0
 11378, 75533,20200723,    0,    0
 11378, 75533,20200724,    0,    0
 11378, 75533,20200725,   20,    0
 11378, 75533,20200726,    0,    0
 11378, 75533,20200727,    0,    0
 11378, 75533,20200728,    0,    0
 11378, 75533,20200729,    0,    0
 11378, 75533,20200730,    0,    0
 11378, 75533,20200731,    0,    0
 11378, 75533,20200801,    0,    0
 11378, 75533,20200802,    0,    0
 11378, 75533,20200803,    0,    0
 11378, 75533,20200804,    0,    0
 11378, 75533,20200805,   50,    0
 11378, 75533,20200806,   20,    0
 11378, 75533,20200807,    0,    0
 11378, 75533,20200808,    0,    0
 11378, 75533,20200809,    0,    0
 11378, 75533,20200810,    0,    0
 11378, 75533,20200811,    0,    0
 11378, 75533,20200812,    0,    0
 11378, 75533,20200813,    0,    0
 11378, 75533,20200814,    0,    0
 11378, 75533,20200815,    0,    0
 11378, 75533,20200816,    0,    0
 11378, 75533,20200817,    0,    0
 11378, 75533,20200818,    0,    0
 11378, 75533,20200819,   20,    0
 11378, 75533,20200820,    0,    0
 11378, 75533,20200821,    0,    0
 11378, 75533,20200822,    0,    0
 11378, 75533,20200823,    0,    0
 11378, 75533,20200824,    0,    0
 11378, 75533,20200825,   80,    0
 11378, 75533,20200826,    0,    0
 11378, 75533,20200827,    0,    0
 11378, 75533,20200828,    0,    0
 11378, 75533,20200829,    0,    0
 11378, 75533,20200830,    0,    0
 11378, 75533,20200831,    0,    0
 11378, 75533,20200901,    0,    0
 11378, 75533,20200902,    0,    0
 11378, 75533,20200903,    0,    0
 11378, 75533,20200904,    0,    0
 11378, 75533,20200905,    0,    0
 11378, 75533,20200906,    0,    0
 11378, 75533,20200907,    0,    0
 11378, 75533,20200908,    0,    0
 11378, 75533,20200909,    0,    0
 11378, 75533,20200910,    0,    0
 11378, 75533,20200911,    0,    0
 11378, 75533,20200912,    0,    0
 11378, 75533,20200913,    0,    0
 11378, 75533,20200914,    0,    0
 11378, 75533,20200915,    0,    0
 11378, 75533,20200916,    0,    0
 11378, 75533,20200917,    0,    0
 11378, 75533,20200918,    0,    0
 11378, 75533,20200919,    0,    0
 11378, 75533,20200920,    0,    0
 11378, 75533,20200921,    0,    0
 11378, 75533,20200922,    2,    0
 11378, 75533,20200923,  440,    0
 11378, 75533,20200924,  240,    0
 11378, 75533,20200925,   20,    0
 11378, 75533,20200926,  520,    0
 11378, 75533,20200927,   63,    0
 11378, 75533,20200928,  940,    0
 11378, 75533,20200929,   65,    0
 11378, 75533,20200930,   30,    0
 11378, 75533,20201001,  140,    0
 11378, 75533,20201002,   10,    0
 11378, 75533,20201003,    0,    0
 11378, 75533,20201004,    0,    0
 11378, 75533,20201005,   10,    0
 11378, 75533,20201006,   90,    0
 11378, 75533,20201007,  340,    0
 11378, 75533,20201008,   50,    0
 11378, 75533,20201009,    0,    0
 11378, 75533,20201010,    0,    0
 11378, 75533,20201011,    0,    0
 11378, 75533,20201012,  570,    0
 11378, 75533,20201013,  300,    0
 11378, 75533,20201014,   61,    0
 11378, 75533,20201015, 1420,    0
 11378, 75533,20201016,   50,    0
 11378, 75533,20201017,   26,    0
 11378, 75533,20201018,   20,    0
 11378, 75533,20201019,    0,    0
 11378, 75533,20201020,    0,    0
 11378, 75533,20201021,    0,    0
 11378, 75533,20201022,    0,    0
 11378, 75533,20201023,    0,    0
 11378, 75533,20201024,    0,    0
 11378, 75533,20201025,   80,    0
 11378, 75533,20201026,   42,    0
 11378, 75533,20201027,    4,    0
 11378, 75533,20201028,    0,    0
 11378, 75533,20201029,    0,    0
 11378, 75533,20201030,    0,    0
 11378, 75533,20201031,    0,    0
 11378, 75533,20201101,    0,    0
 11378, 75533,20201102,    0,    0
 11378, 75533,20201103,    0,    0
 11378, 75533,20201104,    0,    0
 11378, 75533,20201105,    6,    0
 11378, 75533,20201106,    0,    0
 11378, 75533,20201107,    0,    0
 11378, 75533,20201108,    0,    0
 11378, 75533,20201109,    0,    0
 11378, 75533,20201110,    0,    0
 11378, 75533,20201111,    0,    0
 11378, 75533,20201112,    0,    0
 11378, 75533,20201113,   10,    0
 11378, 75533,20201114,    0,    0
 11378, 75533,20201115,    0,    0
 11378, 75533,20201116,    0,    0
 11378, 75533,20201117,    8,    0
 11378, 75533,20201118,    0,    0
 11378, 75533,20201119,    0,    0
 11378, 75533,20201120,    0,    0
 11378, 75533,20201121,    0,    0
 11378, 75533,20201122,    0,    0
 11378, 75533,20201123,    0,    0
 11378, 75533,20201124,    0,    0
 11378, 75533,20201125,    0,    0
 11378, 75533,20201126,    0,    0
 11378, 75533,20201127,    0,    0
 11378, 75533,20201128,    0,    0
 11378, 75533,20201129,   10,    0
 11378, 75533,20201130,    0,    0
 11378,913461,20201201,    0,    0
 11378,913461,20201202,    0,    0
 11378,913461,20201203,  220,    0
 11378,913461,20201204,   84,    0
 11378,913461,20201205,    3,    0
 11378,913461,20201206,   90,    0
 11378,913461,20201207,-9999,    9
 11378,913461,20201208,  120,    0
 11378,913461,20201209,  340,    0
 11378,913461,20201210,   20,    0
 11378,913461,20201211,   40,    0
 11378,913461,20201212,   10,    0
 11378,913461,20201213,-9999,    9
 11378,913461,20201214,    0,    0
 11378,913461,20201215,    0,    0
 11378, 75533,20201216,    0,    0
 11378, 75533,20201217,    0,    0
 11378, 75533,20201218,    0,    0
 11378, 75533,20201219,    0,    0
 11378, 75533,20201220,    0,    0
 11378, 75533,20201221,    0,    0
 11378, 75533,20201222,    0,    0
 11378, 75533,20201223,    0,    0
 11378, 75533,20201224,    2,    0
 11378, 75533,20201225,   20,    0
 11378, 75533,20201226,  630,    0
 11378, 75533,20201227,  300,    0
 11378, 75533,20201228,  240,    0
 11378, 75533,20201229,  230,    0
 11378, 75533,20201230,  220,    0
 11378, 75533,20201231,  190,    0
 11378, 75533,20210101,   55,    0
 11378, 75533,20210102,    8,    0
 11378, 75533,20210103,  160,    0
 11378, 75533,20210104,  120,    0
 11378, 75533,20210105,  120,    0
 11378, 75533,20210106,   60,    0
 11378, 75533,20210107,  140,    0
 11378, 75533,20210108,  180,    0
 11378, 75533,20210109,  130,    0
 11378, 75533,20210110,  160,    0
 11378, 75533,20210111,  140,    0
 11378, 75533,20210112,   50,    0
 11378, 75533,20210113,    4,    0
 11378, 75533,20210114,   10,    0
 11378, 75533,20210115,    0,    0
 11378, 75533,20210116,    0,    0
 11378, 75533,20210117,    0,    0
 11378, 75533,20210118,    0,    0
 11378, 75533,20210119,    0,    0
 11378, 75533,20210120,    0,    0
 11378, 75533,20210121,   21,    0
 11378, 75533,20210122,   21,    0
 11378, 75533,20210123,  420,    0
 11378, 75533,20210124,  290,    0
 11378, 75533,20210125,  160,    0
 11378, 75533,20210126,  132,    0
 11378, 75533,20210127,    0,    0
 11378, 75533,20210128,    0,    0
 11378, 75533,20210129,   76,    0
 11378, 75533,20210130,  230,    0
 11378, 75533,20210131,  200,    0
 11378, 75533,20210201,  230,    0
 11378, 75533,20210202,  270,    0
 11378, 75533,20210203,    0,    0
 11378, 75533,20210204,    0,    0
 11378, 75533,20210205,    0,    0
 11378, 75533,20210206,    0,    0
 11378, 75533,20210207,    0,    0
 11378, 75533,20210208,  210,    0
 11378, 75533,20210209,  312,    0
 11378, 75533,20210210,   30,    0
 11378, 75533,20210211,  220,    0
 11378, 75533,20210212,    0,    0
 11378, 75533,20210213,   10,    0
 11378, 75533,20210214,    4,    0
 11378, 75533,20210215,    0,    0
 11378, 75533,20210216,    0,    0
 11378, 75533,20210217,    0,    0
 11378, 75533,20210218,    0,    0
 11378, 75533,20210219,    0,    0
 11378, 75533,20210220,    0,    0
 11378, 75533,20210221,    0,    0
 11378, 75533,20210222,    0,    0
 11378, 75533,20210223,    0,    0
 11378, 75533,20210224,    0,    0
 11378, 75533,20210225,    0,    0
 11378, 75533,20210226,    0,    0
 11378, 75533,20210227,    0,    0
 11378, 75533,20210228,    0,    0
 11378, 75533,20210301,    0,    0
 11378, 75533,20210302,    0,    0
 11378, 75533,20210303,    0,    0
 11378, 75533,20210304,    0,    0
 11378, 75533,20210305,    2,    0
 11378, 75533,20210306,   90,    0
 11378, 75533,20210307,    0,    0
 11378, 75533,20210308,   60,    0
 11378, 75533,20210309,    7,    0
 11378, 75533,20210310,  530,    0
 11378, 75533,20210311,    0,    0
 11378, 75533,20210312,    0,    0
 11378, 75533,20210313,   44,    0
 11378, 75533,20210314,   24,    0
 11378, 75533,20210315,  120,    0
 11378, 75533,20210316,    0,    0
 11378, 75533,20210317,    0,    0
 11378, 75533,20210318,    0,    0
 11378, 75533,20210319,    0,    0
 11378, 75533,20210320,   20,    0
 11378, 75533,20210321,    4,    0
 11378, 75533,20210322,   50,    0
 11378, 75533,20210323,    0,    0
 11378, 75533,20210324,    0,    0
 11378, 75533,20210325,    0,    0
 11378, 75533,20210326,    0,    0
 11378, 75533,20210327,    0,    0
 11378, 75533,20210328,    0,    0
 11378, 75533,20210329,    0,    0
 11378, 75533,20210330,    0,    0
 11378, 75533,20210331,    0,    0
 11378, 75533,20210401,    0,    0
 11378, 75533,20210402,    0,    0
 11378, 75533,20210403,   30,    0
 11378, 75533,20210404,  190,    0
 11378, 75533,20210405,    0,    0
 11378, 75533,20210406,    0,    0
 11378, 75533,20210407,   20,    0
 11378, 75533,20210408,    0,    0
 11378, 75533,20210409,    0,    0
 11378, 75533,20210410,    0,    0
 11378, 75533,20210411,    0,    0
 11378, 75533,20210412,    0,    0
 11378, 75533,20210413,   91,    0
 11378, 75533,20210414,   20,    0
 11378, 75533,20210415,    0,    0
 11378, 75533,20210416,    0,    0
 11378, 75533,20210417,   12,    0
 11378, 75533,20210418,   20,    0
 11378, 75533,20210419,   20,    0
 11378, 75533,20210420,   80,    0
 11378, 75533,20210421,  110,    0
 11378, 75533,20210422,   40,    0
 11378, 75533,20210423,  380,    0
 11378, 75533,20210424,    0,    0
 11378, 75533,20210425,    0,    0
 11378, 75533,20210426,    0,    0
 11378, 75533,20210427,    0,    0
 11378, 75533,20210428,    0,    0
 11378, 75533,20210429,    0,    0
 11378, 75533,20210430,    0,    0
 11378, 75533,20210501,    3,    0
 11378, 75533,20210502,    0,    0
 11378, 75533,20210503,    0,    0
 11378, 75533,20210504,    0,    0
 11378, 75533,20210505,    2,    0
 11378, 75533,20210506,    0,    0
 11378, 75533,20210507,    0,    0
 11378, 75533,20210508,    0,    0
 11378, 75533,20210509,    0,    0
 11378, 75533,20210510,    0,    0
 11378, 75533,20210511,    0,    0
 11378, 75533,20210512,    0,    0
 11378, 75533,20210513,   45,    0
 11378, 75533,20210514,   11,    0
 11378, 75533,20210515,  150,    0
 11378, 75533,20210516,   80,    0
 11378, 75533,20210517,    0,    0
 11378, 75533,20210518,    0,    0
 11378, 75533,20210519,    0,    0
 11378, 75533,20210520,  210,    0
 11378, 75533,20210521,    0,    0
 11378, 75533,20210522,    0,    0
 11378, 75533,20210523,    0,    0
 11378, 75533,20210524,    0,    0
 11378, 75533,20210525,    0,    0
 11378, 75533,20210526,    0,    0
 11378, 75533,20210527,    0,    0
 11378, 75533,20210528,    0,    0
 11378, 75533,20210529,    0,    0
 11378, 75533,20210530,    1,    0
 11378, 75533,20210531,    0,    0
 11378, 75533,20210601,    0,    0
 11378, 75533,20210602,    0,    0
 11378, 75533,20210603,    0,    0
 11378, 75533,20210604,    0,    0
 11378, 75533,20210605,    0,    0
 11378, 75533,20210606,    0,    0
 11378, 75533,20210607,   30,    0
 11378, 75533,20210608,    4,    0
 11378, 75533,20210609,   70,    0
 11378, 75533,20210610,   70,    0
 11378, 75533,20210611,    0,    0
 11378, 75533,20210612,    0,    0
 11378, 75533,20210613,    0,    0
 11378, 75533,20210614,    0,    0
 11378, 75533,20210615,    0,    0
 11378, 75533,20210616,    0,    0
 11378, 75533,20210617,    0,    0
 11378, 75533,20210618,    0,    0
 11378, 75533,20210619,    0,    0
 11378, 75533,20210620,    0,    0
 11378, 75533,20210621,    0,    0
 11378, 75533,20210622,    0,    0
 11378, 75533,20210623,    0,    0
 11378, 75533,20210624,    0,    0
 11378,913461,20210625,    0,    0
 11378, 75533,20210626,    0,    0
 11378, 75533,20210627,    0,    0
 11378, 75533,20210628,    0,    0
 11378, 75533,20210629,    0,    0
 11378, 75533,20210630,    0,    0
 11378, 75533,20210701,    0,    0
 11378, 75533,20210702,    0,    0
 11378, 75533,20210703,    1,    0
 11378, 75533,20210704,    0,    0
 11378, 75533,20210705,    0,    0
 11378, 75533,20210706,    0,    0
 11378, 75533,20210707,    0,    0
 11378, 75533,20210708,    0,    0
 11378, 75533,20210709,    0,    0
 11378, 75533,20210710,    0,    0
 11378, 75533,20210711,   10,    0
 11378, 75533,20210712,    0,    0
 11378, 75533,20210713,    0,    0
 11378, 75533,20210714,    0,    0
 11378, 75533,20210715,    0,    0
 11378, 75533,20210716,    0,    0
 11378, 75533,20210717,    3,    0
 11378, 75533,20210718,   80,    0
 11378, 75533,20210719,    0,    0
 11378, 75533,20210720,    0,    0
 11378, 75533,20210721,    0,    0
 11378, 75533,20210722,    0,    0
 11378, 75533,20210723,    0,    0
 11378, 75533,20210724,    0,    0
 11378, 75533,20210725,    0,    0
 11378, 75533,20210726,    0,    0
 11378, 75533,20210727,    0,    0
 11378, 75533,20210728,    0,    0
 11378, 75533,20210729,    0,    0
 11378, 75533,20210730,    0,    0
 11378, 75533,20210731,    0,    0
 11378, 75533,20210801,    0,    0
 11378, 75533,20210802,    0,    0
 11378, 75533,20210803,    0,    0
 11378, 75533,20210804,    0,    0
 11378, 75533,20210805,    0,    0
 11378, 75533,20210806,    0,    0
 11378, 75533,20210807,    0,    0
 11378, 75533,20210808,    0,    0
 11378,913461,20210809,    0,    0
 11378, 75533,20210810,    0,    0
 11378, 75533,20210811,    0,    0
 11378, 75533,20210812,    0,    0
 11378, 75533,20210813,    0,    0
 11378, 75533,20210814,    0,    0
 11378, 75533,20210815,    0,    0
 11378, 75533,20210816,    0,    0
 11378, 75533,20210817,    0,    0
 11378, 75533,20210818,    3,    0
 11378, 75533,20210819,    0,    0
 11378, 75533,20210820,    0,    0
 11378, 75533,20210821,    0,    0
 11378, 75533,20210822,    0,    0
 11378, 75533,20210823,    0,    0
 11378, 75533,20210824,    0,    0
 11378, 75533,20210825,   60,    0
 11378, 75533,20210826,   40,    0
 11378, 75533,20210827,    0,    0
 11378, 75533,20210828,  120,    0
 11378, 75533,20210829,  296,    0
 11378, 75533,20210830,   60,    0
 11378, 75533,20210831,    0,    0
 11378, 75533,20210901,    0,    0
 11378, 75533,20210902,    0,    0
 11378, 75533,20210903,    0,    0
 11378, 75533,20210904,    0,    0
 11378, 75533,20210905,    0,    0
 11378, 75533,20210906,    0,    0
 11378, 75533,20210907,    0,    0
 11378, 75533,20210908,    0,    0
 11378, 75533,20210909,    0,    0
 11378, 75533,20210910,    0,    0
 11378, 75533,20210911,    0,    0
 11378, 75533,20210912,    0,    0
 11378, 75533,20210913,    0,    0
 11378, 75533,20210914,    0,    0
 11378, 75533,20210915,    0,    0
 11378, 75533,20210916,    0,    0
 11378, 75533,20210917,   10,    0
 11378, 75533,20210918,   52,    0
 11378, 75533,20210919, 9110,    1
 11378, 75533,20210920,    0,    0
 11378, 75533,20210921,    0,    0
 11378, 75533,20210922,    0,    0
 11378, 75533,20210923,    0,    0
 11378, 75533,20210924,    0,    0
 11378, 75533,20210925,    0,    0
 11378, 75533,20210926,    0,    0
 11378, 75533,20210927,    0,    0
 11378, 75533,20210928,    0,    0
 11378, 75533,20210929,    0,    0
 11378, 75533,20210930,    7,    0
 11378, 75533,20211001,    0,    0
 11378, 75533,20211002,    0,    0
 11378, 75533,20211003,    0,    0
 11378, 75533,20211004,    0,    0
 11378, 75533,20211005,    0,    0
 11378, 75533,20211006,  200,    0
 11378, 75533,20211007,  370,    0
 11378, 75533,20211008,  190,    0
 11378, 75533,20211009,    8,    0
 11378, 75533,20211010,  190,    0
 11378, 75533,20211011,  310,    0
 11378, 75533,20211012,   10,    0
 11378, 75533,20211013,    0,    0
 11378, 75533,20211014,    0,    0
 11378, 75533,20211015,    0,    0
 11378, 75533,20211016,    0,    0
 11378, 75533,20211017,    0,    0
 11378, 75533,20211018,    0,    0
 11378, 75533,20211019,    0,    0
 11378, 75533,20211020,    0,    0
 11378, 75533,20211021,    1,    0
 11378, 75533,20211022,   10,    0
 11378, 75533,20211023,   80,    0
 11378, 75533,20211024,    1,    0
 11378, 75533,20211025,    0,    0
 11378, 75533,20211026,    0,    0
 11378, 75533,20211027,    0,    0
 11378, 75533,20211028,    0,    0
 11378, 75533,20211029,    0,    0
 11378, 75533,20211030,    0,    0
 11378, 75533,20211031,    0,    0
 11378, 75533,20211101,    0,    0
 11378, 75533,20211102,   50,    0
 11378, 75533,20211103,   30,    0
 11378, 75533,20211104,  133,    0
 11378, 75533,20211105,    4,    0
 11378, 75533,20211106,    0,    0
 11378, 75533,20211107,    0,    0
 11378, 75533,20211108,    0,    0
 11378, 75533,20211109,    4,    0
 11378, 75533,20211110,    0,    0
 11378, 75533,20211111,    0,    0
 11378, 75533,20211112,    0,    0
 11378, 75533,20211113,    0,    0
 11378, 75533,20211114,   10,    0
 11378, 75533,20211115,    0,    0
 11378, 75533,20211116,    0,    0
 11378, 75533,20211117,    0,    0
 11378, 75533,20211118,   80,    0
 11378, 75533,20211119,    0,    0
 11378, 75533,20211120,    0,    0
 11378, 75533,20211121,    0,    0
 11378, 75533,20211122,  330,    0
 11378, 75533,20211123,    1,    0
 11378, 75533,20211124,    0,    0
 11378, 75533,20211125,    0,    0
 11378, 75533,20211126,  160,    0
 11378, 75533,20211127,   20,    0
 11378, 75533,20211128,   80,    0
 11378, 75533,20211129,   73,    0
 11378, 75533,20211130,   30,    0
 11378, 75533,20211201,    0,    0
 11378, 75533,20211202,  110,    0
 11378, 75533,20211203,   40,    0
 11378, 75533,20211204,   73,    0
 11378, 75533,20211205,  111,    0
 11378, 75533,20211206,  260,    0
 11378, 75533,20211207,   60,    0
 11378, 75533,20211208,    0,    0
 11378, 75533,20211209,  202,    0
 11378, 75533,20211210,  170,    0
 11378, 75533,20211211,  130,    0
 11378, 75533,20211212,   40,    0
 11378, 75533,20211213,    0,    0
 11378, 75533,20211214,    0,    0
 11378, 75533,20211215,    0,    0
 11378, 75533,20211216,    0,    0
 11378, 75533,20211217,    0,    0
 11378, 75533,20211218,    0,    0
 11378, 75533,20211219,    0,    0
 11378, 75533,20211220,    0,    0
 11378, 75533,20211221,    0,    0
 11378, 75533,20211222,    0,    0
 11378, 75533,20211223,    0,    0
 11378, 75533,20211224,   70,    0
 11378, 75533,20211225,    5,    0
 11378, 75533,20211226,   30,    0
 11378, 75533,20211227,  380,    0
 11378, 75533,20211228,   22,    0
 11378, 75533,20211229,  110,    0
 11378, 75533,20211230,    0,    0
 11378, 75533,20211231,    0,    0
 11378, 75533,20220101,    0,    0
 11378, 75533,20220102,    0,    0
 11378, 75533,20220103,    0,    0
 11378, 75533,20220104,    0,    0
 11378, 75533,20220105,    0,    0
 11378, 75533,20220106,    0,    0
 11378, 75533,20220107,  242,    0
 11378, 75533,20220108,  130,    0
 11378, 75533,20220109,   50,    0
 11378, 75533,20220110,    0,    0
 11378, 75533,20220111,    0,    0
 11378, 75533,20220112,    0,    0
 11378, 75533,20220113,    0,    0
 11378, 75533,20220114,    0,    0
 11378, 75533,20220115,    0,    0
 11378, 75533,20220116,    0,    0
 11378, 75533,20220117,   90,    0
 11378, 75533,20220118,    0,    0
 11378, 75533,20220119,    0,    0
 11378, 75533,20220120,   20,    0
 11378, 75533,20220121,  124,    0
 11378, 75533,20220122,    0,    0
 11378, 75533,20220123,    0,    0
 11378, 75533,20220124,    0,    0
 11378, 75533,20220125,    0,    0
 11378, 75533,20220126,    0,    0
 11378, 75533,20220127,    0,    0
 11378, 75533,20220128,   30,    0
 11378, 75533,20220129,    0,    0
 11378, 75533,20220130,    0,    0
 11378, 75533,20220131,    0,    0
 11378, 75533,20220201,  250,    0
 11378, 75533,20220202,    0,    0
 11378, 75533,20220203,    0,    0
 11378, 75533,20220204,    0,    0
 11378, 75533,20220205,   50,    0
 11378, 75533,20220206,    2,    0
 11378, 75533,20220207,  130,    0
 11378, 75533,20220208,    0,    0
 11378, 75533,20220209,    0,    0
 11378, 75533,20220210,    0,    0
 11378, 75533,20220211,    0,    0
 11378, 75533,20220212,    0,    0
 11378, 75533,20220213,   10,    0
 11378, 75533,20220214,    0,    0
 11378, 75533,20220215,  230,    0
 11378, 75533,20220216,  930,    0
 11378, 75533,20220217,    0,    0
 11378, 75533,20220218,    0,    0
 11378, 75533,20220219,    0,    0
 11378, 75533,20220220,    7,    0
 11378, 75533,20220221,    0,    0
 11378, 75533,20220222,  190,    0
 11378, 75533,20220223,    0,    0
 11378, 75533,20220224,    0,    0
 11378, 75533,20220225,    0,    0
 11378, 75533,20220226,    0,    0
 11378, 75533,20220227,  115,    0
 11378, 75533,20220228,   10,    0
 11378, 75533,20220301,    0,    0
 11378, 75533,20220302,    0,    0
 11378, 75533,20220303,    0,    0
 11378, 75533,20220304,    0,    0
 11378, 75533,20220305,   20,    0
 11378, 75533,20220306,   80,    0
 11378, 75533,20220307,   60,    0
 11378, 75533,20220308,    0,    0
 11378, 75533,20220309,    0,    0
 11378, 75533,20220310,    0,    0
 11378, 75533,20220311,    0,    0
 11378, 75533,20220312,    0,    0
 11378, 75533,20220313,    0,    0
 11378, 75533,20220314,    0,    0
 11378, 75533,20220315,    0,    0
 11378, 75533,20220316,    0,    0
 11378, 75533,20220317,    0,    0
 11378, 75533,20220318,    0,    0
 11378, 75533,20220319,    0,    0
 11378, 75533,20220320,    0,    0
 11378, 75533,20220321,    0,    0
 11378, 75533,20220322,    0,    0
 11378, 75533,20220323,    0,    0
 11378, 75533,20220324,    0,    0
 11378, 75533,20220325,    0,    0
 11378, 75533,20220326,    0,    0
 11378, 75533,20220327,    0,    0
 11378, 75533,20220328,    0,    0
 11378, 75533,20220329,    0,    0
 11378, 75533,20220330,   20,    0
 11378, 75533,20220331,  590,    0
 11378, 75533,20220401,  101,    0
 11378, 75533,20220402,   48,    0
 11378, 75533,20220403,  240,    0
 11378, 75533,20220404,    0,    0
 11378, 75533,20220405,    0,    0
 11378, 75533,20220406,    0,    0
 11378, 75533,20220407,   96,    0
 11378, 75533,20220408,    0,    0
 11378, 75533,20220409,    0,    0
 11378, 75533,20220410,    2,    0
 11378, 75533,20220411,    0,    0
 11378, 75533,20220412,    0,    0
 11378, 75533,20220413,    0,    0
 11378, 75533,20220414,    0,    0
 11378, 75533,20220415,    0,    0
 11378, 75533,20220416,    0,    0
 11378, 75533,20220417,    0,    0
 11378, 75533,20220418,    0,    0
 11378, 75533,20220419,    0,    0
 11378, 75533,20220420,   27,    0
 11378, 75533,20220421,   40,    0
 11378, 75533,20220422,    2,    0
 11378, 75533,20220423,   70,    0
 11378, 75533,20220424,    0,    0
 11378,913461,20220425,    0,    0
 11378, 75533,20220426,    0,    0
 11378, 75533,20220427,    0,    0
 11378, 75533,20220428,    0,    0
 11378, 75533,20220429,    0,    0
 11378, 75533,20220430,    0,    0
 11378, 75533,20220501,    4,    0
 11378, 75533,20220502,  130,    0
 11378, 75533,20220503,   20,    0
 11378, 75533,20220504,    0,    0
 11378, 75533,20220505,    0,    0
 11378, 75533,20220506,    0,    0
 11378, 75533,20220507,    9,    0
 11378, 75533,20220508,    1,    0
 11378, 75533,20220509,    0,    0
 11378, 75533,20220510,    0,    0
 11378, 75533,20220511,    0,    0
 11378, 75533,20220512,    0,    0
 11378, 75533,20220513,    0,    0
 11378, 75533,20220514,   70,    0
 11378, 75533,20220515,    0,    0
 11378, 75533,20220516,    0,    0
 11378, 75533,20220517,    0,    0
 11378, 75533,20220518,    0,    0
 11378, 75533,20220519,    0,    0
 11378, 75533,20220520,    0,    0
 11378, 75533,20220521,    0,    0
 11378, 75533,20220522,    0,    0
 11378, 75533,20220523,    0,    0
 11378, 75533,20220524,    0,    0
 11378, 75533,20220525,    0,    0
 11378, 75533,20220526,    0,    0
 11378, 75533,20220527,    0,    0
 11378, 75533,20220528,    0,    0
 11378, 75533,20220529,    0,    0
 11378, 75533,20220530,    0,    0
 11378, 75533,20220531,    0,    0
 11378, 75533,20220601,    0,    0
 11378, 75533,20220602,    0,    0
 11378, 75533,20220603,    0,    0
 11378, 75533,20220604,    0,    0
 11378, 75533,20220605,    0,    0
 11378, 75533,20220606,    0,    0
 11378, 75533,20220607,    0,    0
 11378, 75533,20220608,  160,    0
 11378, 75533,20220609,  610,    0
 11378, 75533,20220610,    0,    0
 11378, 75533,20220611,    0,    0
 11378, 75533,20220612,    0,    0
 11378, 75533,20220613,    0,    0
 11378, 75533,20220614,  130,    0
 11378, 75533,20220615,    0,    0
 11378, 75533,20220616,    0,    0
 11378, 75533,20220617,    0,    0
 11378, 75533,20220618,    0,    0
 11378, 75533,20220619,    0,    0
 11378, 75533,20220620,    0,    0
 11378, 75533,20220621,    0,    0
 11378, 75533,20220622,    0,    0
 11378, 75533,20220623,    0,    0
 11378, 75533,20220624,    0,    0
 11378, 75533,20220625,    0,    0
 11378, 75533,20220626,    0,    0
 11378, 75533,20220627,    0,    0
 11378,913461,20220628,    0,    0
 11378, 75533,20220629,    0,    0
 11378, 75533,20220630,    0,    0
 11378, 75533,20220701,    0,    0
 11378, 75533,20220702,    0,    0
 11378, 75533,20220703,    0,    0
 11378, 75533,20220704,    0,    0
 11378, 75533,20220705,    0,    0
 11378, 75533,20220706,    0,    0
 11378, 75533,20220707,    0,    0
 11378, 75533,20220708,   90,    0
 11378, 75533,20220709,    0,    0
 11378, 75533,20220710,    0,    0
 11378, 75533,20220711,    0,    0
 11378, 75533,20220712,    0,    0
 11378, 75533,20220713,    0,    0
 11378, 75533,20220714,    0,    0
 11378, 75533,20220715,    0,    0
 11378, 75533,20220716,    0,    0
 11378, 75533,20220717,    0,    0
 11378, 75533,20220718,    0,    0
 11378, 75533,20220719,    0,    0
 11378, 75533,20220720,    0,    0
 11378, 75533,20220721,    0,    0
 11378, 75533,20220722,    0,    0
 11378, 75533,20220723,    0,    0
 11378, 75533,20220724,    0,    0
 11378, 75533,20220725,    0,    0
 11378, 75533,20220726,    0,    0
 11378, 75533,20220727,    0,    0
 11378, 75533,20220728,    0,    0
 11378, 75533,20220729,    0,    0
 11378, 75533,20220730,    0,    0
 11378, 75533,20220731,    0,    0
 11378, 75533,20220801,    0,    0
 11378, 75533,20220802,    0,    0
 11378, 75533,20220803,    0,    0
 11378, 75533,20220804,    0,    0
 11378, 75533,20220805,    0,    0
 11378, 75533,20220806,    0,    0
 11378, 75533,20220807,    0,    0
 11378, 75533,20220808,    0,    0
 11378, 75533,20220809,    0,    0
 11378, 75533,20220810,    0,    0
 11378, 75533,20220811,    0,    0
 11378, 75533,20220812,    0,    0
 11378, 75533,20220813,    6,    0
 11378, 75533,20220814,  200,    0
 11378, 75533,20220815,    0,    0
 11378, 75533,20220816,   10,    0
 11378, 75533,20220817,    0,    0
 11378, 75533,20220818,    0,    0
 11378,913461,20220819,    0,    0
 11378, 75533,20220820,    0,    0
 11378, 75533,20220821,    6,    0
 11378, 75533,20220822,    0,    0
 11378, 75533,20220823,    0,    0
 11378, 75533,20220824,    0,    0
 11378, 75533,20220825,    0,    0
 11378, 75533,20220826,    0,    0
 11378, 75533,20220827,    0,    0
 11378, 75533,20220828,    0,    0
 11378, 75533,20220829,    0,    0
 11378, 75533,20220830,    0,    0
 11378, 75533,20220831,    0,    0
 11378, 75533,20220901,   20,    0
 11378, 75533,20220902,   70,    0
 11378, 75533,20220903,    0,    0
 11378, 75533,20220904,    0,    0
 11378, 75533,20220905,    0,    0
 11378, 75533,20220906,    0,    0
 11378, 75533,20220907,    0,    0
 11378, 75533,20220908,    0,    0
 11378, 75533,20220909,  620,    0
 11378, 75533,20220910,  270,    0
 11378, 75533,20220911,   10,    0
 11378, 75533,20220912,    0,    0
 11378, 75533,20220913,    0,    0
 11378, 75533,20220914,    0,    0
 11378, 75533,20220915,    0,    0
 11378, 75533,20220916,   30,    0
 11378, 75533,20220917,  287,    0
 11378, 75533,20220918,    0,    0
 11378, 75533,20220919,    0,    0
 11378, 75533,20220920,    0,    0
 11378, 75533,20220921,    0,    0
 11378, 75533,20220922,    0,    0
 11378, 75533,20220923,    0,    0
 11378, 75533,20220924,    0,    0
 11378, 75533,20220925,    0,    0
 11378, 75533,20220926,  580,    0
 11378, 75533,20220927,  310,    0
 11378, 75533,20220928,    1,    0
 11378, 75533,20220929,    0,    0
 11378, 75533,20220930,    0,    0
 11378, 75533,20221001,   80,    0
 11378, 75533,20221002,    0,    0
 11378, 75533,20221003,    0,    0
 11378, 75533,20221004,    0,    0
 11378, 75533,20221005,    0,    0
 11378, 75533,20221006,    0,    0
 11378, 75533,20221007,    0,    0
 11378, 75533,20221008,    0,    0
 11378, 75533,20221009,    0,    0
 11378, 75533,20221010,    3,    0
 11378, 75533,20221011,  160,    0
 11378, 75533,20221012,    0,    0
 11378, 75533,20221013,   20,    0
 11378, 75533,20221014,   40,    0
 11378, 75533,20221015,    0,    0
 11378, 75533,20221016,    0,    0
 11378, 75533,20221017,    0,    0
 11378, 75533,20221018,    0,    0
 11378, 75533,20221019,    0,    0
 11378, 75533,20221020,    0,    0
 11378, 75533,20221021,    0,    0
 11378, 75533,20221022,    0,    0
 11378, 75533,20221023,    0,    0
 11378, 75533,20221024,    0,    0
 11378, 75533,20221025,    0,    0
 11378, 75533,20221026,    0,    0
 11378, 75533,20221027,    0,    0
 11378, 75533,20221028,    0,    0
 11378, 75533,20221029,    0,    0
 11378, 75533,20221030,    0,    0
 11378, 75533,20221031,    0,    0
