EUROPEAN CLIMATE ASSESSMENT & DATASET (ECA&D), file created on: 16-11-2022
THESE DATA CAN BE USED FOR NON-COMMERCIAL RESEARCH AND EDUCATION PROVIDED THAT THE FOLLOWING SOURCE IS ACKNOWLEDGED: 

Klein Tank, A.M.G. and Coauthors, 2002. Daily dataset of 20th-century surface
air temperature and precipitation series for the European Climate Assessment.
Int. J. of Climatol., 22, 1441-1453.
Data and metadata available at http://www.ecad.eu

FILE FORMAT (MISSING VALUE CODE = -9999):

01-06 STAID: Station identifier
08-13 SOUID: Source identifier
15-22 DATE : Date YYYYMMDD
24-28 RR   : Precipitation amount in 0.1 mm
30-34 Q_RR : quality code for RR (0='valid'; 1='suspect'; 9='missing')

This is the blended series of station MOESVASSDAMMEN, NORWAY (STAID: 19457)
Blended and updated with sources:101478 102410 
See files sources.txt and stations.txt for more info.

STAID, SOUID,    DATE,   RR, Q_RR
 19457,102410,20150331,-9999,    9
 19457,102410,20150401,-9999,    9
 19457,102410,20150402,-9999,    9
 19457,102410,20150403,-9999,    9
 19457,102410,20150404,-9999,    9
 19457,102410,20150405,-9999,    9
 19457,102410,20150406,-9999,    9
 19457,102410,20150407,-9999,    9
 19457,102410,20150408,-9999,    9
 19457,102410,20150409,-9999,    9
 19457,102410,20150410,-9999,    9
 19457,102410,20150411,-9999,    9
 19457,102410,20150412,-9999,    9
 19457,102410,20150413,-9999,    9
 19457,102410,20150414,-9999,    9
 19457,102410,20150415,    6,    0
 19457,102410,20150416,-9999,    9
 19457,102410,20150417,-9999,    9
 19457,102410,20150418,-9999,    9
 19457,102410,20150419,-9999,    9
 19457,102410,20150420,-9999,    9
 19457,102410,20150421,-9999,    9
 19457,102410,20150422,-9999,    9
 19457,102410,20150423,-9999,    9
 19457,102410,20150424,-9999,    9
 19457,102410,20150425,-9999,    9
 19457,102410,20150426,-9999,    9
 19457,102410,20150427,-9999,    9
 19457,102410,20150428,-9999,    9
 19457,102410,20150429,-9999,    9
 19457,102410,20150430,-9999,    9
 19457,102410,20150501,-9999,    9
 19457,102410,20150502,-9999,    9
 19457,102410,20150503,-9999,    9
 19457,102410,20150504,-9999,    9
 19457,102410,20150505,-9999,    9
 19457,102410,20150506,-9999,    9
 19457,102410,20150507,-9999,    9
 19457,102410,20150508,-9999,    9
 19457,102410,20150509,-9999,    9
 19457,102410,20150510,-9999,    9
 19457,102410,20150511,-9999,    9
 19457,102410,20150512,-9999,    9
 19457,102410,20150513,-9999,    9
 19457,102410,20150514,-9999,    9
 19457,102410,20150515,    0,    0
 19457,102410,20150516,-9999,    9
 19457,102410,20150517,-9999,    9
 19457,102410,20150518,-9999,    9
 19457,102410,20150519,-9999,    9
 19457,102410,20150520,-9999,    9
 19457,102410,20150521,-9999,    9
 19457,102410,20150522,-9999,    9
 19457,102410,20150523,-9999,    9
 19457,102410,20150524,-9999,    9
 19457,102410,20150525,-9999,    9
 19457,102410,20150526,-9999,    9
 19457,102410,20150527,-9999,    9
 19457,102410,20150528,-9999,    9
 19457,102410,20150529,-9999,    9
 19457,102410,20150530,-9999,    9
 19457,102410,20150531,-9999,    9
 19457,102410,20150601,-9999,    9
 19457,102410,20150602,-9999,    9
 19457,102410,20150603,-9999,    9
 19457,102410,20150604,-9999,    9
 19457,102410,20150605,-9999,    9
 19457,102410,20150606,-9999,    9
 19457,102410,20150607,-9999,    9
 19457,102410,20150608,-9999,    9
 19457,102410,20150609,-9999,    9
 19457,102410,20150610,-9999,    9
 19457,102410,20150611,-9999,    9
 19457,102410,20150612,-9999,    9
 19457,102410,20150613,-9999,    9
 19457,102410,20150614,-9999,    9
 19457,102410,20150615,    0,    0
 19457,102410,20150616,-9999,    9
 19457,102410,20150617,-9999,    9
 19457,102410,20150618,-9999,    9
 19457,102410,20150619,-9999,    9
 19457,102410,20150620,-9999,    9
 19457,102410,20150621,-9999,    9
 19457,102410,20150622,-9999,    9
 19457,102410,20150623,-9999,    9
 19457,102410,20150624,-9999,    9
 19457,102410,20150625,-9999,    9
 19457,102410,20150626,-9999,    9
 19457,102410,20150627,-9999,    9
 19457,102410,20150628,-9999,    9
 19457,102410,20150629,-9999,    9
 19457,102410,20150630,-9999,    9
 19457,102410,20150701,-9999,    9
 19457,102410,20150702,-9999,    9
 19457,102410,20150703,-9999,    9
 19457,102410,20150704,-9999,    9
 19457,102410,20150705,-9999,    9
 19457,102410,20150706,-9999,    9
 19457,102410,20150707,-9999,    9
 19457,102410,20150708,-9999,    9
 19457,102410,20150709,-9999,    9
 19457,102410,20150710,-9999,    9
 19457,102410,20150711,-9999,    9
 19457,102410,20150712,-9999,    9
 19457,102410,20150713,-9999,    9
 19457,102410,20150714,-9999,    9
 19457,102410,20150715,-9999,    9
 19457,102410,20150716,-9999,    9
 19457,102410,20150717,-9999,    9
 19457,102410,20150718,-9999,    9
 19457,102410,20150719,-9999,    9
 19457,102410,20150720,-9999,    9
 19457,102410,20150721,-9999,    9
 19457,102410,20150722,-9999,    9
 19457,102410,20150723,-9999,    9
 19457,102410,20150724,-9999,    9
 19457,102410,20150725,-9999,    9
 19457,102410,20150726,-9999,    9
 19457,102410,20150727,-9999,    9
 19457,102410,20150728,-9999,    9
 19457,102410,20150729,-9999,    9
 19457,102410,20150730,-9999,    9
 19457,102410,20150731,-9999,    9
 19457,102410,20150801,-9999,    9
 19457,102410,20150802,-9999,    9
 19457,102410,20150803,-9999,    9
 19457,102410,20150804,-9999,    9
 19457,102410,20150805,-9999,    9
 19457,102410,20150806,-9999,    9
 19457,102410,20150807,-9999,    9
 19457,102410,20150808,-9999,    9
 19457,102410,20150809,-9999,    9
 19457,102410,20150810,-9999,    9
 19457,102410,20150811,-9999,    9
 19457,102410,20150812,-9999,    9
 19457,102410,20150813,-9999,    9
 19457,102410,20150814,-9999,    9
 19457,102410,20150815,-9999,    9
 19457,102410,20150816,-9999,    9
 19457,102410,20150817,-9999,    9
 19457,102410,20150818,-9999,    9
 19457,102410,20150819,-9999,    9
 19457,102410,20150820,-9999,    9
 19457,102410,20150821,-9999,    9
 19457,102410,20150822,-9999,    9
 19457,102410,20150823,-9999,    9
 19457,102410,20150824,-9999,    9
 19457,102410,20150825,-9999,    9
 19457,102410,20150826,-9999,    9
 19457,102410,20150827,-9999,    9
 19457,102410,20150828,-9999,    9
 19457,102410,20150829,-9999,    9
 19457,102410,20150830,-9999,    9
 19457,102410,20150831,-9999,    9
 19457,102410,20150901,-9999,    9
 19457,102410,20150902,-9999,    9
 19457,102410,20150903,-9999,    9
 19457,102410,20150904,-9999,    9
 19457,102410,20150905,-9999,    9
 19457,102410,20150906,-9999,    9
 19457,102410,20150907,-9999,    9
 19457,102410,20150908,-9999,    9
 19457,102410,20150909,-9999,    9
 19457,102410,20150910,-9999,    9
 19457,102410,20150911,-9999,    9
 19457,102410,20150912,-9999,    9
 19457,102410,20150913,-9999,    9
 19457,102410,20150914,-9999,    9
 19457,102410,20150915,-9999,    9
 19457,102410,20150916,-9999,    9
 19457,102410,20150917,-9999,    9
 19457,102410,20150918,-9999,    9
 19457,102410,20150919,-9999,    9
 19457,102410,20150920,-9999,    9
 19457,102410,20150921,-9999,    9
 19457,102410,20150922,-9999,    9
 19457,102410,20150923,-9999,    9
 19457,102410,20150924,-9999,    9
 19457,102410,20150925,-9999,    9
 19457,102410,20150926,-9999,    9
 19457,102410,20150927,-9999,    9
 19457,102410,20150928,-9999,    9
 19457,102410,20150929,-9999,    9
 19457,102410,20150930,-9999,    9
 19457,102410,20151001,-9999,    9
 19457,102410,20151002,-9999,    9
 19457,102410,20151003,-9999,    9
 19457,102410,20151004,    0,    0
 19457,102410,20151005,-9999,    9
 19457,102410,20151006,-9999,    9
 19457,102410,20151007,-9999,    9
 19457,102410,20151008,-9999,    9
 19457,102410,20151009,-9999,    9
 19457,102410,20151010,-9999,    9
 19457,102410,20151011,-9999,    9
 19457,102410,20151012,-9999,    9
 19457,102410,20151013,-9999,    9
 19457,102410,20151014,-9999,    9
 19457,102410,20151015,-9999,    9
 19457,102410,20151016,-9999,    9
 19457,102410,20151017,-9999,    9
 19457,102410,20151018,-9999,    9
 19457,102410,20151019,-9999,    9
 19457,102410,20151020,-9999,    9
 19457,102410,20151021,-9999,    9
 19457,102410,20151022,-9999,    9
 19457,102410,20151023,-9999,    9
 19457,102410,20151024,-9999,    9
 19457,102410,20151025,-9999,    9
 19457,102410,20151026,-9999,    9
 19457,102410,20151027,-9999,    9
 19457,102410,20151028,-9999,    9
 19457,102410,20151029,-9999,    9
 19457,102410,20151030,-9999,    9
 19457,102410,20151031,    4,    0
 19457,102410,20151101,    0,    0
 19457,102410,20151102,    3,    0
 19457,102410,20151103,    0,    0
 19457,102410,20151104,    5,    0
 19457,102410,20151105,    9,    0
 19457,102410,20151106,-9999,    9
 19457,102410,20151107,-9999,    9
 19457,102410,20151108,-9999,    9
 19457,102410,20151109,-9999,    9
 19457,102410,20151110,    1,    0
 19457,102410,20151111,   19,    0
 19457,102410,20151112,   96,    0
 19457,102410,20151113,   30,    0
 19457,102410,20151114,    5,    0
 19457,102410,20151115,   38,    0
 19457,102410,20151116,   82,    0
 19457,102410,20151117,   17,    0
 19457,102410,20151118,   33,    0
 19457,102410,20151119,    3,    0
 19457,102410,20151120,    2,    0
 19457,102410,20151121,    0,    0
 19457,102410,20151122,    0,    0
 19457,102410,20151123,    4,    0
 19457,102410,20151124,    0,    0
 19457,102410,20151125,    2,    0
 19457,102410,20151126,    3,    0
 19457,102410,20151127,   32,    0
 19457,102410,20151128,   45,    0
 19457,102410,20151129,-9999,    9
 19457,102410,20151130,   13,    0
 19457,102410,20151201,   19,    0
 19457,102410,20151202,   12,    0
 19457,102410,20151203,  101,    0
 19457,102410,20151204,   85,    0
 19457,102410,20151205,  364,    0
 19457,102410,20151206,   85,    0
 19457,102410,20151207,    2,    0
 19457,102410,20151208,   54,    0
 19457,102410,20151209,   72,    0
 19457,102410,20151210,   57,    0
 19457,102410,20151211,    2,    0
 19457,102410,20151212,    1,    0
 19457,102410,20151213,    3,    0
 19457,102410,20151214,    0,    0
 19457,102410,20151215,    3,    0
 19457,102410,20151216,   30,    0
 19457,102410,20151217,    8,    0
 19457,102410,20151218,    2,    0
 19457,102410,20151219,   38,    0
 19457,102410,20151220,   61,    0
 19457,102410,20151221,    6,    0
 19457,102410,20151222,   58,    0
 19457,102410,20151223,   74,    0
 19457,102410,20151224,-9999,    9
 19457,102410,20151225,-9999,    9
 19457,102410,20151226,-9999,    9
 19457,102410,20151227,-9999,    9
 19457,102410,20151228,    7,    0
 19457,102410,20151229,   13,    0
 19457,102410,20151230,   24,    0
 19457,102410,20151231,   49,    0
 19457,102410,20160101,   39,    0
 19457,102410,20160102,   23,    0
 19457,102410,20160103,    4,    0
 19457,102410,20160104,    5,    0
 19457,102410,20160105,    1,    0
 19457,102410,20160106,    1,    0
 19457,102410,20160107,    7,    0
 19457,102410,20160108,    2,    0
 19457,102410,20160109,   52,    0
 19457,102410,20160110,   57,    0
 19457,102410,20160111,   12,    0
 19457,102410,20160112,   11,    0
 19457,102410,20160113,   56,    0
 19457,102410,20160114,    7,    0
 19457,102410,20160115,    8,    0
 19457,102410,20160116,    0,    0
 19457,102410,20160117,    7,    0
 19457,102410,20160118,    0,    0
 19457,102410,20160119,    0,    0
 19457,102410,20160120,    0,    0
 19457,102410,20160121,    4,    0
 19457,102410,20160122,   27,    0
 19457,102410,20160123,-9999,    9
 19457,102410,20160124,-9999,    9
 19457,102410,20160125,-9999,    9
 19457,102410,20160126,   35,    0
 19457,102410,20160127,   81,    0
 19457,102410,20160128,    8,    0
 19457,102410,20160129,  140,    0
 19457,102410,20160130,   67,    0
 19457,102410,20160131,    4,    0
 19457,102410,20160201,  155,    0
 19457,102410,20160202,   20,    0
 19457,102410,20160203,    0,    0
 19457,102410,20160204,    3,    0
 19457,102410,20160205,   31,    0
 19457,102410,20160206,   56,    0
 19457,102410,20160207,   90,    0
 19457,102410,20160208,   86,    0
 19457,102410,20160209,    6,    0
 19457,102410,20160210,    2,    0
 19457,102410,20160211,    2,    0
 19457,102410,20160212,    1,    0
 19457,102410,20160213,    2,    0
 19457,102410,20160214,    0,    0
 19457,102410,20160215,    0,    0
 19457,102410,20160216,    1,    0
 19457,102410,20160217,    0,    0
 19457,102410,20160218,   14,    0
 19457,102410,20160219,   44,    0
 19457,102410,20160220,   13,    0
 19457,102410,20160221,    0,    0
 19457,102410,20160222,    5,    0
 19457,102410,20160223,    1,    0
 19457,102410,20160224,    0,    0
 19457,102410,20160225,    0,    0
 19457,102410,20160226,    1,    0
 19457,102410,20160227,    0,    0
 19457,102410,20160228,    2,    0
 19457,102410,20160229,    1,    0
 19457,102410,20160301,   63,    0
 19457,102410,20160302,   60,    0
 19457,102410,20160303,   19,    0
 19457,102410,20160304,   12,    0
 19457,102410,20160305,   28,    0
 19457,102410,20160306,   54,    0
 19457,102410,20160307,    1,    0
 19457,102410,20160308,    5,    0
 19457,102410,20160309,    0,    0
 19457,102410,20160310,    0,    0
 19457,102410,20160311,    0,    0
 19457,102410,20160312,    0,    0
 19457,102410,20160313,    0,    0
 19457,102410,20160314,    0,    0
 19457,102410,20160315,    1,    0
 19457,102410,20160316,    0,    0
 19457,102410,20160317,    1,    0
 19457,102410,20160318,    0,    0
 19457,102410,20160319,    0,    0
 19457,102410,20160320,    0,    0
 19457,102410,20160321,    0,    0
 19457,102410,20160322,    0,    0
 19457,102410,20160323,    5,    0
 19457,102410,20160324,    8,    0
 19457,102410,20160325,    2,    0
 19457,102410,20160326,   66,    0
 19457,102410,20160327,   57,    0
 19457,102410,20160328,  166,    0
 19457,102410,20160329,   13,    0
 19457,102410,20160330,    0,    0
 19457,101478,20160331,-9999,    9
 19457,101478,20160401,-9999,    9
 19457,101478,20160402,-9999,    9
 19457,101478,20160403,-9999,    9
 19457,101478,20160404,-9999,    9
 19457,101478,20160405,-9999,    9
 19457,101478,20160406,-9999,    9
 19457,101478,20160407,-9999,    9
 19457,101478,20160408,-9999,    9
 19457,101478,20160409,-9999,    9
 19457,101478,20160410,-9999,    9
 19457,101478,20160411,-9999,    9
 19457,101478,20160412,   34,    0
 19457,101478,20160413,   17,    0
 19457,101478,20160414,-9999,    9
 19457,101478,20160415,-9999,    9
 19457,101478,20160416,-9999,    9
 19457,101478,20160417,-9999,    9
 19457,101478,20160418,-9999,    9
 19457,101478,20160419,-9999,    9
 19457,101478,20160420,-9999,    9
 19457,101478,20160421,-9999,    9
 19457,101478,20160422,-9999,    9
 19457,101478,20160423,-9999,    9
 19457,101478,20160424,-9999,    9
 19457,101478,20160425,-9999,    9
 19457,101478,20160426,-9999,    9
 19457,101478,20160427,-9999,    9
 19457,101478,20160428,-9999,    9
 19457,101478,20160429,-9999,    9
 19457,101478,20160430,-9999,    9
 19457,101478,20160501,-9999,    9
 19457,101478,20160502,-9999,    9
 19457,101478,20160503,-9999,    9
 19457,101478,20160504,-9999,    9
 19457,101478,20160505,-9999,    9
 19457,101478,20160506,-9999,    9
 19457,101478,20160507,-9999,    9
 19457,101478,20160508,-9999,    9
 19457,101478,20160509,-9999,    9
 19457,101478,20160510,-9999,    9
 19457,101478,20160511,-9999,    9
 19457,101478,20160512,-9999,    9
 19457,101478,20160513,-9999,    9
 19457,101478,20160514,-9999,    9
 19457,101478,20160515,-9999,    9
 19457,101478,20160516,-9999,    9
 19457,101478,20160517,-9999,    9
 19457,101478,20160518,-9999,    9
 19457,101478,20160519,-9999,    9
 19457,101478,20160520,-9999,    9
 19457,101478,20160521,-9999,    9
 19457,101478,20160522,-9999,    9
 19457,101478,20160523,-9999,    9
 19457,101478,20160524,-9999,    9
 19457,101478,20160525,-9999,    9
 19457,101478,20160526,-9999,    9
 19457,101478,20160527,-9999,    9
 19457,101478,20160528,-9999,    9
 19457,101478,20160529,-9999,    9
 19457,101478,20160530,-9999,    9
 19457,101478,20160531,-9999,    9
 19457,101478,20160601,-9999,    9
 19457,101478,20160602,-9999,    9
 19457,101478,20160603,-9999,    9
 19457,101478,20160604,-9999,    9
 19457,101478,20160605,-9999,    9
 19457,101478,20160606,-9999,    9
 19457,101478,20160607,-9999,    9
 19457,101478,20160608,-9999,    9
 19457,101478,20160609,-9999,    9
 19457,101478,20160610,-9999,    9
 19457,101478,20160611,-9999,    9
 19457,101478,20160612,-9999,    9
 19457,101478,20160613,-9999,    9
 19457,101478,20160614,    2,    0
 19457,101478,20160615,   28,    0
 19457,101478,20160616,   22,    0
 19457,101478,20160617,    5,    0
 19457,101478,20160618,    0,    0
 19457,101478,20160619,   25,    0
 19457,101478,20160620,   84,    0
 19457,101478,20160621,    0,    0
 19457,101478,20160622,   16,    0
 19457,101478,20160623,    0,    0
 19457,101478,20160624,   28,    0
 19457,101478,20160625,   15,    0
 19457,101478,20160626,   52,    0
 19457,101478,20160627,   64,    0
 19457,101478,20160628,    0,    0
 19457,101478,20160629,   42,    0
 19457,101478,20160630,   64,    0
 19457,101478,20160701,   70,    0
 19457,101478,20160702,   37,    0
 19457,101478,20160703,    0,    0
 19457,101478,20160704,    8,    0
 19457,101478,20160705,    3,    0
 19457,101478,20160706,    1,    0
 19457,101478,20160707,    0,    0
 19457,101478,20160708,    1,    0
 19457,101478,20160709,    0,    0
 19457,101478,20160710,-9999,    9
 19457,101478,20160711,-9999,    9
 19457,101478,20160712,   21,    0
 19457,101478,20160713,   76,    0
 19457,101478,20160714,   88,    0
 19457,101478,20160715,    7,    0
 19457,101478,20160716,    7,    0
 19457,101478,20160717,    0,    0
 19457,101478,20160718,    8,    0
 19457,101478,20160719,   10,    0
 19457,101478,20160720,    0,    0
 19457,101478,20160721,-9999,    9
 19457,101478,20160722,-9999,    9
 19457,101478,20160723,   91,    0
 19457,101478,20160724,    0,    0
 19457,101478,20160725,  313,    0
 19457,101478,20160726,   17,    0
 19457,101478,20160727,   66,    0
 19457,101478,20160728,    0,    0
 19457,101478,20160729,   98,    0
 19457,101478,20160730,    0,    0
 19457,101478,20160731,   15,    0
 19457,101478,20160801,    0,    0
 19457,101478,20160802,   21,    0
 19457,101478,20160803,   63,    0
 19457,101478,20160804,   15,    0
 19457,101478,20160805,    0,    0
 19457,101478,20160806,   96,    0
 19457,101478,20160807,   36,    0
 19457,101478,20160808,   88,    0
 19457,101478,20160809,    0,    0
 19457,101478,20160810,   17,    0
 19457,101478,20160811,    4,    0
 19457,101478,20160812,   37,    0
 19457,101478,20160813,   83,    0
 19457,101478,20160814,-9999,    9
 19457,101478,20160815,-9999,    9
 19457,101478,20160816,-9999,    9
 19457,101478,20160817,    4,    0
 19457,101478,20160818,    0,    0
 19457,101478,20160819,    0,    0
 19457,101478,20160820,  273,    0
 19457,101478,20160821,   39,    0
 19457,101478,20160822,   78,    0
 19457,101478,20160823,    0,    0
 19457,101478,20160824,   13,    0
 19457,101478,20160825,   55,    0
 19457,101478,20160826,-9999,    9
 19457,101478,20160827,-9999,    9
 19457,101478,20160828,-9999,    9
 19457,101478,20160829,-9999,    9
 19457,101478,20160830,-9999,    9
 19457,102410,20160831,   16,    0
 19457,102410,20160901,    0,    0
 19457,102410,20160902,   39,    0
 19457,102410,20160903,    0,    0
 19457,102410,20160904,    0,    0
 19457,102410,20160905,    0,    0
 19457,102410,20160906,   22,    0
 19457,101478,20160907,    7,    0
 19457,101478,20160908,    0,    0
 19457,102410,20160909,    5,    0
 19457,101478,20160910,  318,    0
 19457,101478,20160911,   30,    0
 19457,102410,20160912,    0,    0
 19457,102410,20160913,    0,    0
 19457,101478,20160914,    0,    0
 19457,102410,20160915,    0,    0
 19457,102410,20160916,  133,    0
 19457,102410,20160917,    0,    0
 19457,102410,20160918,    0,    0
 19457,102410,20160919,    0,    0
 19457,101478,20160920,    5,    0
 19457,101478,20160921,  141,    0
 19457,101478,20160922,    8,    0
 19457,101478,20160923,   23,    0
 19457,101478,20160924,    0,    0
 19457,101478,20160925,   41,    0
 19457,101478,20160926,    2,    0
 19457,101478,20160927,  231,    0
 19457,101478,20160928,   38,    0
 19457,101478,20160929,  152,    0
 19457,101478,20160930,   10,    0
 19457,101478,20161001,    1,    0
 19457,101478,20161002,    1,    0
 19457,101478,20161003,    1,    0
 19457,101478,20161004,    1,    0
 19457,101478,20161005,    2,    0
 19457,101478,20161006,    1,    0
 19457,101478,20161007,    2,    0
 19457,101478,20161008,    0,    0
 19457,101478,20161009,    1,    0
 19457,102410,20161010,    2,    0
 19457,102410,20161011,    0,    0
 19457,101478,20161012,    0,    0
 19457,101478,20161013,    1,    0
 19457,101478,20161014,    0,    0
 19457,101478,20161015,    0,    0
 19457,101478,20161016,   10,    0
 19457,101478,20161017,   26,    0
 19457,101478,20161018,   19,    0
 19457,101478,20161019,    5,    0
 19457,101478,20161020,   15,    0
 19457,102410,20161021,   12,    0
 19457,102410,20161022,   28,    0
 19457,102410,20161023,   57,    0
 19457,102410,20161024,   19,    0
 19457,101478,20161025,    0,    0
 19457,101478,20161026,   11,    0
 19457,101478,20161027,   23,    0
 19457,101478,20161028,    5,    0
 19457,101478,20161029,    1,    0
 19457,101478,20161030,    1,    0
 19457,101478,20161031,   75,    0
 19457,101478,20161101,    4,    0
 19457,101478,20161102,    4,    0
 19457,101478,20161103,    1,    0
 19457,101478,20161104,   73,    0
 19457,101478,20161105,  193,    0
 19457,101478,20161106,   14,    0
 19457,101478,20161107,    6,    0
 19457,101478,20161108,    3,    0
 19457,101478,20161109,    0,    0
 19457,101478,20161110,   17,    0
 19457,101478,20161111,    0,    0
 19457,101478,20161112,   25,    0
 19457,101478,20161113,    4,    0
 19457,101478,20161114,   48,    0
 19457,101478,20161115,    1,    0
 19457,101478,20161116,   25,    0
 19457,101478,20161117,   85,    0
 19457,101478,20161118,   38,    0
 19457,101478,20161119,   15,    0
 19457,101478,20161120,   83,    0
 19457,101478,20161121,   28,    0
 19457,101478,20161122,  102,    0
 19457,101478,20161123,    0,    0
 19457,101478,20161124,    1,    0
 19457,101478,20161125,    0,    0
 19457,102410,20161126,    0,    0
 19457,102410,20161127,    0,    0
 19457,101478,20161128,    0,    0
 19457,102410,20161129,    2,    0
 19457,101478,20161130,    2,    0
 19457,101478,20161201,    5,    0
 19457,101478,20161202,    0,    0
 19457,101478,20161203,    0,    0
 19457,101478,20161204,    1,    0
 19457,101478,20161205,    0,    0
 19457,101478,20161206,    0,    0
 19457,101478,20161207,   26,    0
 19457,102410,20161208,    0,    0
 19457,101478,20161209,   32,    0
 19457,101478,20161210,    2,    0
 19457,101478,20161211,    0,    0
 19457,101478,20161212,    5,    0
 19457,101478,20161213,    0,    0
 19457,101478,20161214,    1,    0
 19457,101478,20161215,    0,    0
 19457,101478,20161216,    0,    0
 19457,101478,20161217,    3,    0
 19457,101478,20161218,   35,    0
 19457,102410,20161219,    3,    0
 19457,102410,20161220,    0,    0
 19457,101478,20161221,   54,    0
 19457,101478,20161222,   84,    0
 19457,101478,20161223,   32,    0
 19457,101478,20161224,   63,    0
 19457,101478,20161225,   34,    0
 19457,101478,20161226,  115,    0
 19457,101478,20161227,    0,    0
 19457,101478,20161228,    3,    0
 19457,101478,20161229,    0,    0
 19457,101478,20161230,    5,    0
 19457,101478,20161231,    3,    0
 19457,101478,20170101,    0,    0
 19457,101478,20170102,    0,    0
 19457,101478,20170103,   18,    0
 19457,101478,20170104,    0,    0
 19457,102410,20170105,    5,    0
 19457,102410,20170106,   28,    0
 19457,101478,20170107,    0,    0
 19457,101478,20170108,    1,    0
 19457,102410,20170109,   28,    0
 19457,102410,20170110,   43,    0
 19457,102410,20170111,   51,    0
 19457,102410,20170112,    3,    0
 19457,101478,20170113,    0,    0
 19457,101478,20170114,    2,    0
 19457,102410,20170115,    0,    0
 19457,102410,20170116,   16,    0
 19457,102410,20170117,    3,    0
 19457,102410,20170118,    0,    0
 19457,102410,20170119,    0,    0
 19457,102410,20170120,    2,    0
 19457,102410,20170121,    0,    0
 19457,102410,20170122,    0,    0
 19457,102410,20170123,    0,    0
 19457,102410,20170124,    1,    0
 19457,102410,20170125,    0,    0
 19457,102410,20170126,    0,    0
 19457,101478,20170127,    0,    0
 19457,101478,20170128,    0,    0
 19457,101478,20170129,   38,    0
 19457,101478,20170130,    1,    0
 19457,101478,20170131,    1,    0
 19457,101478,20170201,    9,    0
 19457,102410,20170202,   11,    0
 19457,102410,20170203,   12,    0
 19457,101478,20170204,   20,    0
 19457,101478,20170205,   19,    0
 19457,101478,20170206,   20,    0
 19457,101478,20170207,   12,    0
 19457,101478,20170208,    6,    0
 19457,101478,20170209,    4,    0
 19457,102410,20170210,   24,    0
 19457,102410,20170211,    0,    0
 19457,101478,20170212,    0,    0
 19457,102410,20170213,    0,    0
 19457,102410,20170214,    0,    0
 19457,102410,20170215,    6,    0
 19457,101478,20170216,    0,    0
 19457,102410,20170217,    1,    0
 19457,101478,20170218,    0,    0
 19457,101478,20170219,    0,    0
 19457,101478,20170220,    8,    0
 19457,101478,20170221,   38,    0
 19457,101478,20170222,   49,    0
 19457,101478,20170223,    0,    0
 19457,101478,20170224,    0,    0
 19457,101478,20170225,   44,    0
 19457,101478,20170226,   29,    0
 19457,101478,20170227,   79,    0
 19457,101478,20170228,   44,    0
 19457,101478,20170301,    4,    0
 19457,101478,20170302,    8,    0
 19457,101478,20170303,   26,    0
 19457,101478,20170304,   23,    0
 19457,101478,20170305,   35,    0
 19457,101478,20170306,    5,    0
 19457,101478,20170307,    1,    0
 19457,101478,20170308,   54,    0
 19457,101478,20170309,    2,    0
 19457,101478,20170310,    0,    0
 19457,101478,20170311,   17,    0
 19457,101478,20170312,    5,    0
 19457,101478,20170313,   13,    0
 19457,101478,20170314,   66,    0
 19457,101478,20170315,   13,    0
 19457,101478,20170316,   14,    0
 19457,101478,20170317,    0,    0
 19457,101478,20170318,    0,    0
 19457,101478,20170319,    0,    0
 19457,101478,20170320,   39,    0
 19457,101478,20170321,    6,    0
 19457,101478,20170322,    0,    0
 19457,101478,20170323,    0,    0
 19457,101478,20170324,    0,    0
 19457,101478,20170325,    0,    0
 19457,101478,20170326,    2,    0
 19457,101478,20170327,    0,    0
 19457,101478,20170328,    0,    0
 19457,101478,20170329,    0,    0
 19457,101478,20170330,   55,    0
 19457,101478,20170331,   79,    0
 19457,101478,20170401,    3,    0
 19457,101478,20170402,    0,    0
 19457,101478,20170403,    0,    0
 19457,101478,20170404,   33,    0
 19457,101478,20170405,   15,    0
 19457,101478,20170406,    0,    0
 19457,101478,20170407,    0,    0
 19457,101478,20170408,    1,    0
 19457,101478,20170409,    0,    0
 19457,101478,20170410,    0,    0
 19457,101478,20170411,   10,    0
 19457,101478,20170412,    2,    0
 19457,101478,20170413,    0,    0
 19457,101478,20170414,    1,    0
 19457,101478,20170415,    9,    0
 19457,101478,20170416,   23,    0
 19457,101478,20170417,    4,    0
 19457,101478,20170418,    0,    0
 19457,101478,20170419,    1,    0
 19457,101478,20170420,    1,    0
 19457,101478,20170421,    6,    0
 19457,101478,20170422,    0,    0
 19457,101478,20170423,   48,    0
 19457,101478,20170424,   38,    0
 19457,101478,20170425,    6,    0
 19457,101478,20170426,    0,    0
 19457,101478,20170427,   10,    0
 19457,101478,20170428,  128,    0
 19457,101478,20170429,   23,    0
 19457,101478,20170430,    4,    0
 19457,101478,20170501,    0,    0
 19457,101478,20170502,    0,    0
 19457,101478,20170503,    0,    0
 19457,101478,20170504,    2,    0
 19457,101478,20170505,    2,    0
 19457,101478,20170506,    0,    0
 19457,101478,20170507,    2,    0
 19457,101478,20170508,    1,    0
 19457,101478,20170509,    1,    0
 19457,101478,20170510,    8,    0
 19457,101478,20170511,    0,    0
 19457,101478,20170512,    1,    0
 19457,101478,20170513,   47,    0
 19457,101478,20170514,   30,    0
 19457,101478,20170515,   24,    0
 19457,101478,20170516,  156,    0
 19457,101478,20170517,  172,    0
 19457,101478,20170518,  233,    0
 19457,101478,20170519,    0,    0
 19457,101478,20170520,   63,    0
 19457,101478,20170521,    1,    0
 19457,101478,20170522,    2,    0
 19457,101478,20170523,    0,    0
 19457,101478,20170524,    0,    0
 19457,101478,20170525,    3,    0
 19457,101478,20170526,    1,    0
 19457,101478,20170527,    3,    0
 19457,101478,20170528,   30,    0
 19457,101478,20170529,    1,    0
 19457,101478,20170530,    2,    0
 19457,101478,20170531,    6,    0
 19457,101478,20170601,    7,    0
 19457,101478,20170602,   18,    0
 19457,101478,20170603,    8,    0
 19457,101478,20170604,   27,    0
 19457,101478,20170605,   34,    0
 19457,101478,20170606,  151,    0
 19457,101478,20170607,  402,    0
 19457,101478,20170608,   64,    0
 19457,101478,20170609,  194,    0
 19457,101478,20170610,  158,    0
 19457,101478,20170611,   11,    0
 19457,101478,20170612,    7,    0
 19457,101478,20170613,    0,    0
 19457,101478,20170614,    0,    0
 19457,101478,20170615,   97,    0
 19457,101478,20170616,    8,    0
 19457,101478,20170617,    0,    0
 19457,101478,20170618,    1,    0
 19457,101478,20170619,   34,    0
 19457,101478,20170620,    0,    0
 19457,101478,20170621,    0,    0
 19457,101478,20170622,    0,    0
 19457,101478,20170623,  103,    0
 19457,101478,20170624,    0,    0
 19457,101478,20170625,    0,    0
 19457,101478,20170626,    0,    0
 19457,101478,20170627,    2,    0
 19457,101478,20170628,    0,    0
 19457,101478,20170629,   12,    0
 19457,101478,20170630,    0,    0
 19457,101478,20170701,    0,    0
 19457,101478,20170702,    0,    0
 19457,101478,20170703,    2,    0
 19457,101478,20170704,    1,    0
 19457,101478,20170705,    0,    0
 19457,101478,20170706,    0,    0
 19457,101478,20170707,   46,    0
 19457,101478,20170708,    1,    0
 19457,101478,20170709,    0,    0
 19457,101478,20170710,   61,    0
 19457,101478,20170711,   64,    0
 19457,101478,20170712,    1,    0
 19457,101478,20170713,    1,    0
 19457,101478,20170714,    0,    0
 19457,101478,20170715,   21,    0
 19457,101478,20170716,    0,    0
 19457,101478,20170717,    2,    0
 19457,101478,20170718,    1,    0
 19457,101478,20170719,    0,    0
 19457,101478,20170720,    0,    0
 19457,101478,20170721,   20,    0
 19457,101478,20170722,    0,    0
 19457,101478,20170723,   51,    0
 19457,101478,20170724,  126,    0
 19457,101478,20170725,    0,    0
 19457,101478,20170726,   18,    0
 19457,101478,20170727,  174,    0
 19457,101478,20170728,   32,    0
 19457,101478,20170729,   42,    0
 19457,101478,20170730,   49,    0
 19457,101478,20170731,   44,    0
 19457,101478,20170801,   25,    0
 19457,101478,20170802,   30,    0
 19457,101478,20170803,  225,    0
 19457,101478,20170804,   40,    0
 19457,101478,20170805,    3,    0
 19457,101478,20170806,    1,    0
 19457,101478,20170807,   30,    0
 19457,101478,20170808,   15,    0
 19457,101478,20170809,   65,    0
 19457,101478,20170810,    2,    0
 19457,101478,20170811,    0,    0
 19457,101478,20170812,    5,    0
 19457,101478,20170813,    1,    0
 19457,101478,20170814,    3,    0
 19457,101478,20170815,  173,    0
 19457,101478,20170816,    4,    0
 19457,101478,20170817,  105,    0
 19457,101478,20170818,   94,    0
 19457,101478,20170819,    8,    0
 19457,101478,20170820,    1,    0
 19457,101478,20170821,   27,    0
 19457,101478,20170822,    8,    0
 19457,101478,20170823,    0,    0
 19457,101478,20170824,   93,    0
 19457,101478,20170825,    4,    0
 19457,101478,20170826,    1,    0
 19457,101478,20170827,    0,    0
 19457,101478,20170828,   18,    0
 19457,101478,20170829,   63,    0
 19457,101478,20170830,    0,    0
 19457,101478,20170831,    0,    0
 19457,101478,20170901,    0,    0
 19457,101478,20170902,   19,    0
 19457,101478,20170903,    4,    0
 19457,101478,20170904,    8,    0
 19457,101478,20170905,   78,    0
 19457,101478,20170906,  102,    0
 19457,101478,20170907,   39,    0
 19457,101478,20170908,   65,    0
 19457,101478,20170909,    8,    0
 19457,101478,20170910,   82,    0
 19457,101478,20170911,  376,    0
 19457,101478,20170912,   97,    0
 19457,101478,20170913,   28,    0
 19457,101478,20170914,    6,    0
 19457,101478,20170915,   22,    0
 19457,101478,20170916,   23,    0
 19457,101478,20170917,   14,    0
 19457,101478,20170918,    0,    0
 19457,101478,20170919,   61,    0
 19457,101478,20170920,   54,    0
 19457,101478,20170921,   42,    0
 19457,101478,20170922,    7,    0
 19457,101478,20170923,    0,    0
 19457,101478,20170924,   11,    0
 19457,101478,20170925,    6,    0
 19457,101478,20170926,   41,    0
 19457,101478,20170927,   11,    0
 19457,101478,20170928,   23,    0
 19457,101478,20170929,   77,    0
 19457,101478,20170930,   23,    0
 19457,101478,20171001,  298,    0
 19457,101478,20171002,  112,    0
 19457,101478,20171003,   13,    0
 19457,101478,20171004,    0,    0
 19457,101478,20171005,    0,    0
 19457,101478,20171006,    2,    0
 19457,101478,20171007,    2,    0
 19457,101478,20171008,    0,    0
 19457,101478,20171009,    2,    0
 19457,101478,20171010,   39,    0
 19457,101478,20171011,  143,    0
 19457,101478,20171012,   14,    0
 19457,101478,20171013,   12,    0
 19457,101478,20171014,    9,    0
 19457,101478,20171015,    0,    0
 19457,101478,20171016,   85,    0
 19457,101478,20171017,   38,    0
 19457,101478,20171018,    0,    0
 19457,102410,20171019,   17,    0
 19457,101478,20171020,   24,    0
 19457,101478,20171021,   50,    0
 19457,101478,20171022,   10,    0
 19457,101478,20171023,   25,    0
 19457,101478,20171024,  105,    0
 19457,101478,20171025,    5,    0
 19457,101478,20171026,    0,    0
 19457,101478,20171027,    0,    0
 19457,101478,20171028,    1,    0
 19457,101478,20171029,    0,    0
 19457,101478,20171030,    0,    0
 19457,102410,20171031,    5,    0
 19457,102410,20171101,    0,    0
 19457,101478,20171102,   23,    0
 19457,101478,20171103,    0,    0
 19457,101478,20171104,  148,    0
 19457,101478,20171105,   27,    0
 19457,101478,20171106,    2,    0
 19457,101478,20171107,    0,    0
 19457,102410,20171108,   12,    0
 19457,102410,20171109,   77,    0
 19457,102410,20171110,   18,    0
 19457,102410,20171111,    0,    0
 19457,101478,20171112,    4,    0
 19457,101478,20171113,    7,    0
 19457,101478,20171114,    0,    0
 19457,102410,20171115,    0,    0
 19457,102410,20171116,   40,    0
 19457,102410,20171117,   65,    0
 19457,102410,20171118,   10,    0
 19457,102410,20171119,    0,    0
 19457,102410,20171120,    0,    0
 19457,102410,20171121,   55,    0
 19457,102410,20171122,  210,    0
 19457,102410,20171123,   80,    0
 19457,102410,20171124,   44,    0
 19457,102410,20171125,    9,    0
 19457,102410,20171126,   21,    0
 19457,102410,20171127,   46,    0
 19457,102410,20171128,   17,    0
 19457,101478,20171129,   16,    0
 19457,101478,20171130,    0,    0
 19457,101478,20171201,   17,    0
 19457,101478,20171202,    0,    0
 19457,101478,20171203,    5,    0
 19457,101478,20171204,    0,    0
 19457,101478,20171205,    8,    0
 19457,101478,20171206,    3,    0
 19457,101478,20171207,   52,    0
 19457,101478,20171208,    4,    0
 19457,101478,20171209,    4,    0
 19457,101478,20171210,    6,    0
 19457,101478,20171211,    0,    0
 19457,101478,20171212,   10,    0
 19457,101478,20171213,    0,    0
 19457,101478,20171214,    5,    0
 19457,101478,20171215,   18,    0
 19457,101478,20171216,    2,    0
 19457,101478,20171217,    0,    0
 19457,101478,20171218,    8,    0
 19457,101478,20171219,    0,    0
 19457,101478,20171220,    4,    0
 19457,101478,20171221,    3,    0
 19457,101478,20171222,    4,    0
 19457,101478,20171223,   12,    0
 19457,101478,20171224,    4,    0
 19457,101478,20171225,   69,    0
 19457,101478,20171226,  100,    0
 19457,101478,20171227,   27,    0
 19457,101478,20171228,   17,    0
 19457,101478,20171229,    0,    0
 19457,101478,20171230,    0,    0
 19457,101478,20171231,   70,    0
 19457,101478,20180101,   11,    0
 19457,101478,20180102,-9999,    9
 19457,101478,20180103,-9999,    9
 19457,101478,20180104,   31,    0
 19457,101478,20180105,   16,    0
 19457,101478,20180106,    3,    0
 19457,101478,20180107,    0,    0
 19457,101478,20180108,   18,    0
 19457,101478,20180109,    0,    0
 19457,101478,20180110,-9999,    9
 19457,101478,20180111,-9999,    9
 19457,101478,20180112,-9999,    9
 19457,101478,20180113,    3,    0
 19457,101478,20180114,   42,    0
 19457,101478,20180115,  154,    0
 19457,101478,20180116,   60,    0
 19457,101478,20180117,   14,    0
 19457,101478,20180118,-9999,    9
 19457,101478,20180119,-9999,    9
 19457,102410,20180120,   27,    0
 19457,102410,20180121,    7,    0
 19457,102410,20180122,   32,    0
 19457,102410,20180123,  128,    0
 19457,102410,20180124,   67,    0
 19457,101478,20180125,    5,    0
 19457,102410,20180126,    1,    0
 19457,102410,20180127,   44,    0
 19457,102410,20180128,   22,    0
 19457,101478,20180129,   54,    0
 19457,102410,20180130,   18,    0
 19457,102410,20180131,  122,    0
 19457,102410,20180201,   43,    0
 19457,101478,20180202,-9999,    9
 19457,101478,20180203,-9999,    9
 19457,101478,20180204,-9999,    9
 19457,101478,20180205,-9999,    9
 19457,102410,20180206,    1,    0
 19457,102410,20180207,    3,    0
 19457,102410,20180208,   41,    0
 19457,102410,20180209,   60,    0
 19457,102410,20180210,   33,    0
 19457,102410,20180211,   76,    0
 19457,101478,20180212,   29,    0
 19457,101478,20180213,-9999,    9
 19457,101478,20180214,-9999,    9
 19457,101478,20180215,-9999,    9
 19457,101478,20180216,-9999,    9
 19457,102410,20180217,   13,    0
 19457,102410,20180218,    1,    0
 19457,101478,20180219,    0,    0
 19457,101478,20180220,   16,    0
 19457,101478,20180221,    5,    0
 19457,101478,20180222,    4,    0
 19457,101478,20180223,    0,    0
 19457,101478,20180224,   14,    0
 19457,101478,20180225,    9,    0
 19457,101478,20180226,    9,    0
 19457,101478,20180227,   17,    0
 19457,101478,20180228,   17,    0
 19457,101478,20180301,    0,    0
 19457,101478,20180302,    0,    0
 19457,101478,20180303,    0,    0
 19457,101478,20180304,-9999,    9
 19457,101478,20180305,-9999,    9
 19457,101478,20180306,-9999,    9
 19457,101478,20180307,    4,    0
 19457,101478,20180308,   43,    0
 19457,101478,20180309,    0,    0
 19457,101478,20180310,    0,    0
 19457,101478,20180311,   78,    0
 19457,101478,20180312,-9999,    9
 19457,101478,20180313,-9999,    9
 19457,101478,20180314,    0,    0
 19457,101478,20180315,   23,    0
 19457,101478,20180316,    0,    0
 19457,101478,20180317,    0,    0
 19457,101478,20180318,    0,    0
 19457,101478,20180319,    6,    0
 19457,101478,20180320,    0,    0
 19457,101478,20180321,    9,    0
 19457,101478,20180322,   10,    0
 19457,101478,20180323,    0,    0
 19457,101478,20180324,    7,    0
 19457,101478,20180325,   10,    0
 19457,101478,20180326,    3,    0
 19457,101478,20180327,   13,    0
 19457,101478,20180328,    0,    0
 19457,101478,20180329,    4,    0
 19457,101478,20180330,    0,    0
 19457,101478,20180331,    0,    0
 19457,101478,20180401,    0,    0
 19457,101478,20180402,    0,    0
 19457,101478,20180403,   52,    0
 19457,101478,20180404,    8,    0
 19457,101478,20180405,   81,    0
 19457,101478,20180406,    0,    0
 19457,101478,20180407,    0,    0
 19457,101478,20180408,  107,    0
 19457,101478,20180409,   36,    0
 19457,101478,20180410,   11,    0
 19457,101478,20180411,    0,    0
 19457,101478,20180412,    0,    0
 19457,101478,20180413,    0,    0
 19457,101478,20180414,    6,    0
 19457,101478,20180415,    0,    0
 19457,101478,20180416,    0,    0
 19457,101478,20180417,   16,    0
 19457,101478,20180418,    3,    0
 19457,101478,20180419,    0,    0
 19457,101478,20180420,    4,    0
 19457,101478,20180421,    8,    0
 19457,101478,20180422,   43,    0
 19457,101478,20180423,   70,    0
 19457,101478,20180424,    5,    0
 19457,101478,20180425,    5,    0
 19457,101478,20180426,    0,    0
 19457,101478,20180427,    7,    0
 19457,101478,20180428,    0,    0
 19457,101478,20180429,    0,    0
 19457,101478,20180430,   76,    0
 19457,101478,20180501,   29,    0
 19457,101478,20180502,    3,    0
 19457,101478,20180503,   63,    0
 19457,101478,20180504,   13,    0
 19457,101478,20180505,    1,    0
 19457,101478,20180506,    3,    0
 19457,101478,20180507,    0,    0
 19457,101478,20180508,    0,    0
 19457,101478,20180509,    0,    0
 19457,101478,20180510,  224,    0
 19457,101478,20180511,    0,    0
 19457,101478,20180512,    0,    0
 19457,101478,20180513,    0,    0
 19457,101478,20180514,    0,    0
 19457,101478,20180515,    0,    0
 19457,101478,20180516,    0,    0
 19457,101478,20180517,    0,    0
 19457,101478,20180518,    0,    0
 19457,101478,20180519,    0,    0
 19457,101478,20180520,    0,    0
 19457,101478,20180521,    0,    0
 19457,101478,20180522,    0,    0
 19457,101478,20180523,    0,    0
 19457,101478,20180524,    0,    0
 19457,101478,20180525,    0,    0
 19457,101478,20180526,    0,    0
 19457,101478,20180527,    0,    0
 19457,101478,20180528,   28,    0
 19457,101478,20180529,    0,    0
 19457,101478,20180530,    0,    0
 19457,101478,20180531,    0,    0
 19457,101478,20180601,    0,    0
 19457,101478,20180602,    0,    0
 19457,101478,20180603,    0,    0
 19457,101478,20180604,    0,    0
 19457,101478,20180605,    0,    0
 19457,101478,20180606,    0,    0
 19457,101478,20180607,    0,    0
 19457,101478,20180608,    0,    0
 19457,101478,20180609,    0,    0
 19457,101478,20180610,  255,    0
 19457,101478,20180611,    0,    0
 19457,101478,20180612,    0,    0
 19457,101478,20180613,    1,    0
 19457,101478,20180614,   88,    0
 19457,101478,20180615,   16,    0
 19457,101478,20180616,   24,    0
 19457,101478,20180617,    0,    0
 19457,101478,20180618,   14,    0
 19457,101478,20180619,    0,    0
 19457,101478,20180620,   10,    0
 19457,101478,20180621,   13,    0
 19457,101478,20180622,    0,    0
 19457,101478,20180623,    0,    0
 19457,101478,20180624,    0,    0
 19457,101478,20180625,    0,    0
 19457,101478,20180626,    0,    0
 19457,101478,20180627,    0,    0
 19457,101478,20180628,    0,    0
 19457,101478,20180629,    0,    0
 19457,101478,20180630,    0,    0
 19457,101478,20180701,    0,    0
 19457,101478,20180702,    0,    0
 19457,101478,20180703,    0,    0
 19457,101478,20180704,    0,    0
 19457,101478,20180705,    0,    0
 19457,101478,20180706,    0,    0
 19457,101478,20180707,    0,    0
 19457,101478,20180708,    0,    0
 19457,101478,20180709,    0,    0
 19457,101478,20180710,    0,    0
 19457,101478,20180711,    0,    0
 19457,101478,20180712,   25,    0
 19457,101478,20180713,    0,    0
 19457,101478,20180714,    0,    0
 19457,101478,20180715,    0,    0
 19457,101478,20180716,    0,    0
 19457,101478,20180717,   21,    0
 19457,101478,20180718,  121,    0
 19457,101478,20180719,    1,    0
 19457,101478,20180720,    0,    0
 19457,101478,20180721,    0,    0
 19457,101478,20180722,    0,    0
 19457,101478,20180723,    0,    0
 19457,101478,20180724,    0,    0
 19457,101478,20180725,    2,    0
 19457,101478,20180726,    0,    0
 19457,101478,20180727,    5,    0
 19457,101478,20180728,  270,    0
 19457,101478,20180729,    0,    0
 19457,101478,20180730,    3,    0
 19457,101478,20180731,  103,    0
 19457,101478,20180801,    2,    0
 19457,101478,20180802,   14,    0
 19457,101478,20180803,   31,    0
 19457,101478,20180804,    0,    0
 19457,101478,20180805,    8,    0
 19457,101478,20180806,   12,    0
 19457,101478,20180807,   22,    0
 19457,101478,20180808,   76,    0
 19457,101478,20180809,    0,    0
 19457,101478,20180810,  417,    0
 19457,101478,20180811,    0,    0
 19457,101478,20180812,    0,    0
 19457,101478,20180813,    0,    0
 19457,101478,20180814,    3,    0
 19457,101478,20180815,    5,    0
 19457,101478,20180816,  385,    0
 19457,101478,20180817,   11,    0
 19457,101478,20180818,   39,    0
 19457,101478,20180819,    2,    0
 19457,101478,20180820,    4,    0
 19457,101478,20180821,    0,    0
 19457,101478,20180822,   59,    0
 19457,101478,20180823,    0,    0
 19457,101478,20180824,   11,    0
 19457,101478,20180825,    4,    0
 19457,101478,20180826,    3,    0
 19457,101478,20180827,   52,    0
 19457,101478,20180828,    2,    0
 19457,101478,20180829,   96,    0
 19457,101478,20180830,    0,    0
 19457,101478,20180831,    3,    0
 19457,101478,20180901,    0,    0
 19457,101478,20180902,    0,    0
 19457,101478,20180903,    0,    0
 19457,101478,20180904,    3,    0
 19457,101478,20180905,   26,    0
 19457,101478,20180906,  208,    0
 19457,101478,20180907,  407,    0
 19457,101478,20180908,  215,    0
 19457,101478,20180909,  114,    0
 19457,101478,20180910,   40,    0
 19457,101478,20180911,   79,    0
 19457,101478,20180912,    0,    0
 19457,101478,20180913,    8,    0
 19457,101478,20180914,   14,    0
 19457,101478,20180915,    0,    0
 19457,101478,20180916,   51,    0
 19457,101478,20180917,    2,    0
 19457,101478,20180918,    4,    0
 19457,101478,20180919,   30,    0
 19457,101478,20180920,   47,    0
 19457,101478,20180921,  270,    0
 19457,101478,20180922,    9,    0
 19457,101478,20180923,    0,    0
 19457,101478,20180924,    0,    0
 19457,101478,20180925,    3,    0
 19457,101478,20180926,   24,    0
 19457,101478,20180927,   53,    0
 19457,101478,20180928,    1,    0
 19457,101478,20180929,    0,    0
 19457,101478,20180930,    7,    0
 19457,101478,20181001,    0,    0
 19457,101478,20181002,   36,    0
 19457,101478,20181003,    6,    0
 19457,101478,20181004,    8,    0
 19457,101478,20181005,    7,    0
 19457,101478,20181006,    1,    0
 19457,101478,20181007,   15,    0
 19457,101478,20181008,    9,    0
 19457,101478,20181009,    9,    0
 19457,101478,20181010,    5,    0
 19457,101478,20181011,    0,    0
 19457,101478,20181012,   10,    0
 19457,101478,20181013,   10,    0
 19457,101478,20181014,   24,    0
 19457,101478,20181015,    0,    0
 19457,101478,20181016,    0,    0
 19457,101478,20181017,    0,    0
 19457,101478,20181018,    0,    0
 19457,101478,20181019,    0,    0
 19457,101478,20181020,    0,    0
 19457,101478,20181021,    8,    0
 19457,101478,20181022,   52,    0
 19457,101478,20181023,    0,    0
 19457,101478,20181024,    0,    0
 19457,101478,20181025,    0,    0
 19457,101478,20181026,    0,    0
 19457,101478,20181027,    0,    0
 19457,101478,20181028,    0,    0
 19457,102410,20181029,   51,    0
 19457,101478,20181030,   79,    0
 19457,101478,20181031,   23,    0
 19457,101478,20181101,   35,    0
 19457,101478,20181102,   50,    0
 19457,101478,20181103,    0,    0
 19457,101478,20181104,    2,    0
 19457,101478,20181105,    0,    0
 19457,101478,20181106,    3,    0
 19457,101478,20181107,    2,    0
 19457,101478,20181108,   14,    0
 19457,101478,20181109,   17,    0
 19457,101478,20181110,   90,    0
 19457,101478,20181111,  195,    0
 19457,101478,20181112,   14,    0
 19457,101478,20181113,   13,    0
 19457,101478,20181114,    0,    0
 19457,101478,20181115,    4,    0
 19457,101478,20181116,    4,    0
 19457,101478,20181117,    1,    0
 19457,101478,20181118,    9,    0
 19457,101478,20181119,    0,    0
 19457,101478,20181120,    0,    0
 19457,101478,20181121,    6,    0
 19457,101478,20181122,    0,    0
 19457,101478,20181123,    0,    0
 19457,101478,20181124,    0,    0
 19457,101478,20181125,    2,    0
 19457,101478,20181126,    0,    0
 19457,101478,20181127,    0,    0
 19457,101478,20181128,   23,    0
 19457,101478,20181129,   48,    0
 19457,101478,20181130,   94,    0
 19457,101478,20181201,   12,    0
 19457,101478,20181202,   62,    0
 19457,101478,20181203,   90,    0
 19457,101478,20181204,    8,    0
 19457,101478,20181205,    0,    0
 19457,101478,20181206,   68,    0
 19457,101478,20181207,   65,    0
 19457,101478,20181208,    7,    0
 19457,101478,20181209,    3,    0
 19457,101478,20181210,    5,    0
 19457,101478,20181211,    1,    0
 19457,101478,20181212,    0,    0
 19457,101478,20181213,    0,    0
 19457,101478,20181214,    0,    0
 19457,101478,20181215,   16,    0
 19457,101478,20181216,   14,    0
 19457,101478,20181217,   13,    0
 19457,101478,20181218,    0,    0
 19457,101478,20181219,   26,    0
 19457,101478,20181220,   21,    0
 19457,101478,20181221,   20,    0
 19457,101478,20181222,    0,    0
 19457,101478,20181223,    2,    0
 19457,101478,20181224,    0,    0
 19457,101478,20181225,    0,    0
 19457,101478,20181226,    0,    0
 19457,101478,20181227,    0,    0
 19457,101478,20181228,    0,    0
 19457,101478,20181229,    1,    0
 19457,101478,20181230,   70,    0
 19457,101478,20181231,   20,    0
 19457,101478,20190101,    0,    0
 19457,101478,20190102,    0,    0
 19457,101478,20190103,    0,    0
 19457,101478,20190104,    0,    0
 19457,101478,20190105,    0,    0
 19457,101478,20190106,    0,    0
 19457,101478,20190107,   15,    0
 19457,101478,20190108,   10,    0
 19457,101478,20190109,    0,    0
 19457,101478,20190110,    1,    0
 19457,101478,20190111,    5,    0
 19457,101478,20190112,   37,    0
 19457,101478,20190113,    0,    0
 19457,101478,20190114,    0,    0
 19457,101478,20190115,    9,    0
 19457,101478,20190116,   47,    0
 19457,101478,20190117,    2,    0
 19457,101478,20190118,    8,    0
 19457,101478,20190119,    5,    0
 19457,101478,20190120,    0,    0
 19457,101478,20190121,   15,    0
 19457,101478,20190122,   10,    0
 19457,101478,20190123,    0,    0
 19457,101478,20190124,    8,    0
 19457,101478,20190125,   51,    0
 19457,101478,20190126,   33,    0
 19457,101478,20190127,   43,    0
 19457,101478,20190128,   10,    0
 19457,101478,20190129,    0,    0
 19457,101478,20190130,   22,    0
 19457,101478,20190131,   38,    0
 19457,101478,20190201,   41,    0
 19457,101478,20190202,   12,    0
 19457,101478,20190203,    0,    0
 19457,101478,20190204,   92,    0
 19457,101478,20190205,    7,    0
 19457,101478,20190206,   22,    0
 19457,101478,20190207,   35,    0
 19457,101478,20190208,   35,    0
 19457,101478,20190209,   54,    0
 19457,101478,20190210,   30,    0
 19457,101478,20190211,    0,    0
 19457,101478,20190212,    0,    0
 19457,101478,20190213,    6,    0
 19457,101478,20190214,    3,    0
 19457,101478,20190215,    0,    0
 19457,101478,20190216,    0,    0
 19457,101478,20190217,    0,    0
 19457,101478,20190218,    9,    0
 19457,101478,20190219,    5,    0
 19457,101478,20190220,   23,    0
 19457,101478,20190221,   13,    0
 19457,101478,20190222,    0,    0
 19457,101478,20190223,    0,    0
 19457,101478,20190224,    0,    0
 19457,101478,20190225,    0,    0
 19457,101478,20190226,    0,    0
 19457,101478,20190227,    0,    0
 19457,101478,20190228,    0,    0
 19457,101478,20190301,    0,    0
 19457,101478,20190302,   25,    0
 19457,101478,20190303,    7,    0
 19457,101478,20190304,   12,    0
 19457,101478,20190305,   35,    0
 19457,101478,20190306,   75,    0
 19457,101478,20190307,   44,    0
 19457,101478,20190308,    9,    0
 19457,101478,20190309,   24,    0
 19457,101478,20190310,    0,    0
 19457,101478,20190311,    0,    0
 19457,101478,20190312,  150,    0
 19457,101478,20190313,    0,    0
 19457,101478,20190314,    0,    0
 19457,101478,20190315,   16,    0
 19457,101478,20190316,   79,    0
 19457,101478,20190317,   79,    0
 19457,101478,20190318,    0,    0
 19457,101478,20190319,    0,    0
 19457,101478,20190320,    0,    0
 19457,101478,20190321,    0,    0
 19457,101478,20190322,    0,    0
 19457,101478,20190323,    0,    0
 19457,101478,20190324,    0,    0
 19457,101478,20190325,    0,    0
 19457,101478,20190326,    0,    0
 19457,101478,20190327,    0,    0
 19457,101478,20190328,    0,    0
 19457,101478,20190329,    0,    0
 19457,101478,20190330,    0,    0
 19457,101478,20190331,    0,    0
 19457,101478,20190401,    0,    0
 19457,101478,20190402,    0,    0
 19457,101478,20190403,   21,    0
 19457,101478,20190404,    0,    0
 19457,101478,20190405,    0,    0
 19457,101478,20190406,    0,    0
 19457,101478,20190407,    0,    0
 19457,101478,20190408,    0,    0
 19457,101478,20190409,    0,    0
 19457,101478,20190410,    0,    0
 19457,101478,20190411,    0,    0
 19457,101478,20190412,    0,    0
 19457,101478,20190413,    0,    0
 19457,101478,20190414,    0,    0
 19457,101478,20190415,    0,    0
 19457,101478,20190416,    0,    0
 19457,101478,20190417,    0,    0
 19457,101478,20190418,    0,    0
 19457,101478,20190419,    0,    0
 19457,101478,20190420,    0,    0
 19457,101478,20190421,    0,    0
 19457,101478,20190422,    0,    0
 19457,101478,20190423,    0,    0
 19457,101478,20190424,    0,    0
 19457,101478,20190425,   28,    0
 19457,101478,20190426,   20,    0
 19457,101478,20190427,  190,    0
 19457,101478,20190428,    0,    0
 19457,101478,20190429,    0,    0
 19457,101478,20190430,    0,    0
 19457,101478,20190501,    0,    0
 19457,101478,20190502,    0,    0
 19457,101478,20190503,    0,    0
 19457,101478,20190504,    0,    0
 19457,101478,20190505,    5,    0
 19457,101478,20190506,    0,    0
 19457,101478,20190507,    0,    0
 19457,101478,20190508,    3,    0
 19457,101478,20190509,  130,    0
 19457,101478,20190510,   51,    0
 19457,101478,20190511,    2,    0
 19457,101478,20190512,    0,    0
 19457,101478,20190513,    0,    0
 19457,101478,20190514,    0,    0
 19457,101478,20190515,    0,    0
 19457,101478,20190516,    0,    0
 19457,101478,20190517,   38,    0
 19457,101478,20190518,   24,    0
 19457,101478,20190519,    0,    0
 19457,101478,20190520,   22,    0
 19457,101478,20190521,  101,    0
 19457,101478,20190522,   81,    0
 19457,101478,20190523,   40,    0
 19457,101478,20190524,   41,    0
 19457,101478,20190525,    0,    0
 19457,101478,20190526,    0,    0
 19457,101478,20190527,   10,    0
 19457,101478,20190528,    0,    0
 19457,101478,20190529,    0,    0
 19457,101478,20190530,   20,    0
 19457,101478,20190531,   34,    0
 19457,101478,20190601,    0,    0
 19457,101478,20190602,   90,    0
 19457,101478,20190603,   14,    0
 19457,101478,20190604,    2,    0
 19457,101478,20190605,   38,    0
 19457,101478,20190606,   51,    0
 19457,101478,20190607,    0,    0
 19457,101478,20190608,   68,    0
 19457,101478,20190609,   20,    0
 19457,101478,20190610,    0,    0
 19457,101478,20190611,   99,    0
 19457,101478,20190612,   75,    0
 19457,101478,20190613,  130,    0
 19457,101478,20190614,   40,    0
 19457,101478,20190615,   19,    0
 19457,101478,20190616,   10,    0
 19457,101478,20190617,    0,    0
 19457,101478,20190618,   65,    0
 19457,101478,20190619,-9999,    9
 19457,101478,20190620,-9999,    9
 19457,101478,20190621,-9999,    9
 19457,101478,20190622,-9999,    9
 19457,101478,20190623,-9999,    9
 19457,101478,20190624,-9999,    9
 19457,101478,20190625,-9999,    9
 19457,101478,20190626,-9999,    9
 19457,101478,20190627,-9999,    9
 19457,101478,20190628,-9999,    9
 19457,101478,20190629,-9999,    9
 19457,101478,20190630,-9999,    9
 19457,101478,20190701,-9999,    9
 19457,101478,20190702,-9999,    9
 19457,101478,20190703,-9999,    9
 19457,102410,20190704,    0,    0
 19457,102410,20190705,    0,    0
 19457,102410,20190706,    3,    0
 19457,102410,20190707,   52,    0
 19457,102410,20190708,    6,    0
 19457,102410,20190709,    1,    0
 19457,102410,20190710,    0,    0
 19457,102410,20190711,    0,    0
 19457,102410,20190712,    0,    0
 19457,102410,20190713,    0,    0
 19457,102410,20190714,    0,    0
 19457,102410,20190715,    3,    0
 19457,102410,20190716,    0,    0
 19457,102410,20190717,    4,    0
 19457,102410,20190718,   20,    0
 19457,102410,20190719,  226,    0
 19457,102410,20190720,  141,    0
 19457,102410,20190721,  140,    0
 19457,102410,20190722,    0,    0
 19457,102410,20190723,    0,    0
 19457,102410,20190724,    0,    0
 19457,102410,20190725,    0,    0
 19457,102410,20190726,    1,    0
 19457,102410,20190727,    0,    0
 19457,102410,20190728,  117,    0
 19457,102410,20190729,    0,    0
 19457,102410,20190730,   13,    0
 19457,102410,20190731,   38,    0
 19457,102410,20190801,    0,    0
 19457,102410,20190802,    0,    0
 19457,102410,20190803,    2,    0
 19457,102410,20190804,    0,    0
 19457,102410,20190805,    0,    0
 19457,101478,20190806,   90,    0
 19457,101478,20190807,    7,    0
 19457,101478,20190808,   10,    0
 19457,101478,20190809,   40,    0
 19457,101478,20190810,  200,    0
 19457,101478,20190811,   40,    0
 19457,101478,20190812,   12,    0
 19457,101478,20190813,    0,    0
 19457,101478,20190814,    0,    0
 19457,101478,20190815,   32,    0
 19457,101478,20190816,   22,    0
 19457,101478,20190817,  122,    0
 19457,101478,20190818,   43,    0
 19457,101478,20190819,   22,    0
 19457,101478,20190820,   10,    0
 19457,101478,20190821,    1,    0
 19457,101478,20190822,  128,    0
 19457,101478,20190823,    0,    0
 19457,101478,20190824,    0,    0
 19457,101478,20190825,    0,    0
 19457,101478,20190826,    0,    0
 19457,101478,20190827,    0,    0
 19457,101478,20190828,   70,    0
 19457,101478,20190829,   31,    0
 19457,101478,20190830,   28,    0
 19457,101478,20190831,   12,    0
 19457,101478,20190901,    0,    0
 19457,101478,20190902,   19,    0
 19457,101478,20190903,    0,    0
 19457,101478,20190904,  123,    0
 19457,101478,20190905,    5,    0
 19457,101478,20190906,   10,    0
 19457,101478,20190907,    0,    0
 19457,101478,20190908,    0,    0
 19457,101478,20190909,   10,    0
 19457,101478,20190910,   33,    0
 19457,101478,20190911,   24,    0
 19457,101478,20190912,    2,    0
 19457,101478,20190913,    0,    0
 19457,101478,20190914,  114,    0
 19457,101478,20190915,    0,    0
 19457,101478,20190916,    0,    0
 19457,101478,20190917,    0,    0
 19457,101478,20190918,    0,    0
 19457,101478,20190919,    0,    0
 19457,101478,20190920,    0,    0
 19457,101478,20190921,    0,    0
 19457,101478,20190922,    0,    0
 19457,101478,20190923,   14,    0
 19457,101478,20190924,    0,    0
 19457,101478,20190925,    0,    0
 19457,101478,20190926,   25,    0
 19457,101478,20190927,  105,    0
 19457,101478,20190928,   31,    0
 19457,101478,20190929,    8,    0
 19457,101478,20190930,    8,    0
 19457,101478,20191001,   14,    0
 19457,101478,20191002,   39,    0
 19457,101478,20191003,   38,    0
 19457,101478,20191004,   30,    0
 19457,101478,20191005,   26,    0
 19457,101478,20191006,   15,    0
 19457,101478,20191007,   36,    0
 19457,101478,20191008,   91,    0
 19457,101478,20191009,  111,    0
 19457,101478,20191010,   29,    0
 19457,101478,20191011,   62,    0
 19457,101478,20191012,   11,    0
 19457,101478,20191013,   19,    0
 19457,101478,20191014,    0,    0
 19457,101478,20191015,  136,    0
 19457,101478,20191016,   12,    0
 19457,101478,20191017,   77,    0
 19457,101478,20191018,   25,    0
 19457,101478,20191019,   24,    0
 19457,101478,20191020,   48,    0
 19457,101478,20191021,    0,    0
 19457,101478,20191022,    0,    0
 19457,101478,20191023,    9,    0
 19457,101478,20191024,  134,    0
 19457,101478,20191025,   68,    0
 19457,101478,20191026,    0,    0
 19457,101478,20191027,    0,    0
 19457,101478,20191028,    0,    0
 19457,101478,20191029,    0,    0
 19457,101478,20191030,    4,    0
 19457,101478,20191031,    0,    0
 19457,101478,20191101,    2,    0
 19457,101478,20191102,    4,    0
 19457,101478,20191103,    4,    0
 19457,101478,20191104,   41,    0
 19457,101478,20191105,    2,    0
 19457,101478,20191106,    3,    0
 19457,101478,20191107,    2,    0
 19457,101478,20191108,    0,    0
 19457,101478,20191109,    0,    0
 19457,101478,20191110,   67,    0
 19457,101478,20191111,    0,    0
 19457,101478,20191112,   27,    0
 19457,101478,20191113,   10,    0
 19457,101478,20191114,   54,    0
 19457,101478,20191115,    0,    0
 19457,101478,20191116,   46,    0
 19457,101478,20191117,   92,    0
 19457,101478,20191118,  191,    0
 19457,101478,20191119,   88,    0
 19457,101478,20191120,    0,    0
 19457,101478,20191121,   46,    0
 19457,101478,20191122,   76,    0
 19457,101478,20191123,   11,    0
 19457,101478,20191124,    6,    0
 19457,101478,20191125,   27,    0
 19457,101478,20191126,   70,    0
 19457,101478,20191127,   29,    0
 19457,101478,20191128,  124,    0
 19457,101478,20191129,    0,    0
 19457,101478,20191130,    0,    0
 19457,101478,20191201,    0,    0
 19457,101478,20191202,    0,    0
 19457,101478,20191203,   15,    0
 19457,101478,20191204,    0,    0
 19457,101478,20191205,    5,    0
 19457,101478,20191206,   31,    0
 19457,101478,20191207,   47,    0
 19457,101478,20191208,   70,    0
 19457,101478,20191209,   74,    0
 19457,101478,20191210,   45,    0
 19457,101478,20191211,    4,    0
 19457,101478,20191212,   32,    0
 19457,101478,20191213,   10,    0
 19457,101478,20191214,   14,    0
 19457,101478,20191215,   35,    0
 19457,101478,20191216,   15,    0
 19457,101478,20191217,    0,    0
 19457,101478,20191218,   13,    0
 19457,101478,20191219,   25,    0
 19457,101478,20191220,   82,    0
 19457,101478,20191221,   16,    0
 19457,101478,20191222,    7,    0
 19457,101478,20191223,   37,    0
 19457,101478,20191224,   38,    0
 19457,101478,20191225,   11,    0
 19457,101478,20191226,    6,    0
 19457,101478,20191227,    0,    0
 19457,101478,20191228,    4,    0
 19457,101478,20191229,    0,    0
 19457,101478,20191230,   16,    0
 19457,101478,20191231,    0,    0
 19457,101478,20200101,    5,    0
 19457,101478,20200102,   13,    0
 19457,101478,20200103,   75,    0
 19457,101478,20200104,   14,    0
 19457,101478,20200105,    0,    0
 19457,101478,20200106,   12,    0
 19457,101478,20200107,  106,    0
 19457,101478,20200108,   53,    0
 19457,101478,20200109,   29,    0
 19457,101478,20200110,    8,    0
 19457,101478,20200111,   86,    0
 19457,101478,20200112,   28,    0
 19457,101478,20200113,   15,    0
 19457,101478,20200114,  102,    0
 19457,101478,20200115,    6,    0
 19457,101478,20200116,   50,    0
 19457,101478,20200117,   41,    0
 19457,101478,20200118,   23,    0
 19457,101478,20200119,    0,    0
 19457,101478,20200120,    0,    0
 19457,101478,20200121,    6,    0
 19457,101478,20200122,    9,    0
 19457,101478,20200123,    7,    0
 19457,101478,20200124,    0,    0
 19457,101478,20200125,    1,    0
 19457,101478,20200126,   13,    0
 19457,101478,20200127,   89,    0
 19457,101478,20200128,   43,    0
 19457,101478,20200129,   36,    0
 19457,101478,20200130,    0,    0
 19457,101478,20200131,   37,    0
 19457,101478,20200201,   44,    0
 19457,101478,20200202,   47,    0
 19457,101478,20200203,    0,    0
 19457,101478,20200204,    0,    0
 19457,101478,20200205,    0,    0
 19457,101478,20200206,   48,    0
 19457,101478,20200207,    0,    0
 19457,101478,20200208,    6,    0
 19457,101478,20200209,  133,    0
 19457,101478,20200210,   14,    0
 19457,101478,20200211,   32,    0
 19457,101478,20200212,   43,    0
 19457,101478,20200213,   16,    0
 19457,101478,20200214,    0,    0
 19457,101478,20200215,  134,    0
 19457,101478,20200216,  121,    0
 19457,101478,20200217,  102,    0
 19457,101478,20200218,   57,    0
 19457,101478,20200219,    0,    0
 19457,101478,20200220,   70,    0
 19457,101478,20200221,   54,    0
 19457,101478,20200222,  284,    0
 19457,101478,20200223,   15,    0
 19457,101478,20200224,    0,    0
 19457,101478,20200225,   26,    0
 19457,101478,20200226,   51,    0
 19457,101478,20200227,    0,    0
 19457,101478,20200228,   81,    0
 19457,101478,20200229,  119,    0
 19457,101478,20200301,   11,    0
 19457,101478,20200302,   55,    0
 19457,101478,20200303,    6,    0
 19457,101478,20200304,   83,    0
 19457,101478,20200305,   11,    0
 19457,101478,20200306,    6,    0
 19457,101478,20200307,    0,    0
 19457,101478,20200308,   71,    0
 19457,101478,20200309,   17,    0
 19457,101478,20200310,   53,    0
 19457,101478,20200311,   65,    0
 19457,101478,20200312,    0,    0
 19457,101478,20200313,   40,    0
 19457,101478,20200314,    0,    0
 19457,101478,20200315,  127,    0
 19457,101478,20200316,    0,    0
 19457,101478,20200317,   41,    0
 19457,101478,20200318,   33,    0
 19457,101478,20200319,   28,    0
 19457,101478,20200320,   10,    0
 19457,101478,20200321,    1,    0
 19457,101478,20200322,    0,    0
 19457,101478,20200323,   42,    0
 19457,101478,20200324,    0,    0
 19457,101478,20200325,    0,    0
 19457,101478,20200326,    2,    0
 19457,101478,20200327,   13,    0
 19457,101478,20200328,   46,    0
 19457,101478,20200329,    0,    0
 19457,101478,20200330,   30,    0
 19457,101478,20200331,    0,    0
 19457,101478,20200401,   17,    0
 19457,101478,20200402,   98,    0
 19457,101478,20200403,    0,    0
 19457,101478,20200404,    0,    0
 19457,101478,20200405,   30,    0
 19457,101478,20200406,    0,    0
 19457,101478,20200407,   19,    0
 19457,101478,20200408,   29,    0
 19457,101478,20200409,   23,    0
 19457,101478,20200410,    0,    0
 19457,101478,20200411,    0,    0
 19457,101478,20200412,   13,    0
 19457,101478,20200413,    0,    0
 19457,101478,20200414,    0,    0
 19457,101478,20200415,   42,    0
 19457,101478,20200416,   11,    0
 19457,101478,20200417,    5,    0
 19457,101478,20200418,    7,    0
 19457,101478,20200419,    0,    0
 19457,101478,20200420,    0,    0
 19457,101478,20200421,    2,    0
 19457,101478,20200422,  112,    0
 19457,101478,20200423,    0,    0
 19457,101478,20200424,   21,    0
 19457,101478,20200425,    0,    0
 19457,101478,20200426,    0,    0
 19457,101478,20200427,   61,    0
 19457,101478,20200428,   46,    0
 19457,101478,20200429,    0,    0
 19457,101478,20200430,   50,    0
 19457,101478,20200501,   24,    0
 19457,101478,20200502,    0,    0
 19457,101478,20200503,   12,    0
 19457,101478,20200504,   30,    0
 19457,101478,20200505,    0,    0
 19457,101478,20200506,   43,    0
 19457,101478,20200507,    0,    0
 19457,101478,20200508,   20,    0
 19457,101478,20200509,   35,    0
 19457,101478,20200510,   17,    0
 19457,101478,20200511,    0,    0
 19457,101478,20200512,   33,    0
 19457,101478,20200513,    0,    0
 19457,101478,20200514,    0,    0
 19457,101478,20200515,   37,    0
 19457,101478,20200516,    0,    0
 19457,101478,20200517,   22,    0
 19457,101478,20200518,    0,    0
 19457,101478,20200519,   35,    0
 19457,101478,20200520,    0,    0
 19457,101478,20200521,    0,    0
 19457,101478,20200522,  194,    0
 19457,101478,20200523,   41,    0
 19457,101478,20200524,   19,    0
 19457,101478,20200525,    0,    0
 19457,101478,20200526,   18,    0
 19457,101478,20200527,    0,    0
 19457,101478,20200528,   39,    0
 19457,101478,20200529,    0,    0
 19457,101478,20200530,    1,    0
 19457,101478,20200531,    0,    0
 19457,101478,20200601,    0,    0
 19457,101478,20200602,    0,    0
 19457,101478,20200603,    3,    0
 19457,101478,20200604,   38,    0
 19457,101478,20200605,  331,    0
 19457,101478,20200606,  171,    0
 19457,101478,20200607,   81,    0
 19457,101478,20200608,    0,    0
 19457,101478,20200609,    0,    0
 19457,101478,20200610,    0,    0
 19457,101478,20200611,   23,    0
 19457,101478,20200612,    0,    0
 19457,101478,20200613,    1,    0
 19457,101478,20200614,   53,    0
 19457,101478,20200615,    0,    0
 19457,101478,20200616,   13,    0
 19457,101478,20200617,   20,    0
 19457,101478,20200618,    0,    0
 19457,101478,20200619,    0,    0
 19457,101478,20200620,  182,    0
 19457,101478,20200621,  227,    0
 19457,101478,20200622,    0,    0
 19457,101478,20200623,    0,    0
 19457,101478,20200624,    0,    0
 19457,101478,20200625,    4,    0
 19457,101478,20200626,    0,    0
 19457,101478,20200627,   92,    0
 19457,101478,20200628,  131,    0
 19457,101478,20200629,    4,    0
 19457,101478,20200630,   34,    0
 19457,101478,20200701,   12,    0
 19457,101478,20200702,    6,    0
 19457,101478,20200703,   61,    0
 19457,101478,20200704,   24,    0
 19457,101478,20200705,  149,    0
 19457,101478,20200706,   43,    0
 19457,101478,20200707,    0,    0
 19457,101478,20200708,   16,    0
 19457,101478,20200709,    0,    0
 19457,101478,20200710,   15,    0
 19457,101478,20200711,    0,    0
 19457,101478,20200712,    0,    0
 19457,101478,20200713,   12,    0
 19457,101478,20200714,   34,    0
 19457,101478,20200715,   41,    0
 19457,101478,20200716,    0,    0
 19457,101478,20200717,    7,    0
 19457,101478,20200718,   99,    0
 19457,101478,20200719,   73,    0
 19457,101478,20200720,    0,    0
 19457,101478,20200721,    0,    0
 19457,101478,20200722,    4,    0
 19457,101478,20200723,    0,    0
 19457,101478,20200724,   19,    0
 19457,101478,20200725,    0,    0
 19457,101478,20200726,  310,    0
 19457,101478,20200727,  106,    0
 19457,101478,20200728,  252,    0
 19457,101478,20200729,   57,    0
 19457,101478,20200730,   37,    0
 19457,101478,20200731,    0,    0
 19457,101478,20200801,   42,    0
 19457,101478,20200802,  106,    0
 19457,101478,20200803,    2,    0
 19457,101478,20200804,    0,    0
 19457,101478,20200805,   17,    0
 19457,101478,20200806,   27,    0
 19457,101478,20200807,    0,    0
 19457,101478,20200808,   42,    0
 19457,101478,20200809,    0,    0
 19457,101478,20200810,    0,    0
 19457,101478,20200811,    0,    0
 19457,101478,20200812,    7,    0
 19457,101478,20200813,    6,    0
 19457,101478,20200814,    0,    0
 19457,101478,20200815,    0,    0
 19457,101478,20200816,    1,    0
 19457,101478,20200817,    0,    0
 19457,101478,20200818,    0,    0
 19457,101478,20200819,    5,    0
 19457,101478,20200820,   23,    0
 19457,101478,20200821,  170,    0
 19457,101478,20200822,   30,    0
 19457,101478,20200823,   59,    0
 19457,101478,20200824,   54,    0
 19457,101478,20200825,    0,    0
 19457,101478,20200826,    7,    0
 19457,101478,20200827,    0,    0
 19457,101478,20200828,    0,    0
 19457,101478,20200829,    6,    0
 19457,101478,20200830,   18,    0
 19457,101478,20200831,   11,    0
 19457,101478,20200901,    1,    0
 19457,101478,20200902,    0,    0
 19457,101478,20200903,   34,    0
 19457,101478,20200904,   33,    0
 19457,101478,20200905,    0,    0
 19457,101478,20200906,   22,    0
 19457,101478,20200907,    0,    0
 19457,101478,20200908,   41,    0
 19457,101478,20200909,   19,    0
 19457,101478,20200910,    0,    0
 19457,101478,20200911,   42,    0
 19457,101478,20200912,   15,    0
 19457,101478,20200913,    0,    0
 19457,101478,20200914,   43,    0
 19457,101478,20200915,    0,    0
 19457,101478,20200916,   39,    0
 19457,101478,20200917,    0,    0
 19457,101478,20200918,    6,    0
 19457,101478,20200919,    0,    0
 19457,101478,20200920,    0,    0
 19457,101478,20200921,   17,    0
 19457,101478,20200922,    0,    0
 19457,101478,20200923,  276,    0
 19457,101478,20200924,  246,    0
 19457,101478,20200925,  158,    0
 19457,101478,20200926,    0,    0
 19457,101478,20200927,    0,    0
 19457,101478,20200928,    9,    0
 19457,101478,20200929,   46,    0
 19457,101478,20200930,   53,    0
 19457,101478,20201001,   49,    0
 19457,101478,20201002,   85,    0
 19457,101478,20201003,   79,    0
 19457,101478,20201004,  449,    0
 19457,101478,20201005,    5,    0
 19457,101478,20201006,   51,    0
 19457,101478,20201007,    0,    0
 19457,101478,20201008,  103,    0
 19457,101478,20201009,   68,    0
 19457,101478,20201010,  161,    0
 19457,101478,20201011,   21,    0
 19457,101478,20201012,    0,    0
 19457,101478,20201013,   11,    0
 19457,101478,20201014,    0,    0
 19457,101478,20201015,    2,    0
 19457,101478,20201016,    0,    0
 19457,101478,20201017,    0,    0
 19457,101478,20201018,   24,    0
 19457,101478,20201019,   32,    0
 19457,101478,20201020,  183,    0
 19457,101478,20201021,  121,    0
 19457,101478,20201022,   33,    0
 19457,101478,20201023,   30,    0
 19457,101478,20201024,  104,    0
 19457,101478,20201025,  135,    0
 19457,101478,20201026,    8,    0
 19457,101478,20201027,   38,    0
 19457,101478,20201028,   33,    0
 19457,101478,20201029,   49,    0
 19457,101478,20201030,   22,    0
 19457,101478,20201031,    5,    0
 19457,101478,20201101,  169,    0
 19457,101478,20201102,   67,    0
 19457,101478,20201103,   22,    0
 19457,101478,20201104,    0,    0
 19457,101478,20201105,    4,    0
 19457,101478,20201106,   43,    0
 19457,101478,20201107,    5,    0
 19457,101478,20201108,    0,    0
 19457,101478,20201109,    2,    0
 19457,101478,20201110,    0,    0
 19457,101478,20201111,    2,    0
 19457,101478,20201112,    6,    0
 19457,101478,20201113,   62,    0
 19457,101478,20201114,   32,    0
 19457,101478,20201115,  259,    0
 19457,101478,20201116,   72,    0
 19457,101478,20201117,    0,    0
 19457,101478,20201118,  149,    0
 19457,101478,20201119,   17,    0
 19457,101478,20201120,   37,    0
 19457,101478,20201121,  136,    0
 19457,101478,20201122,   77,    0
 19457,101478,20201123,    0,    0
 19457,101478,20201124,    9,    0
 19457,101478,20201125,   32,    0
 19457,101478,20201126,   19,    0
 19457,101478,20201127,    4,    0
 19457,101478,20201128,    0,    0
 19457,101478,20201129,    0,    0
 19457,101478,20201130,   58,    0
 19457,101478,20201201,   51,    0
 19457,101478,20201202,    0,    0
 19457,101478,20201203,  111,    0
 19457,101478,20201204,   29,    0
 19457,101478,20201205,   27,    0
 19457,101478,20201206,   33,    0
 19457,101478,20201207,   20,    0
 19457,101478,20201208,   44,    0
 19457,101478,20201209,    9,    0
 19457,101478,20201210,   35,    0
 19457,101478,20201211,   22,    0
 19457,101478,20201212,    9,    0
 19457,101478,20201213,    2,    0
 19457,101478,20201214,   91,    0
 19457,101478,20201215,   46,    0
 19457,101478,20201216,    3,    0
 19457,101478,20201217,   97,    0
 19457,101478,20201218,    8,    0
 19457,101478,20201219,   29,    0
 19457,101478,20201220,   29,    0
 19457,101478,20201221,   41,    0
 19457,101478,20201222,   47,    0
 19457,101478,20201223,   68,    0
 19457,101478,20201224,    0,    0
 19457,101478,20201225,    2,    0
 19457,101478,20201226,   12,    0
 19457,101478,20201227,  212,    0
 19457,101478,20201228,   70,    0
 19457,101478,20201229,   19,    0
 19457,101478,20201230,   55,    0
 19457,101478,20201231,   31,    0
 19457,101478,20210101,   15,    0
 19457,101478,20210102,    0,    0
 19457,101478,20210103,   50,    0
 19457,101478,20210104,    0,    0
 19457,101478,20210105,   65,    0
 19457,101478,20210106,   10,    0
 19457,101478,20210107,    0,    0
 19457,101478,20210108,   28,    0
 19457,101478,20210109,    0,    0
 19457,101478,20210110,   18,    0
 19457,101478,20210111,   43,    0
 19457,101478,20210112,    0,    0
 19457,101478,20210113,  101,    0
 19457,101478,20210114,    0,    0
 19457,101478,20210115,    2,    0
 19457,101478,20210116,    0,    0
 19457,101478,20210117,    0,    0
 19457,101478,20210118,    4,    0
 19457,101478,20210119,   13,    0
 19457,101478,20210120,  138,    0
 19457,101478,20210121,  179,    0
 19457,101478,20210122,   29,    0
 19457,101478,20210123,   86,    0
 19457,101478,20210124,    3,    0
 19457,101478,20210125,    0,    0
 19457,101478,20210126,    9,    0
 19457,101478,20210127,    0,    0
 19457,101478,20210128,    0,    0
 19457,101478,20210129,    3,    0
 19457,101478,20210130,    0,    0
 19457,101478,20210131,   40,    0
 19457,101478,20210201,   20,    0
 19457,101478,20210202,    0,    0
 19457,101478,20210203,   38,    0
 19457,101478,20210204,   11,    0
 19457,101478,20210205,    0,    0
 19457,101478,20210206,   64,    0
 19457,101478,20210207,   55,    0
 19457,101478,20210208,    0,    0
 19457,101478,20210209,   97,    0
 19457,101478,20210210,    0,    0
 19457,101478,20210211,    0,    0
 19457,101478,20210212,    0,    0
 19457,101478,20210213,    0,    0
 19457,101478,20210214,    0,    0
 19457,101478,20210215,    4,    0
 19457,101478,20210216,  128,    0
 19457,101478,20210217,   61,    0
 19457,101478,20210218,   49,    0
 19457,101478,20210219,   14,    0
 19457,101478,20210220,   85,    0
 19457,101478,20210221,    0,    0
 19457,101478,20210222,   13,    0
 19457,101478,20210223,    9,    0
 19457,101478,20210224,   23,    0
 19457,101478,20210225,    8,    0
 19457,101478,20210226,   15,    0
 19457,101478,20210227,    0,    0
 19457,102410,20210228,    4,    0
 19457,102410,20210301,    0,    0
 19457,102410,20210302,    0,    0
 19457,102410,20210303,    1,    0
 19457,102410,20210304,    0,    0
 19457,102410,20210305,    4,    0
 19457,102410,20210306,    2,    0
 19457,102410,20210307,    0,    0
 19457,101478,20210308,    0,    0
 19457,101478,20210309,    6,    0
 19457,101478,20210310,  127,    0
 19457,101478,20210311,   50,    0
 19457,101478,20210312,   59,    0
 19457,101478,20210313,    0,    0
 19457,101478,20210314,   62,    0
 19457,101478,20210315,    0,    0
 19457,101478,20210316,   39,    0
 19457,101478,20210317,    0,    0
 19457,101478,20210318,   31,    0
 19457,101478,20210319,    0,    0
 19457,101478,20210320,    7,    0
 19457,101478,20210321,    0,    0
 19457,101478,20210322,   13,    0
 19457,101478,20210323,    0,    0
 19457,101478,20210324,   40,    0
 19457,101478,20210325,    0,    0
 19457,101478,20210326,   83,    0
 19457,101478,20210327,   21,    0
 19457,101478,20210328,    0,    0
 19457,101478,20210329,   18,    0
 19457,101478,20210330,   17,    0
 19457,101478,20210331,   28,    0
 19457,101478,20210401,    0,    0
 19457,101478,20210402,   23,    0
 19457,101478,20210403,    0,    0
 19457,101478,20210404,   55,    0
 19457,101478,20210405,    7,    0
 19457,101478,20210406,    0,    0
 19457,101478,20210407,   48,    0
 19457,101478,20210408,    3,    0
 19457,101478,20210409,   27,    0
 19457,101478,20210410,   12,    0
 19457,101478,20210411,   81,    0
 19457,101478,20210412,   68,    0
 19457,101478,20210413,   15,    0
 19457,101478,20210414,    7,    0
 19457,101478,20210415,    0,    0
 19457,101478,20210416,    0,    0
 19457,101478,20210417,    2,    0
 19457,101478,20210418,    0,    0
 19457,101478,20210419,    0,    0
 19457,101478,20210420,    0,    0
 19457,101478,20210421,    2,    0
 19457,101478,20210422,    0,    0
 19457,101478,20210423,    5,    0
 19457,101478,20210424,    4,    0
 19457,101478,20210425,    6,    0
 19457,101478,20210426,    0,    0
 19457,101478,20210427,    0,    0
 19457,101478,20210428,   32,    0
 19457,101478,20210429,    7,    0
 19457,101478,20210430,    0,    0
 19457,101478,20210501,   13,    0
 19457,101478,20210502,    0,    0
 19457,101478,20210503,   28,    0
 19457,101478,20210504,   47,    0
 19457,101478,20210505,   73,    0
 19457,101478,20210506,    0,    0
 19457,101478,20210507,   52,    0
 19457,101478,20210508,    0,    0
 19457,101478,20210509,   81,    0
 19457,101478,20210510,   56,    0
 19457,101478,20210511,   40,    0
 19457,101478,20210512,    0,    0
 19457,101478,20210513,   15,    0
 19457,101478,20210514,   38,    0
 19457,101478,20210515,   41,    0
 19457,101478,20210516,   14,    0
 19457,101478,20210517,    3,    0
 19457,101478,20210518,    8,    0
 19457,101478,20210519,   31,    0
 19457,101478,20210520,   22,    0
 19457,101478,20210521,    0,    0
 19457,101478,20210522,   26,    0
 19457,101478,20210523,   35,    0
 19457,101478,20210524,   36,    0
 19457,101478,20210525,   66,    0
 19457,101478,20210526,  115,    0
 19457,101478,20210527,    0,    0
 19457,101478,20210528,    0,    0
 19457,101478,20210529,    0,    0
 19457,101478,20210530,    0,    0
 19457,101478,20210531,    0,    0
 19457,101478,20210601,    0,    0
 19457,101478,20210602,    0,    0
 19457,101478,20210603,    0,    0
 19457,101478,20210604,    0,    0
 19457,101478,20210605,   37,    0
 19457,101478,20210606,    0,    0
 19457,101478,20210607,    0,    0
 19457,101478,20210608,    0,    0
 19457,101478,20210609,   28,    0
 19457,101478,20210610,    0,    0
 19457,101478,20210611,    0,    0
 19457,101478,20210612,   12,    0
 19457,101478,20210613,    0,    0
 19457,101478,20210614,   99,    0
 19457,101478,20210615,    3,    0
 19457,101478,20210616,    0,    0
 19457,101478,20210617,   40,    0
 19457,101478,20210618,   93,    0
 19457,101478,20210619,  155,    0
 19457,101478,20210620,  137,    0
 19457,101478,20210621,   14,    0
 19457,101478,20210622,   12,    0
 19457,101478,20210623,    0,    0
 19457,101478,20210624,    0,    0
 19457,101478,20210625,   22,    0
 19457,101478,20210626,    3,    0
 19457,101478,20210627,    0,    0
 19457,101478,20210628,    0,    0
 19457,101478,20210629,   18,    0
 19457,101478,20210630,    0,    0
 19457,101478,20210701,    0,    0
 19457,101478,20210702,   10,    0
 19457,101478,20210703,   18,    0
 19457,101478,20210704,   44,    0
 19457,101478,20210705,  375,    0
 19457,101478,20210706,   34,    0
 19457,101478,20210707,   94,    0
 19457,101478,20210708,   26,    0
 19457,101478,20210709,   14,    0
 19457,101478,20210710,    0,    0
 19457,101478,20210711,    4,    0
 19457,101478,20210712,   17,    0
 19457,101478,20210713,    4,    0
 19457,101478,20210714,   29,    0
 19457,101478,20210715,    0,    0
 19457,101478,20210716,   31,    0
 19457,101478,20210717,   12,    0
 19457,101478,20210718,    2,    0
 19457,101478,20210719,    0,    0
 19457,101478,20210720,   23,    0
 19457,101478,20210721,    0,    0
 19457,101478,20210722,   30,    0
 19457,101478,20210723,    1,    0
 19457,101478,20210724,    0,    0
 19457,101478,20210725,   25,    0
 19457,101478,20210726,   92,    0
 19457,101478,20210727,  112,    0
 19457,101478,20210728,   62,    0
 19457,101478,20210729,  187,    0
 19457,101478,20210730,   27,    0
 19457,101478,20210731,  107,    0
 19457,101478,20210801,    2,    0
 19457,101478,20210802,   60,    0
 19457,101478,20210803,   14,    0
 19457,101478,20210804,    0,    0
 19457,101478,20210805,    1,    0
 19457,101478,20210806,   22,    0
 19457,101478,20210807,   58,    0
 19457,101478,20210808,    8,    0
 19457,101478,20210809,   74,    0
 19457,101478,20210810,    0,    0
 19457,101478,20210811,    0,    0
 19457,101478,20210812,    0,    0
 19457,101478,20210813,   89,    0
 19457,101478,20210814,    0,    0
 19457,101478,20210815,   21,    0
 19457,101478,20210816,    0,    0
 19457,101478,20210817,   20,    0
 19457,101478,20210818,    1,    0
 19457,101478,20210819,    0,    0
 19457,101478,20210820,   12,    0
 19457,101478,20210821,    4,    0
 19457,101478,20210822,    0,    0
 19457,101478,20210823,    8,    0
 19457,101478,20210824,    0,    0
 19457,101478,20210825,    0,    0
 19457,101478,20210826,    0,    0
 19457,101478,20210827,    0,    0
 19457,101478,20210828,    0,    0
 19457,101478,20210829,    7,    0
 19457,101478,20210830,    0,    0
 19457,101478,20210831,   11,    0
 19457,101478,20210901,    0,    0
 19457,101478,20210902,    0,    0
 19457,101478,20210903,   13,    0
 19457,101478,20210904,   16,    0
 19457,101478,20210905,    0,    0
 19457,101478,20210906,    3,    0
 19457,101478,20210907,    0,    0
 19457,101478,20210908,   33,    0
 19457,101478,20210909,   16,    0
 19457,101478,20210910,    0,    0
 19457,101478,20210911,  116,    0
 19457,101478,20210912,   30,    0
 19457,101478,20210913,    1,    0
 19457,101478,20210914,    2,    0
 19457,101478,20210915,    7,    0
 19457,101478,20210916,   37,    0
 19457,101478,20210917,    0,    0
 19457,101478,20210918,    0,    0
 19457,101478,20210919,    5,    0
 19457,101478,20210920,    0,    0
 19457,101478,20210921,    0,    0
 19457,101478,20210922,   37,    0
 19457,101478,20210923,   35,    0
 19457,101478,20210924,    0,    0
 19457,101478,20210925,   17,    0
 19457,101478,20210926,    0,    0
 19457,101478,20210927,  372,    0
 19457,101478,20210928,   24,    0
 19457,101478,20210929,   56,    0
 19457,101478,20210930,   62,    0
 19457,101478,20211001,  140,    0
 19457,101478,20211002,  138,    0
 19457,101478,20211003,  240,    0
 19457,101478,20211004,   43,    0
 19457,101478,20211005,    9,    0
 19457,101478,20211006,   14,    0
 19457,101478,20211007,    0,    0
 19457,101478,20211008,   13,    0
 19457,101478,20211009,    5,    0
 19457,101478,20211010,   76,    0
 19457,101478,20211011,   24,    0
 19457,101478,20211012,    4,    0
 19457,101478,20211013,    0,    0
 19457,101478,20211014,   28,    0
 19457,101478,20211015,    0,    0
 19457,101478,20211016,   19,    0
 19457,101478,20211017,   20,    0
 19457,101478,20211018,   24,    0
 19457,101478,20211019,   27,    0
 19457,101478,20211020,   57,    0
 19457,101478,20211021,    0,    0
 19457,101478,20211022,    0,    0
 19457,101478,20211023,    0,    0
 19457,101478,20211024,    3,    0
 19457,101478,20211025,   60,    0
 19457,101478,20211026,   26,    0
 19457,101478,20211027,   16,    0
 19457,101478,20211028,    8,    0
 19457,101478,20211029,   58,    0
 19457,101478,20211030,  166,    0
 19457,101478,20211031,  170,    0
 19457,101478,20211101,  174,    0
 19457,101478,20211102,   33,    0
 19457,101478,20211103,   37,    0
 19457,101478,20211104,    0,    0
 19457,101478,20211105,    0,    0
 19457,101478,20211106,  121,    0
 19457,101478,20211107,    8,    0
 19457,101478,20211108,   30,    0
 19457,101478,20211109,    0,    0
 19457,101478,20211110,    6,    0
 19457,101478,20211111,   50,    0
 19457,101478,20211112,   18,    0
 19457,101478,20211113,   28,    0
 19457,101478,20211114,    0,    0
 19457,101478,20211115,    0,    0
 19457,101478,20211116,    8,    0
 19457,101478,20211117,   24,    0
 19457,101478,20211118,    0,    0
 19457,101478,20211119,   26,    0
 19457,101478,20211120,   35,    0
 19457,101478,20211121,    3,    0
 19457,101478,20211122,    0,    0
 19457,101478,20211123,    3,    0
 19457,101478,20211124,   32,    0
 19457,101478,20211125,   21,    0
 19457,101478,20211126,    0,    0
 19457,101478,20211127,   10,    0
 19457,101478,20211128,   35,    0
 19457,101478,20211129,   24,    0
 19457,101478,20211130,   81,    0
 19457,101478,20211201,    0,    0
 19457,101478,20211202,    0,    0
 19457,101478,20211203,    3,    0
 19457,101478,20211204,    0,    0
 19457,101478,20211205,   16,    0
 19457,101478,20211206,   18,    0
 19457,101478,20211207,   32,    0
 19457,101478,20211208,   19,    0
 19457,101478,20211209,    2,    0
 19457,101478,20211210,    8,    0
 19457,101478,20211211,    6,    0
 19457,101478,20211212,   53,    0
 19457,101478,20211213,   19,    0
 19457,101478,20211214,    0,    0
 19457,101478,20211215,    7,    0
 19457,101478,20211216,    0,    0
 19457,101478,20211217,    6,    0
 19457,101478,20211218,   11,    0
 19457,101478,20211219,   56,    0
 19457,101478,20211220,    0,    0
 19457,101478,20211221,    0,    0
 19457,101478,20211222,    0,    0
 19457,101478,20211223,   37,    0
 19457,101478,20211224,    6,    0
 19457,101478,20211225,   28,    0
 19457,101478,20211226,   39,    0
 19457,101478,20211227,   56,    0
 19457,101478,20211228,   36,    0
 19457,101478,20211229,    0,    0
 19457,101478,20211230,   39,    0
 19457,101478,20211231,   87,    0
 19457,101478,20220101,    4,    0
 19457,101478,20220102,   15,    0
 19457,101478,20220103,   33,    0
 19457,101478,20220104,    0,    0
 19457,101478,20220105,    2,    0
 19457,101478,20220106,    0,    0
 19457,101478,20220107,    0,    0
 19457,101478,20220108,    0,    0
 19457,101478,20220109,   70,    0
 19457,101478,20220110,    9,    0
 19457,101478,20220111,   30,    0
 19457,101478,20220112,   23,    0
 19457,101478,20220113,   50,    0
 19457,101478,20220114,   25,    0
 19457,101478,20220115,    0,    0
 19457,101478,20220116,   25,    0
 19457,101478,20220117,    0,    0
 19457,101478,20220118,    0,    0
 19457,101478,20220119,   42,    0
 19457,101478,20220120,    0,    0
 19457,101478,20220121,    0,    0
 19457,101478,20220122,   22,    0
 19457,101478,20220123,    8,    0
 19457,101478,20220124,    4,    0
 19457,101478,20220125,    2,    0
 19457,101478,20220126,    4,    0
 19457,101478,20220127,   28,    0
 19457,101478,20220128,    7,    0
 19457,101478,20220129,   31,    0
 19457,101478,20220130,   41,    0
 19457,101478,20220131,    0,    0
 19457,101478,20220201,   45,    0
 19457,101478,20220202,    9,    0
 19457,101478,20220203,    0,    0
 19457,101478,20220204,   31,    0
 19457,101478,20220205,   51,    0
 19457,101478,20220206,   35,    0
 19457,101478,20220207,    0,    0
 19457,101478,20220208,   58,    0
 19457,101478,20220209,  125,    0
 19457,101478,20220210,   76,    0
 19457,101478,20220211,    0,    0
 19457,101478,20220212,   39,    0
 19457,101478,20220213,   85,    0
 19457,101478,20220214,   66,    0
 19457,101478,20220215,   26,    0
 19457,101478,20220216,   31,    0
 19457,101478,20220217,    0,    0
 19457,101478,20220218,   37,    0
 19457,101478,20220219,    0,    0
 19457,101478,20220220,    0,    0
 19457,101478,20220221,  101,    0
 19457,101478,20220222,    0,    0
 19457,101478,20220223,  119,    0
 19457,101478,20220224,   42,    0
 19457,101478,20220225,    0,    0
 19457,101478,20220226,    0,    0
 19457,101478,20220227,   30,    0
 19457,101478,20220228,    0,    0
 19457,101478,20220301,    0,    0
 19457,101478,20220302,    0,    0
 19457,101478,20220303,    0,    0
 19457,101478,20220304,    0,    0
 19457,101478,20220305,    0,    0
 19457,101478,20220306,    0,    0
 19457,101478,20220307,    0,    0
 19457,101478,20220308,    0,    0
 19457,101478,20220309,    0,    0
 19457,101478,20220310,    0,    0
 19457,101478,20220311,    0,    0
 19457,101478,20220312,    0,    0
 19457,101478,20220313,    0,    0
 19457,101478,20220314,    0,    0
 19457,101478,20220315,    0,    0
 19457,101478,20220316,    0,    0
 19457,101478,20220317,   65,    0
 19457,101478,20220318,    0,    0
 19457,101478,20220319,    0,    0
 19457,101478,20220320,    7,    0
 19457,101478,20220321,    0,    0
 19457,101478,20220322,    0,    0
 19457,101478,20220323,    0,    0
 19457,101478,20220324,    0,    0
 19457,101478,20220325,    0,    0
 19457,101478,20220326,    0,    0
 19457,101478,20220327,    0,    0
 19457,101478,20220328,    0,    0
 19457,101478,20220329,   20,    0
 19457,101478,20220330,    0,    0
 19457,101478,20220331,    1,    0
 19457,101478,20220401,    0,    0
 19457,101478,20220402,    0,    0
 19457,101478,20220403,    0,    0
 19457,101478,20220404,    4,    0
 19457,101478,20220405,   57,    0
 19457,101478,20220406,    0,    0
 19457,101478,20220407,    7,    0
 19457,101478,20220408,    0,    0
 19457,101478,20220409,    0,    0
 19457,101478,20220410,    6,    0
 19457,101478,20220411,   30,    0
 19457,101478,20220412,    0,    0
 19457,101478,20220413,   52,    0
 19457,101478,20220414,    0,    0
 19457,101478,20220415,    0,    0
 19457,101478,20220416,    0,    0
 19457,101478,20220417,    0,    0
 19457,101478,20220418,    0,    0
 19457,101478,20220419,    0,    0
 19457,101478,20220420,    0,    0
 19457,101478,20220421,    0,    0
 19457,101478,20220422,    0,    0
 19457,101478,20220423,    0,    0
 19457,101478,20220424,    0,    0
 19457,101478,20220425,    0,    0
 19457,101478,20220426,    0,    0
 19457,101478,20220427,    0,    0
 19457,101478,20220428,    0,    0
 19457,101478,20220429,    0,    0
 19457,101478,20220430,    0,    0
 19457,101478,20220501,    0,    0
 19457,101478,20220502,    0,    0
 19457,101478,20220503,    0,    0
 19457,101478,20220504,    0,    0
 19457,101478,20220505,    0,    0
 19457,101478,20220506,    0,    0
 19457,101478,20220507,    8,    0
 19457,101478,20220508,    9,    0
 19457,101478,20220509,    6,    0
 19457,101478,20220510,   66,    0
 19457,101478,20220511,   27,    0
 19457,101478,20220512,    0,    0
 19457,101478,20220513,    4,    0
 19457,101478,20220514,    0,    0
 19457,101478,20220515,   25,    0
 19457,101478,20220516,    0,    0
 19457,101478,20220517,    9,    0
 19457,101478,20220518,   45,    0
 19457,101478,20220519,    0,    0
 19457,101478,20220520,   41,    0
 19457,101478,20220521,   29,    0
 19457,101478,20220522,   26,    0
 19457,101478,20220523,   45,    0
 19457,101478,20220524,   74,    0
 19457,101478,20220525,   35,    0
 19457,101478,20220526,   17,    0
 19457,101478,20220527,    0,    0
 19457,101478,20220528,    0,    0
 19457,101478,20220529,   30,    0
 19457,101478,20220530,    0,    0
 19457,101478,20220531,   38,    0
 19457,101478,20220601,  110,    0
 19457,101478,20220602,    0,    0
 19457,101478,20220603,    9,    0
 19457,101478,20220604,    0,    0
 19457,101478,20220605,   10,    0
 19457,101478,20220606,    4,    0
 19457,101478,20220607,   59,    0
 19457,101478,20220608,   26,    0
 19457,101478,20220609,    6,    0
 19457,101478,20220610,   11,    0
 19457,101478,20220611,   52,    0
 19457,101478,20220612,    0,    0
 19457,101478,20220613,    0,    0
 19457,101478,20220614,    0,    0
 19457,101478,20220615,    0,    0
 19457,101478,20220616,   14,    0
 19457,101478,20220617,   26,    0
 19457,101478,20220618,   21,    0
 19457,101478,20220619,    0,    0
 19457,101478,20220620,   18,    0
 19457,101478,20220621,   16,    0
 19457,101478,20220622,    0,    0
 19457,101478,20220623,    0,    0
 19457,101478,20220624,    0,    0
 19457,101478,20220625,   12,    0
 19457,101478,20220626,   34,    0
 19457,101478,20220627,  313,    0
 19457,101478,20220628,    0,    0
 19457,101478,20220629,   18,    0
 19457,101478,20220630,   23,    0
 19457,101478,20220701,   60,    0
 19457,101478,20220702,   14,    0
 19457,101478,20220703,   25,    0
 19457,101478,20220704,    0,    0
 19457,101478,20220705,    4,    0
 19457,101478,20220706,    3,    0
 19457,101478,20220707,    0,    0
 19457,101478,20220708,    0,    0
 19457,101478,20220709,    9,    0
 19457,101478,20220710,    4,    0
 19457,101478,20220711,    3,    0
 19457,101478,20220712,   19,    0
 19457,101478,20220713,   73,    0
 19457,101478,20220714,    0,    0
 19457,101478,20220715,   28,    0
 19457,101478,20220716,    0,    0
 19457,101478,20220717,    0,    0
 19457,101478,20220718,   19,    0
 19457,101478,20220719,    0,    0
 19457,101478,20220720,   10,    0
 19457,101478,20220721,   29,    0
 19457,101478,20220722,    0,    0
 19457,101478,20220723,   43,    0
 19457,101478,20220724,   25,    0
 19457,101478,20220725,   35,    0
 19457,101478,20220726,   14,    0
 19457,101478,20220727,    0,    0
 19457,101478,20220728,    0,    0
 19457,101478,20220729,    0,    0
 19457,101478,20220730,    0,    0
 19457,101478,20220731,  201,    0
 19457,101478,20220801,   17,    0
 19457,101478,20220802,   45,    0
 19457,101478,20220803,   12,    0
 19457,101478,20220804,   40,    0
 19457,101478,20220805,    1,    0
 19457,101478,20220806,   13,    0
 19457,101478,20220807,   23,    0
 19457,101478,20220808,    4,    0
 19457,101478,20220809,    0,    0
 19457,101478,20220810,   35,    0
 19457,101478,20220811,    0,    0
 19457,101478,20220812,    5,    0
 19457,101478,20220813,    0,    0
 19457,101478,20220814,    0,    0
 19457,101478,20220815,  121,    0
 19457,101478,20220816,  360,    0
 19457,101478,20220817,   23,    0
 19457,101478,20220818,    9,    0
 19457,101478,20220819,    9,    0
 19457,101478,20220820,    3,    0
 19457,101478,20220821,   59,    0
 19457,101478,20220822,   13,    0
 19457,101478,20220823,    0,    0
 19457,101478,20220824,    4,    0
 19457,101478,20220825,   11,    0
 19457,101478,20220826,   48,    0
 19457,101478,20220827,   18,    0
 19457,101478,20220828,    0,    0
 19457,101478,20220829,   19,    0
 19457,101478,20220830,   24,    0
 19457,101478,20220831,    3,    0
 19457,101478,20220901,    6,    0
 19457,101478,20220902,    0,    0
 19457,101478,20220903,   45,    0
 19457,101478,20220904,   39,    0
 19457,101478,20220905,   16,    0
 19457,101478,20220906,    4,    0
 19457,101478,20220907,    0,    0
 19457,101478,20220908,    0,    0
 19457,101478,20220909,    2,    0
 19457,101478,20220910,    0,    0
 19457,101478,20220911,    0,    0
 19457,101478,20220912,  260,    0
 19457,101478,20220913,    0,    0
 19457,101478,20220914,    0,    0
 19457,101478,20220915,   24,    0
 19457,101478,20220916,    0,    0
 19457,101478,20220917,   32,    0
 19457,101478,20220918,   17,    0
 19457,101478,20220919,    0,    0
 19457,101478,20220920,    0,    0
 19457,101478,20220921,    0,    0
 19457,101478,20220922,   69,    0
 19457,101478,20220923,   88,    0
 19457,101478,20220924,    2,    0
 19457,101478,20220925,   33,    0
 19457,101478,20220926,  277,    0
 19457,101478,20220927,   98,    0
 19457,101478,20220928,   59,    0
 19457,101478,20220929,   30,    0
 19457,101478,20220930,    0,    0
 19457,101478,20221001,  109,    0
 19457,101478,20221002,   19,    0
 19457,101478,20221003,    0,    0
 19457,101478,20221004,    0,    0
 19457,101478,20221005,   99,    0
 19457,101478,20221006,   46,    0
 19457,101478,20221007,   95,    0
 19457,101478,20221008,    0,    0
 19457,101478,20221009,    0,    0
 19457,101478,20221010,   84,    0
 19457,101478,20221011,   10,    0
 19457,101478,20221012,   11,    0
 19457,101478,20221013,   36,    0
 19457,101478,20221014,  150,    0
 19457,101478,20221015,   78,    0
 19457,101478,20221016,   87,    0
 19457,101478,20221017,  115,    0
 19457,101478,20221018,   33,    0
 19457,101478,20221019,    0,    0
 19457,101478,20221020,    6,    0
 19457,101478,20221021,    0,    0
 19457,101478,20221022,    0,    0
 19457,101478,20221023,    0,    0
 19457,101478,20221024,   49,    0
 19457,101478,20221025,   31,    0
 19457,101478,20221026,    0,    0
 19457,101478,20221027,   24,    0
 19457,101478,20221028,   40,    0
 19457,101478,20221029,   61,    0
 19457,101478,20221030,    0,    0
 19457,101478,20221031,-9999,    9
