EUROPEAN CLIMATE ASSESSMENT & DATASET (ECA&D), file created on: 16-11-2022
THESE DATA CAN BE USED FOR NON-COMMERCIAL RESEARCH AND EDUCATION PROVIDED THAT THE FOLLOWING SOURCE IS ACKNOWLEDGED: 

Klein Tank, A.M.G. and Coauthors, 2002. Daily dataset of 20th-century surface
air temperature and precipitation series for the European Climate Assessment.
Int. J. of Climatol., 22, 1441-1453.
Data and metadata available at http://www.ecad.eu

FILE FORMAT (MISSING VALUE CODE = -9999):

01-06 STAID: Station identifier
08-13 SOUID: Source identifier
15-22 DATE : Date YYYYMMDD
24-28 RR   : Precipitation amount in 0.1 mm
30-34 Q_RR : quality code for RR (0='valid'; 1='suspect'; 9='missing')

This is the blended series of station MOLDE - HINDALSROERA, NORWAY (STAID: 18225)
Blended and updated with sources:101948 
See files sources.txt and stations.txt for more info.

STAID, SOUID,    DATE,   RR, Q_RR
 18225,101948,20161031,-9999,    9
 18225,101948,20161101,-9999,    9
 18225,101948,20161102,    0,    0
 18225,101948,20161103,  125,    0
 18225,101948,20161104,    4,    0
 18225,101948,20161105,    4,    0
 18225,101948,20161106,    0,    0
 18225,101948,20161107,    0,    0
 18225,101948,20161108,    0,    0
 18225,101948,20161109,    0,    0
 18225,101948,20161110,    0,    0
 18225,101948,20161111,   12,    0
 18225,101948,20161112,    8,    0
 18225,101948,20161113,   28,    0
 18225,101948,20161114,  123,    0
 18225,101948,20161115,  126,    0
 18225,101948,20161116,   20,    0
 18225,101948,20161117,    0,    0
 18225,101948,20161118,   20,    0
 18225,101948,20161119,    4,    0
 18225,101948,20161120,    0,    0
 18225,101948,20161121,    0,    0
 18225,101948,20161122,  100,    0
 18225,101948,20161123,  168,    0
 18225,101948,20161124,  266,    0
 18225,101948,20161125,  343,    0
 18225,101948,20161126,  165,    0
 18225,101948,20161127,   43,    0
 18225,101948,20161128,    0,    0
 18225,101948,20161129,  134,    0
 18225,101948,20161130,  109,    0
 18225,101948,20161201,  165,    0
 18225,101948,20161202,  238,    0
 18225,101948,20161203,  431,    0
 18225,101948,20161204,  579,    0
 18225,101948,20161205,    0,    0
 18225,101948,20161206,    0,    0
 18225,101948,20161207,   34,    0
 18225,101948,20161208,    5,    0
 18225,101948,20161209,    5,    0
 18225,101948,20161210,    0,    0
 18225,101948,20161211,    0,    0
 18225,101948,20161212,  104,    0
 18225,101948,20161213,   47,    0
 18225,101948,20161214,    4,    0
 18225,101948,20161215,    4,    0
 18225,101948,20161216,   12,    0
 18225,101948,20161217,    4,    0
 18225,101948,20161218,   20,    0
 18225,101948,20161219,   35,    0
 18225,101948,20161220,    0,    0
 18225,101948,20161221,   43,    0
 18225,101948,20161222,  296,    0
 18225,101948,20161223,   45,    0
 18225,101948,20161224,  303,    0
 18225,101948,20161225,  239,    0
 18225,101948,20161226,  170,    0
 18225,101948,20161227,   49,    0
 18225,101948,20161228,   26,    0
 18225,101948,20161229,  170,    0
 18225,101948,20161230,  319,    0
 18225,101948,20161231,  219,    0
 18225,101948,20170101,  162,    0
 18225,101948,20170102,  240,    0
 18225,101948,20170103,   55,    0
 18225,101948,20170104,    0,    0
 18225,101948,20170105,    0,    0
 18225,101948,20170106,  127,    0
 18225,101948,20170107,   37,    0
 18225,101948,20170108,   52,    0
 18225,101948,20170109,    4,    0
 18225,101948,20170110,    0,    0
 18225,101948,20170111,    0,    0
 18225,101948,20170112,   33,    0
 18225,101948,20170113,  287,    0
 18225,101948,20170114,   61,    0
 18225,101948,20170115,  176,    0
 18225,101948,20170116,   19,    0
 18225,101948,20170117,   99,    0
 18225,101948,20170118,  109,    0
 18225,101948,20170119,  494,    0
 18225,101948,20170120,  143,    0
 18225,101948,20170121,   12,    0
 18225,101948,20170122,   64,    0
 18225,101948,20170123,   41,    0
 18225,101948,20170124,    4,    0
 18225,101948,20170125,    0,    0
 18225,101948,20170126,    0,    0
 18225,101948,20170127,    0,    0
 18225,101948,20170128,    0,    0
 18225,101948,20170129,   48,    0
 18225,101948,20170130,    0,    0
 18225,101948,20170131,    0,    0
 18225,101948,20170201,    9,    0
 18225,101948,20170202,    8,    0
 18225,101948,20170203,    0,    0
 18225,101948,20170204,    0,    0
 18225,101948,20170205,    0,    0
 18225,101948,20170206,    0,    0
 18225,101948,20170207,    0,    0
 18225,101948,20170208,    0,    0
 18225,101948,20170209,    0,    0
 18225,101948,20170210,    0,    0
 18225,101948,20170211,    0,    0
 18225,101948,20170212,    5,    0
 18225,101948,20170213,    0,    0
 18225,101948,20170214,    0,    0
 18225,101948,20170215,    2,    0
 18225,101948,20170216,   86,    0
 18225,101948,20170217,   35,    0
 18225,101948,20170218,  146,    0
 18225,101948,20170219,  367,    0
 18225,101948,20170220,  216,    0
 18225,101948,20170221,   60,    0
 18225,101948,20170222,   86,    0
 18225,101948,20170223,  187,    0
 18225,101948,20170224,   82,    0
 18225,101948,20170225,  105,    0
 18225,101948,20170226,   30,    0
 18225,101948,20170227,    2,    0
 18225,101948,20170228,  141,    0
 18225,101948,20170301,    7,    0
 18225,101948,20170302,    0,    0
 18225,101948,20170303,    8,    0
 18225,101948,20170304,    0,    0
 18225,101948,20170305,    0,    0
 18225,101948,20170306,    0,    0
 18225,101948,20170307,    0,    0
 18225,101948,20170308,    0,    0
 18225,101948,20170309,    2,    0
 18225,101948,20170310,  127,    0
 18225,101948,20170311,   26,    0
 18225,101948,20170312,   14,    0
 18225,101948,20170313,   66,    0
 18225,101948,20170314,  116,    0
 18225,101948,20170315,  184,    0
 18225,101948,20170316,  131,    0
 18225,101948,20170317,  241,    0
 18225,101948,20170318,   94,    0
 18225,101948,20170319,    7,    0
 18225,101948,20170320,    1,    0
 18225,101948,20170321,  267,    0
 18225,101948,20170322,  218,    0
 18225,101948,20170323,  115,    0
 18225,101948,20170324,  111,    0
 18225,101948,20170325,   37,    0
 18225,101948,20170326,   45,    0
 18225,101948,20170327,   61,    0
 18225,101948,20170328,    0,    0
 18225,101948,20170329,    0,    0
 18225,101948,20170330,   39,    0
 18225,101948,20170331,   53,    0
 18225,101948,20170401,   91,    0
 18225,101948,20170402,   53,    0
 18225,101948,20170403,    0,    0
 18225,101948,20170404,  144,    0
 18225,101948,20170405,  178,    0
 18225,101948,20170406,  297,    0
 18225,101948,20170407,   96,    0
 18225,101948,20170408,   46,    0
 18225,101948,20170409,  109,    0
 18225,101948,20170410,  185,    0
 18225,101948,20170411,   10,    0
 18225,101948,20170412,   38,    0
 18225,101948,20170413,    6,    0
 18225,101948,20170414,    0,    0
 18225,101948,20170415,    0,    0
 18225,101948,20170416,    0,    0
 18225,101948,20170417,    0,    0
 18225,101948,20170418,    0,    0
 18225,101948,20170419,   64,    0
 18225,101948,20170420,  156,    0
 18225,101948,20170421,  143,    0
 18225,101948,20170422,  193,    0
 18225,101948,20170423,  147,    0
 18225,101948,20170424,    7,    0
 18225,101948,20170425,   73,    0
 18225,101948,20170426,   52,    0
 18225,101948,20170427,   43,    0
 18225,101948,20170428,    0,    0
 18225,101948,20170429,    0,    0
 18225,101948,20170430,    0,    0
 18225,101948,20170501,    0,    0
 18225,101948,20170502,    0,    0
 18225,101948,20170503,    0,    0
 18225,101948,20170504,   11,    0
 18225,101948,20170505,    0,    0
 18225,101948,20170506,    0,    0
 18225,101948,20170507,   83,    0
 18225,101948,20170508,   43,    0
 18225,101948,20170509,    3,    0
 18225,101948,20170510,    0,    0
 18225,101948,20170511,    0,    0
 18225,101948,20170512,    0,    0
 18225,101948,20170513,    2,    0
 18225,101948,20170514,  106,    0
 18225,101948,20170515,    0,    0
 18225,101948,20170516,   52,    0
 18225,101948,20170517,    2,    0
 18225,101948,20170518,    3,    0
 18225,101948,20170519,    2,    0
 18225,101948,20170520,    2,    0
 18225,101948,20170521,   77,    0
 18225,101948,20170522,    8,    0
 18225,101948,20170523,    9,    0
 18225,101948,20170524,   58,    0
 18225,101948,20170525,  440,    0
 18225,101948,20170526,    6,    0
 18225,101948,20170527,    0,    0
 18225,101948,20170528,    4,    0
 18225,101948,20170529,    0,    0
 18225,101948,20170530,-9999,    9
 18225,101948,20170531,   25,    0
 18225,101948,20170601,    9,    0
 18225,101948,20170602,   42,    0
 18225,101948,20170603,    1,    0
 18225,101948,20170604,   19,    0
 18225,101948,20170605,    2,    0
 18225,101948,20170606,   13,    0
 18225,101948,20170607,    0,    0
 18225,101948,20170608,    0,    0
 18225,101948,20170609,    0,    0
 18225,101948,20170610,   20,    0
 18225,101948,20170611,   48,    0
 18225,101948,20170612,   35,    0
 18225,101948,20170613,   20,    0
 18225,101948,20170614,    7,    0
 18225,101948,20170615,    3,    0
 18225,101948,20170616,    3,    0
 18225,101948,20170617,   83,    0
 18225,101948,20170618,   90,    0
 18225,101948,20170619,  152,    0
 18225,101948,20170620,  181,    0
 18225,101948,20170621,   12,    0
 18225,101948,20170622,    0,    0
 18225,101948,20170623,   75,    0
 18225,101948,20170624,    8,    0
 18225,101948,20170625,  134,    0
 18225,101948,20170626,  150,    0
 18225,101948,20170627,   14,    0
 18225,101948,20170628,    0,    0
 18225,101948,20170629,    0,    0
 18225,101948,20170630,    0,    0
 18225,101948,20170701,   29,    0
 18225,101948,20170702,  162,    0
 18225,101948,20170703,   48,    0
 18225,101948,20170704,   47,    0
 18225,101948,20170705,   15,    0
 18225,101948,20170706,    2,    0
 18225,101948,20170707,   72,    0
 18225,101948,20170708,   24,    0
 18225,101948,20170709,   17,    0
 18225,101948,20170710,    1,    0
 18225,101948,20170711,    7,    0
 18225,101948,20170712,  195,    0
 18225,101948,20170713,   15,    0
 18225,101948,20170714,    1,    0
 18225,101948,20170715,   43,    0
 18225,101948,20170716,  125,    0
 18225,101948,20170717,  362,    0
 18225,101948,20170718,    5,    0
 18225,101948,20170719,    0,    0
 18225,101948,20170720,    0,    0
 18225,101948,20170721,    0,    0
 18225,101948,20170722,    0,    0
 18225,101948,20170723,   16,    0
 18225,101948,20170724,    0,    0
 18225,101948,20170725,  131,    0
 18225,101948,20170726,    4,    0
 18225,101948,20170727,    8,    0
 18225,101948,20170728,  115,    0
 18225,101948,20170729,   27,    0
 18225,101948,20170730,    4,    0
 18225,101948,20170731,    8,    0
 18225,101948,20170801,    9,    0
 18225,101948,20170802,   98,    0
 18225,101948,20170803,    0,    0
 18225,101948,20170804,    2,    0
 18225,101948,20170805,   49,    0
 18225,101948,20170806,   15,    0
 18225,101948,20170807,  105,    0
 18225,101948,20170808,    1,    0
 18225,101948,20170809,    1,    0
 18225,101948,20170810,  145,    0
 18225,101948,20170811,   54,    0
 18225,101948,20170812,   88,    0
 18225,101948,20170813,   69,    0
 18225,101948,20170814,    2,    0
 18225,101948,20170815,   13,    0
 18225,101948,20170816,    8,    0
 18225,101948,20170817,    4,    0
 18225,101948,20170818,    8,    0
 18225,101948,20170819,   59,    0
 18225,101948,20170820,  152,    0
 18225,101948,20170821,    0,    0
 18225,101948,20170822,    0,    0
 18225,101948,20170823,    0,    0
 18225,101948,20170824,    0,    0
 18225,101948,20170825,    0,    0
 18225,101948,20170826,    0,    0
 18225,101948,20170827,    0,    0
 18225,101948,20170828,  104,    0
 18225,101948,20170829,    2,    0
 18225,101948,20170830,    3,    0
 18225,101948,20170831,   68,    0
 18225,101948,20170901,    7,    0
 18225,101948,20170902,    0,    0
 18225,101948,20170903,    0,    0
 18225,101948,20170904,    0,    0
 18225,101948,20170905,   21,    0
 18225,101948,20170906,   39,    0
 18225,101948,20170907,    0,    0
 18225,101948,20170908,    0,    0
 18225,101948,20170909,    0,    0
 18225,101948,20170910,    0,    0
 18225,101948,20170911,    0,    0
 18225,101948,20170912,   59,    0
 18225,101948,20170913,  151,    0
 18225,101948,20170914,  409,    0
 18225,101948,20170915,  277,    0
 18225,101948,20170916,    5,    0
 18225,101948,20170917,   26,    0
 18225,101948,20170918,   11,    0
 18225,101948,20170919,    2,    0
 18225,101948,20170920,    0,    0
 18225,101948,20170921,    6,    0
 18225,101948,20170922,   12,    0
 18225,101948,20170923,    0,    0
 18225,101948,20170924,    0,    0
 18225,101948,20170925,    0,    0
 18225,101948,20170926,    0,    0
 18225,101948,20170927,    0,    0
 18225,101948,20170928,    0,    0
 18225,101948,20170929,    0,    0
 18225,101948,20170930,    0,    0
 18225,101948,20171001,    3,    0
 18225,101948,20171002,    0,    0
 18225,101948,20171003,  349,    0
 18225,101948,20171004,   97,    0
 18225,101948,20171005,  241,    0
 18225,101948,20171006,  310,    0
 18225,101948,20171007,  122,    0
 18225,101948,20171008,    4,    0
 18225,101948,20171009,    0,    0
 18225,101948,20171010,    4,    0
 18225,101948,20171011,   51,    0
 18225,101948,20171012,    6,    0
 18225,101948,20171013,   97,    0
 18225,101948,20171014,  298,    0
 18225,101948,20171015,  203,    0
 18225,101948,20171016,-9999,    9
 18225,101948,20171017,-9999,    9
 18225,101948,20171018,-9999,    9
 18225,101948,20171019,-9999,    9
 18225,101948,20171020,-9999,    9
 18225,101948,20171021,-9999,    9
 18225,101948,20171022,-9999,    9
 18225,101948,20171023,-9999,    9
 18225,101948,20171024,-9999,    9
 18225,101948,20171025,-9999,    9
 18225,101948,20171026,-9999,    9
 18225,101948,20171027,-9999,    9
 18225,101948,20171028,-9999,    9
 18225,101948,20171029,-9999,    9
 18225,101948,20171030,    0,    0
 18225,101948,20171031,-9999,    9
 18225,101948,20171101,-9999,    9
 18225,101948,20171102,-9999,    9
 18225,101948,20171103,-9999,    9
 18225,101948,20171104,-9999,    9
 18225,101948,20171105,-9999,    9
 18225,101948,20171106,-9999,    9
 18225,101948,20171107,-9999,    9
 18225,101948,20171108,-9999,    9
 18225,101948,20171109,-9999,    9
 18225,101948,20171110,-9999,    9
 18225,101948,20171111,-9999,    9
 18225,101948,20171112,-9999,    9
 18225,101948,20171113,-9999,    9
 18225,101948,20171114,-9999,    9
 18225,101948,20171115,-9999,    9
 18225,101948,20171116,-9999,    9
 18225,101948,20171117,-9999,    9
 18225,101948,20171118,-9999,    9
 18225,101948,20171119,-9999,    9
 18225,101948,20171120,-9999,    9
 18225,101948,20171121,-9999,    9
 18225,101948,20171122,-9999,    9
 18225,101948,20171123,-9999,    9
 18225,101948,20171124,-9999,    9
 18225,101948,20171125,-9999,    9
 18225,101948,20171126,-9999,    9
 18225,101948,20171127,-9999,    9
 18225,101948,20171128,-9999,    9
 18225,101948,20171129,-9999,    9
 18225,101948,20171130,-9999,    9
 18225,101948,20171201,-9999,    9
 18225,101948,20171202,-9999,    9
 18225,101948,20171203,-9999,    9
 18225,101948,20171204,-9999,    9
 18225,101948,20171205,-9999,    9
 18225,101948,20171206,-9999,    9
 18225,101948,20171207,-9999,    9
 18225,101948,20171208,-9999,    9
 18225,101948,20171209,-9999,    9
 18225,101948,20171210,-9999,    9
 18225,101948,20171211,-9999,    9
 18225,101948,20171212,    3,    0
 18225,101948,20171213,    5,    0
 18225,101948,20171214,    0,    0
 18225,101948,20171215,   55,    0
 18225,101948,20171216,  118,    0
 18225,101948,20171217,   50,    0
 18225,101948,20171218,   96,    0
 18225,101948,20171219,  140,    0
 18225,101948,20171220,  126,    0
 18225,101948,20171221,  118,    0
 18225,101948,20171222,  685,    0
 18225,101948,20171223,  202,    0
 18225,101948,20171224,  271,    0
 18225,101948,20171225,  105,    0
 18225,101948,20171226,    0,    0
 18225,101948,20171227,    0,    0
 18225,101948,20171228,    0,    0
 18225,101948,20171229,    8,    0
 18225,101948,20171230,    0,    0
 18225,101948,20171231,    0,    0
 18225,101948,20180101,   29,    0
 18225,101948,20180102,   30,    0
 18225,101948,20180103,    0,    0
 18225,101948,20180104,    0,    0
 18225,101948,20180105,    5,    0
 18225,101948,20180106,   79,    0
 18225,101948,20180107,  151,    0
 18225,101948,20180108,    0,    0
 18225,101948,20180109,    0,    0
 18225,101948,20180110,    0,    0
 18225,101948,20180111,    0,    0
 18225,101948,20180112,    0,    0
 18225,101948,20180113,    0,    0
 18225,101948,20180114,    0,    0
 18225,101948,20180115,    0,    0
 18225,101948,20180116,    0,    0
 18225,101948,20180117,    0,    0
 18225,101948,20180118,    1,    0
 18225,101948,20180119,    0,    0
 18225,101948,20180120,    0,    0
 18225,101948,20180121,    0,    0
 18225,101948,20180122,   49,    0
 18225,101948,20180123,   46,    0
 18225,101948,20180124,  118,    0
 18225,101948,20180125,  173,    0
 18225,101948,20180126,  122,    0
 18225,101948,20180127,    0,    0
 18225,101948,20180128,  189,    0
 18225,101948,20180129,  182,    0
 18225,101948,20180130,  134,    0
 18225,101948,20180131,    0,    0
 18225,101948,20180201,    0,    0
 18225,101948,20180202,    0,    0
 18225,101948,20180203,    1,    0
 18225,101948,20180204,    4,    0
 18225,101948,20180205,    0,    0
 18225,101948,20180206,    1,    0
 18225,101948,20180207,  154,    0
 18225,101948,20180208,    0,    0
 18225,101948,20180209,   91,    0
 18225,101948,20180210,    0,    0
 18225,101948,20180211,    0,    0
 18225,101948,20180212,  101,    0
 18225,101948,20180213,    0,    0
 18225,101948,20180214,    0,    0
 18225,101948,20180215,    0,    0
 18225,101948,20180216,   23,    0
 18225,101948,20180217,    0,    0
 18225,101948,20180218,    0,    0
 18225,101948,20180219,    0,    0
 18225,101948,20180220,   83,    0
 18225,101948,20180221,   96,    0
 18225,101948,20180222,    0,    0
 18225,101948,20180223,    0,    0
 18225,101948,20180224,    0,    0
 18225,101948,20180225,   27,    0
 18225,101948,20180226,    0,    0
 18225,101948,20180227,    0,    0
 18225,101948,20180228,    0,    0
 18225,101948,20180301,    0,    0
 18225,101948,20180302,    0,    0
 18225,101948,20180303,    0,    0
 18225,101948,20180304,    0,    0
 18225,101948,20180305,    0,    0
 18225,101948,20180306,    0,    0
 18225,101948,20180307,    0,    0
 18225,101948,20180308,    6,    0
 18225,101948,20180309,   82,    0
 18225,101948,20180310,    0,    0
 18225,101948,20180311,    0,    0
 18225,101948,20180312,    0,    0
 18225,101948,20180313,    0,    0
 18225,101948,20180314,    0,    0
 18225,101948,20180315,    0,    0
 18225,101948,20180316,    0,    0
 18225,101948,20180317,    0,    0
 18225,101948,20180318,  226,    0
 18225,101948,20180319,   85,    0
 18225,101948,20180320,  198,    0
 18225,101948,20180321,  174,    0
 18225,101948,20180322,    4,    0
 18225,101948,20180323,    0,    0
 18225,101948,20180324,   13,    0
 18225,101948,20180325,    2,    0
 18225,101948,20180326,    0,    0
 18225,101948,20180327,    0,    0
 18225,101948,20180328,    0,    0
 18225,101948,20180329,    0,    0
 18225,101948,20180330,    0,    0
 18225,101948,20180331,    0,    0
 18225,101948,20180401,   39,    0
 18225,101948,20180402,   16,    0
 18225,101948,20180403,    2,    0
 18225,101948,20180404,   31,    0
 18225,101948,20180405,   55,    0
 18225,101948,20180406,   11,    0
 18225,101948,20180407,  172,    0
 18225,101948,20180408,    4,    0
 18225,101948,20180409,    0,    0
 18225,101948,20180410,    0,    0
 18225,101948,20180411,    0,    0
 18225,101948,20180412,    0,    0
 18225,101948,20180413,    0,    0
 18225,101948,20180414,    0,    0
 18225,101948,20180415,    0,    0
 18225,101948,20180416,    0,    0
 18225,101948,20180417,   50,    0
 18225,101948,20180418,   37,    0
 18225,101948,20180419,   33,    0
 18225,101948,20180420,  168,    0
 18225,101948,20180421,   14,    0
 18225,101948,20180422,   14,    0
 18225,101948,20180423,   21,    0
 18225,101948,20180424,   86,    0
 18225,101948,20180425,    7,    0
 18225,101948,20180426,    6,    0
 18225,101948,20180427,   37,    0
 18225,101948,20180428,    6,    0
 18225,101948,20180429,   11,    0
 18225,101948,20180430,    0,    0
 18225,101948,20180501,    0,    0
 18225,101948,20180502,    0,    0
 18225,101948,20180503,   14,    0
 18225,101948,20180504,    6,    0
 18225,101948,20180505,   76,    0
 18225,101948,20180506,  124,    0
 18225,101948,20180507,    5,    0
 18225,101948,20180508,    0,    0
 18225,101948,20180509,    0,    0
 18225,101948,20180510,  128,    0
 18225,101948,20180511,    0,    0
 18225,101948,20180512,    0,    0
 18225,101948,20180513,    0,    0
 18225,101948,20180514,    0,    0
 18225,101948,20180515,    0,    0
 18225,101948,20180516,    0,    0
 18225,101948,20180517,    0,    0
 18225,101948,20180518,    0,    0
 18225,101948,20180519,    0,    0
 18225,101948,20180520,    0,    0
 18225,101948,20180521,    0,    0
 18225,101948,20180522,    0,    0
 18225,101948,20180523,    0,    0
 18225,101948,20180524,    0,    0
 18225,101948,20180525,    0,    0
 18225,101948,20180526,    0,    0
 18225,101948,20180527,    0,    0
 18225,101948,20180528,    0,    0
 18225,101948,20180529,    0,    0
 18225,101948,20180530,    0,    0
 18225,101948,20180531,    1,    0
 18225,101948,20180601,    0,    0
 18225,101948,20180602,    0,    0
 18225,101948,20180603,    1,    0
 18225,101948,20180604,    3,    0
 18225,101948,20180605,    0,    0
 18225,101948,20180606,    0,    0
 18225,101948,20180607,    0,    0
 18225,101948,20180608,    0,    0
 18225,101948,20180609,    0,    0
 18225,101948,20180610,    0,    0
 18225,101948,20180611,    0,    0
 18225,101948,20180612,    0,    0
 18225,101948,20180613,    0,    0
 18225,101948,20180614,   64,    0
 18225,101948,20180615,    5,    0
 18225,101948,20180616,    0,    0
 18225,101948,20180617,    0,    0
 18225,101948,20180618,   16,    0
 18225,101948,20180619,  310,    0
 18225,101948,20180620,   43,    0
 18225,101948,20180621,  106,    0
 18225,101948,20180622,   61,    0
 18225,101948,20180623,   19,    0
 18225,101948,20180624,   25,    0
 18225,101948,20180625,    4,    0
 18225,101948,20180626,    0,    0
 18225,101948,20180627,    0,    0
 18225,101948,20180628,   80,    0
 18225,101948,20180629,    0,    0
 18225,101948,20180630,    0,    0
 18225,101948,20180701,    0,    0
 18225,101948,20180702,    0,    0
 18225,101948,20180703,    0,    0
 18225,101948,20180704,    0,    0
 18225,101948,20180705,    0,    0
 18225,101948,20180706,    0,    0
 18225,101948,20180707,    0,    0
 18225,101948,20180708,   25,    0
 18225,101948,20180709,    0,    0
 18225,101948,20180710,    0,    0
 18225,101948,20180711,    0,    0
 18225,101948,20180712,    7,    0
 18225,101948,20180713,    1,    0
 18225,101948,20180714,    0,    0
 18225,101948,20180715,    0,    0
 18225,101948,20180716,    0,    0
 18225,101948,20180717,  108,    0
 18225,101948,20180718,   98,    0
 18225,101948,20180719,    0,    0
 18225,101948,20180720,    0,    0
 18225,101948,20180721,    0,    0
 18225,101948,20180722,   22,    0
 18225,101948,20180723,   13,    0
 18225,101948,20180724,   90,    0
 18225,101948,20180725,    0,    0
 18225,101948,20180726,    0,    0
 18225,101948,20180727,    0,    0
 18225,101948,20180728,    0,    0
 18225,101948,20180729,   86,    0
 18225,101948,20180730,    0,    0
 18225,101948,20180731,  259,    0
 18225,101948,20180801,    0,    0
 18225,101948,20180802,   17,    0
 18225,101948,20180803,   87,    0
 18225,101948,20180804,   69,    0
 18225,101948,20180805,  167,    0
 18225,101948,20180806,    8,    0
 18225,101948,20180807,    2,    0
 18225,101948,20180808,  108,    0
 18225,101948,20180809,   28,    0
 18225,101948,20180810,  452,    0
 18225,101948,20180811,    7,    0
 18225,101948,20180812,    1,    0
 18225,101948,20180813,    0,    0
 18225,101948,20180814,    6,    0
 18225,101948,20180815,   52,    0
 18225,101948,20180816,   53,    0
 18225,101948,20180817,    2,    0
 18225,101948,20180818,  202,    0
 18225,101948,20180819,  166,    0
 18225,101948,20180820,   89,    0
 18225,101948,20180821,   22,    0
 18225,101948,20180822,   25,    0
 18225,101948,20180823,   33,    0
 18225,101948,20180824,   41,    0
 18225,101948,20180825,  232,    0
 18225,101948,20180826,   44,    0
 18225,101948,20180827,   14,    0
 18225,101948,20180828,    0,    0
 18225,101948,20180829,   37,    0
 18225,101948,20180830,   22,    0
 18225,101948,20180831,    0,    0
 18225,101948,20180901,   12,    0
 18225,101948,20180902,    0,    0
 18225,101948,20180903,   24,    0
 18225,101948,20180904,    0,    0
 18225,101948,20180905,    1,    0
 18225,101948,20180906,    2,    0
 18225,101948,20180907,    0,    0
 18225,101948,20180908,    0,    0
 18225,101948,20180909,   52,    0
 18225,101948,20180910,   40,    0
 18225,101948,20180911,  209,    0
 18225,101948,20180912,  720,    0
 18225,101948,20180913,  101,    0
 18225,101948,20180914,  231,    0
 18225,101948,20180915,  446,    0
 18225,101948,20180916,   79,    0
 18225,101948,20180917,   69,    0
 18225,101948,20180918,   54,    0
 18225,101948,20180919,  126,    0
 18225,101948,20180920,   60,    0
 18225,101948,20180921,  434,    0
 18225,101948,20180922,  287,    0
 18225,101948,20180923,  186,    0
 18225,101948,20180924,   79,    0
 18225,101948,20180925,  419,    0
 18225,101948,20180926,  144,    0
 18225,101948,20180927,  232,    0
 18225,101948,20180928,   47,    0
 18225,101948,20180929,  281,    0
 18225,101948,20180930,  392,    0
 18225,101948,20181001,   79,    0
 18225,101948,20181002,   64,    0
 18225,101948,20181003,  151,    0
 18225,101948,20181004,  397,    0
 18225,101948,20181005,  235,    0
 18225,101948,20181006,  188,    0
 18225,101948,20181007,   58,    0
 18225,101948,20181008,   79,    0
 18225,101948,20181009,  285,    0
 18225,101948,20181010,    1,    0
 18225,101948,20181011,    0,    0
 18225,101948,20181012,   24,    0
 18225,101948,20181013,  116,    0
 18225,101948,20181014,  148,    0
 18225,101948,20181015,    0,    0
 18225,101948,20181016,    0,    0
 18225,101948,20181017,  111,    0
 18225,101948,20181018,   99,    0
 18225,101948,20181019,   18,    0
 18225,101948,20181020,  222,    0
 18225,101948,20181021,  293,    0
 18225,101948,20181022,  240,    0
 18225,101948,20181023,  170,    0
 18225,101948,20181024,  192,    0
 18225,101948,20181025,  276,    0
 18225,101948,20181026,    0,    0
 18225,101948,20181027,    0,    0
 18225,101948,20181028,    0,    0
 18225,101948,20181029,    0,    0
 18225,101948,20181030,    0,    0
 18225,101948,20181031,    2,    0
 18225,101948,20181101,    1,    0
 18225,101948,20181102,   71,    0
 18225,101948,20181103,   10,    0
 18225,101948,20181104,    0,    0
 18225,101948,20181105,    0,    0
 18225,101948,20181106,    0,    0
 18225,101948,20181107,    0,    0
 18225,101948,20181108,    0,    0
 18225,101948,20181109,    0,    0
 18225,101948,20181110,    0,    0
 18225,101948,20181111,    8,    0
 18225,101948,20181112,   55,    0
 18225,101948,20181113,    4,    0
 18225,101948,20181114,    2,    0
 18225,101948,20181115,    0,    0
 18225,101948,20181116,   16,    0
 18225,101948,20181117,    0,    0
 18225,101948,20181118,    0,    0
 18225,101948,20181119,    0,    0
 18225,101948,20181120,    0,    0
 18225,101948,20181121,    0,    0
 18225,101948,20181122,    0,    0
 18225,101948,20181123,    0,    0
 18225,101948,20181124,    0,    0
 18225,101948,20181125,    8,    0
 18225,101948,20181126,    5,    0
 18225,101948,20181127,    0,    0
 18225,101948,20181128,    0,    0
 18225,101948,20181129,    0,    0
 18225,101948,20181130,    0,    0
 18225,101948,20181201,    1,    0
 18225,101948,20181202,   21,    0
 18225,101948,20181203,  159,    0
 18225,101948,20181204,   55,    0
 18225,101948,20181205,  179,    0
 18225,101948,20181206,    1,    0
 18225,101948,20181207,   17,    0
 18225,101948,20181208,   71,    0
 18225,101948,20181209,  167,    0
 18225,101948,20181210,  137,    0
 18225,101948,20181211,    0,    0
 18225,101948,20181212,    0,    0
 18225,101948,20181213,    0,    0
 18225,101948,20181214,    0,    0
 18225,101948,20181215,    0,    0
 18225,101948,20181216,    0,    0
 18225,101948,20181217,    0,    0
 18225,101948,20181218,    0,    0
 18225,101948,20181219,    0,    0
 18225,101948,20181220,    0,    0
 18225,101948,20181221,    0,    0
 18225,101948,20181222,   96,    0
 18225,101948,20181223,   38,    0
 18225,101948,20181224,  662,    0
 18225,101948,20181225,  148,    0
 18225,101948,20181226,   47,    0
 18225,101948,20181227,  165,    0
 18225,101948,20181228,   30,    0
 18225,101948,20181229,  161,    0
 18225,101948,20181230,  119,    0
 18225,101948,20181231,  660,    0
 18225,101948,20190101,  220,    0
 18225,101948,20190102,  184,    0
 18225,101948,20190103,  412,    0
 18225,101948,20190104,  508,    0
 18225,101948,20190105,  167,    0
 18225,101948,20190106,   65,    0
 18225,101948,20190107,  120,    0
 18225,101948,20190108,  156,    0
 18225,101948,20190109,   67,    0
 18225,101948,20190110,  128,    0
 18225,101948,20190111,   87,    0
 18225,101948,20190112,  185,    0
 18225,101948,20190113,  129,    0
 18225,101948,20190114,   89,    0
 18225,101948,20190115,   12,    0
 18225,101948,20190116,  103,    0
 18225,101948,20190117,  190,    0
 18225,101948,20190118,   92,    0
 18225,101948,20190119,   27,    0
 18225,101948,20190120,   17,    0
 18225,101948,20190121,   21,    0
 18225,101948,20190122,    0,    0
 18225,101948,20190123,    0,    0
 18225,101948,20190124,    0,    0
 18225,101948,20190125,    0,    0
 18225,101948,20190126,    0,    0
 18225,101948,20190127,    0,    0
 18225,101948,20190128,   98,    0
 18225,101948,20190129,    0,    0
 18225,101948,20190130,    0,    0
 18225,101948,20190131,    0,    0
 18225,101948,20190201,    4,    0
 18225,101948,20190202,    2,    0
 18225,101948,20190203,   49,    0
 18225,101948,20190204,    0,    0
 18225,101948,20190205,    0,    0
 18225,101948,20190206,   38,    0
 18225,101948,20190207,    4,    0
 18225,101948,20190208,    9,    0
 18225,101948,20190209,    4,    0
 18225,101948,20190210,   57,    0
 18225,101948,20190211,   79,    0
 18225,101948,20190212,  217,    0
 18225,101948,20190213,   16,    0
 18225,101948,20190214,   15,    0
 18225,101948,20190215,  126,    0
 18225,101948,20190216,   54,    0
 18225,101948,20190217,    0,    0
 18225,101948,20190218,    0,    0
 18225,101948,20190219,   63,    0
 18225,101948,20190220,   47,    0
 18225,101948,20190221,  110,    0
 18225,101948,20190222,    1,    0
 18225,101948,20190223,   70,    0
 18225,101948,20190224,    4,    0
 18225,101948,20190225,   55,    0
 18225,101948,20190226,    0,    0
 18225,101948,20190227,  144,    0
 18225,101948,20190228,   30,    0
 18225,101948,20190301,   11,    0
 18225,101948,20190302,    2,    0
 18225,101948,20190303,   11,    0
 18225,101948,20190304,    0,    0
 18225,101948,20190305,    0,    0
 18225,101948,20190306,    0,    0
 18225,101948,20190307,   19,    0
 18225,101948,20190308,  154,    0
 18225,101948,20190309,   33,    0
 18225,101948,20190310,   72,    0
 18225,101948,20190311,   38,    0
 18225,101948,20190312,    0,    0
 18225,101948,20190313,    9,    0
 18225,101948,20190314,    0,    0
 18225,101948,20190315,    0,    0
 18225,101948,20190316,    0,    0
 18225,101948,20190317,   36,    0
 18225,101948,20190318,   21,    0
 18225,101948,20190319,   24,    0
 18225,101948,20190320,   44,    0
 18225,101948,20190321,    9,    0
 18225,101948,20190322,   88,    0
 18225,101948,20190323,  106,    0
 18225,101948,20190324,  109,    0
 18225,101948,20190325,   52,    0
 18225,101948,20190326,  118,    0
 18225,101948,20190327,   18,    0
 18225,101948,20190328,  108,    0
 18225,101948,20190329,  413,    0
 18225,101948,20190330,  165,    0
 18225,101948,20190331,   58,    0
 18225,101948,20190401,    0,    0
 18225,101948,20190402,    0,    0
 18225,101948,20190403,    0,    0
 18225,101948,20190404,    0,    0
 18225,101948,20190405,    0,    0
 18225,101948,20190406,    1,    0
 18225,101948,20190407,    0,    0
 18225,101948,20190408,    0,    0
 18225,101948,20190409,   13,    0
 18225,101948,20190410,    0,    0
 18225,101948,20190411,    0,    0
 18225,101948,20190412,    0,    0
 18225,101948,20190413,    0,    0
 18225,101948,20190414,    0,    0
 18225,101948,20190415,    0,    0
 18225,101948,20190416,    0,    0
 18225,101948,20190417,    0,    0
 18225,101948,20190418,    0,    0
 18225,101948,20190419,    0,    0
 18225,101948,20190420,   32,    0
 18225,101948,20190421,   61,    0
 18225,101948,20190422,    0,    0
 18225,101948,20190423,    0,    0
 18225,101948,20190424,    0,    0
 18225,101948,20190425,    0,    0
 18225,101948,20190426,    0,    0
 18225,101948,20190427,    0,    0
 18225,101948,20190428,    0,    0
 18225,101948,20190429,    0,    0
 18225,101948,20190430,    7,    0
 18225,101948,20190501,  452,    0
 18225,101948,20190502,  147,    0
 18225,101948,20190503,  140,    0
 18225,101948,20190504,   94,    0
 18225,101948,20190505,   92,    0
 18225,101948,20190506,   61,    0
 18225,101948,20190507,   79,    0
 18225,101948,20190508,    0,    0
 18225,101948,20190509,    0,    0
 18225,101948,20190510,   99,    0
 18225,101948,20190511,   32,    0
 18225,101948,20190512,   42,    0
 18225,101948,20190513,    7,    0
 18225,101948,20190514,    0,    0
 18225,101948,20190515,    0,    0
 18225,101948,20190516,    0,    0
 18225,101948,20190517,    0,    0
 18225,101948,20190518,    1,    0
 18225,101948,20190519,    0,    0
 18225,101948,20190520,    0,    0
 18225,101948,20190521,    0,    0
 18225,101948,20190522,   18,    0
 18225,101948,20190523,    0,    0
 18225,101948,20190524,    0,    0
 18225,101948,20190525,   17,    0
 18225,101948,20190526,    1,    0
 18225,101948,20190527,   16,    0
 18225,101948,20190528,    3,    0
 18225,101948,20190529,   76,    0
 18225,101948,20190530,  168,    0
 18225,101948,20190531,   49,    0
 18225,101948,20190601,   28,    0
 18225,101948,20190602,   49,    0
 18225,101948,20190603,    8,    0
 18225,101948,20190604,    2,    0
 18225,101948,20190605,   15,    0
 18225,101948,20190606,    0,    0
 18225,101948,20190607,   84,    0
 18225,101948,20190608,   13,    0
 18225,101948,20190609,   25,    0
 18225,101948,20190610,    5,    0
 18225,101948,20190611,    0,    0
 18225,101948,20190612,    4,    0
 18225,101948,20190613,   14,    0
 18225,101948,20190614,    0,    0
 18225,101948,20190615,    0,    0
 18225,101948,20190616,   40,    0
 18225,101948,20190617,   13,    0
 18225,101948,20190618,   42,    0
 18225,101948,20190619,    0,    0
 18225,101948,20190620,   39,    0
 18225,101948,20190621,   64,    0
 18225,101948,20190622,   24,    0
 18225,101948,20190623,    0,    0
 18225,101948,20190624,    0,    0
 18225,101948,20190625,    3,    0
 18225,101948,20190626,   14,    0
 18225,101948,20190627,    1,    0
 18225,101948,20190628,   95,    0
 18225,101948,20190629,   13,    0
 18225,101948,20190630,  239,    0
 18225,101948,20190701,  303,    0
 18225,101948,20190702,  346,    0
 18225,101948,20190703,  609,    0
 18225,101948,20190704,   89,    0
 18225,101948,20190705,    1,    0
 18225,101948,20190706,    0,    0
 18225,101948,20190707,    0,    0
 18225,101948,20190708,    0,    0
 18225,101948,20190709,    0,    0
 18225,101948,20190710,    0,    0
 18225,101948,20190711,    0,    0
 18225,101948,20190712,    1,    0
 18225,101948,20190713,    5,    0
 18225,101948,20190714,    2,    0
 18225,101948,20190715,   50,    0
 18225,101948,20190716,    0,    0
 18225,101948,20190717,    0,    0
 18225,101948,20190718,   10,    0
 18225,101948,20190719,   64,    0
 18225,101948,20190720,    3,    0
 18225,101948,20190721,   70,    0
 18225,101948,20190722,   19,    0
 18225,101948,20190723,   10,    0
 18225,101948,20190724,    0,    0
 18225,101948,20190725,    0,    0
 18225,101948,20190726,    0,    0
 18225,101948,20190727,    0,    0
 18225,101948,20190728,    0,    0
 18225,101948,20190729,    0,    0
 18225,101948,20190730,    4,    0
 18225,101948,20190731,    0,    0
 18225,101948,20190801,    0,    0
 18225,101948,20190802,    0,    0
 18225,101948,20190803,    0,    0
 18225,101948,20190804,    0,    0
 18225,101948,20190805,    0,    0
 18225,101948,20190806,    0,    0
 18225,101948,20190807,    0,    0
 18225,101948,20190808,    0,    0
 18225,101948,20190809,    0,    0
 18225,101948,20190810,    1,    0
 18225,101948,20190811,  143,    0
 18225,101948,20190812,   50,    0
 18225,101948,20190813,   67,    0
 18225,101948,20190814,   10,    0
 18225,101948,20190815,   11,    0
 18225,101948,20190816,    3,    0
 18225,101948,20190817,   27,    0
 18225,101948,20190818,    0,    0
 18225,101948,20190819,   26,    0
 18225,101948,20190820,   41,    0
 18225,101948,20190821,    0,    0
 18225,101948,20190822,  157,    0
 18225,101948,20190823,   81,    0
 18225,101948,20190824,   25,    0
 18225,101948,20190825,    2,    0
 18225,101948,20190826,    0,    0
 18225,101948,20190827,    0,    0
 18225,101948,20190828,   34,    0
 18225,101948,20190829,  122,    0
 18225,101948,20190830,  128,    0
 18225,101948,20190831,   10,    0
 18225,101948,20190901,    6,    0
 18225,101948,20190902,    1,    0
 18225,101948,20190903,   31,    0
 18225,101948,20190904,  102,    0
 18225,101948,20190905,  294,    0
 18225,101948,20190906,   99,    0
 18225,101948,20190907,    2,    0
 18225,101948,20190908,    0,    0
 18225,101948,20190909,    0,    0
 18225,101948,20190910,    0,    0
 18225,101948,20190911,  110,    0
 18225,101948,20190912,  315,    0
 18225,101948,20190913,  295,    0
 18225,101948,20190914,  282,    0
 18225,101948,20190915,  552,    0
 18225,101948,20190916,  139,    0
 18225,101948,20190917,  402,    0
 18225,101948,20190918,  170,    0
 18225,101948,20190919,  195,    0
 18225,101948,20190920,   39,    0
 18225,101948,20190921,    0,    0
 18225,101948,20190922,    0,    0
 18225,101948,20190923,    0,    0
 18225,101948,20190924,    0,    0
 18225,101948,20190925,    0,    0
 18225,101948,20190926,    0,    0
 18225,101948,20190927,    0,    0
 18225,101948,20190928,    0,    0
 18225,101948,20190929,  188,    0
 18225,101948,20190930,  574,    0
 18225,101948,20191001,  134,    0
 18225,101948,20191002,   10,    0
 18225,101948,20191003,    0,    0
 18225,101948,20191004,    0,    0
 18225,101948,20191005,    0,    0
 18225,101948,20191006,    0,    0
 18225,101948,20191007,    0,    0
 18225,101948,20191008,    8,    0
 18225,101948,20191009,    0,    0
 18225,101948,20191010,   32,    0
 18225,101948,20191011,    5,    0
 18225,101948,20191012,   25,    0
 18225,101948,20191013,    0,    0
 18225,101948,20191014,    0,    0
 18225,101948,20191015,    0,    0
 18225,101948,20191016,   47,    0
 18225,101948,20191017,   24,    0
 18225,101948,20191018,    0,    0
 18225,101948,20191019,    1,    0
 18225,101948,20191020,    0,    0
 18225,101948,20191021,    7,    0
 18225,101948,20191022,  110,    0
 18225,101948,20191023,    1,    0
 18225,101948,20191024,   58,    0
 18225,101948,20191025,    0,    0
 18225,101948,20191026,   15,    0
 18225,101948,20191027,  101,    0
 18225,101948,20191028,   93,    0
 18225,101948,20191029,  219,    0
 18225,101948,20191030,  449,    0
 18225,101948,20191031,  157,    0
 18225,101948,20191101,    0,    0
 18225,101948,20191102,    0,    0
 18225,101948,20191103,    0,    0
 18225,101948,20191104,    0,    0
 18225,101948,20191105,    0,    0
 18225,101948,20191106,    0,    0
 18225,101948,20191107,    0,    0
 18225,101948,20191108,    0,    0
 18225,101948,20191109,    0,    0
 18225,101948,20191110,    0,    0
 18225,101948,20191111,    0,    0
 18225,101948,20191112,    0,    0
 18225,101948,20191113,   14,    0
 18225,101948,20191114,    0,    0
 18225,101948,20191115,    0,    0
 18225,101948,20191116,    0,    0
 18225,101948,20191117,    0,    0
 18225,101948,20191118,  110,    0
 18225,101948,20191119,   21,    0
 18225,101948,20191120,    0,    0
 18225,101948,20191121,    0,    0
 18225,101948,20191122,    0,    0
 18225,101948,20191123,    0,    0
 18225,101948,20191124,    0,    0
 18225,101948,20191125,    0,    0
 18225,101948,20191126,    0,    0
 18225,101948,20191127,    0,    0
 18225,101948,20191128,   80,    0
 18225,101948,20191129,  133,    0
 18225,101948,20191130,  109,    0
 18225,101948,20191201,  125,    0
 18225,101948,20191202,   69,    0
 18225,101948,20191203,  244,    0
 18225,101948,20191204,   47,    0
 18225,101948,20191205,  326,    0
 18225,101948,20191206,  171,    0
 18225,101948,20191207,  175,    0
 18225,101948,20191208,   70,    0
 18225,101948,20191209,   55,    0
 18225,101948,20191210,    8,    0
 18225,101948,20191211,    3,    0
 18225,101948,20191212,    0,    0
 18225,101948,20191213,    0,    0
 18225,101948,20191214,    0,    0
 18225,101948,20191215,    1,    0
 18225,101948,20191216,  108,    0
 18225,101948,20191217,   31,    0
 18225,101948,20191218,    0,    0
 18225,101948,20191219,   34,    0
 18225,101948,20191220,   44,    0
 18225,101948,20191221,    0,    0
 18225,101948,20191222,    0,    0
 18225,101948,20191223,    0,    0
 18225,101948,20191224,    0,    0
 18225,101948,20191225,  102,    0
 18225,101948,20191226,   47,    0
 18225,101948,20191227,    0,    0
 18225,101948,20191228,   16,    0
 18225,101948,20191229,  406,    0
 18225,101948,20191230,  239,    0
 18225,101948,20191231,  134,    0
 18225,101948,20200101,   84,    0
 18225,101948,20200102,  219,    0
 18225,101948,20200103,  229,    0
 18225,101948,20200104,   59,    0
 18225,101948,20200105,  250,    0
 18225,101948,20200106,   30,    0
 18225,101948,20200107,  125,    0
 18225,101948,20200108,   58,    0
 18225,101948,20200109,    0,    0
 18225,101948,20200110,    8,    0
 18225,101948,20200111,  242,    0
 18225,101948,20200112,  114,    0
 18225,101948,20200113,   55,    0
 18225,101948,20200114,   33,    0
 18225,101948,20200115,   39,    0
 18225,101948,20200116,   63,    0
 18225,101948,20200117,    0,    0
 18225,101948,20200118,  202,    0
 18225,101948,20200119,   44,    0
 18225,101948,20200120,  467,    0
 18225,101948,20200121,  143,    0
 18225,101948,20200122,    0,    0
 18225,101948,20200123,  293,    0
 18225,101948,20200124,  152,    0
 18225,101948,20200125,   45,    0
 18225,101948,20200126,    5,    0
 18225,101948,20200127,    4,    0
 18225,101948,20200128,    0,    0
 18225,101948,20200129,   24,    0
 18225,101948,20200130,    0,    0
 18225,101948,20200131,  164,    0
 18225,101948,20200201,  106,    0
 18225,101948,20200202,   90,    0
 18225,101948,20200203,    0,    0
 18225,101948,20200204,  105,    0
 18225,101948,20200205,  835,    0
 18225,101948,20200206,   35,    0
 18225,101948,20200207,    0,    0
 18225,101948,20200208,    0,    0
 18225,101948,20200209,   90,    0
 18225,101948,20200210,   75,    0
 18225,101948,20200211,   59,    0
 18225,101948,20200212,  358,    0
 18225,101948,20200213,  173,    0
 18225,101948,20200214,   21,    0
 18225,101948,20200215,    1,    0
 18225,101948,20200216,   17,    0
 18225,101948,20200217,   48,    0
 18225,101948,20200218,  376,    0
 18225,101948,20200219,   52,    0
 18225,101948,20200220,   93,    0
 18225,101948,20200221,   94,    0
 18225,101948,20200222,  131,    0
 18225,101948,20200223,  101,    0
 18225,101948,20200224,   13,    0
 18225,101948,20200225,    0,    0
 18225,101948,20200226,    0,    0
 18225,101948,20200227,    0,    0
 18225,101948,20200228,   40,    0
 18225,101948,20200229,    0,    0
 18225,101948,20200301,    0,    0
 18225,101948,20200302,    1,    0
 18225,101948,20200303,    0,    0
 18225,101948,20200304,    0,    0
 18225,101948,20200305,    0,    0
 18225,101948,20200306,   12,    0
 18225,101948,20200307,    0,    0
 18225,101948,20200308,    8,    0
 18225,101948,20200309,   78,    0
 18225,101948,20200310,    6,    0
 18225,101948,20200311,  104,    0
 18225,101948,20200312,  121,    0
 18225,101948,20200313,   60,    0
 18225,101948,20200314,    0,    0
 18225,101948,20200315,   77,    0
 18225,101948,20200316,   33,    0
 18225,101948,20200317,  120,    0
 18225,101948,20200318,  265,    0
 18225,101948,20200319,   53,    0
 18225,101948,20200320,   30,    0
 18225,101948,20200321,    0,    0
 18225,101948,20200322,    0,    0
 18225,101948,20200323,    0,    0
 18225,101948,20200324,   29,    0
 18225,101948,20200325,  242,    0
 18225,101948,20200326,    0,    0
 18225,101948,20200327,   84,    0
 18225,101948,20200328,   34,    0
 18225,101948,20200329,  126,    0
 18225,101948,20200330,   26,    0
 18225,101948,20200331,  227,    0
 18225,101948,20200401,  230,    0
 18225,101948,20200402,  122,    0
 18225,101948,20200403,  118,    0
 18225,101948,20200404,   79,    0
 18225,101948,20200405,    0,    0
 18225,101948,20200406,   14,    0
 18225,101948,20200407,    1,    0
 18225,101948,20200408,   60,    0
 18225,101948,20200409,  169,    0
 18225,101948,20200410,   73,    0
 18225,101948,20200411,   42,    0
 18225,101948,20200412,  223,    0
 18225,101948,20200413,   63,    0
 18225,101948,20200414,  116,    0
 18225,101948,20200415,  410,    0
 18225,101948,20200416,   42,    0
 18225,101948,20200417,    1,    0
 18225,101948,20200418,    0,    0
 18225,101948,20200419,    0,    0
 18225,101948,20200420,    0,    0
 18225,101948,20200421,    0,    0
 18225,101948,20200422,    0,    0
 18225,101948,20200423,   32,    0
 18225,101948,20200424,   16,    0
 18225,101948,20200425,    2,    0
 18225,101948,20200426,    0,    0
 18225,101948,20200427,    0,    0
 18225,101948,20200428,    0,    0
 18225,101948,20200429,    0,    0
 18225,101948,20200430,    0,    0
 18225,101948,20200501,   28,    0
 18225,101948,20200502,  142,    0
 18225,101948,20200503,   43,    0
 18225,101948,20200504,   10,    0
 18225,101948,20200505,   80,    0
 18225,101948,20200506,    1,    0
 18225,101948,20200507,   85,    0
 18225,101948,20200508,  102,    0
 18225,101948,20200509,   72,    0
 18225,101948,20200510,   44,    0
 18225,101948,20200511,  253,    0
 18225,101948,20200512,  134,    0
 18225,101948,20200513,  246,    0
 18225,101948,20200514,  141,    0
 18225,101948,20200515,  227,    0
 18225,101948,20200516,  423,    0
 18225,101948,20200517,  129,    0
 18225,101948,20200518,   12,    0
 18225,101948,20200519,   40,    0
 18225,101948,20200520,    0,    0
 18225,101948,20200521,    0,    0
 18225,101948,20200522,    0,    0
 18225,101948,20200523,    1,    0
 18225,101948,20200524,    1,    0
 18225,101948,20200525,    0,    0
 18225,101948,20200526,   26,    0
 18225,101948,20200527,   49,    0
 18225,101948,20200528,    0,    0
 18225,101948,20200529,    0,    0
 18225,101948,20200530,    0,    0
 18225,101948,20200531,    0,    0
 18225,101948,20200601,    0,    0
 18225,101948,20200602,    0,    0
 18225,101948,20200603,    3,    0
 18225,101948,20200604,    0,    0
 18225,101948,20200605,    0,    0
 18225,101948,20200606,   10,    0
 18225,101948,20200607,   87,    0
 18225,101948,20200608,    2,    0
 18225,101948,20200609,    0,    0
 18225,101948,20200610,    0,    0
 18225,101948,20200611,    0,    0
 18225,101948,20200612,    0,    0
 18225,101948,20200613,    0,    0
 18225,101948,20200614,    0,    0
 18225,101948,20200615,    2,    0
 18225,101948,20200616,    0,    0
 18225,101948,20200617,    0,    0
 18225,101948,20200618,    0,    0
 18225,101948,20200619,    0,    0
 18225,101948,20200620,    0,    0
 18225,101948,20200621,   89,    0
 18225,101948,20200622,   37,    0
 18225,101948,20200623,    0,    0
 18225,101948,20200624,    0,    0
 18225,101948,20200625,    0,    0
 18225,101948,20200626,    0,    0
 18225,101948,20200627,    0,    0
 18225,101948,20200628,   50,    0
 18225,101948,20200629,    0,    0
 18225,101948,20200630,    7,    0
 18225,101948,20200701,   12,    0
 18225,101948,20200702,  108,    0
 18225,101948,20200703,  101,    0
 18225,101948,20200704,    0,    0
 18225,101948,20200705,  100,    0
 18225,101948,20200706,  185,    0
 18225,101948,20200707,   62,    0
 18225,101948,20200708,  116,    0
 18225,101948,20200709,    3,    0
 18225,101948,20200710,   43,    0
 18225,101948,20200711,  338,    0
 18225,101948,20200712,  102,    0
 18225,101948,20200713,    2,    0
 18225,101948,20200714,    0,    0
 18225,101948,20200715,    0,    0
 18225,101948,20200716,   18,    0
 18225,101948,20200717,   91,    0
 18225,101948,20200718,   12,    0
 18225,101948,20200719,    2,    0
 18225,101948,20200720,  133,    0
 18225,101948,20200721,  318,    0
 18225,101948,20200722,   49,    0
 18225,101948,20200723,   17,    0
 18225,101948,20200724,    0,    0
 18225,101948,20200725,    0,    0
 18225,101948,20200726,   88,    0
 18225,101948,20200727,    0,    0
 18225,101948,20200728,    6,    0
 18225,101948,20200729,   38,    0
 18225,101948,20200730,    0,    0
 18225,101948,20200731,    0,    0
 18225,101948,20200801,    0,    0
 18225,101948,20200802,  289,    0
 18225,101948,20200803,  193,    0
 18225,101948,20200804,    2,    0
 18225,101948,20200805,   37,    0
 18225,101948,20200806,    0,    0
 18225,101948,20200807,    0,    0
 18225,101948,20200808,  130,    0
 18225,101948,20200809,    0,    0
 18225,101948,20200810,    0,    0
 18225,101948,20200811,    0,    0
 18225,101948,20200812,   51,    0
 18225,101948,20200813,   21,    0
 18225,101948,20200814,    0,    0
 18225,101948,20200815,   24,    0
 18225,101948,20200816,    0,    0
 18225,101948,20200817,    0,    0
 18225,101948,20200818,    0,    0
 18225,101948,20200819,   75,    0
 18225,101948,20200820,    0,    0
 18225,101948,20200821,   11,    0
 18225,101948,20200822,   85,    0
 18225,101948,20200823,  147,    0
 18225,101948,20200824,  465,    0
 18225,101948,20200825,  138,    0
 18225,101948,20200826,    0,    0
 18225,101948,20200827,    0,    0
 18225,101948,20200828,    0,    0
 18225,101948,20200829,    7,    0
 18225,101948,20200830,    8,    0
 18225,101948,20200831,    0,    0
 18225,101948,20200901,    0,    0
 18225,101948,20200902,    0,    0
 18225,101948,20200903,   38,    0
 18225,101948,20200904,   10,    0
 18225,101948,20200905,    7,    0
 18225,101948,20200906,    2,    0
 18225,101948,20200907,  159,    0
 18225,101948,20200908,  401,    0
 18225,101948,20200909,  506,    0
 18225,101948,20200910,   45,    0
 18225,101948,20200911,   17,    0
 18225,101948,20200912,  176,    0
 18225,101948,20200913,  123,    0
 18225,101948,20200914,  115,    0
 18225,101948,20200915,  439,    0
 18225,101948,20200916,   29,    0
 18225,101948,20200917,   19,    0
 18225,101948,20200918,  124,    0
 18225,101948,20200919,    8,    0
 18225,101948,20200920,   18,    0
 18225,101948,20200921,  540,    0
 18225,101948,20200922,  124,    0
 18225,101948,20200923,   62,    0
 18225,101948,20200924,  274,    0
 18225,101948,20200925,   35,    0
 18225,101948,20200926,    0,    0
 18225,101948,20200927,    0,    0
 18225,101948,20200928,    0,    0
 18225,101948,20200929,   57,    0
 18225,101948,20200930,    1,    0
 18225,101948,20201001,    0,    0
 18225,101948,20201002,    0,    0
 18225,101948,20201003,    0,    0
 18225,101948,20201004,   28,    0
 18225,101948,20201005,   81,    0
 18225,101948,20201006,    0,    0
 18225,101948,20201007,    0,    0
 18225,101948,20201008,   15,    0
 18225,101948,20201009,  132,    0
 18225,101948,20201010,   11,    0
 18225,101948,20201011,   85,    0
 18225,101948,20201012,    0,    0
 18225,101948,20201013,    0,    0
 18225,101948,20201014,    0,    0
 18225,101948,20201015,    0,    0
 18225,101948,20201016,    7,    0
 18225,101948,20201017,  260,    0
 18225,101948,20201018,  133,    0
 18225,101948,20201019,    3,    0
 18225,101948,20201020,   80,    0
 18225,101948,20201021,    2,    0
 18225,101948,20201022,    0,    0
 18225,101948,20201023,    0,    0
 18225,101948,20201024,   65,    0
 18225,101948,20201025,    5,    0
 18225,101948,20201026,    0,    0
 18225,101948,20201027,    0,    0
 18225,101948,20201028,   70,    0
 18225,101948,20201029,   21,    0
 18225,101948,20201030,   20,    0
 18225,101948,20201031,    0,    0
 18225,101948,20201101,    5,    0
 18225,101948,20201102,   63,    0
 18225,101948,20201103,  123,    0
 18225,101948,20201104,  211,    0
 18225,101948,20201105,  134,    0
 18225,101948,20201106,    0,    0
 18225,101948,20201107,   58,    0
 18225,101948,20201108,   86,    0
 18225,101948,20201109,   24,    0
 18225,101948,20201110,   18,    0
 18225,101948,20201111,    0,    0
 18225,101948,20201112,    0,    0
 18225,101948,20201113,    0,    0
 18225,101948,20201114,   16,    0
 18225,101948,20201115,    6,    0
 18225,101948,20201116,   75,    0
 18225,101948,20201117,  183,    0
 18225,101948,20201118,  396,    0
 18225,101948,20201119,  131,    0
 18225,101948,20201120,  100,    0
 18225,101948,20201121,  139,    0
 18225,101948,20201122,  248,    0
 18225,101948,20201123,   70,    0
 18225,101948,20201124,  106,    0
 18225,101948,20201125,  331,    0
 18225,101948,20201126,   14,    0
 18225,101948,20201127,    0,    0
 18225,101948,20201128,    0,    0
 18225,101948,20201129,    0,    0
 18225,101948,20201130,  174,    0
 18225,101948,20201201,    0,    0
 18225,101948,20201202,    0,    0
 18225,101948,20201203,    0,    0
 18225,101948,20201204,    0,    0
 18225,101948,20201205,    0,    0
 18225,101948,20201206,    9,    0
 18225,101948,20201207,    0,    0
 18225,101948,20201208,    0,    0
 18225,101948,20201209,    0,    0
 18225,101948,20201210,    0,    0
 18225,101948,20201211,    0,    0
 18225,101948,20201212,    0,    0
 18225,101948,20201213,    0,    0
 18225,101948,20201214,    0,    0
 18225,101948,20201215,   10,    0
 18225,101948,20201216,    0,    0
 18225,101948,20201217,    1,    0
 18225,101948,20201218,    4,    0
 18225,101948,20201219,    0,    0
 18225,101948,20201220,    0,    0
 18225,101948,20201221,    0,    0
 18225,101948,20201222,  156,    0
 18225,101948,20201223,  171,    0
 18225,101948,20201224,   83,    0
 18225,101948,20201225,   12,    0
 18225,101948,20201226,    3,    0
 18225,101948,20201227,    0,    0
 18225,101948,20201228,    0,    0
 18225,101948,20201229,    0,    0
 18225,101948,20201230,    0,    0
 18225,101948,20201231,    0,    0
 18225,101948,20210101,   44,    0
 18225,101948,20210102,    0,    0
 18225,101948,20210103,    0,    0
 18225,101948,20210104,    0,    0
 18225,101948,20210105,    0,    0
 18225,101948,20210106,    0,    0
 18225,101948,20210107,    0,    0
 18225,101948,20210108,    0,    0
 18225,101948,20210109,  135,    0
 18225,101948,20210110,  146,    0
 18225,101948,20210111,   54,    0
 18225,101948,20210112,   97,    0
 18225,101948,20210113,    0,    0
 18225,101948,20210114,    0,    0
 18225,101948,20210115,    0,    0
 18225,101948,20210116,    0,    0
 18225,101948,20210117,    0,    0
 18225,101948,20210118,    0,    0
 18225,101948,20210119,    0,    0
 18225,101948,20210120,    0,    0
 18225,101948,20210121,    2,    0
 18225,101948,20210122,    0,    0
 18225,101948,20210123,   14,    0
 18225,101948,20210124,    0,    0
 18225,101948,20210125,   22,    0
 18225,101948,20210126,  145,    0
 18225,101948,20210127,  138,    0
 18225,101948,20210128,    0,    0
 18225,101948,20210129,  113,    0
 18225,101948,20210130,  281,    0
 18225,101948,20210131,   98,    0
 18225,101948,20210201,   36,    0
 18225,101948,20210202,    0,    0
 18225,101948,20210203,    0,    0
 18225,101948,20210204,    0,    0
 18225,101948,20210205,    0,    0
 18225,101948,20210206,    0,    0
 18225,101948,20210207,    0,    0
 18225,101948,20210208,    0,    0
 18225,101948,20210209,   17,    0
 18225,101948,20210210,    0,    0
 18225,101948,20210211,    0,    0
 18225,101948,20210212,    0,    0
 18225,101948,20210213,    0,    0
 18225,101948,20210214,    0,    0
 18225,101948,20210215,   19,    0
 18225,101948,20210216,    0,    0
 18225,101948,20210217,    0,    0
 18225,101948,20210218,    0,    0
 18225,101948,20210219,    0,    0
 18225,101948,20210220,   13,    0
 18225,101948,20210221,    0,    0
 18225,101948,20210222,  161,    0
 18225,101948,20210223,    6,    0
 18225,101948,20210224,   17,    0
 18225,101948,20210225,  265,    0
 18225,101948,20210226,   16,    0
 18225,101948,20210227,   17,    0
 18225,101948,20210228,    6,    0
 18225,101948,20210301,  509,    0
 18225,101948,20210302,  332,    0
 18225,101948,20210303,  157,    0
 18225,101948,20210304,   89,    0
 18225,101948,20210305,  129,    0
 18225,101948,20210306,  103,    0
 18225,101948,20210307,   29,    0
 18225,101948,20210308,  207,    0
 18225,101948,20210309,   32,    0
 18225,101948,20210310,    0,    0
 18225,101948,20210311,    0,    0
 18225,101948,20210312,    0,    0
 18225,101948,20210313,    0,    0
 18225,101948,20210314,    7,    0
 18225,101948,20210315,  111,    0
 18225,101948,20210316,    6,    0
 18225,101948,20210317,   31,    0
 18225,101948,20210318,    9,    0
 18225,101948,20210319,   14,    0
 18225,101948,20210320,  210,    0
 18225,101948,20210321,   68,    0
 18225,101948,20210322,   28,    0
 18225,101948,20210323,    2,    0
 18225,101948,20210324,   52,    0
 18225,101948,20210325,    1,    0
 18225,101948,20210326,   15,    0
 18225,101948,20210327,    0,    0
 18225,101948,20210328,    8,    0
 18225,101948,20210329,   64,    0
 18225,101948,20210330,   73,    0
 18225,101948,20210331,   11,    0
 18225,101948,20210401,   59,    0
 18225,101948,20210402,   25,    0
 18225,101948,20210403,   18,    0
 18225,101948,20210404,  302,    0
 18225,101948,20210405,  123,    0
 18225,101948,20210406,  198,    0
 18225,101948,20210407,  117,    0
 18225,101948,20210408,   23,    0
 18225,101948,20210409,  234,    0
 18225,101948,20210410,  378,    0
 18225,101948,20210411,    7,    0
 18225,101948,20210412,   39,    0
 18225,101948,20210413,   62,    0
 18225,101948,20210414,   31,    0
 18225,101948,20210415,    0,    0
 18225,101948,20210416,    0,    0
 18225,101948,20210417,    0,    0
 18225,101948,20210418,    0,    0
 18225,101948,20210419,    0,    0
 18225,101948,20210420,   90,    0
 18225,101948,20210421,  112,    0
 18225,101948,20210422,   72,    0
 18225,101948,20210423,   52,    0
 18225,101948,20210424,   33,    0
 18225,101948,20210425,    8,    0
 18225,101948,20210426,    0,    0
 18225,101948,20210427,    0,    0
 18225,101948,20210428,    0,    0
 18225,101948,20210429,    0,    0
 18225,101948,20210430,    0,    0
 18225,101948,20210501,    0,    0
 18225,101948,20210502,    0,    0
 18225,101948,20210503,    0,    0
 18225,101948,20210504,    0,    0
 18225,101948,20210505,    0,    0
 18225,101948,20210506,    0,    0
 18225,101948,20210507,   47,    0
 18225,101948,20210508,    9,    0
 18225,101948,20210509,   21,    0
 18225,101948,20210510,   44,    0
 18225,101948,20210511,    0,    0
 18225,101948,20210512,    0,    0
 18225,101948,20210513,    0,    0
 18225,101948,20210514,    0,    0
 18225,101948,20210515,  152,    0
 18225,101948,20210516,  213,    0
 18225,101948,20210517,    3,    0
 18225,101948,20210518,   20,    0
 18225,101948,20210519,    3,    0
 18225,101948,20210520,   10,    0
 18225,101948,20210521,    0,    0
 18225,101948,20210522,    0,    0
 18225,101948,20210523,   12,    0
 18225,101948,20210524,    0,    0
 18225,101948,20210525,    0,    0
 18225,101948,20210526,    0,    0
 18225,101948,20210527,    0,    0
 18225,101948,20210528,    0,    0
 18225,101948,20210529,    0,    0
 18225,101948,20210530,    0,    0
 18225,101948,20210531,    0,    0
 18225,101948,20210601,    0,    0
 18225,101948,20210602,    0,    0
 18225,101948,20210603,    0,    0
 18225,101948,20210604,    1,    0
 18225,101948,20210605,    1,    0
 18225,101948,20210606,   47,    0
 18225,101948,20210607,    0,    0
 18225,101948,20210608,    0,    0
 18225,101948,20210609,    2,    0
 18225,101948,20210610,    0,    0
 18225,101948,20210611,  175,    0
 18225,101948,20210612,  111,    0
 18225,101948,20210613,   83,    0
 18225,101948,20210614,  106,    0
 18225,101948,20210615,   81,    0
 18225,101948,20210616,   64,    0
 18225,101948,20210617,   71,    0
 18225,101948,20210618,    1,    0
 18225,101948,20210619,    0,    0
 18225,101948,20210620,   26,    0
 18225,101948,20210621,    0,    0
 18225,101948,20210622,    0,    0
 18225,101948,20210623,    7,    0
 18225,101948,20210624,   67,    0
 18225,101948,20210625,    1,    0
 18225,101948,20210626,    5,    0
 18225,101948,20210627,    0,    0
 18225,101948,20210628,    3,    0
 18225,101948,20210629,    0,    0
 18225,101948,20210630,    1,    0
 18225,101948,20210701,    9,    0
 18225,101948,20210702,   11,    0
 18225,101948,20210703,   11,    0
 18225,101948,20210704,    2,    0
 18225,101948,20210705,    0,    0
 18225,101948,20210706,    7,    0
 18225,101948,20210707,   46,    0
 18225,101948,20210708,    5,    0
 18225,101948,20210709,   87,    0
 18225,101948,20210710,    7,    0
 18225,101948,20210711,    3,    0
 18225,101948,20210712,    0,    0
 18225,101948,20210713,    6,    0
 18225,101948,20210714,    2,    0
 18225,101948,20210715,   11,    0
 18225,101948,20210716,    2,    0
 18225,101948,20210717,  105,    0
 18225,101948,20210718,   44,    0
 18225,101948,20210719,   35,    0
 18225,101948,20210720,    0,    0
 18225,101948,20210721,    0,    0
 18225,101948,20210722,    5,    0
 18225,101948,20210723,    0,    0
 18225,101948,20210724,    0,    0
 18225,101948,20210725,    1,    0
 18225,101948,20210726,    0,    0
 18225,101948,20210727,    1,    0
 18225,101948,20210728,    2,    0
 18225,101948,20210729,    0,    0
 18225,101948,20210730,    0,    0
 18225,101948,20210731,    5,    0
 18225,101948,20210801,    0,    0
 18225,101948,20210802,    5,    0
 18225,101948,20210803,    0,    0
 18225,101948,20210804,    0,    0
 18225,101948,20210805,   26,    0
 18225,101948,20210806,    0,    0
 18225,101948,20210807,    3,    0
 18225,101948,20210808,    0,    0
 18225,101948,20210809,    0,    0
 18225,101948,20210810,   11,    0
 18225,101948,20210811,   26,    0
 18225,101948,20210812,  115,    0
 18225,101948,20210813,  213,    0
 18225,101948,20210814,  137,    0
 18225,101948,20210815,   42,    0
 18225,101948,20210816,    1,    0
 18225,101948,20210817,    3,    0
 18225,101948,20210818,   81,    0
 18225,101948,20210819,  117,    0
 18225,101948,20210820,  109,    0
 18225,101948,20210821,    0,    0
 18225,101948,20210822,    0,    0
 18225,101948,20210823,    0,    0
 18225,101948,20210824,  316,    0
 18225,101948,20210825,   91,    0
 18225,101948,20210826,    0,    0
 18225,101948,20210827,    0,    0
 18225,101948,20210828,    0,    0
 18225,101948,20210829,    0,    0
 18225,101948,20210830,    0,    0
 18225,101948,20210831,    0,    0
 18225,101948,20210901,   58,    0
 18225,101948,20210902,  155,    0
 18225,101948,20210903,    0,    0
 18225,101948,20210904,    0,    0
 18225,101948,20210905,    0,    0
 18225,101948,20210906,   76,    0
 18225,101948,20210907,   27,    0
 18225,101948,20210908,  587,    0
 18225,101948,20210909,   20,    0
 18225,101948,20210910,   57,    0
 18225,101948,20210911,   21,    0
 18225,101948,20210912,   13,    0
 18225,101948,20210913,    0,    0
 18225,101948,20210914,    0,    0
 18225,101948,20210915,    1,    0
 18225,101948,20210916,   10,    0
 18225,101948,20210917,    0,    0
 18225,101948,20210918,   13,    0
 18225,101948,20210919,    0,    0
 18225,101948,20210920,   47,    0
 18225,101948,20210921,   31,    0
 18225,101948,20210922,  106,    0
 18225,101948,20210923,   84,    0
 18225,101948,20210924,  268,    0
 18225,101948,20210925,   52,    0
 18225,101948,20210926,    1,    0
 18225,101948,20210927,   43,    0
 18225,101948,20210928,    0,    0
 18225,101948,20210929,   11,    0
 18225,101948,20210930,    0,    0
 18225,101948,20211001,    5,    0
 18225,101948,20211002,    0,    0
 18225,101948,20211003,   10,    0
 18225,101948,20211004,    0,    0
 18225,101948,20211005,    0,    0
 18225,101948,20211006,   33,    0
 18225,101948,20211007,   76,    0
 18225,101948,20211008,   46,    0
 18225,101948,20211009,   50,    0
 18225,101948,20211010,  172,    0
 18225,101948,20211011,  201,    0
 18225,101948,20211012,   74,    0
 18225,101948,20211013,  319,    0
 18225,101948,20211014,  753,    0
 18225,101948,20211015,  213,    0
 18225,101948,20211016,  183,    0
 18225,101948,20211017,  290,    0
 18225,101948,20211018,   27,    0
 18225,101948,20211019,  212,    0
 18225,101948,20211020,  263,    0
 18225,101948,20211021,  156,    0
 18225,101948,20211022,  210,    0
 18225,101948,20211023,   20,    0
 18225,101948,20211024,    5,    0
 18225,101948,20211025,   10,    0
 18225,101948,20211026,   86,    0
 18225,101948,20211027,   16,    0
 18225,101948,20211028,   85,    0
 18225,101948,20211029,   33,    0
 18225,101948,20211030,    0,    0
 18225,101948,20211031,    6,    0
 18225,101948,20211101,    0,    0
 18225,101948,20211102,    0,    0
 18225,101948,20211103,    0,    0
 18225,101948,20211104,   64,    0
 18225,101948,20211105,  241,    0
 18225,101948,20211106,    7,    0
 18225,101948,20211107,    0,    0
 18225,101948,20211108,   37,    0
 18225,101948,20211109,  158,    0
 18225,101948,20211110,   77,    0
 18225,101948,20211111,  210,    0
 18225,101948,20211112,    1,    0
 18225,101948,20211113,    0,    0
 18225,101948,20211114,    0,    0
 18225,101948,20211115,   13,    0
 18225,101948,20211116,   16,    0
 18225,101948,20211117,  137,    0
 18225,101948,20211118,  153,    0
 18225,101948,20211119,  254,    0
 18225,101948,20211120,  133,    0
 18225,101948,20211121,  168,    0
 18225,101948,20211122,  121,    0
 18225,101948,20211123,  360,    0
 18225,101948,20211124,  222,    0
 18225,101948,20211125,  192,    0
 18225,101948,20211126,    0,    0
 18225,101948,20211127,    0,    0
 18225,101948,20211128,    0,    0
 18225,101948,20211129,  101,    0
 18225,101948,20211130,  160,    0
 18225,101948,20211201,  118,    0
 18225,101948,20211202,   58,    0
 18225,101948,20211203,    2,    0
 18225,101948,20211204,    2,    0
 18225,101948,20211205,    4,    0
 18225,101948,20211206,    0,    0
 18225,101948,20211207,   37,    0
 18225,101948,20211208,    0,    0
 18225,101948,20211209,    0,    0
 18225,101948,20211210,    0,    0
 18225,101948,20211211,    1,    0
 18225,101948,20211212,    6,    0
 18225,101948,20211213,   11,    0
 18225,101948,20211214,    8,    0
 18225,101948,20211215,  142,    0
 18225,101948,20211216,   59,    0
 18225,101948,20211217,  140,    0
 18225,101948,20211218,  224,    0
 18225,101948,20211219,   67,    0
 18225,101948,20211220,   18,    0
 18225,101948,20211221,   42,    0
 18225,101948,20211222,   25,    0
 18225,101948,20211223,   89,    0
 18225,101948,20211224,  141,    0
 18225,101948,20211225,  154,    0
 18225,101948,20211226,  189,    0
 18225,101948,20211227,    1,    0
 18225,101948,20211228,    0,    0
 18225,101948,20211229,    0,    0
 18225,101948,20211230,   37,    0
 18225,101948,20211231,   57,    0
 18225,101948,20220101,   42,    0
 18225,101948,20220102,   26,    0
 18225,101948,20220103,   41,    0
 18225,101948,20220104,   15,    0
 18225,101948,20220105,  137,    0
 18225,101948,20220106,    2,    0
 18225,101948,20220107,    0,    0
 18225,101948,20220108,    0,    0
 18225,101948,20220109,    0,    0
 18225,101948,20220110,    1,    0
 18225,101948,20220111,   39,    0
 18225,101948,20220112,  608,    0
 18225,101948,20220113,  556,    0
 18225,101948,20220114,   74,    0
 18225,101948,20220115,   40,    0
 18225,101948,20220116,  122,    0
 18225,101948,20220117,  105,    0
 18225,101948,20220118,   98,    0
 18225,101948,20220119,  317,    0
 18225,101948,20220120,  169,    0
 18225,101948,20220121,  127,    0
 18225,101948,20220122,    8,    0
 18225,101948,20220123,  108,    0
 18225,101948,20220124,  116,    0
 18225,101948,20220125,  109,    0
 18225,101948,20220126,  223,    0
 18225,101948,20220127,  191,    0
 18225,101948,20220128,   84,    0
 18225,101948,20220129,  293,    0
 18225,101948,20220130,   13,    0
 18225,101948,20220131,  121,    0
 18225,101948,20220201,  130,    0
 18225,101948,20220202,  131,    0
 18225,101948,20220203,   44,    0
 18225,101948,20220204,  207,    0
 18225,101948,20220205,  115,    0
 18225,101948,20220206,  212,    0
 18225,101948,20220207,   58,    0
 18225,101948,20220208,   98,    0
 18225,101948,20220209,  235,    0
 18225,101948,20220210,  173,    0
 18225,101948,20220211,  215,    0
 18225,101948,20220212,   11,    0
 18225,101948,20220213,   88,    0
 18225,101948,20220214,    1,    0
 18225,101948,20220215,   11,    0
 18225,101948,20220216,   13,    0
 18225,101948,20220217,  102,    0
 18225,101948,20220218,  218,    0
 18225,101948,20220219,  171,    0
 18225,101948,20220220,   24,    0
 18225,101948,20220221,   26,    0
 18225,101948,20220222,   16,    0
 18225,101948,20220223,   39,    0
 18225,101948,20220224,   61,    0
 18225,101948,20220225,   36,    0
 18225,101948,20220226,    0,    0
 18225,101948,20220227,    0,    0
 18225,101948,20220228,  129,    0
 18225,101948,20220301,  160,    0
 18225,101948,20220302,    0,    0
 18225,101948,20220303,    0,    0
 18225,101948,20220304,    0,    0
 18225,101948,20220305,   86,    0
 18225,101948,20220306,    5,    0
 18225,101948,20220307,    0,    0
 18225,101948,20220308,    0,    0
 18225,101948,20220309,    0,    0
 18225,101948,20220310,    0,    0
 18225,101948,20220311,    0,    0
 18225,101948,20220312,    0,    0
 18225,101948,20220313,    0,    0
 18225,101948,20220314,    0,    0
 18225,101948,20220315,    0,    0
 18225,101948,20220316,    0,    0
 18225,101948,20220317,   41,    0
 18225,101948,20220318,   25,    0
 18225,101948,20220319,    0,    0
 18225,101948,20220320,    0,    0
 18225,101948,20220321,    0,    0
 18225,101948,20220322,    0,    0
 18225,101948,20220323,   13,    0
 18225,101948,20220324,  252,    0
 18225,101948,20220325,   40,    0
 18225,101948,20220326,   90,    0
 18225,101948,20220327,   76,    0
 18225,101948,20220328,  140,    0
 18225,101948,20220329,   37,    0
 18225,101948,20220330,  119,    0
 18225,101948,20220331,   17,    0
 18225,101948,20220401,   42,    0
 18225,101948,20220402,  193,    0
 18225,101948,20220403,   85,    0
 18225,101948,20220404,-9999,    9
 18225,101948,20220405,-9999,    9
 18225,101948,20220406,-9999,    9
 18225,101948,20220407,-9999,    9
 18225,101948,20220408,-9999,    9
 18225,101948,20220409,-9999,    9
 18225,101948,20220410,-9999,    9
 18225,101948,20220411,-9999,    9
 18225,101948,20220412,-9999,    9
 18225,101948,20220413,-9999,    9
 18225,101948,20220414,-9999,    9
 18225,101948,20220415,-9999,    9
 18225,101948,20220416,-9999,    9
 18225,101948,20220417,-9999,    9
 18225,101948,20220418,-9999,    9
 18225,101948,20220419,-9999,    9
 18225,101948,20220420,-9999,    9
 18225,101948,20220421,-9999,    9
 18225,101948,20220422,-9999,    9
 18225,101948,20220423,-9999,    9
 18225,101948,20220424,-9999,    9
 18225,101948,20220425,-9999,    9
 18225,101948,20220426,-9999,    9
 18225,101948,20220427,-9999,    9
 18225,101948,20220428,-9999,    9
 18225,101948,20220429,-9999,    9
 18225,101948,20220430,    0,    0
 18225,101948,20220501,   45,    0
 18225,101948,20220502,   80,    0
 18225,101948,20220503,    1,    0
 18225,101948,20220504,    6,    0
 18225,101948,20220505,    4,    0
 18225,101948,20220506,   84,    0
 18225,101948,20220507,   39,    0
 18225,101948,20220508,    3,    0
 18225,101948,20220509,    2,    0
 18225,101948,20220510,   34,    0
 18225,101948,20220511,   44,    0
 18225,101948,20220512,   34,    0
 18225,101948,20220513,   83,    0
 18225,101948,20220514,  101,    0
 18225,101948,20220515,    0,    0
 18225,101948,20220516,    1,    0
 18225,101948,20220517,    0,    0
 18225,101948,20220518,    4,    0
 18225,101948,20220519,    1,    0
 18225,101948,20220520,   10,    0
 18225,101948,20220521,   34,    0
 18225,101948,20220522,    9,    0
 18225,101948,20220523,   21,    0
 18225,101948,20220524,    1,    0
 18225,101948,20220525,    1,    0
 18225,101948,20220526,   68,    0
 18225,101948,20220527,  231,    0
 18225,101948,20220528,  329,    0
 18225,101948,20220529,  119,    0
 18225,101948,20220530,    0,    0
 18225,101948,20220531,    1,    0
 18225,101948,20220601,  136,    0
 18225,101948,20220602,   14,    0
 18225,101948,20220603,   13,    0
 18225,101948,20220604,   39,    0
 18225,101948,20220605,    0,    0
 18225,101948,20220606,    0,    0
 18225,101948,20220607,    0,    0
 18225,101948,20220608,    0,    0
 18225,101948,20220609,    0,    0
 18225,101948,20220610,   14,    0
 18225,101948,20220611,    2,    0
 18225,101948,20220612,    9,    0
 18225,101948,20220613,   82,    0
 18225,101948,20220614,   42,    0
 18225,101948,20220615,   26,    0
 18225,101948,20220616,   40,    0
 18225,101948,20220617,   52,    0
 18225,101948,20220618,    5,    0
 18225,101948,20220619,    0,    0
 18225,101948,20220620,    5,    0
 18225,101948,20220621,   19,    0
 18225,101948,20220622,   32,    0
 18225,101948,20220623,   21,    0
 18225,101948,20220624,    0,    0
 18225,101948,20220625,    1,    0
 18225,101948,20220626,    7,    0
 18225,101948,20220627,  155,    0
 18225,101948,20220628,   71,    0
 18225,101948,20220629,    0,    0
 18225,101948,20220630,    0,    0
 18225,101948,20220701,    1,    0
 18225,101948,20220702,  121,    0
 18225,101948,20220703,    2,    0
 18225,101948,20220704,   28,    0
 18225,101948,20220705,  210,    0
 18225,101948,20220706,  154,    0
 18225,101948,20220707,  166,    0
 18225,101948,20220708,  292,    0
 18225,101948,20220709,  639,    0
 18225,101948,20220710,   23,    0
 18225,101948,20220711,    1,    0
 18225,101948,20220712,   11,    0
 18225,101948,20220713,   71,    0
 18225,101948,20220714,  131,    0
 18225,101948,20220715,   51,    0
 18225,101948,20220716,   77,    0
 18225,101948,20220717,   34,    0
 18225,101948,20220718,    0,    0
 18225,101948,20220719,    5,    0
 18225,101948,20220720,   94,    0
 18225,101948,20220721,    1,    0
 18225,101948,20220722,    0,    0
 18225,101948,20220723,    2,    0
 18225,101948,20220724,   36,    0
 18225,101948,20220725,   74,    0
 18225,101948,20220726,  217,    0
 18225,101948,20220727,    8,    0
 18225,101948,20220728,    0,    0
 18225,101948,20220729,    0,    0
 18225,101948,20220730,   10,    0
 18225,101948,20220731,   41,    0
 18225,101948,20220801,   36,    0
 18225,101948,20220802,  101,    0
 18225,101948,20220803,  236,    0
 18225,101948,20220804,  107,    0
 18225,101948,20220805,  107,    0
 18225,101948,20220806,   92,    0
 18225,101948,20220807,    8,    0
 18225,101948,20220808,   27,    0
 18225,101948,20220809,   69,    0
 18225,101948,20220810,  112,    0
 18225,101948,20220811,  124,    0
 18225,101948,20220812,    2,    0
 18225,101948,20220813,    2,    0
 18225,101948,20220814,    0,    0
 18225,101948,20220815,   33,    0
 18225,101948,20220816,  136,    0
 18225,101948,20220817,   19,    0
 18225,101948,20220818,    0,    0
 18225,101948,20220819,   59,    0
 18225,101948,20220820,   10,    0
 18225,101948,20220821,   62,    0
 18225,101948,20220822,    2,    0
 18225,101948,20220823,    0,    0
 18225,101948,20220824,    6,    0
 18225,101948,20220825,    1,    0
 18225,101948,20220826,    3,    0
 18225,101948,20220827,   12,    0
 18225,101948,20220828,    0,    0
 18225,101948,20220829,    0,    0
 18225,101948,20220830,    0,    0
 18225,101948,20220831,    0,    0
 18225,101948,20220901,    0,    0
 18225,101948,20220902,    0,    0
 18225,101948,20220903,    0,    0
 18225,101948,20220904,    0,    0
 18225,101948,20220905,    0,    0
 18225,101948,20220906,    0,    0
 18225,101948,20220907,    0,    0
 18225,101948,20220908,    0,    0
 18225,101948,20220909,    0,    0
 18225,101948,20220910,    0,    0
 18225,101948,20220911,    0,    0
 18225,101948,20220912,  100,    0
 18225,101948,20220913,  276,    0
 18225,101948,20220914,  347,    0
 18225,101948,20220915,  243,    0
 18225,101948,20220916,  532,    0
 18225,101948,20220917,  578,    0
 18225,101948,20220918,  120,    0
 18225,101948,20220919,   70,    0
 18225,101948,20220920,    0,    0
 18225,101948,20220921,    0,    0
 18225,101948,20220922,   23,    0
 18225,101948,20220923,   14,    0
 18225,101948,20220924,    0,    0
 18225,101948,20220925,   74,    0
 18225,101948,20220926,    0,    0
 18225,101948,20220927,    0,    0
 18225,101948,20220928,    2,    0
 18225,101948,20220929,    7,    0
 18225,101948,20220930,    0,    0
 18225,101948,20221001,   15,    0
 18225,101948,20221002,   99,    0
 18225,101948,20221003,   17,    0
 18225,101948,20221004,  143,    0
 18225,101948,20221005,   68,    0
 18225,101948,20221006,  101,    0
 18225,101948,20221007,   49,    0
 18225,101948,20221008,   25,    0
 18225,101948,20221009,    0,    0
 18225,101948,20221010,  209,    0
 18225,101948,20221011,  133,    0
 18225,101948,20221012,   14,    0
 18225,101948,20221013,   23,    0
 18225,101948,20221014,   21,    0
 18225,101948,20221015,    3,    0
 18225,101948,20221016,   70,    0
 18225,101948,20221017,    1,    0
 18225,101948,20221018,   13,    0
 18225,101948,20221019,    0,    0
 18225,101948,20221020,    0,    0
 18225,101948,20221021,    0,    0
 18225,101948,20221022,    0,    0
 18225,101948,20221023,    0,    0
 18225,101948,20221024,    0,    0
 18225,101948,20221025,   16,    0
 18225,101948,20221026,   19,    0
 18225,101948,20221027,    7,    0
 18225,101948,20221028,  318,    0
 18225,101948,20221029,   59,    0
 18225,101948,20221030,   11,    0
 18225,101948,20221031,-9999,    9
