EUROPEAN CLIMATE ASSESSMENT & DATASET (ECA&D), file created on: 16-11-2022
THESE DATA CAN BE USED FOR NON-COMMERCIAL RESEARCH AND EDUCATION PROVIDED THAT THE FOLLOWING SOURCE IS ACKNOWLEDGED: 

Klein Tank, A.M.G. and Coauthors, 2002. Daily dataset of 20th-century surface
air temperature and precipitation series for the European Climate Assessment.
Int. J. of Climatol., 22, 1441-1453.
Data and metadata available at http://www.ecad.eu

FILE FORMAT (MISSING VALUE CODE = -9999):

01-06 STAID: Station identifier
08-13 SOUID: Source identifier
15-22 DATE : Date YYYYMMDD
24-28 RR   : Precipitation amount in 0.1 mm
30-34 Q_RR : quality code for RR (0='valid'; 1='suspect'; 9='missing')

This is the blended series of station NEUSTADT A. RBG.-DUDENSEN, GERMANY (STAID: 22403)
Blended and updated with sources:120740 
See files sources.txt and stations.txt for more info.

STAID, SOUID,    DATE,   RR, Q_RR
 22403,120740,20181201,   10,    0
 22403,120740,20181202,   57,    0
 22403,120740,20181203,   66,    0
 22403,120740,20181204,    5,    0
 22403,120740,20181205,   22,    0
 22403,120740,20181206,    5,    0
 22403,120740,20181207,   56,    0
 22403,120740,20181208,  104,    0
 22403,120740,20181209,   37,    0
 22403,120740,20181210,   90,    0
 22403,120740,20181211,    0,    0
 22403,120740,20181212,    2,    0
 22403,120740,20181213,    0,    0
 22403,120740,20181214,    0,    0
 22403,120740,20181215,    0,    0
 22403,120740,20181216,    2,    0
 22403,120740,20181217,    3,    0
 22403,120740,20181218,    0,    0
 22403,120740,20181219,    3,    0
 22403,120740,20181220,   46,    0
 22403,120740,20181221,  115,    0
 22403,120740,20181222,   80,    0
 22403,120740,20181223,   71,    0
 22403,120740,20181224,   11,    0
 22403,120740,20181225,    1,    0
 22403,120740,20181226,    3,    0
 22403,120740,20181227,    0,    0
 22403,120740,20181228,    2,    0
 22403,120740,20181229,   60,    0
 22403,120740,20181230,    4,    0
 22403,120740,20181231,    5,    0
 22403,120740,20190101,   44,    0
 22403,120740,20190102,    0,    0
 22403,120740,20190103,    0,    0
 22403,120740,20190104,   36,    0
 22403,120740,20190105,   15,    0
 22403,120740,20190106,    5,    0
 22403,120740,20190107,   75,    0
 22403,120740,20190108,   66,    0
 22403,120740,20190109,    1,    0
 22403,120740,20190110,   15,    0
 22403,120740,20190111,   10,    0
 22403,120740,20190112,   25,    0
 22403,120740,20190113,   90,    0
 22403,120740,20190114,   15,    0
 22403,120740,20190115,   11,    0
 22403,120740,20190116,   19,    0
 22403,120740,20190117,   33,    0
 22403,120740,20190118,    0,    0
 22403,120740,20190119,    0,    0
 22403,120740,20190120,    0,    0
 22403,120740,20190121,    0,    0
 22403,120740,20190122,    0,    0
 22403,120740,20190123,    0,    0
 22403,120740,20190124,    0,    0
 22403,120740,20190125,   81,    0
 22403,120740,20190126,  102,    0
 22403,120740,20190127,   23,    0
 22403,120740,20190128,    9,    0
 22403,120740,20190129,    0,    0
 22403,120740,20190130,    1,    0
 22403,120740,20190131,    0,    0
 22403,120740,20190201,    3,    0
 22403,120740,20190202,    2,    0
 22403,120740,20190203,    2,    0
 22403,120740,20190204,    0,    0
 22403,120740,20190205,    1,    0
 22403,120740,20190206,    1,    0
 22403,120740,20190207,   25,    0
 22403,120740,20190208,   20,    0
 22403,120740,20190209,   53,    0
 22403,120740,20190210,   74,    0
 22403,120740,20190211,    9,    0
 22403,120740,20190212,    0,    0
 22403,120740,20190213,    3,    0
 22403,120740,20190214,    0,    0
 22403,120740,20190215,    0,    0
 22403,120740,20190216,    0,    0
 22403,120740,20190217,    0,    0
 22403,120740,20190218,    1,    0
 22403,120740,20190219,    9,    0
 22403,120740,20190220,    1,    0
 22403,120740,20190221,    8,    0
 22403,120740,20190222,    1,    0
 22403,120740,20190223,    0,    0
 22403,120740,20190224,    0,    0
 22403,120740,20190225,    0,    0
 22403,120740,20190226,    0,    0
 22403,120740,20190227,    0,    0
 22403,120740,20190228,    5,    0
 22403,120740,20190301,    0,    0
 22403,120740,20190302,    4,    0
 22403,120740,20190303,   46,    0
 22403,120740,20190304,   34,    0
 22403,120740,20190305,   11,    0
 22403,120740,20190306,    9,    0
 22403,120740,20190307,   32,    0
 22403,120740,20190308,   47,    0
 22403,120740,20190309,   42,    0
 22403,120740,20190310,  167,    0
 22403,120740,20190311,   66,    0
 22403,120740,20190312,    3,    0
 22403,120740,20190313,   45,    0
 22403,120740,20190314,  115,    0
 22403,120740,20190315,    5,    0
 22403,120740,20190316,   34,    0
 22403,120740,20190317,   31,    0
 22403,120740,20190318,   31,    0
 22403,120740,20190319,    1,    0
 22403,120740,20190320,    0,    0
 22403,120740,20190321,    0,    0
 22403,120740,20190322,    0,    0
 22403,120740,20190323,    0,    0
 22403,120740,20190324,   16,    0
 22403,120740,20190325,   30,    0
 22403,120740,20190326,    7,    0
 22403,120740,20190327,    3,    0
 22403,120740,20190328,    0,    0
 22403,120740,20190329,    0,    0
 22403,120740,20190330,    0,    0
 22403,120740,20190331,    0,    0
 22403,120740,20190401,    0,    0
 22403,120740,20190402,    6,    0
 22403,120740,20190403,  126,    0
 22403,120740,20190404,    1,    0
 22403,120740,20190405,    2,    0
 22403,120740,20190406,    0,    0
 22403,120740,20190407,    0,    0
 22403,120740,20190408,    0,    0
 22403,120740,20190409,    0,    0
 22403,120740,20190410,    0,    0
 22403,120740,20190411,    0,    0
 22403,120740,20190412,    1,    0
 22403,120740,20190413,    1,    0
 22403,120740,20190414,    7,    0
 22403,120740,20190415,    0,    0
 22403,120740,20190416,    0,    0
 22403,120740,20190417,    0,    0
 22403,120740,20190418,    0,    0
 22403,120740,20190419,    0,    0
 22403,120740,20190420,    0,    0
 22403,120740,20190421,    0,    0
 22403,120740,20190422,    0,    0
 22403,120740,20190423,    1,    0
 22403,120740,20190424,   32,    0
 22403,120740,20190425,    0,    0
 22403,120740,20190426,   59,    0
 22403,120740,20190427,   79,    0
 22403,120740,20190428,   21,    0
 22403,120740,20190429,   22,    0
 22403,120740,20190430,    0,    0
 22403,120740,20190501,    0,    0
 22403,120740,20190502,    9,    0
 22403,120740,20190503,    0,    0
 22403,120740,20190504,    8,    0
 22403,120740,20190505,    0,    0
 22403,120740,20190506,   19,    0
 22403,120740,20190507,    1,    0
 22403,120740,20190508,   72,    0
 22403,120740,20190509,    7,    0
 22403,120740,20190510,    3,    0
 22403,120740,20190511,   39,    0
 22403,120740,20190512,    0,    0
 22403,120740,20190513,    0,    0
 22403,120740,20190514,    0,    0
 22403,120740,20190515,    0,    0
 22403,120740,20190516,   81,    0
 22403,120740,20190517,    0,    0
 22403,120740,20190518,    0,    0
 22403,120740,20190519,    0,    0
 22403,120740,20190520,  101,    0
 22403,120740,20190521,   42,    0
 22403,120740,20190522,    1,    0
 22403,120740,20190523,    0,    0
 22403,120740,20190524,    0,    0
 22403,120740,20190525,    0,    0
 22403,120740,20190526,    5,    0
 22403,120740,20190527,    0,    0
 22403,120740,20190528,    0,    0
 22403,120740,20190529,    0,    0
 22403,120740,20190530,    9,    0
 22403,120740,20190531,    0,    0
 22403,120740,20190601,    0,    0
 22403,120740,20190602,    0,    0
 22403,120740,20190603,  121,    0
 22403,120740,20190604,    0,    0
 22403,120740,20190605,    3,    0
 22403,120740,20190606,    0,    0
 22403,120740,20190607,  132,    0
 22403,120740,20190608,    1,    0
 22403,120740,20190609,    0,    0
 22403,120740,20190610,   26,    0
 22403,120740,20190611,   47,    0
 22403,120740,20190612,   29,    0
 22403,120740,20190613,    0,    0
 22403,120740,20190614,   68,    0
 22403,120740,20190615,    0,    0
 22403,120740,20190616,    0,    0
 22403,120740,20190617,    0,    0
 22403,120740,20190618,    0,    0
 22403,120740,20190619,   39,    0
 22403,120740,20190620,    0,    0
 22403,120740,20190621,    0,    0
 22403,120740,20190622,    0,    0
 22403,120740,20190623,    0,    0
 22403,120740,20190624,    0,    0
 22403,120740,20190625,    0,    0
 22403,120740,20190626,    0,    0
 22403,120740,20190627,    0,    0
 22403,120740,20190628,    0,    0
 22403,120740,20190629,    0,    0
 22403,120740,20190630,    0,    0
 22403,120740,20190701,    0,    0
 22403,120740,20190702,    0,    0
 22403,120740,20190703,    0,    0
 22403,120740,20190704,    0,    0
 22403,120740,20190705,    0,    0
 22403,120740,20190706,   34,    0
 22403,120740,20190707,    0,    0
 22403,120740,20190708,    1,    0
 22403,120740,20190709,    0,    0
 22403,120740,20190710,    4,    0
 22403,120740,20190711,    3,    0
 22403,120740,20190712,  278,    0
 22403,120740,20190713,    9,    0
 22403,120740,20190714,    0,    0
 22403,120740,20190715,    1,    0
 22403,120740,20190716,    0,    0
 22403,120740,20190717,    0,    0
 22403,120740,20190718,    1,    0
 22403,120740,20190719,    0,    0
 22403,120740,20190720,  107,    0
 22403,120740,20190721,    0,    0
 22403,120740,20190722,    0,    0
 22403,120740,20190723,    0,    0
 22403,120740,20190724,    0,    0
 22403,120740,20190725,    0,    0
 22403,120740,20190726,    0,    0
 22403,120740,20190727,    0,    0
 22403,120740,20190728,    0,    0
 22403,120740,20190729,    0,    0
 22403,120740,20190730,   18,    0
 22403,120740,20190731,    0,    0
 22403,120740,20190801,    0,    0
 22403,120740,20190802,   15,    0
 22403,120740,20190803,    0,    0
 22403,120740,20190804,    0,    0
 22403,120740,20190805,   29,    0
 22403,120740,20190806,   19,    0
 22403,120740,20190807,   42,    0
 22403,120740,20190808,    0,    0
 22403,120740,20190809,   10,    0
 22403,120740,20190810,    0,    0
 22403,120740,20190811,    0,    0
 22403,120740,20190812,    0,    0
 22403,120740,20190813,   14,    0
 22403,120740,20190814,   20,    0
 22403,120740,20190815,   69,    0
 22403,120740,20190816,    0,    0
 22403,120740,20190817,   12,    0
 22403,120740,20190818,   59,    0
 22403,120740,20190819,    0,    0
 22403,120740,20190820,    0,    0
 22403,120740,20190821,    0,    0
 22403,120740,20190822,    0,    0
 22403,120740,20190823,    0,    0
 22403,120740,20190824,    0,    0
 22403,120740,20190825,    0,    0
 22403,120740,20190826,    0,    0
 22403,120740,20190827,    0,    0
 22403,120740,20190828,   67,    0
 22403,120740,20190829,   14,    0
 22403,120740,20190830,    0,    0
 22403,120740,20190831,    0,    0
 22403,120740,20190901,    5,    0
 22403,120740,20190902,    1,    0
 22403,120740,20190903,    0,    0
 22403,120740,20190904,    8,    0
 22403,120740,20190905,   18,    0
 22403,120740,20190906,    2,    0
 22403,120740,20190907,   89,    0
 22403,120740,20190908,   16,    0
 22403,120740,20190909,    3,    0
 22403,120740,20190910,    0,    0
 22403,120740,20190911,   33,    0
 22403,120740,20190912,    1,    0
 22403,120740,20190913,    0,    0
 22403,120740,20190914,    0,    0
 22403,120740,20190915,   20,    0
 22403,120740,20190916,   13,    0
 22403,120740,20190917,    9,    0
 22403,120740,20190918,    5,    0
 22403,120740,20190919,    0,    0
 22403,120740,20190920,    0,    0
 22403,120740,20190921,    0,    0
 22403,120740,20190922,    0,    0
 22403,120740,20190923,   51,    0
 22403,120740,20190924,   44,    0
 22403,120740,20190925,   17,    0
 22403,120740,20190926,   81,    0
 22403,120740,20190927,   13,    0
 22403,120740,20190928,   36,    0
 22403,120740,20190929,  222,    0
 22403,120740,20190930,  151,    0
 22403,120740,20191001,  225,    0
 22403,120740,20191002,   22,    0
 22403,120740,20191003,   55,    0
 22403,120740,20191004,  127,    0
 22403,120740,20191005,    2,    0
 22403,120740,20191006,    0,    0
 22403,120740,20191007,   33,    0
 22403,120740,20191008,   28,    0
 22403,120740,20191009,  108,    0
 22403,120740,20191010,   14,    0
 22403,120740,20191011,    9,    0
 22403,120740,20191012,    0,    0
 22403,120740,20191013,   16,    0
 22403,120740,20191014,    0,    0
 22403,120740,20191015,  274,    0
 22403,120740,20191016,   14,    0
 22403,120740,20191017,   15,    0
 22403,120740,20191018,   18,    0
 22403,120740,20191019,   19,    0
 22403,120740,20191020,   94,    0
 22403,120740,20191021,    4,    0
 22403,120740,20191022,    0,    0
 22403,120740,20191023,    0,    0
 22403,120740,20191024,    1,    0
 22403,120740,20191025,    0,    0
 22403,120740,20191026,   21,    0
 22403,120740,20191027,    0,    0
 22403,120740,20191028,    3,    0
 22403,120740,20191029,    0,    0
 22403,120740,20191030,    0,    0
 22403,120740,20191031,    0,    0
 22403,120740,20191101,   70,    0
 22403,120740,20191102,   55,    0
 22403,120740,20191103,   18,    0
 22403,120740,20191104,    2,    0
 22403,120740,20191105,   80,    0
 22403,120740,20191106,   16,    0
 22403,120740,20191107,   17,    0
 22403,120740,20191108,   20,    0
 22403,120740,20191109,    0,    0
 22403,120740,20191110,    0,    0
 22403,120740,20191111,    5,    0
 22403,120740,20191112,   34,    0
 22403,120740,20191113,    0,    0
 22403,120740,20191114,    0,    0
 22403,120740,20191115,   61,    0
 22403,120740,20191116,   36,    0
 22403,120740,20191117,   10,    0
 22403,120740,20191118,   72,    0
 22403,120740,20191119,    3,    0
 22403,120740,20191120,    2,    0
 22403,120740,20191121,    5,    0
 22403,120740,20191122,    0,    0
 22403,120740,20191123,    0,    0
 22403,120740,20191124,    0,    0
 22403,120740,20191125,    2,    0
 22403,120740,20191126,    0,    0
 22403,120740,20191127,   20,    0
 22403,120740,20191128,   34,    0
 22403,120740,20191129,   10,    0
 22403,120740,20191130,    0,    0
 22403,120740,20191201,    0,    0
 22403,120740,20191202,    7,    0
 22403,120740,20191203,    0,    0
 22403,120740,20191204,    0,    0
 22403,120740,20191205,    1,    0
 22403,120740,20191206,   50,    0
 22403,120740,20191207,   14,    0
 22403,120740,20191208,   10,    0
 22403,120740,20191209,   19,    0
 22403,120740,20191210,    6,    0
 22403,120740,20191211,   71,    0
 22403,120740,20191212,    3,    0
 22403,120740,20191213,   23,    0
 22403,120740,20191214,   86,    0
 22403,120740,20191215,    7,    0
 22403,120740,20191216,    0,    0
 22403,120740,20191217,   48,    0
 22403,120740,20191218,    0,    0
 22403,120740,20191219,    0,    0
 22403,120740,20191220,   17,    0
 22403,120740,20191221,   11,    0
 22403,120740,20191222,   20,    0
 22403,120740,20191223,    1,    0
 22403,120740,20191224,   45,    0
 22403,120740,20191225,   10,    0
 22403,120740,20191226,    0,    0
 22403,120740,20191227,    2,    0
 22403,120740,20191228,    0,    0
 22403,120740,20191229,    0,    0
 22403,120740,20191230,    2,    0
 22403,120740,20191231,    0,    0
 22403,120740,20200101,    0,    0
 22403,120740,20200102,    0,    0
 22403,120740,20200103,   29,    0
 22403,120740,20200104,   51,    0
 22403,120740,20200105,    0,    0
 22403,120740,20200106,    2,    0
 22403,120740,20200107,    4,    0
 22403,120740,20200108,   23,    0
 22403,120740,20200109,   13,    0
 22403,120740,20200110,    2,    0
 22403,120740,20200111,    0,    0
 22403,120740,20200112,   17,    0
 22403,120740,20200113,    2,    0
 22403,120740,20200114,    2,    0
 22403,120740,20200115,    1,    0
 22403,120740,20200116,    0,    0
 22403,120740,20200117,    6,    0
 22403,120740,20200118,    3,    0
 22403,120740,20200119,    2,    0
 22403,120740,20200120,    0,    0
 22403,120740,20200121,    1,    0
 22403,120740,20200122,    2,    0
 22403,120740,20200123,    0,    0
 22403,120740,20200124,    0,    0
 22403,120740,20200125,    3,    0
 22403,120740,20200126,    0,    0
 22403,120740,20200127,   20,    0
 22403,120740,20200128,   17,    0
 22403,120740,20200129,   23,    0
 22403,120740,20200130,    5,    0
 22403,120740,20200131,    3,    0
 22403,120740,20200201,    6,    0
 22403,120740,20200202,   78,    0
 22403,120740,20200203,   37,    0
 22403,120740,20200204,    4,    0
 22403,120740,20200205,    0,    0
 22403,120740,20200206,    0,    0
 22403,120740,20200207,    0,    0
 22403,120740,20200208,    0,    0
 22403,120740,20200209,  170,    0
 22403,120740,20200210,  145,    0
 22403,120740,20200211,   10,    0
 22403,120740,20200212,    2,    0
 22403,120740,20200213,   75,    0
 22403,120740,20200214,   10,    0
 22403,120740,20200215,   16,    0
 22403,120740,20200216,   58,    0
 22403,120740,20200217,   38,    0
 22403,120740,20200218,   22,    0
 22403,120740,20200219,   25,    0
 22403,120740,20200220,   60,    0
 22403,120740,20200221,    2,    0
 22403,120740,20200222,   98,    0
 22403,120740,20200223,  132,    0
 22403,120740,20200224,  124,    0
 22403,120740,20200225,    7,    0
 22403,120740,20200226,   29,    0
 22403,120740,20200227,   23,    0
 22403,120740,20200228,  143,    0
 22403,120740,20200229,    4,    0
 22403,120740,20200301,   13,    0
 22403,120740,20200302,   31,    0
 22403,120740,20200303,    3,    0
 22403,120740,20200304,   11,    0
 22403,120740,20200305,   37,    0
 22403,120740,20200306,   88,    0
 22403,120740,20200307,    0,    0
 22403,120740,20200308,    2,    0
 22403,120740,20200309,   46,    0
 22403,120740,20200310,  145,    0
 22403,120740,20200311,  101,    0
 22403,120740,20200312,   26,    0
 22403,120740,20200313,   42,    0
 22403,120740,20200314,    0,    0
 22403,120740,20200315,    0,    0
 22403,120740,20200316,    0,    0
 22403,120740,20200317,    0,    0
 22403,120740,20200318,    0,    0
 22403,120740,20200319,    0,    0
 22403,120740,20200320,    0,    0
 22403,120740,20200321,    0,    0
 22403,120740,20200322,    0,    0
 22403,120740,20200323,    0,    0
 22403,120740,20200324,    0,    0
 22403,120740,20200325,    0,    0
 22403,120740,20200326,    0,    0
 22403,120740,20200327,    0,    0
 22403,120740,20200328,    0,    0
 22403,120740,20200329,    5,    0
 22403,120740,20200330,   15,    0
 22403,120740,20200331,    0,    0
 22403,120740,20200401,    0,    0
 22403,120740,20200402,    5,    0
 22403,120740,20200403,    0,    0
 22403,120740,20200404,    0,    0
 22403,120740,20200405,    0,    0
 22403,120740,20200406,    0,    0
 22403,120740,20200407,    0,    0
 22403,120740,20200408,    0,    0
 22403,120740,20200409,    0,    0
 22403,120740,20200410,    0,    0
 22403,120740,20200411,    0,    0
 22403,120740,20200412,    1,    0
 22403,120740,20200413,    0,    0
 22403,120740,20200414,    0,    0
 22403,120740,20200415,    0,    0
 22403,120740,20200416,    0,    0
 22403,120740,20200417,    0,    0
 22403,120740,20200418,    0,    0
 22403,120740,20200419,    0,    0
 22403,120740,20200420,    0,    0
 22403,120740,20200421,    0,    0
 22403,120740,20200422,    0,    0
 22403,120740,20200423,    0,    0
 22403,120740,20200424,    0,    0
 22403,120740,20200425,    0,    0
 22403,120740,20200426,    0,    0
 22403,120740,20200427,    0,    0
 22403,120740,20200428,    2,    0
 22403,120740,20200429,    6,    0
 22403,120740,20200430,   78,    0
 22403,120740,20200501,    0,    0
 22403,120740,20200502,   62,    0
 22403,120740,20200503,    5,    0
 22403,120740,20200504,    4,    0
 22403,120740,20200505,    0,    0
 22403,120740,20200506,    0,    0
 22403,120740,20200507,    0,    0
 22403,120740,20200508,    0,    0
 22403,120740,20200509,    0,    0
 22403,120740,20200510,   23,    0
 22403,120740,20200511,    1,    0
 22403,120740,20200512,    0,    0
 22403,120740,20200513,   31,    0
 22403,120740,20200514,    0,    0
 22403,120740,20200515,    0,    0
 22403,120740,20200516,    0,    0
 22403,120740,20200517,    0,    0
 22403,120740,20200518,    0,    0
 22403,120740,20200519,    1,    0
 22403,120740,20200520,    0,    0
 22403,120740,20200521,    0,    0
 22403,120740,20200522,   45,    0
 22403,120740,20200523,   46,    0
 22403,120740,20200524,    9,    0
 22403,120740,20200525,    0,    0
 22403,120740,20200526,    0,    0
 22403,120740,20200527,    0,    0
 22403,120740,20200528,    0,    0
 22403,120740,20200529,    0,    0
 22403,120740,20200530,    0,    0
 22403,120740,20200531,    0,    0
 22403,120740,20200601,    0,    0
 22403,120740,20200602,    0,    0
 22403,120740,20200603,   24,    0
 22403,120740,20200604,  131,    0
 22403,120740,20200605,   48,    0
 22403,120740,20200606,   30,    0
 22403,120740,20200607,    0,    0
 22403,120740,20200608,    0,    0
 22403,120740,20200609,   18,    0
 22403,120740,20200610,    2,    0
 22403,120740,20200611,    4,    0
 22403,120740,20200612,    0,    0
 22403,120740,20200613,    1,    0
 22403,120740,20200614,  101,    0
 22403,120740,20200615,    0,    0
 22403,120740,20200616,   40,    0
 22403,120740,20200617,    0,    0
 22403,120740,20200618,    6,    0
 22403,120740,20200619,    2,    0
 22403,120740,20200620,    0,    0
 22403,120740,20200621,    6,    0
 22403,120740,20200622,    0,    0
 22403,120740,20200623,    0,    0
 22403,120740,20200624,    0,    0
 22403,120740,20200625,    0,    0
 22403,120740,20200626,    0,    0
 22403,120740,20200627,    0,    0
 22403,120740,20200628,   69,    0
 22403,120740,20200629,   13,    0
 22403,120740,20200630,   39,    0
 22403,120740,20200701,  115,    0
 22403,120740,20200702,    7,    0
 22403,120740,20200703,    0,    0
 22403,120740,20200704,    3,    0
 22403,120740,20200705,    4,    0
 22403,120740,20200706,   46,    0
 22403,120740,20200707,    2,    0
 22403,120740,20200708,   27,    0
 22403,120740,20200709,  114,    0
 22403,120740,20200710,   28,    0
 22403,120740,20200711,    0,    0
 22403,120740,20200712,    0,    0
 22403,120740,20200713,    0,    0
 22403,120740,20200714,   32,    0
 22403,120740,20200715,    1,    0
 22403,120740,20200716,    1,    0
 22403,120740,20200717,    0,    0
 22403,120740,20200718,    0,    0
 22403,120740,20200719,    0,    0
 22403,120740,20200720,    0,    0
 22403,120740,20200721,    0,    0
 22403,120740,20200722,    0,    0
 22403,120740,20200723,    0,    0
 22403,120740,20200724,    2,    0
 22403,120740,20200725,  134,    0
 22403,120740,20200726,    1,    0
 22403,120740,20200727,    0,    0
 22403,120740,20200728,    0,    0
 22403,120740,20200729,    0,    0
 22403,120740,20200730,    0,    0
 22403,120740,20200731,    0,    0
 22403,120740,20200801,    0,    0
 22403,120740,20200802,    0,    0
 22403,120740,20200803,    0,    0
 22403,120740,20200804,    0,    0
 22403,120740,20200805,    0,    0
 22403,120740,20200806,    0,    0
 22403,120740,20200807,    0,    0
 22403,120740,20200808,    0,    0
 22403,120740,20200809,    1,    0
 22403,120740,20200810,    0,    0
 22403,120740,20200811,    0,    0
 22403,120740,20200812,    0,    0
 22403,120740,20200813,    0,    0
 22403,120740,20200814,    0,    0
 22403,120740,20200815,    0,    0
 22403,120740,20200816,    7,    0
 22403,120740,20200817,  155,    0
 22403,120740,20200818,    4,    0
 22403,120740,20200819,    0,    0
 22403,120740,20200820,    0,    0
 22403,120740,20200821,   10,    0
 22403,120740,20200822,    0,    0
 22403,120740,20200823,   43,    0
 22403,120740,20200824,   47,    0
 22403,120740,20200825,   71,    0
 22403,120740,20200826,   24,    0
 22403,120740,20200827,   14,    0
 22403,120740,20200828,    0,    0
 22403,120740,20200829,    0,    0
 22403,120740,20200830,    0,    0
 22403,120740,20200831,    9,    0
 22403,120740,20200901,    0,    0
 22403,120740,20200902,    1,    0
 22403,120740,20200903,  165,    0
 22403,120740,20200904,   23,    0
 22403,120740,20200905,   23,    0
 22403,120740,20200906,    0,    0
 22403,120740,20200907,    0,    0
 22403,120740,20200908,    0,    0
 22403,120740,20200909,   10,    0
 22403,120740,20200910,    0,    0
 22403,120740,20200911,    0,    0
 22403,120740,20200912,    0,    0
 22403,120740,20200913,    0,    0
 22403,120740,20200914,    0,    0
 22403,120740,20200915,    0,    0
 22403,120740,20200916,    0,    0
 22403,120740,20200917,    0,    0
 22403,120740,20200918,    0,    0
 22403,120740,20200919,    0,    0
 22403,120740,20200920,    0,    0
 22403,120740,20200921,    0,    0
 22403,120740,20200922,    0,    0
 22403,120740,20200923,    0,    0
 22403,120740,20200924,    1,    0
 22403,120740,20200925,    0,    0
 22403,120740,20200926,  262,    0
 22403,120740,20200927,    1,    0
 22403,120740,20200928,    2,    0
 22403,120740,20200929,    0,    0
 22403,120740,20200930,    0,    0
 22403,120740,20201001,    0,    0
 22403,120740,20201002,    0,    0
 22403,120740,20201003,    1,    0
 22403,120740,20201004,    3,    0
 22403,120740,20201005,   27,    0
 22403,120740,20201006,    4,    0
 22403,120740,20201007,   28,    0
 22403,120740,20201008,   92,    0
 22403,120740,20201009,    1,    0
 22403,120740,20201010,   62,    0
 22403,120740,20201011,    0,    0
 22403,120740,20201012,   12,    0
 22403,120740,20201013,    0,    0
 22403,120740,20201014,    5,    0
 22403,120740,20201015,    3,    0
 22403,120740,20201016,    4,    0
 22403,120740,20201017,    2,    0
 22403,120740,20201018,    0,    0
 22403,120740,20201019,    0,    0
 22403,120740,20201020,   49,    0
 22403,120740,20201021,   36,    0
 22403,120740,20201022,  101,    0
 22403,120740,20201023,    7,    0
 22403,120740,20201024,    4,    0
 22403,120740,20201025,   46,    0
 22403,120740,20201026,    3,    0
 22403,120740,20201027,    2,    0
 22403,120740,20201028,   97,    0
 22403,120740,20201029,   78,    0
 22403,120740,20201030,   47,    0
 22403,120740,20201031,   16,    0
 22403,120740,20201101,   40,    0
 22403,120740,20201102,   21,    0
 22403,120740,20201103,    0,    0
 22403,120740,20201104,    0,    0
 22403,120740,20201105,    0,    0
 22403,120740,20201106,    0,    0
 22403,120740,20201107,    0,    0
 22403,120740,20201108,    0,    0
 22403,120740,20201109,    0,    0
 22403,120740,20201110,    0,    0
 22403,120740,20201111,    0,    0
 22403,120740,20201112,    9,    0
 22403,120740,20201113,    8,    0
 22403,120740,20201114,    4,    0
 22403,120740,20201115,    4,    0
 22403,120740,20201116,    3,    0
 22403,120740,20201117,    3,    0
 22403,120740,20201118,   13,    0
 22403,120740,20201119,   11,    0
 22403,120740,20201120,    0,    0
 22403,120740,20201121,    4,    0
 22403,120740,20201122,    0,    0
 22403,120740,20201123,    0,    0
 22403,120740,20201124,    0,    0
 22403,120740,20201125,    0,    0
 22403,120740,20201126,   11,    0
 22403,120740,20201127,    0,    0
 22403,120740,20201128,    0,    0
 22403,120740,20201129,    0,    0
 22403,120740,20201130,   42,    0
 22403,120740,20201201,   14,    0
 22403,120740,20201202,    0,    0
 22403,120740,20201203,    5,    0
 22403,120740,20201204,   23,    0
 22403,120740,20201205,   13,    0
 22403,120740,20201206,   16,    0
 22403,120740,20201207,   15,    0
 22403,120740,20201208,    0,    0
 22403,120740,20201209,    0,    0
 22403,120740,20201210,    0,    0
 22403,120740,20201211,    0,    0
 22403,120740,20201212,   20,    0
 22403,120740,20201213,   13,    0
 22403,120740,20201214,   11,    0
 22403,120740,20201215,   31,    0
 22403,120740,20201216,    2,    0
 22403,120740,20201217,    4,    0
 22403,120740,20201218,    0,    0
 22403,120740,20201219,    0,    0
 22403,120740,20201220,    2,    0
 22403,120740,20201221,  140,    0
 22403,120740,20201222,    4,    0
 22403,120740,20201223,  154,    0
 22403,120740,20201224,    4,    0
 22403,120740,20201225,    0,    0
 22403,120740,20201226,    3,    0
 22403,120740,20201227,   23,    0
 22403,120740,20201228,   19,    0
 22403,120740,20201229,    0,    0
 22403,120740,20201230,    3,    0
 22403,120740,20201231,    4,    0
 22403,120740,20210101,    4,    0
 22403,120740,20210102,    0,    0
 22403,120740,20210103,   66,    0
 22403,120740,20210104,   45,    0
 22403,120740,20210105,    8,    0
 22403,120740,20210106,   42,    0
 22403,120740,20210107,   25,    0
 22403,120740,20210108,    7,    0
 22403,120740,20210109,    0,    0
 22403,120740,20210110,    3,    0
 22403,120740,20210111,  106,    0
 22403,120740,20210112,   20,    0
 22403,120740,20210113,   18,    0
 22403,120740,20210114,    0,    0
 22403,120740,20210115,    0,    0
 22403,120740,20210116,    0,    0
 22403,120740,20210117,    7,    0
 22403,120740,20210118,   35,    0
 22403,120740,20210119,  109,    0
 22403,120740,20210120,    0,    0
 22403,120740,20210121,   36,    0
 22403,120740,20210122,    2,    0
 22403,120740,20210123,    0,    0
 22403,120740,20210124,   14,    0
 22403,120740,20210125,   19,    0
 22403,120740,20210126,    2,    0
 22403,120740,20210127,   15,    0
 22403,120740,20210128,    9,    0
 22403,120740,20210129,  162,    0
 22403,120740,20210130,    0,    0
 22403,120740,20210131,    0,    0
 22403,120740,20210201,    8,    0
 22403,120740,20210202,  128,    0
 22403,120740,20210203,  231,    0
 22403,120740,20210204,   23,    0
 22403,120740,20210205,   21,    0
 22403,120740,20210206,   43,    0
 22403,120740,20210207,  103,    0
 22403,120740,20210208,   58,    0
 22403,120740,20210209,    2,    0
 22403,120740,20210210,    0,    0
 22403,120740,20210211,    0,    0
 22403,120740,20210212,    0,    0
 22403,120740,20210213,    0,    0
 22403,120740,20210214,    0,    0
 22403,120740,20210215,   72,    0
 22403,120740,20210216,   16,    0
 22403,120740,20210217,    3,    0
 22403,120740,20210218,   14,    0
 22403,120740,20210219,    0,    0
 22403,120740,20210220,    0,    0
 22403,120740,20210221,    0,    0
 22403,120740,20210222,    0,    0
 22403,120740,20210223,    0,    0
 22403,120740,20210224,    0,    0
 22403,120740,20210225,   40,    0
 22403,120740,20210226,    0,    0
 22403,120740,20210227,    0,    0
 22403,120740,20210228,    0,    0
 22403,120740,20210301,    0,    0
 22403,120740,20210302,    0,    0
 22403,120740,20210303,    2,    0
 22403,120740,20210304,    0,    0
 22403,120740,20210305,    1,    0
 22403,120740,20210306,    0,    0
 22403,120740,20210307,    0,    0
 22403,120740,20210308,    5,    0
 22403,120740,20210309,   30,    0
 22403,120740,20210310,   56,    0
 22403,120740,20210311,   82,    0
 22403,120740,20210312,   35,    0
 22403,120740,20210313,  102,    0
 22403,120740,20210314,   35,    0
 22403,120740,20210315,    6,    0
 22403,120740,20210316,    6,    0
 22403,120740,20210317,    0,    0
 22403,120740,20210318,   18,    0
 22403,120740,20210319,    1,    0
 22403,120740,20210320,    2,    0
 22403,120740,20210321,    0,    0
 22403,120740,20210322,    0,    0
 22403,120740,20210323,    0,    0
 22403,120740,20210324,    0,    0
 22403,120740,20210325,    0,    0
 22403,120740,20210326,   59,    0
 22403,120740,20210327,   40,    0
 22403,120740,20210328,    2,    0
 22403,120740,20210329,    0,    0
 22403,120740,20210330,    0,    0
 22403,120740,20210331,    0,    0
 22403,120740,20210401,    0,    0
 22403,120740,20210402,    0,    0
 22403,120740,20210403,    0,    0
 22403,120740,20210404,    9,    0
 22403,120740,20210405,   30,    0
 22403,120740,20210406,   33,    0
 22403,120740,20210407,   49,    0
 22403,120740,20210408,    0,    0
 22403,120740,20210409,    5,    0
 22403,120740,20210410,  116,    0
 22403,120740,20210411,   11,    0
 22403,120740,20210412,    0,    0
 22403,120740,20210413,   24,    0
 22403,120740,20210414,    0,    0
 22403,120740,20210415,    0,    0
 22403,120740,20210416,    0,    0
 22403,120740,20210417,    0,    0
 22403,120740,20210418,   52,    0
 22403,120740,20210419,    0,    0
 22403,120740,20210420,    0,    0
 22403,120740,20210421,    0,    0
 22403,120740,20210422,    0,    0
 22403,120740,20210423,    0,    0
 22403,120740,20210424,    0,    0
 22403,120740,20210425,    0,    0
 22403,120740,20210426,    0,    0
 22403,120740,20210427,    0,    0
 22403,120740,20210428,   12,    0
 22403,120740,20210429,   43,    0
 22403,120740,20210430,    0,    0
 22403,120740,20210501,    0,    0
 22403,120740,20210502,    0,    0
 22403,120740,20210503,   34,    0
 22403,120740,20210504,   21,    0
 22403,120740,20210505,   32,    0
 22403,120740,20210506,   44,    0
 22403,120740,20210507,    0,    0
 22403,120740,20210508,   10,    0
 22403,120740,20210509,    0,    0
 22403,120740,20210510,  271,    0
 22403,120740,20210511,    5,    0
 22403,120740,20210512,    8,    0
 22403,120740,20210513,    0,    0
 22403,120740,20210514,    0,    0
 22403,120740,20210515,   54,    0
 22403,120740,20210516,   12,    0
 22403,120740,20210517,   56,    0
 22403,120740,20210518,    9,    0
 22403,120740,20210519,  107,    0
 22403,120740,20210520,    9,    0
 22403,120740,20210521,   15,    0
 22403,120740,20210522,   19,    0
 22403,120740,20210523,   32,    0
 22403,120740,20210524,   12,    0
 22403,120740,20210525,   81,    0
 22403,120740,20210526,   42,    0
 22403,120740,20210527,   20,    0
 22403,120740,20210528,   16,    0
 22403,120740,20210529,    0,    0
 22403,120740,20210530,    0,    0
 22403,120740,20210531,    0,    0
 22403,120740,20210601,    0,    0
 22403,120740,20210602,    0,    0
 22403,120740,20210603,   70,    0
 22403,120740,20210604,   96,    0
 22403,120740,20210605,   19,    0
 22403,120740,20210606,    0,    0
 22403,120740,20210607,    0,    0
 22403,120740,20210608,    0,    0
 22403,120740,20210609,   12,    0
 22403,120740,20210610,    0,    0
 22403,120740,20210611,    0,    0
 22403,120740,20210612,   16,    0
 22403,120740,20210613,    0,    0
 22403,120740,20210614,    0,    0
 22403,120740,20210615,    0,    0
 22403,120740,20210616,    0,    0
 22403,120740,20210617,    0,    0
 22403,120740,20210618,    0,    0
 22403,120740,20210619,   65,    0
 22403,120740,20210620,  100,    0
 22403,120740,20210621,   81,    0
 22403,120740,20210622,    0,    0
 22403,120740,20210623,    0,    0
 22403,120740,20210624,    0,    0
 22403,120740,20210625,    0,    0
 22403,120740,20210626,    0,    0
 22403,120740,20210627,    0,    0
 22403,120740,20210628,    3,    0
 22403,120740,20210629,   32,    0
 22403,120740,20210630,   28,    0
 22403,120740,20210701,   81,    0
 22403,120740,20210702,    0,    0
 22403,120740,20210703,    0,    0
 22403,120740,20210704,   97,    0
 22403,120740,20210705,   23,    0
 22403,120740,20210706,    8,    0
 22403,120740,20210707,    0,    0
 22403,120740,20210708,    0,    0
 22403,120740,20210709,    2,    0
 22403,120740,20210710,    0,    0
 22403,120740,20210711,    0,    0
 22403,120740,20210712,    0,    0
 22403,120740,20210713,   35,    0
 22403,120740,20210714,   42,    0
 22403,120740,20210715,    0,    0
 22403,120740,20210716,    0,    0
 22403,120740,20210717,    0,    0
 22403,120740,20210718,    0,    0
 22403,120740,20210719,    0,    0
 22403,120740,20210720,    0,    0
 22403,120740,20210721,    0,    0
 22403,120740,20210722,    0,    0
 22403,120740,20210723,    0,    0
 22403,120740,20210724,   78,    0
 22403,120740,20210725,    0,    0
 22403,120740,20210726,    0,    0
 22403,120740,20210727,    0,    0
 22403,120740,20210728,   90,    0
 22403,120740,20210729,    0,    0
 22403,120740,20210730,    0,    0
 22403,120740,20210731,   15,    0
 22403,120740,20210801,    6,    0
 22403,120740,20210802,    0,    0
 22403,120740,20210803,    5,    0
 22403,120740,20210804,    0,    0
 22403,120740,20210805,    0,    0
 22403,120740,20210806,   39,    0
 22403,120740,20210807,   14,    0
 22403,120740,20210808,    0,    0
 22403,120740,20210809,   19,    0
 22403,120740,20210810,   11,    0
 22403,120740,20210811,    0,    0
 22403,120740,20210812,    0,    0
 22403,120740,20210813,    0,    0
 22403,120740,20210814,    0,    0
 22403,120740,20210815,    0,    0
 22403,120740,20210816,   52,    0
 22403,120740,20210817,   17,    0
 22403,120740,20210818,    3,    0
 22403,120740,20210819,   50,    0
 22403,120740,20210820,    1,    0
 22403,120740,20210821,   98,    0
 22403,120740,20210822,  213,    0
 22403,120740,20210823,    0,    0
 22403,120740,20210824,    0,    0
 22403,120740,20210825,    8,    0
 22403,120740,20210826,   25,    0
 22403,120740,20210827,   75,    0
 22403,120740,20210828,   97,    0
 22403,120740,20210829,   40,    0
 22403,120740,20210830,    4,    0
 22403,120740,20210831,    0,    0
 22403,120740,20210901,    0,    0
 22403,120740,20210902,    0,    0
 22403,120740,20210903,    0,    0
 22403,120740,20210904,    0,    0
 22403,120740,20210905,    0,    0
 22403,120740,20210906,    3,    0
 22403,120740,20210907,    0,    0
 22403,120740,20210908,    0,    0
 22403,120740,20210909,   53,    0
 22403,120740,20210910,    0,    0
 22403,120740,20210911,    0,    0
 22403,120740,20210912,    0,    0
 22403,120740,20210913,    0,    0
 22403,120740,20210914,    0,    0
 22403,120740,20210915,  216,    0
 22403,120740,20210916,    5,    0
 22403,120740,20210917,    0,    0
 22403,120740,20210918,    0,    0
 22403,120740,20210919,    0,    0
 22403,120740,20210920,    0,    0
 22403,120740,20210921,    0,    0
 22403,120740,20210922,    0,    0
 22403,120740,20210923,    4,    0
 22403,120740,20210924,    0,    0
 22403,120740,20210925,    1,    0
 22403,120740,20210926,  106,    0
 22403,120740,20210927,   35,    0
 22403,120740,20210928,    0,    0
 22403,120740,20210929,   24,    0
 22403,120740,20210930,    0,    0
 22403,120740,20211001,    7,    0
 22403,120740,20211002,    1,    0
 22403,120740,20211003,    4,    0
 22403,120740,20211004,    0,    0
 22403,120740,20211005,    5,    0
 22403,120740,20211006,    0,    0
 22403,120740,20211007,    0,    0
 22403,120740,20211008,    0,    0
 22403,120740,20211009,    0,    0
 22403,120740,20211010,    4,    0
 22403,120740,20211011,   73,    0
 22403,120740,20211012,    4,    0
 22403,120740,20211013,   19,    0
 22403,120740,20211014,    2,    0
 22403,120740,20211015,   21,    0
 22403,120740,20211016,    0,    0
 22403,120740,20211017,    0,    0
 22403,120740,20211018,    0,    0
 22403,120740,20211019,    4,    0
 22403,120740,20211020,   24,    0
 22403,120740,20211021,  149,    0
 22403,120740,20211022,   36,    0
 22403,120740,20211023,    1,    0
 22403,120740,20211024,    0,    0
 22403,120740,20211025,   14,    0
 22403,120740,20211026,    0,    0
 22403,120740,20211027,    1,    0
 22403,120740,20211028,    0,    0
 22403,120740,20211029,    0,    0
 22403,120740,20211030,    0,    0
 22403,120740,20211031,    0,    0
 22403,120740,20211101,    0,    0
 22403,120740,20211102,    2,    0
 22403,120740,20211103,   63,    0
 22403,120740,20211104,   35,    0
 22403,120740,20211105,    3,    0
 22403,120740,20211106,   10,    0
 22403,120740,20211107,   12,    0
 22403,120740,20211108,    6,    0
 22403,120740,20211109,    0,    0
 22403,120740,20211110,    0,    0
 22403,120740,20211111,    1,    0
 22403,120740,20211112,   20,    0
 22403,120740,20211113,    1,    0
 22403,120740,20211114,    0,    0
 22403,120740,20211115,    0,    0
 22403,120740,20211116,    7,    0
 22403,120740,20211117,    7,    0
 22403,120740,20211118,    7,    0
 22403,120740,20211119,    0,    0
 22403,120740,20211120,    0,    0
 22403,120740,20211121,    9,    0
 22403,120740,20211122,   10,    0
 22403,120740,20211123,   11,    0
 22403,120740,20211124,    2,    0
 22403,120740,20211125,    4,    0
 22403,120740,20211126,   71,    0
 22403,120740,20211127,   22,    0
 22403,120740,20211128,   14,    0
 22403,120740,20211129,   19,    0
 22403,120740,20211130,   54,    0
 22403,120740,20211201,   10,    0
 22403,120740,20211202,    3,    0
 22403,120740,20211203,    0,    0
 22403,120740,20211204,   90,    0
 22403,120740,20211205,    0,    0
 22403,120740,20211206,    5,    0
 22403,120740,20211207,   14,    0
 22403,120740,20211208,    1,    0
 22403,120740,20211209,    0,    0
 22403,120740,20211210,    0,    0
 22403,120740,20211211,    2,    0
 22403,120740,20211212,   30,    0
 22403,120740,20211213,    0,    0
 22403,120740,20211214,    2,    0
 22403,120740,20211215,    0,    0
 22403,120740,20211216,    3,    0
 22403,120740,20211217,    5,    0
 22403,120740,20211218,    2,    0
 22403,120740,20211219,    2,    0
 22403,120740,20211220,    0,    0
 22403,120740,20211221,    0,    0
 22403,120740,20211222,    0,    0
 22403,120740,20211223,  136,    0
 22403,120740,20211224,  106,    0
 22403,120740,20211225,    0,    0
 22403,120740,20211226,    0,    0
 22403,120740,20211227,    5,    0
 22403,120740,20211228,   35,    0
 22403,120740,20211229,   54,    0
 22403,120740,20211230,   15,    0
 22403,120740,20211231,   18,    0
 22403,120740,20220101,   15,    0
 22403,120740,20220102,   20,    0
 22403,120740,20220103,    2,    0
 22403,120740,20220104,   31,    0
 22403,120740,20220105,   61,    0
 22403,120740,20220106,    1,    0
 22403,120740,20220107,   12,    0
 22403,120740,20220108,   35,    0
 22403,120740,20220109,   60,    0
 22403,120740,20220110,    7,    0
 22403,120740,20220111,    0,    0
 22403,120740,20220112,    0,    0
 22403,120740,20220113,    0,    0
 22403,120740,20220114,    7,    0
 22403,120740,20220115,    0,    0
 22403,120740,20220116,    7,    0
 22403,120740,20220117,   24,    0
 22403,120740,20220118,    3,    0
 22403,120740,20220119,   22,    0
 22403,120740,20220120,   22,    0
 22403,120740,20220121,   12,    0
 22403,120740,20220122,   12,    0
 22403,120740,20220123,   10,    0
 22403,120740,20220124,    0,    0
 22403,120740,20220125,    0,    0
 22403,120740,20220126,    2,    0
 22403,120740,20220127,   40,    0
 22403,120740,20220128,   15,    0
 22403,120740,20220129,   24,    0
 22403,120740,20220130,   35,    0
 22403,120740,20220131,   25,    0
 22403,120740,20220201,   86,    0
 22403,120740,20220202,   16,    0
 22403,120740,20220203,   17,    0
 22403,120740,20220204,   78,    0
 22403,120740,20220205,   70,    0
 22403,120740,20220206,  152,    0
 22403,120740,20220207,   27,    0
 22403,120740,20220208,   10,    0
 22403,120740,20220209,    2,    0
 22403,120740,20220210,   15,    0
 22403,120740,20220211,   10,    0
 22403,120740,20220212,    0,    0
 22403,120740,20220213,    0,    0
 22403,120740,20220214,    0,    0
 22403,120740,20220215,   34,    0
 22403,120740,20220216,   92,    0
 22403,120740,20220217,    8,    0
 22403,120740,20220218,   80,    0
 22403,120740,20220219,   42,    0
 22403,120740,20220220,  169,    0
 22403,120740,20220221,   74,    0
 22403,120740,20220222,   32,    0
 22403,120740,20220223,    1,    0
 22403,120740,20220224,   12,    0
 22403,120740,20220225,   57,    0
 22403,120740,20220226,    0,    0
 22403,120740,20220227,    0,    0
 22403,120740,20220228,    0,    0
 22403,120740,20220301,    0,    0
 22403,120740,20220302,    0,    0
 22403,120740,20220303,    0,    0
 22403,120740,20220304,    0,    0
 22403,120740,20220305,    0,    0
 22403,120740,20220306,    0,    0
 22403,120740,20220307,    0,    0
 22403,120740,20220308,    0,    0
 22403,120740,20220309,    0,    0
 22403,120740,20220310,    0,    0
 22403,120740,20220311,    0,    0
 22403,120740,20220312,    0,    0
 22403,120740,20220313,    0,    0
 22403,120740,20220314,   16,    0
 22403,120740,20220315,    0,    0
 22403,120740,20220316,    0,    0
 22403,120740,20220317,   25,    0
 22403,120740,20220318,    0,    0
 22403,120740,20220319,    0,    0
 22403,120740,20220320,    0,    0
 22403,120740,20220321,    0,    0
 22403,120740,20220322,    0,    0
 22403,120740,20220323,    0,    0
 22403,120740,20220324,    0,    0
 22403,120740,20220325,    0,    0
 22403,120740,20220326,    0,    0
 22403,120740,20220327,    0,    0
 22403,120740,20220328,    0,    0
 22403,120740,20220329,    0,    0
 22403,120740,20220330,    0,    0
 22403,120740,20220331,   32,    0
 22403,120740,20220401,    0,    0
 22403,120740,20220402,    0,    0
 22403,120740,20220403,    4,    0
 22403,120740,20220404,   97,    0
 22403,120740,20220405,   30,    0
 22403,120740,20220406,   12,    0
 22403,120740,20220407,  200,    0
 22403,120740,20220408,   12,    0
 22403,120740,20220409,   13,    0
 22403,120740,20220410,    8,    0
 22403,120740,20220411,    0,    0
 22403,120740,20220412,    0,    0
 22403,120740,20220413,   23,    0
 22403,120740,20220414,    0,    0
 22403,120740,20220415,    0,    0
 22403,120740,20220416,    0,    0
 22403,120740,20220417,    0,    0
 22403,120740,20220418,    0,    0
 22403,120740,20220419,    0,    0
 22403,120740,20220420,    0,    0
 22403,120740,20220421,    0,    0
 22403,120740,20220422,    0,    0
 22403,120740,20220423,    0,    0
 22403,120740,20220424,    0,    0
 22403,120740,20220425,    1,    0
 22403,120740,20220426,    3,    0
 22403,120740,20220427,    0,    0
 22403,120740,20220428,    0,    0
 22403,120740,20220429,    0,    0
 22403,120740,20220430,    0,    0
 22403,120740,20220501,    0,    0
 22403,120740,20220502,    0,    0
 22403,120740,20220503,    0,    0
 22403,120740,20220504,    0,    0
 22403,120740,20220505,    0,    0
 22403,120740,20220506,    0,    0
 22403,120740,20220507,   20,    0
 22403,120740,20220508,    0,    0
 22403,120740,20220509,    0,    0
 22403,120740,20220510,    6,    0
 22403,120740,20220511,    7,    0
 22403,120740,20220512,    0,    0
 22403,120740,20220513,    0,    0
 22403,120740,20220514,    0,    0
 22403,120740,20220515,    0,    0
 22403,120740,20220516,   30,    0
 22403,120740,20220517,    0,    0
 22403,120740,20220518,    0,    0
 22403,120740,20220519,   49,    0
 22403,120740,20220520,   52,    0
 22403,120740,20220521,    1,    0
 22403,120740,20220522,    0,    0
 22403,120740,20220523,   30,    0
 22403,120740,20220524,   38,    0
 22403,120740,20220525,   13,    0
 22403,120740,20220526,   30,    0
 22403,120740,20220527,   29,    0
 22403,120740,20220528,    7,    0
 22403,120740,20220529,    6,    0
 22403,120740,20220530,    0,    0
 22403,120740,20220531,    8,    0
 22403,120740,20220601,   28,    0
 22403,120740,20220602,    1,    0
 22403,120740,20220603,    0,    0
 22403,120740,20220604,    0,    0
 22403,120740,20220605,   15,    0
 22403,120740,20220606,    0,    0
 22403,120740,20220607,    0,    0
 22403,120740,20220608,   46,    0
 22403,120740,20220609,    0,    0
 22403,120740,20220610,    0,    0
 22403,120740,20220611,    0,    0
 22403,120740,20220612,    0,    0
 22403,120740,20220613,   10,    0
 22403,120740,20220614,    0,    0
 22403,120740,20220615,    0,    0
 22403,120740,20220616,    0,    0
 22403,120740,20220617,    0,    0
 22403,120740,20220618,    0,    0
 22403,120740,20220619,   11,    0
 22403,120740,20220620,    0,    0
 22403,120740,20220621,    0,    0
 22403,120740,20220622,    0,    0
 22403,120740,20220623,    0,    0
 22403,120740,20220624,    1,    0
 22403,120740,20220625,    0,    0
 22403,120740,20220626,   84,    0
 22403,120740,20220627,    0,    0
 22403,120740,20220628,    0,    0
 22403,120740,20220629,    0,    0
 22403,120740,20220630,  131,    0
 22403,120740,20220701,    0,    0
 22403,120740,20220702,    0,    0
 22403,120740,20220703,    0,    0
 22403,120740,20220704,    0,    0
 22403,120740,20220705,    0,    0
 22403,120740,20220706,   48,    0
 22403,120740,20220707,   50,    0
 22403,120740,20220708,    0,    0
 22403,120740,20220709,   26,    0
 22403,120740,20220710,    0,    0
 22403,120740,20220711,    3,    0
 22403,120740,20220712,    0,    0
 22403,120740,20220713,    0,    0
 22403,120740,20220714,    0,    0
 22403,120740,20220715,    0,    0
 22403,120740,20220716,    0,    0
 22403,120740,20220717,    0,    0
 22403,120740,20220718,    0,    0
 22403,120740,20220719,    0,    0
 22403,120740,20220720,    1,    0
 22403,120740,20220721,   72,    0
 22403,120740,20220722,    5,    0
 22403,120740,20220723,    0,    0
 22403,120740,20220724,    0,    0
 22403,120740,20220725,    0,    0
 22403,120740,20220726,   47,    0
 22403,120740,20220727,    0,    0
 22403,120740,20220728,    0,    0
 22403,120740,20220729,   52,    0
 22403,120740,20220730,    0,    0
 22403,120740,20220731,  108,    0
 22403,120740,20220801,    1,    0
 22403,120740,20220802,    0,    0
 22403,120740,20220803,    0,    0
 22403,120740,20220804,   17,    0
 22403,120740,20220805,   55,    0
 22403,120740,20220806,    0,    0
 22403,120740,20220807,    0,    0
 22403,120740,20220808,    0,    0
 22403,120740,20220809,    0,    0
 22403,120740,20220810,    0,    0
 22403,120740,20220811,    0,    0
 22403,120740,20220812,    0,    0
 22403,120740,20220813,    0,    0
 22403,120740,20220814,    0,    0
 22403,120740,20220815,   32,    0
 22403,120740,20220816,    0,    0
 22403,120740,20220817,    0,    0
 22403,120740,20220818,    0,    0
 22403,120740,20220819,    5,    0
 22403,120740,20220820,    1,    0
 22403,120740,20220821,    0,    0
 22403,120740,20220822,    0,    0
 22403,120740,20220823,    0,    0
 22403,120740,20220824,    0,    0
 22403,120740,20220825,    0,    0
 22403,120740,20220826,    0,    0
 22403,120740,20220827,    0,    0
 22403,120740,20220828,    0,    0
 22403,120740,20220829,    0,    0
 22403,120740,20220830,    0,    0
 22403,120740,20220831,    0,    0
 22403,120740,20220901,    0,    0
 22403,120740,20220902,    0,    0
 22403,120740,20220903,    0,    0
 22403,120740,20220904,    0,    0
 22403,120740,20220905,    0,    0
 22403,120740,20220906,   51,    0
 22403,120740,20220907,   13,    0
 22403,120740,20220908,   46,    0
 22403,120740,20220909,  160,    0
 22403,120740,20220910,   71,    0
 22403,120740,20220911,    2,    0
 22403,120740,20220912,    9,    0
 22403,120740,20220913,    8,    0
 22403,120740,20220914,    0,    0
 22403,120740,20220915,    2,    0
 22403,120740,20220916,   88,    0
 22403,120740,20220917,   83,    0
 22403,120740,20220918,   92,    0
 22403,120740,20220919,   88,    0
 22403,120740,20220920,    3,    0
 22403,120740,20220921,    0,    0
 22403,120740,20220922,    0,    0
 22403,120740,20220923,   12,    0
 22403,120740,20220924,   80,    0
 22403,120740,20220925,    0,    0
 22403,120740,20220926,  129,    0
 22403,120740,20220927,   81,    0
 22403,120740,20220928,    9,    0
 22403,120740,20220929,    0,    0
 22403,120740,20220930,   46,    0
 22403,120740,20221001,   60,    0
 22403,120740,20221002,   20,    0
 22403,120740,20221003,    0,    0
 22403,120740,20221004,    0,    0
 22403,120740,20221005,    0,    0
 22403,120740,20221006,    0,    0
 22403,120740,20221007,    0,    0
 22403,120740,20221008,   17,    0
 22403,120740,20221009,    0,    0
 22403,120740,20221010,    9,    0
 22403,120740,20221011,    0,    0
 22403,120740,20221012,    0,    0
 22403,120740,20221013,    7,    0
 22403,120740,20221014,    2,    0
 22403,120740,20221015,    2,    0
 22403,120740,20221016,    3,    0
 22403,120740,20221017,    0,    0
 22403,120740,20221018,    0,    0
 22403,120740,20221019,    0,    0
 22403,120740,20221020,   33,    0
 22403,120740,20221021,    0,    0
 22403,120740,20221022,    0,    0
 22403,120740,20221023,   41,    0
 22403,120740,20221024,    0,    0
 22403,120740,20221025,    1,    0
 22403,120740,20221026,    0,    0
 22403,120740,20221027,    0,    0
 22403,120740,20221028,    0,    0
 22403,120740,20221029,    0,    0
 22403,120740,20221030,    0,    0
 22403,120740,20221031,    1,    0
