EUROPEAN CLIMATE ASSESSMENT & DATASET (ECA&D), file created on: 16-11-2022
THESE DATA CAN BE USED FOR NON-COMMERCIAL RESEARCH AND EDUCATION PROVIDED THAT THE FOLLOWING SOURCE IS ACKNOWLEDGED: 

Klein Tank, A.M.G. and Coauthors, 2002. Daily dataset of 20th-century surface
air temperature and precipitation series for the European Climate Assessment.
Int. J. of Climatol., 22, 1441-1453.
Data and metadata available at http://www.ecad.eu

FILE FORMAT (MISSING VALUE CODE = -9999):

01-06 STAID: Station identifier
08-13 SOUID: Source identifier
15-22 DATE : Date YYYYMMDD
24-28 RR   : Precipitation amount in 0.1 mm
30-34 Q_RR : quality code for RR (0='valid'; 1='suspect'; 9='missing')

This is the blended series of station PANTA DE DARNIUS - BOADELLA, SPAIN (STAID: 11346)
Blended and updated with sources:73105 
See files sources.txt and stations.txt for more info.

STAID, SOUID,    DATE,   RR, Q_RR
 11346, 73105,20160101,    0,    0
 11346, 73105,20160102,   12,    0
 11346, 73105,20160103,    0,    0
 11346, 73105,20160104,   18,    0
 11346, 73105,20160105,   68,    0
 11346, 73105,20160106,    1,    0
 11346, 73105,20160107,    0,    0
 11346, 73105,20160108,    0,    0
 11346, 73105,20160109,    1,    0
 11346, 73105,20160110,    1,    0
 11346, 73105,20160111,    2,    0
 11346, 73105,20160112,    3,    0
 11346, 73105,20160113,    1,    0
 11346, 73105,20160114,    0,    0
 11346, 73105,20160115,    0,    0
 11346, 73105,20160116,    0,    0
 11346, 73105,20160117,    0,    0
 11346, 73105,20160118,    3,    0
 11346, 73105,20160119,    2,    0
 11346, 73105,20160120,    1,    0
 11346, 73105,20160121,    0,    0
 11346, 73105,20160122,    1,    0
 11346, 73105,20160123,    0,    0
 11346, 73105,20160124,    1,    0
 11346, 73105,20160125,    0,    0
 11346, 73105,20160126,    0,    0
 11346, 73105,20160127,    0,    0
 11346, 73105,20160128,    1,    0
 11346, 73105,20160129,    0,    0
 11346, 73105,20160130,    0,    0
 11346, 73105,20160131,    0,    0
 11346, 73105,20160201,    0,    0
 11346, 73105,20160202,    0,    0
 11346, 73105,20160203,    0,    0
 11346, 73105,20160204,    0,    0
 11346, 73105,20160205,    0,    0
 11346, 73105,20160206,    0,    0
 11346, 73105,20160207,   23,    0
 11346, 73105,20160208,    0,    0
 11346, 73105,20160209,    1,    0
 11346, 73105,20160210,    2,    0
 11346, 73105,20160211,   14,    0
 11346, 73105,20160212,    0,    0
 11346, 73105,20160213,    0,    0
 11346, 73105,20160214,  394,    0
 11346, 73105,20160215,    0,    0
 11346, 73105,20160216,    0,    0
 11346, 73105,20160217,    0,    0
 11346, 73105,20160218,    0,    0
 11346, 73105,20160219,    0,    0
 11346, 73105,20160220,    0,    0
 11346, 73105,20160221,    0,    0
 11346, 73105,20160222,    5,    0
 11346, 73105,20160223,    0,    0
 11346, 73105,20160224,    0,    0
 11346, 73105,20160225,    2,    0
 11346, 73105,20160226,    0,    0
 11346, 73105,20160227,  109,    0
 11346, 73105,20160228,   94,    0
 11346, 73105,20160229,    0,    0
 11346, 73105,20160301,    0,    0
 11346, 73105,20160302,    0,    0
 11346, 73105,20160303,    0,    0
 11346, 73105,20160304,   16,    0
 11346, 73105,20160305,  130,    0
 11346, 73105,20160306,    0,    0
 11346, 73105,20160307,    0,    0
 11346, 73105,20160308,    0,    0
 11346, 73105,20160309,    0,    0
 11346, 73105,20160310,    0,    0
 11346, 73105,20160311,    0,    0
 11346, 73105,20160312,    0,    0
 11346, 73105,20160313,    0,    0
 11346, 73105,20160314,    1,    0
 11346, 73105,20160315,   59,    0
 11346, 73105,20160316,   77,    0
 11346, 73105,20160317,  141,    0
 11346, 73105,20160318,   28,    0
 11346, 73105,20160319,    0,    0
 11346, 73105,20160320,    9,    0
 11346, 73105,20160321,    0,    0
 11346, 73105,20160322,    0,    0
 11346, 73105,20160323,    0,    0
 11346, 73105,20160324,    0,    0
 11346, 73105,20160325,    0,    0
 11346, 73105,20160326,    0,    0
 11346, 73105,20160327,    1,    0
 11346, 73105,20160328,    0,    0
 11346, 73105,20160329,    0,    0
 11346, 73105,20160330,    0,    0
 11346, 73105,20160331,    0,    0
 11346, 73105,20160401,   22,    0
 11346, 73105,20160402,   32,    0
 11346, 73105,20160403,    0,    0
 11346, 73105,20160404,    3,    0
 11346, 73105,20160405,  272,    0
 11346, 73105,20160406,    0,    0
 11346, 73105,20160407,    4,    0
 11346, 73105,20160408,    5,    0
 11346, 73105,20160409,    0,    0
 11346, 73105,20160410,    0,    0
 11346, 73105,20160411,    1,    0
 11346, 73105,20160412,    0,    0
 11346, 73105,20160413,   38,    0
 11346, 73105,20160414,    0,    0
 11346, 73105,20160415,    0,    0
 11346, 73105,20160416,    0,    0
 11346, 73105,20160417,    7,    0
 11346, 73105,20160418,    0,    0
 11346, 73105,20160419,    0,    0
 11346, 73105,20160420,    2,    0
 11346, 73105,20160421,  207,    0
 11346, 73105,20160422,  173,    0
 11346, 73105,20160423,   26,    0
 11346, 73105,20160424,    0,    0
 11346, 73105,20160425,    0,    0
 11346, 73105,20160426,    0,    0
 11346, 73105,20160427,    0,    0
 11346, 73105,20160428,   20,    0
 11346, 73105,20160429,    0,    0
 11346, 73105,20160430,    1,    0
 11346, 73105,20160501,    0,    0
 11346, 73105,20160502,    0,    0
 11346, 73105,20160503,    0,    0
 11346, 73105,20160504,    0,    0
 11346, 73105,20160505,    0,    0
 11346, 73105,20160506,    0,    0
 11346, 73105,20160507,    0,    0
 11346, 73105,20160508,  203,    0
 11346, 73105,20160509,  344,    0
 11346, 73105,20160510,   69,    0
 11346, 73105,20160511,   33,    0
 11346, 73105,20160512,   29,    0
 11346, 73105,20160513,    3,    0
 11346, 73105,20160514,    0,    0
 11346, 73105,20160515,    0,    0
 11346, 73105,20160516,    0,    0
 11346, 73105,20160517,    0,    0
 11346, 73105,20160518,   47,    0
 11346, 73105,20160519,    0,    0
 11346, 73105,20160520,    0,    0
 11346, 73105,20160521,    0,    0
 11346, 73105,20160522,   33,    0
 11346, 73105,20160523,    1,    0
 11346, 73105,20160524,    0,    0
 11346, 73105,20160525,    0,    0
 11346, 73105,20160526,    0,    0
 11346, 73105,20160527,    0,    0
 11346, 73105,20160528,   32,    0
 11346, 73105,20160529,  156,    0
 11346, 73105,20160530,  186,    0
 11346, 73105,20160531,   35,    0
 11346, 73105,20160601,   18,    0
 11346, 73105,20160602,   11,    0
 11346, 73105,20160603,   10,    0
 11346, 73105,20160604,   63,    0
 11346, 73105,20160605,    0,    0
 11346, 73105,20160606,   15,    0
 11346, 73105,20160607,    0,    0
 11346, 73105,20160608,    0,    0
 11346, 73105,20160609,    0,    0
 11346, 73105,20160610,    0,    0
 11346, 73105,20160611,    5,    0
 11346, 73105,20160612,    0,    0
 11346, 73105,20160613,    4,    0
 11346, 73105,20160614,    0,    0
 11346, 73105,20160615,   99,    0
 11346, 73105,20160616,    0,    0
 11346, 73105,20160617,  148,    0
 11346, 73105,20160618,   78,    0
 11346, 73105,20160619,    0,    0
 11346, 73105,20160620,    0,    0
 11346, 73105,20160621,    0,    0
 11346, 73105,20160622,    0,    0
 11346, 73105,20160623,    0,    0
 11346, 73105,20160624,    0,    0
 11346, 73105,20160625,    0,    0
 11346, 73105,20160626,    0,    0
 11346, 73105,20160627,    0,    0
 11346, 73105,20160628,    0,    0
 11346, 73105,20160629,    0,    0
 11346, 73105,20160630,   25,    0
 11346, 73105,20160701,    0,    0
 11346, 73105,20160702,    0,    0
 11346, 73105,20160703,    0,    0
 11346, 73105,20160704,    0,    0
 11346, 73105,20160705,    0,    0
 11346, 73105,20160706,    0,    0
 11346, 73105,20160707,    0,    0
 11346, 73105,20160708,   68,    0
 11346, 73105,20160709,    0,    0
 11346, 73105,20160710,    0,    0
 11346, 73105,20160711,    0,    0
 11346, 73105,20160712,    0,    0
 11346, 73105,20160713,    0,    0
 11346, 73105,20160714,    0,    0
 11346, 73105,20160715,    0,    0
 11346, 73105,20160716,    0,    0
 11346, 73105,20160717,    0,    0
 11346, 73105,20160718,    0,    0
 11346, 73105,20160719,    0,    0
 11346, 73105,20160720,    0,    0
 11346, 73105,20160721,    1,    0
 11346, 73105,20160722,   29,    0
 11346, 73105,20160723,    0,    0
 11346, 73105,20160724,    0,    0
 11346, 73105,20160725,    0,    0
 11346, 73105,20160726,    0,    0
 11346, 73105,20160727,    0,    0
 11346, 73105,20160728,    0,    0
 11346, 73105,20160729,    0,    0
 11346, 73105,20160730,    0,    0
 11346, 73105,20160731,   13,    0
 11346, 73105,20160801,    0,    0
 11346, 73105,20160802,    0,    0
 11346, 73105,20160803,    0,    0
 11346, 73105,20160804,    0,    0
 11346, 73105,20160805,  102,    0
 11346, 73105,20160806,    0,    0
 11346, 73105,20160807,    0,    0
 11346, 73105,20160808,    0,    0
 11346, 73105,20160809,   40,    0
 11346, 73105,20160810,    0,    0
 11346, 73105,20160811,    0,    0
 11346, 73105,20160812,    0,    0
 11346, 73105,20160813,    0,    0
 11346, 73105,20160814,    0,    0
 11346, 73105,20160815,    0,    0
 11346, 73105,20160816,    1,    0
 11346, 73105,20160817,   15,    0
 11346, 73105,20160818,    0,    0
 11346, 73105,20160819,    1,    0
 11346, 73105,20160820,    0,    0
 11346, 73105,20160821,    0,    0
 11346, 73105,20160822,    0,    0
 11346, 73105,20160823,    0,    0
 11346, 73105,20160824,    0,    0
 11346, 73105,20160825,    0,    0
 11346, 73105,20160826,    0,    0
 11346, 73105,20160827,    0,    0
 11346, 73105,20160828,    1,    0
 11346, 73105,20160829,    6,    0
 11346, 73105,20160830,    0,    0
 11346, 73105,20160831,    0,    0
 11346, 73105,20160901,    0,    0
 11346, 73105,20160902,    0,    0
 11346, 73105,20160903,    0,    0
 11346, 73105,20160904,    0,    0
 11346, 73105,20160905,    0,    0
 11346, 73105,20160906,    0,    0
 11346, 73105,20160907,    0,    0
 11346, 73105,20160908,    0,    0
 11346, 73105,20160909,    0,    0
 11346, 73105,20160910,    3,    0
 11346, 73105,20160911,    0,    0
 11346, 73105,20160912,    0,    0
 11346, 73105,20160913,    3,    0
 11346, 73105,20160914,  152,    0
 11346, 73105,20160915,    1,    0
 11346, 73105,20160916,    0,    0
 11346, 73105,20160917,    0,    0
 11346, 73105,20160918,    0,    0
 11346, 73105,20160919,    0,    0
 11346, 73105,20160920,    0,    0
 11346, 73105,20160921,    0,    0
 11346, 73105,20160922,    0,    0
 11346, 73105,20160923,    1,    0
 11346, 73105,20160924,    0,    0
 11346, 73105,20160925,  676,    0
 11346, 73105,20160926,    0,    0
 11346, 73105,20160927,    0,    0
 11346, 73105,20160928,    0,    0
 11346, 73105,20160929,    0,    0
 11346, 73105,20160930,    0,    0
 11346, 73105,20161001,    8,    0
 11346, 73105,20161002,    0,    0
 11346, 73105,20161003,    0,    0
 11346, 73105,20161004,    0,    0
 11346, 73105,20161005,    0,    0
 11346, 73105,20161006,  164,    0
 11346, 73105,20161007,    1,    0
 11346, 73105,20161008,    0,    0
 11346, 73105,20161009,    0,    0
 11346, 73105,20161010,    0,    0
 11346, 73105,20161011,    0,    0
 11346, 73105,20161012,  550,    0
 11346, 73105,20161013,  328,    0
 11346, 73105,20161014,  351,    0
 11346, 73105,20161015,    0,    0
 11346, 73105,20161016,    1,    0
 11346, 73105,20161017,    0,    0
 11346, 73105,20161018,    0,    0
 11346, 73105,20161019,    0,    0
 11346, 73105,20161020,    0,    0
 11346, 73105,20161021,    0,    0
 11346, 73105,20161022,    1,    0
 11346, 73105,20161023,    0,    0
 11346, 73105,20161024,    2,    0
 11346, 73105,20161025,   29,    0
 11346, 73105,20161026,    0,    0
 11346, 73105,20161027,    0,    0
 11346, 73105,20161028,    0,    0
 11346, 73105,20161029,    0,    0
 11346, 73105,20161030,    1,    0
 11346, 73105,20161031,    1,    0
 11346, 73105,20161101,    0,    0
 11346, 73105,20161102,    1,    0
 11346, 73105,20161103,    0,    0
 11346, 73105,20161104,    0,    0
 11346, 73105,20161105,  130,    0
 11346, 73105,20161106,   25,    0
 11346, 73105,20161107,   25,    0
 11346, 73105,20161108,    0,    0
 11346, 73105,20161109,    0,    0
 11346, 73105,20161110,    0,    0
 11346, 73105,20161111,    0,    0
 11346, 73105,20161112,    0,    0
 11346, 73105,20161113,   18,    0
 11346, 73105,20161114,    0,    0
 11346, 73105,20161115,    0,    0
 11346, 73105,20161116,    0,    0
 11346, 73105,20161117,    0,    0
 11346, 73105,20161118,    1,    0
 11346, 73105,20161119,    0,    0
 11346, 73105,20161120,    0,    0
 11346, 73105,20161121,   18,    0
 11346, 73105,20161122,   85,    0
 11346, 73105,20161123,  210,    0
 11346, 73105,20161124,    1,    0
 11346, 73105,20161125,    0,    0
 11346, 73105,20161126,   82,    0
 11346, 73105,20161127,   21,    0
 11346, 73105,20161128,    1,    0
 11346, 73105,20161129,   69,    0
 11346, 73105,20161130,    0,    0
 11346, 73105,20161201,    1,    0
 11346, 73105,20161202,    1,    0
 11346, 73105,20161203,    1,    0
 11346, 73105,20161204,  172,    0
 11346, 73105,20161205,   10,    0
 11346, 73105,20161206,    1,    0
 11346, 73105,20161207,    2,    0
 11346, 73105,20161208,    0,    0
 11346, 73105,20161209,    0,    0
 11346, 73105,20161210,    2,    0
 11346, 73105,20161211,    2,    0
 11346, 73105,20161212,    0,    0
 11346, 73105,20161213,    0,    0
 11346, 73105,20161214,    0,    0
 11346, 73105,20161215,    0,    0
 11346, 73105,20161216,  278,    0
 11346, 73105,20161217,   52,    0
 11346, 73105,20161218,    1,    0
 11346, 73105,20161219,   17,    0
 11346, 73105,20161220,   12,    0
 11346, 73105,20161221,    3,    0
 11346, 73105,20161222,    0,    0
 11346, 73105,20161223,    0,    0
 11346, 73105,20161224,    1,    0
 11346, 73105,20161225,    0,    0
 11346, 73105,20161226,    0,    0
 11346, 73105,20161227,    0,    0
 11346, 73105,20161228,    0,    0
 11346, 73105,20161229,    0,    0
 11346, 73105,20161230,    0,    0
 11346, 73105,20161231,    1,    0
 11346, 73105,20170101,    1,    0
 11346, 73105,20170102,    2,    0
 11346, 73105,20170103,    1,    0
 11346, 73105,20170104,    0,    0
 11346, 73105,20170105,    0,    0
 11346, 73105,20170106,    0,    0
 11346, 73105,20170107,    0,    0
 11346, 73105,20170108,    0,    0
 11346, 73105,20170109,    0,    0
 11346, 73105,20170110,    9,    0
 11346, 73105,20170111,    0,    0
 11346, 73105,20170112,    0,    0
 11346, 73105,20170113,   41,    0
 11346, 73105,20170114,    0,    0
 11346, 73105,20170115,    0,    0
 11346, 73105,20170116,    0,    0
 11346, 73105,20170117,    0,    0
 11346, 73105,20170118,    0,    0
 11346, 73105,20170119,    1,    0
 11346, 73105,20170120,  289,    0
 11346, 73105,20170121,   47,    0
 11346, 73105,20170122,  105,    0
 11346, 73105,20170123,   28,    0
 11346, 73105,20170124,    0,    0
 11346, 73105,20170125,   12,    0
 11346, 73105,20170126,   22,    0
 11346, 73105,20170127,  384,    0
 11346, 73105,20170128,   64,    0
 11346, 73105,20170129,    0,    0
 11346, 73105,20170130,    2,    0
 11346, 73105,20170131,    0,    0
 11346, 73105,20170201,    0,    0
 11346, 73105,20170202,    0,    0
 11346, 73105,20170203,    0,    0
 11346, 73105,20170204,    0,    0
 11346, 73105,20170205,   43,    0
 11346, 73105,20170206,    0,    0
 11346, 73105,20170207,   95,    0
 11346, 73105,20170208,    7,    0
 11346, 73105,20170209,    0,    0
 11346, 73105,20170210,    0,    0
 11346, 73105,20170211,   11,    0
 11346, 73105,20170212,   38,    0
 11346, 73105,20170213,  454,    0
 11346, 73105,20170214,  227,    0
 11346, 73105,20170215,  307,    0
 11346, 73105,20170216,    0,    0
 11346, 73105,20170217,    0,    0
 11346, 73105,20170218,    1,    0
 11346, 73105,20170219,    0,    0
 11346, 73105,20170220,    0,    0
 11346, 73105,20170221,    0,    0
 11346, 73105,20170222,    0,    0
 11346, 73105,20170223,    0,    0
 11346, 73105,20170224,    0,    0
 11346, 73105,20170225,    0,    0
 11346, 73105,20170226,    0,    0
 11346, 73105,20170227,    0,    0
 11346, 73105,20170228,   31,    0
 11346, 73105,20170301,    0,    0
 11346, 73105,20170302,    0,    0
 11346, 73105,20170303,   11,    0
 11346, 73105,20170304,  319,    0
 11346, 73105,20170305,    1,    0
 11346, 73105,20170306,    1,    0
 11346, 73105,20170307,   35,    0
 11346, 73105,20170308,    0,    0
 11346, 73105,20170309,    1,    0
 11346, 73105,20170310,    0,    0
 11346, 73105,20170311,    0,    0
 11346, 73105,20170312,    0,    0
 11346, 73105,20170313,    0,    0
 11346, 73105,20170314,    0,    0
 11346, 73105,20170315,    0,    0
 11346, 73105,20170316,    0,    0
 11346, 73105,20170317,    0,    0
 11346, 73105,20170318,    0,    0
 11346, 73105,20170319,    0,    0
 11346, 73105,20170320,    0,    0
 11346, 73105,20170321,    0,    0
 11346, 73105,20170322,    0,    0
 11346, 73105,20170323,    0,    0
 11346, 73105,20170324,  141,    0
 11346, 73105,20170325,  199,    0
 11346, 73105,20170326,    0,    0
 11346, 73105,20170327,    0,    0
 11346, 73105,20170328,    0,    0
 11346, 73105,20170329,    0,    0
 11346, 73105,20170330,    0,    0
 11346, 73105,20170331,    0,    0
 11346, 73105,20170401,  113,    0
 11346, 73105,20170402,    1,    0
 11346, 73105,20170403,    0,    0
 11346, 73105,20170404,    0,    0
 11346, 73105,20170405,    0,    0
 11346, 73105,20170406,    0,    0
 11346, 73105,20170407,    0,    0
 11346, 73105,20170408,    0,    0
 11346, 73105,20170409,    0,    0
 11346, 73105,20170410,    0,    0
 11346, 73105,20170411,    0,    0
 11346, 73105,20170412,    0,    0
 11346, 73105,20170413,    0,    0
 11346, 73105,20170414,    0,    0
 11346, 73105,20170415,    5,    0
 11346, 73105,20170416,    0,    0
 11346, 73105,20170417,    0,    0
 11346, 73105,20170418,    0,    0
 11346, 73105,20170419,    0,    0
 11346, 73105,20170420,    0,    0
 11346, 73105,20170421,    0,    0
 11346, 73105,20170422,    0,    0
 11346, 73105,20170423,    0,    0
 11346, 73105,20170424,    0,    0
 11346, 73105,20170425,    3,    0
 11346, 73105,20170426,  162,    0
 11346, 73105,20170427,    6,    0
 11346, 73105,20170428,    0,    0
 11346, 73105,20170429,    0,    0
 11346, 73105,20170430,   34,    0
 11346, 73105,20170501,    0,    0
 11346, 73105,20170502,   14,    0
 11346, 73105,20170503,   27,    0
 11346, 73105,20170504,    1,    0
 11346, 73105,20170505,    0,    0
 11346, 73105,20170506,   52,    0
 11346, 73105,20170507,    0,    0
 11346, 73105,20170508,    0,    0
 11346, 73105,20170509,    0,    0
 11346, 73105,20170510,    0,    0
 11346, 73105,20170511,    3,    0
 11346, 73105,20170512,    0,    0
 11346, 73105,20170513,   38,    0
 11346, 73105,20170514,    9,    0
 11346, 73105,20170515,    0,    0
 11346, 73105,20170516,    0,    0
 11346, 73105,20170517,    0,    0
 11346, 73105,20170518,  177,    0
 11346, 73105,20170519,   19,    0
 11346, 73105,20170520,    5,    0
 11346, 73105,20170521,    0,    0
 11346, 73105,20170522,    0,    0
 11346, 73105,20170523,    0,    0
 11346, 73105,20170524,    0,    0
 11346, 73105,20170525,    0,    0
 11346, 73105,20170526,    0,    0
 11346, 73105,20170527,    0,    0
 11346, 73105,20170528,    0,    0
 11346, 73105,20170529,    0,    0
 11346, 73105,20170530,    0,    0
 11346, 73105,20170531,    0,    0
 11346, 73105,20170601,    0,    0
 11346, 73105,20170602,   16,    0
 11346, 73105,20170603,   67,    0
 11346, 73105,20170604,   69,    0
 11346, 73105,20170605,    0,    0
 11346, 73105,20170606,    0,    0
 11346, 73105,20170607,    0,    0
 11346, 73105,20170608,    0,    0
 11346, 73105,20170609,    1,    0
 11346, 73105,20170610,    0,    0
 11346, 73105,20170611,    0,    0
 11346, 73105,20170612,    0,    0
 11346, 73105,20170613,    0,    0
 11346, 73105,20170614,    0,    0
 11346, 73105,20170615,    0,    0
 11346, 73105,20170616,    0,    0
 11346, 73105,20170617,    0,    0
 11346, 73105,20170618,    0,    0
 11346, 73105,20170619,    0,    0
 11346, 73105,20170620,    0,    0
 11346, 73105,20170621,    0,    0
 11346, 73105,20170622,    0,    0
 11346, 73105,20170623,    0,    0
 11346, 73105,20170624,    0,    0
 11346, 73105,20170625,    8,    0
 11346, 73105,20170626,    0,    0
 11346, 73105,20170627,   52,    0
 11346, 73105,20170628,  375,    0
 11346, 73105,20170629,  142,    0
 11346, 73105,20170630,   20,    0
 11346, 73105,20170701,   15,    0
 11346, 73105,20170702,    0,    0
 11346, 73105,20170703,    0,    0
 11346, 73105,20170704,    0,    0
 11346, 73105,20170705,    0,    0
 11346, 73105,20170706,    0,    0
 11346, 73105,20170707,    0,    0
 11346, 73105,20170708,    1,    0
 11346, 73105,20170709,    0,    0
 11346, 73105,20170710,   12,    0
 11346, 73105,20170711,    0,    0
 11346, 73105,20170712,    0,    0
 11346, 73105,20170713,    0,    0
 11346, 73105,20170714,    0,    0
 11346, 73105,20170715,    0,    0
 11346, 73105,20170716,    0,    0
 11346, 73105,20170717,    0,    0
 11346, 73105,20170718,    0,    0
 11346, 73105,20170719,    0,    0
 11346, 73105,20170720,    0,    0
 11346, 73105,20170721,    6,    0
 11346, 73105,20170722,    0,    0
 11346, 73105,20170723,  164,    0
 11346, 73105,20170724,    1,    0
 11346, 73105,20170725,    0,    0
 11346, 73105,20170726,    0,    0
 11346, 73105,20170727,    0,    0
 11346, 73105,20170728,    0,    0
 11346, 73105,20170729,    0,    0
 11346, 73105,20170730,    0,    0
 11346, 73105,20170731,    0,    0
 11346, 73105,20170801,    0,    0
 11346, 73105,20170802,    0,    0
 11346, 73105,20170803,    0,    0
 11346, 73105,20170804,    0,    0
 11346, 73105,20170805,    0,    0
 11346, 73105,20170806,   84,    0
 11346, 73105,20170807,    0,    0
 11346, 73105,20170808,   24,    0
 11346, 73105,20170809,    7,    0
 11346, 73105,20170810,    1,    0
 11346, 73105,20170811,    0,    0
 11346, 73105,20170812,    0,    0
 11346, 73105,20170813,    0,    0
 11346, 73105,20170814,    0,    0
 11346, 73105,20170815,    0,    0
 11346, 73105,20170816,    0,    0
 11346, 73105,20170817,    0,    0
 11346, 73105,20170818,    0,    0
 11346, 73105,20170819,    0,    0
 11346, 73105,20170820,    0,    0
 11346, 73105,20170821,    0,    0
 11346, 73105,20170822,    0,    0
 11346, 73105,20170823,    0,    0
 11346, 73105,20170824,    0,    0
 11346, 73105,20170825,    0,    0
 11346, 73105,20170826,    0,    0
 11346, 73105,20170827,    0,    0
 11346, 73105,20170828,    0,    0
 11346, 73105,20170829,    0,    0
 11346, 73105,20170830,    0,    0
 11346, 73105,20170831,  106,    0
 11346, 73105,20170901,    0,    0
 11346, 73105,20170902,    0,    0
 11346, 73105,20170903,    0,    0
 11346, 73105,20170904,    0,    0
 11346, 73105,20170905,    0,    0
 11346, 73105,20170906,    0,    0
 11346, 73105,20170907,    0,    0
 11346, 73105,20170908,    0,    0
 11346, 73105,20170909,  172,    0
 11346, 73105,20170910,    0,    0
 11346, 73105,20170911,    0,    0
 11346, 73105,20170912,    0,    0
 11346, 73105,20170913,    0,    0
 11346, 73105,20170914,    8,    0
 11346, 73105,20170915,   98,    0
 11346, 73105,20170916,   51,    0
 11346, 73105,20170917,    1,    0
 11346, 73105,20170918,    0,    0
 11346, 73105,20170919,    0,    0
 11346, 73105,20170920,    0,    0
 11346, 73105,20170921,    0,    0
 11346, 73105,20170922,    0,    0
 11346, 73105,20170923,    0,    0
 11346, 73105,20170924,    0,    0
 11346, 73105,20170925,   90,    0
 11346, 73105,20170926,    0,    0
 11346, 73105,20170927,    0,    0
 11346, 73105,20170928,    0,    0
 11346, 73105,20170929,    0,    0
 11346, 73105,20170930,   65,    0
 11346, 73105,20171001,    0,    0
 11346, 73105,20171002,   20,    0
 11346, 73105,20171003,    0,    0
 11346, 73105,20171004,    0,    0
 11346, 73105,20171005,    0,    0
 11346, 73105,20171006,    0,    0
 11346, 73105,20171007,    0,    0
 11346, 73105,20171008,    0,    0
 11346, 73105,20171009,    0,    0
 11346, 73105,20171010,    0,    0
 11346, 73105,20171011,    0,    0
 11346, 73105,20171012,    0,    0
 11346, 73105,20171013,    0,    0
 11346, 73105,20171014,    0,    0
 11346, 73105,20171015,    0,    0
 11346, 73105,20171016,    0,    0
 11346, 73105,20171017,    0,    0
 11346, 73105,20171018,   46,    0
 11346, 73105,20171019,  205,    0
 11346, 73105,20171020,    0,    0
 11346, 73105,20171021,    8,    0
 11346, 73105,20171022,    0,    0
 11346, 73105,20171023,    0,    0
 11346, 73105,20171024,    0,    0
 11346, 73105,20171025,    0,    0
 11346, 73105,20171026,    1,    0
 11346, 73105,20171027,    0,    0
 11346, 73105,20171028,    0,    0
 11346, 73105,20171029,    0,    0
 11346, 73105,20171030,    0,    0
 11346, 73105,20171031,    0,    0
 11346, 73105,20171101,    0,    0
 11346, 73105,20171102,    0,    0
 11346, 73105,20171103,    0,    0
 11346, 73105,20171104,   26,    0
 11346, 73105,20171105,    8,    0
 11346, 73105,20171106,    0,    0
 11346, 73105,20171107,    0,    0
 11346, 73105,20171108,    0,    0
 11346, 73105,20171109,    0,    0
 11346, 73105,20171110,    0,    0
 11346, 73105,20171111,    0,    0
 11346, 73105,20171112,    0,    0
 11346, 73105,20171113,    0,    0
 11346, 73105,20171114,    0,    0
 11346, 73105,20171115,    0,    0
 11346, 73105,20171116,    0,    0
 11346, 73105,20171117,    0,    0
 11346, 73105,20171118,    0,    0
 11346, 73105,20171119,    0,    0
 11346, 73105,20171120,    0,    0
 11346, 73105,20171121,    0,    0
 11346, 73105,20171122,    0,    0
 11346, 73105,20171123,    0,    0
 11346, 73105,20171124,    1,    0
 11346, 73105,20171125,    0,    0
 11346, 73105,20171126,    0,    0
 11346, 73105,20171127,    0,    0
 11346, 73105,20171128,    0,    0
 11346, 73105,20171129,    0,    0
 11346, 73105,20171130,    0,    0
 11346, 73105,20171201,    0,    0
 11346, 73105,20171202,    1,    0
 11346, 73105,20171203,    0,    0
 11346, 73105,20171204,    0,    0
 11346, 73105,20171205,    0,    0
 11346, 73105,20171206,    0,    0
 11346, 73105,20171207,    0,    0
 11346, 73105,20171208,    0,    0
 11346, 73105,20171209,    0,    0
 11346, 73105,20171210,    1,    0
 11346, 73105,20171211,    0,    0
 11346, 73105,20171212,   54,    0
 11346, 73105,20171213,    2,    0
 11346, 73105,20171214,    0,    0
 11346, 73105,20171215,   55,    0
 11346, 73105,20171216,    0,    0
 11346, 73105,20171217,    0,    0
 11346, 73105,20171218,   90,    0
 11346, 73105,20171219,    0,    0
 11346, 73105,20171220,    0,    0
 11346, 73105,20171221,    0,    0
 11346, 73105,20171222,    0,    0
 11346, 73105,20171223,    0,    0
 11346, 73105,20171224,    0,    0
 11346, 73105,20171225,    1,    0
 11346, 73105,20171226,    0,    0
 11346, 73105,20171227,   19,    0
 11346, 73105,20171228,    0,    0
 11346, 73105,20171229,    1,    0
 11346, 73105,20171230,    0,    0
 11346, 73105,20171231,    1,    0
 11346, 73105,20180101,    8,    0
 11346, 73105,20180102,    0,    0
 11346, 73105,20180103,    0,    0
 11346, 73105,20180104,    0,    0
 11346, 73105,20180105,    0,    0
 11346, 73105,20180106,  121,    0
 11346, 73105,20180107,  333,    0
 11346, 73105,20180108,    2,    0
 11346, 73105,20180109,    0,    0
 11346, 73105,20180110,    0,    0
 11346, 73105,20180111,    2,    0
 11346, 73105,20180112,    0,    0
 11346, 73105,20180113,    7,    0
 11346, 73105,20180114,   22,    0
 11346, 73105,20180115,    0,    0
 11346, 73105,20180116,    0,    0
 11346, 73105,20180117,    0,    0
 11346, 73105,20180118,    0,    0
 11346, 73105,20180119,    0,    0
 11346, 73105,20180120,    0,    0
 11346, 73105,20180121,    0,    0
 11346, 73105,20180122,    0,    0
 11346, 73105,20180123,    1,    0
 11346, 73105,20180124,    0,    0
 11346, 73105,20180125,    0,    0
 11346, 73105,20180126,   70,    0
 11346, 73105,20180127,    1,    0
 11346, 73105,20180128,    0,    0
 11346, 73105,20180129,    0,    0
 11346, 73105,20180130,    1,    0
 11346, 73105,20180131,    2,    0
 11346, 73105,20180201,   44,    0
 11346, 73105,20180202,    0,    0
 11346, 73105,20180203,    0,    0
 11346, 73105,20180204,  123,    0
 11346, 73105,20180205,  274,    0
 11346, 73105,20180206,   13,    0
 11346, 73105,20180207,    0,    0
 11346, 73105,20180208,    0,    0
 11346, 73105,20180209,    1,    0
 11346, 73105,20180210,    0,    0
 11346, 73105,20180211,   11,    0
 11346, 73105,20180212,    0,    0
 11346, 73105,20180213,    0,    0
 11346, 73105,20180214,    7,    0
 11346, 73105,20180215,    1,    0
 11346, 73105,20180216,   10,    0
 11346, 73105,20180217,   67,    0
 11346, 73105,20180218,    0,    0
 11346, 73105,20180219,    3,    0
 11346, 73105,20180220,   64,    0
 11346, 73105,20180221,    0,    0
 11346, 73105,20180222,    0,    0
 11346, 73105,20180223,    0,    0
 11346, 73105,20180224,    0,    0
 11346, 73105,20180225,    0,    0
 11346, 73105,20180226,    0,    0
 11346, 73105,20180227,    0,    0
 11346, 73105,20180228,  193,    0
 11346, 73105,20180301,   55,    0
 11346, 73105,20180302,    0,    0
 11346, 73105,20180303,    0,    0
 11346, 73105,20180304,   19,    0
 11346, 73105,20180305,   44,    0
 11346, 73105,20180306,    0,    0
 11346, 73105,20180307,    0,    0
 11346, 73105,20180308,    0,    0
 11346, 73105,20180309,    0,    0
 11346, 73105,20180310,    0,    0
 11346, 73105,20180311,    0,    0
 11346, 73105,20180312,   38,    0
 11346, 73105,20180313,    1,    0
 11346, 73105,20180314,    0,    0
 11346, 73105,20180315,    0,    0
 11346, 73105,20180316,   54,    0
 11346, 73105,20180317,   27,    0
 11346, 73105,20180318,    0,    0
 11346, 73105,20180319,   11,    0
 11346, 73105,20180320,    5,    0
 11346, 73105,20180321,    0,    0
 11346, 73105,20180322,    0,    0
 11346, 73105,20180323,    0,    0
 11346, 73105,20180324,  150,    0
 11346, 73105,20180325,    4,    0
 11346, 73105,20180326,    0,    0
 11346, 73105,20180327,    0,    0
 11346, 73105,20180328,    0,    0
 11346, 73105,20180329,    0,    0
 11346, 73105,20180330,    0,    0
 11346, 73105,20180331,    0,    0
 11346, 73105,20180401,    0,    0
 11346, 73105,20180402,    0,    0
 11346, 73105,20180403,    0,    0
 11346, 73105,20180404,    2,    0
 11346, 73105,20180405,    0,    0
 11346, 73105,20180406,    0,    0
 11346, 73105,20180407,    0,    0
 11346, 73105,20180408,  329,    0
 11346, 73105,20180409,    4,    0
 11346, 73105,20180410,   93,    0
 11346, 73105,20180411,  710,    0
 11346, 73105,20180412,   28,    0
 11346, 73105,20180413,   67,    0
 11346, 73105,20180414,  124,    0
 11346, 73105,20180415,    1,    0
 11346, 73105,20180416,    0,    0
 11346, 73105,20180417,    0,    0
 11346, 73105,20180418,    0,    0
 11346, 73105,20180419,    0,    0
 11346, 73105,20180420,    0,    0
 11346, 73105,20180421,    0,    0
 11346, 73105,20180422,    0,    0
 11346, 73105,20180423,    0,    0
 11346, 73105,20180424,    0,    0
 11346, 73105,20180425,    0,    0
 11346, 73105,20180426,    0,    0
 11346, 73105,20180427,    0,    0
 11346, 73105,20180428,    0,    0
 11346, 73105,20180429,  167,    0
 11346, 73105,20180430,    0,    0
 11346, 73105,20180501,    0,    0
 11346, 73105,20180502,    0,    0
 11346, 73105,20180503,    1,    0
 11346, 73105,20180504,    8,    0
 11346, 73105,20180505,    2,    0
 11346, 73105,20180506,   22,    0
 11346, 73105,20180507,  283,    0
 11346, 73105,20180508,    0,    0
 11346, 73105,20180509,    0,    0
 11346, 73105,20180510,    0,    0
 11346, 73105,20180511,    0,    0
 11346, 73105,20180512,  138,    0
 11346, 73105,20180513,  110,    0
 11346, 73105,20180514,   11,    0
 11346, 73105,20180515,    1,    0
 11346, 73105,20180516,    0,    0
 11346, 73105,20180517,    0,    0
 11346, 73105,20180518,    0,    0
 11346, 73105,20180519,   29,    0
 11346, 73105,20180520,    0,    0
 11346, 73105,20180521,    0,    0
 11346, 73105,20180522,  222,    0
 11346, 73105,20180523,   31,    0
 11346, 73105,20180524,    0,    0
 11346, 73105,20180525,    0,    0
 11346, 73105,20180526,   17,    0
 11346, 73105,20180527,    0,    0
 11346, 73105,20180528,    7,    0
 11346, 73105,20180529,   39,    0
 11346, 73105,20180530,  108,    0
 11346, 73105,20180531,    0,    0
 11346, 73105,20180601,   54,    0
 11346, 73105,20180602,    0,    0
 11346, 73105,20180603,   93,    0
 11346, 73105,20180604,  216,    0
 11346, 73105,20180605,   53,    0
 11346, 73105,20180606,  238,    0
 11346, 73105,20180607,    1,    0
 11346, 73105,20180608,    0,    0
 11346, 73105,20180609,    0,    0
 11346, 73105,20180610,    5,    0
 11346, 73105,20180611,   20,    0
 11346, 73105,20180612,    3,    0
 11346, 73105,20180613,    0,    0
 11346, 73105,20180614,    0,    0
 11346, 73105,20180615,    0,    0
 11346, 73105,20180616,    0,    0
 11346, 73105,20180617,    0,    0
 11346, 73105,20180618,    0,    0
 11346, 73105,20180619,    0,    0
 11346, 73105,20180620,    0,    0
 11346, 73105,20180621,    0,    0
 11346, 73105,20180622,    0,    0
 11346, 73105,20180623,    0,    0
 11346, 73105,20180624,    0,    0
 11346, 73105,20180625,    0,    0
 11346, 73105,20180626,    0,    0
 11346, 73105,20180627,    0,    0
 11346, 73105,20180628,    0,    0
 11346, 73105,20180629,    0,    0
 11346, 73105,20180630,    0,    0
 11346, 73105,20180701,    0,    0
 11346, 73105,20180702,    4,    0
 11346, 73105,20180703,    0,    0
 11346, 73105,20180704,    0,    0
 11346, 73105,20180705,   30,    0
 11346, 73105,20180706,    2,    0
 11346, 73105,20180707,    0,    0
 11346, 73105,20180708,    0,    0
 11346, 73105,20180709,    0,    0
 11346, 73105,20180710,   26,    0
 11346, 73105,20180711,   13,    0
 11346, 73105,20180712,  265,    0
 11346, 73105,20180713,    0,    0
 11346, 73105,20180714,    0,    0
 11346, 73105,20180715,    0,    0
 11346, 73105,20180716,   41,    0
 11346, 73105,20180717,    0,    0
 11346, 73105,20180718,    0,    0
 11346, 73105,20180719,    0,    0
 11346, 73105,20180720,    0,    0
 11346, 73105,20180721,    0,    0
 11346, 73105,20180722,    0,    0
 11346, 73105,20180723,    0,    0
 11346, 73105,20180724,    4,    0
 11346, 73105,20180725,    0,    0
 11346, 73105,20180726,    0,    0
 11346, 73105,20180727,    0,    0
 11346, 73105,20180728,    0,    0
 11346, 73105,20180729,    8,    0
 11346, 73105,20180730,    0,    0
 11346, 73105,20180731,    0,    0
 11346, 73105,20180801,    0,    0
 11346, 73105,20180802,    0,    0
 11346, 73105,20180803,    0,    0
 11346, 73105,20180804,    0,    0
 11346, 73105,20180805,    0,    0
 11346, 73105,20180806,    0,    0
 11346, 73105,20180807,    0,    0
 11346, 73105,20180808,    3,    0
 11346, 73105,20180809,   85,    0
 11346, 73105,20180810,    9,    0
 11346, 73105,20180811,    0,    0
 11346, 73105,20180812,    0,    0
 11346, 73105,20180813,   21,    0
 11346, 73105,20180814,    0,    0
 11346, 73105,20180815,    0,    0
 11346, 73105,20180816,    0,    0
 11346, 73105,20180817,   67,    0
 11346, 73105,20180818,    0,    0
 11346, 73105,20180819,    0,    0
 11346, 73105,20180820,    0,    0
 11346, 73105,20180821,    0,    0
 11346, 73105,20180822,    0,    0
 11346, 73105,20180823,   85,    0
 11346, 73105,20180824,    0,    0
 11346, 73105,20180825,    1,    0
 11346, 73105,20180826,    0,    0
 11346, 73105,20180827,    0,    0
 11346, 73105,20180828,    0,    0
 11346, 73105,20180829,    6,    0
 11346, 73105,20180830,    0,    0
 11346, 73105,20180831,    0,    0
 11346, 73105,20180901,    0,    0
 11346, 73105,20180902,    0,    0
 11346, 73105,20180903,    1,    0
 11346, 73105,20180904,    1,    0
 11346, 73105,20180905,  151,    0
 11346, 73105,20180906,   33,    0
 11346, 73105,20180907,    0,    0
 11346, 73105,20180908,    0,    0
 11346, 73105,20180909,    0,    0
 11346, 73105,20180910,    0,    0
 11346, 73105,20180911,    0,    0
 11346, 73105,20180912,   17,    0
 11346, 73105,20180913,   13,    0
 11346, 73105,20180914,    0,    0
 11346, 73105,20180915,    0,    0
 11346, 73105,20180916,    0,    0
 11346, 73105,20180917,    0,    0
 11346, 73105,20180918,    0,    0
 11346, 73105,20180919,    0,    0
 11346, 73105,20180920,    0,    0
 11346, 73105,20180921,    0,    0
 11346, 73105,20180922,    0,    0
 11346, 73105,20180923,    0,    0
 11346, 73105,20180924,    0,    0
 11346, 73105,20180925,    0,    0
 11346, 73105,20180926,    0,    0
 11346, 73105,20180927,    0,    0
 11346, 73105,20180928,    0,    0
 11346, 73105,20180929,  130,    0
 11346, 73105,20180930,    1,    0
 11346, 73105,20181001,    0,    0
 11346, 73105,20181002,    0,    0
 11346, 73105,20181003,    0,    0
 11346, 73105,20181004,    0,    0
 11346, 73105,20181005,    0,    0
 11346, 73105,20181006,    0,    0
 11346, 73105,20181007,  342,    0
 11346, 73105,20181008,   58,    0
 11346, 73105,20181009,  374,    0
 11346, 73105,20181010,  244,    0
 11346, 73105,20181011,    0,    0
 11346, 73105,20181012,    0,    0
 11346, 73105,20181013,    0,    0
 11346, 73105,20181014,  487,    0
 11346, 73105,20181015,  651,    0
 11346, 73105,20181016,   51,    0
 11346, 73105,20181017,   35,    0
 11346, 73105,20181018,  237,    0
 11346, 73105,20181019,    0,    0
 11346, 73105,20181020,    0,    0
 11346, 73105,20181021,    0,    0
 11346, 73105,20181022,    0,    0
 11346, 73105,20181023,    0,    0
 11346, 73105,20181024,    0,    0
 11346, 73105,20181025,    0,    0
 11346, 73105,20181026,   13,    0
 11346, 73105,20181027,  173,    0
 11346, 73105,20181028,   39,    0
 11346, 73105,20181029,    0,    0
 11346, 73105,20181030,    1,    0
 11346, 73105,20181031,  274,    0
 11346, 73105,20181101,    3,    0
 11346, 73105,20181102,    1,    0
 11346, 73105,20181103,    0,    0
 11346, 73105,20181104,    0,    0
 11346, 73105,20181105,   95,    0
 11346, 73105,20181106,   13,    0
 11346, 73105,20181107,    0,    0
 11346, 73105,20181108,    0,    0
 11346, 73105,20181109,  189,    0
 11346, 73105,20181110,    0,    0
 11346, 73105,20181111,    0,    0
 11346, 73105,20181112,    0,    0
 11346, 73105,20181113,    0,    0
 11346, 73105,20181114,   81,    0
 11346, 73105,20181115,  483,    0
 11346, 73105,20181116,   56,    0
 11346, 73105,20181117,  549,    0
 11346, 73105,20181118, 1226,    0
 11346, 73105,20181119,    1,    0
 11346, 73105,20181120,    1,    0
 11346, 73105,20181121,    1,    0
 11346, 73105,20181122,    0,    0
 11346, 73105,20181123,   27,    0
 11346, 73105,20181124,    1,    0
 11346, 73105,20181125,    1,    0
 11346, 73105,20181126,    0,    0
 11346, 73105,20181127,    0,    0
 11346, 73105,20181128,    0,    0
 11346, 73105,20181129,    0,    0
 11346, 73105,20181130,    0,    0
 11346, 73105,20181201,    0,    0
 11346, 73105,20181202,    0,    0
 11346, 73105,20181203,    0,    0
 11346, 73105,20181204,    0,    0
 11346, 73105,20181205,    1,    0
 11346, 73105,20181206,    0,    0
 11346, 73105,20181207,    0,    0
 11346, 73105,20181208,    1,    0
 11346, 73105,20181209,    0,    0
 11346, 73105,20181210,    0,    0
 11346, 73105,20181211,    1,    0
 11346, 73105,20181212,    5,    0
 11346, 73105,20181213,   97,    0
 11346, 73105,20181214,    2,    0
 11346, 73105,20181215,    1,    0
 11346, 73105,20181216,   52,    0
 11346, 73105,20181217,    1,    0
 11346, 73105,20181218,    0,    0
 11346, 73105,20181219,    0,    0
 11346, 73105,20181220,    0,    0
 11346, 73105,20181221,    0,    0
 11346, 73105,20181222,    0,    0
 11346, 73105,20181223,    0,    0
 11346, 73105,20181224,    0,    0
 11346, 73105,20181225,    0,    0
 11346, 73105,20181226,    0,    0
 11346, 73105,20181227,    1,    0
 11346, 73105,20181228,    0,    0
 11346, 73105,20181229,    1,    0
 11346, 73105,20181230,    0,    0
 11346, 73105,20181231,    0,    0
 11346, 73105,20190101,    0,    0
 11346, 73105,20190102,    0,    0
 11346, 73105,20190103,    0,    0
 11346, 73105,20190104,    0,    0
 11346, 73105,20190105,    0,    0
 11346, 73105,20190106,    0,    0
 11346, 73105,20190107,-9999,    9
 11346, 73105,20190108,-9999,    9
 11346, 73105,20190109,-9999,    9
 11346, 73105,20190110,-9999,    9
 11346, 73105,20190111,-9999,    9
 11346, 73105,20190112,-9999,    9
 11346, 73105,20190113,-9999,    9
 11346, 73105,20190114,-9999,    9
 11346, 73105,20190115,-9999,    9
 11346, 73105,20190116,-9999,    9
 11346, 73105,20190117,-9999,    9
 11346, 73105,20190118,-9999,    9
 11346, 73105,20190119,-9999,    9
 11346, 73105,20190120,-9999,    9
 11346, 73105,20190121,-9999,    9
 11346, 73105,20190122,-9999,    9
 11346, 73105,20190123,-9999,    9
 11346, 73105,20190124,-9999,    9
 11346, 73105,20190125,-9999,    9
 11346, 73105,20190126,-9999,    9
 11346, 73105,20190127,-9999,    9
 11346, 73105,20190128,-9999,    9
 11346, 73105,20190129,-9999,    9
 11346, 73105,20190130,-9999,    9
 11346, 73105,20190131,-9999,    9
 11346, 73105,20190201,    1,    0
 11346, 73105,20190202,   15,    0
 11346, 73105,20190203,    0,    0
 11346, 73105,20190204,   60,    0
 11346, 73105,20190205,   79,    0
 11346, 73105,20190206,    0,    0
 11346, 73105,20190207,-9999,    9
 11346, 73105,20190208,-9999,    9
 11346, 73105,20190209,-9999,    9
 11346, 73105,20190210,-9999,    9
 11346, 73105,20190211,-9999,    9
 11346, 73105,20190212,-9999,    9
 11346, 73105,20190213,-9999,    9
 11346, 73105,20190214,-9999,    9
 11346, 73105,20190215,-9999,    9
 11346, 73105,20190216,-9999,    9
 11346, 73105,20190217,-9999,    9
 11346, 73105,20190218,-9999,    9
 11346, 73105,20190219,-9999,    9
 11346, 73105,20190220,-9999,    9
 11346, 73105,20190221,-9999,    9
 11346, 73105,20190222,-9999,    9
 11346, 73105,20190223,-9999,    9
 11346, 73105,20190224,-9999,    9
 11346, 73105,20190225,-9999,    9
 11346, 73105,20190226,-9999,    9
 11346, 73105,20190227,-9999,    9
 11346, 73105,20190228,-9999,    9
 11346, 73105,20190301,    0,    0
 11346, 73105,20190302,    0,    0
 11346, 73105,20190303,    0,    0
 11346, 73105,20190304,  160,    0
 11346, 73105,20190305,   78,    0
 11346, 73105,20190306,    0,    0
 11346, 73105,20190307,-9999,    9
 11346, 73105,20190308,-9999,    9
 11346, 73105,20190309,-9999,    9
 11346, 73105,20190310,-9999,    9
 11346, 73105,20190311,-9999,    9
 11346, 73105,20190312,-9999,    9
 11346, 73105,20190313,-9999,    9
 11346, 73105,20190314,-9999,    9
 11346, 73105,20190315,-9999,    9
 11346, 73105,20190316,-9999,    9
 11346, 73105,20190317,-9999,    9
 11346, 73105,20190318,-9999,    9
 11346, 73105,20190319,-9999,    9
 11346, 73105,20190320,-9999,    9
 11346, 73105,20190321,-9999,    9
 11346, 73105,20190322,-9999,    9
 11346, 73105,20190323,-9999,    9
 11346, 73105,20190324,-9999,    9
 11346, 73105,20190325,-9999,    9
 11346, 73105,20190326,-9999,    9
 11346, 73105,20190327,-9999,    9
 11346, 73105,20190328,-9999,    9
 11346, 73105,20190329,-9999,    9
 11346, 73105,20190330,-9999,    9
 11346, 73105,20190331,-9999,    9
 11346, 73105,20190401,    0,    0
 11346, 73105,20190402,    3,    0
 11346, 73105,20190403,    0,    0
 11346, 73105,20190404,    0,    0
 11346, 73105,20190405,    0,    0
 11346, 73105,20190406,    0,    0
 11346, 73105,20190407,-9999,    9
 11346, 73105,20190408,-9999,    9
 11346, 73105,20190409,-9999,    9
 11346, 73105,20190410,-9999,    9
 11346, 73105,20190411,-9999,    9
 11346, 73105,20190412,-9999,    9
 11346, 73105,20190413,-9999,    9
 11346, 73105,20190414,-9999,    9
 11346, 73105,20190415,-9999,    9
 11346, 73105,20190416,-9999,    9
 11346, 73105,20190417,-9999,    9
 11346, 73105,20190418,-9999,    9
 11346, 73105,20190419,-9999,    9
 11346, 73105,20190420,-9999,    9
 11346, 73105,20190421,-9999,    9
 11346, 73105,20190422,-9999,    9
 11346, 73105,20190423,-9999,    9
 11346, 73105,20190424,-9999,    9
 11346, 73105,20190425,-9999,    9
 11346, 73105,20190426,-9999,    9
 11346, 73105,20190427,-9999,    9
 11346, 73105,20190428,-9999,    9
 11346, 73105,20190429,-9999,    9
 11346, 73105,20190430,-9999,    9
 11346, 73105,20190501,    0,    0
 11346, 73105,20190502,   11,    0
 11346, 73105,20190503,    0,    0
 11346, 73105,20190504,   12,    0
 11346, 73105,20190505,    0,    0
 11346, 73105,20190506,    0,    0
 11346, 73105,20190507,-9999,    9
 11346, 73105,20190508,-9999,    9
 11346, 73105,20190509,-9999,    9
 11346, 73105,20190510,-9999,    9
 11346, 73105,20190511,-9999,    9
 11346, 73105,20190512,-9999,    9
 11346, 73105,20190513,-9999,    9
 11346, 73105,20190514,-9999,    9
 11346, 73105,20190515,-9999,    9
 11346, 73105,20190516,-9999,    9
 11346, 73105,20190517,-9999,    9
 11346, 73105,20190518,-9999,    9
 11346, 73105,20190519,-9999,    9
 11346, 73105,20190520,-9999,    9
 11346, 73105,20190521,-9999,    9
 11346, 73105,20190522,-9999,    9
 11346, 73105,20190523,-9999,    9
 11346, 73105,20190524,-9999,    9
 11346, 73105,20190525,-9999,    9
 11346, 73105,20190526,-9999,    9
 11346, 73105,20190527,-9999,    9
 11346, 73105,20190528,-9999,    9
 11346, 73105,20190529,-9999,    9
 11346, 73105,20190530,-9999,    9
 11346, 73105,20190531,-9999,    9
 11346, 73105,20190601,    0,    0
 11346, 73105,20190602,    0,    0
 11346, 73105,20190603,   11,    0
 11346, 73105,20190604,   26,    0
 11346, 73105,20190605,    0,    0
 11346, 73105,20190606,    0,    0
 11346, 73105,20190607,-9999,    9
 11346, 73105,20190608,-9999,    9
 11346, 73105,20190609,-9999,    9
 11346, 73105,20190610,-9999,    9
 11346, 73105,20190611,-9999,    9
 11346, 73105,20190612,-9999,    9
 11346, 73105,20190613,-9999,    9
 11346, 73105,20190614,-9999,    9
 11346, 73105,20190615,-9999,    9
 11346, 73105,20190616,-9999,    9
 11346, 73105,20190617,-9999,    9
 11346, 73105,20190618,-9999,    9
 11346, 73105,20190619,-9999,    9
 11346, 73105,20190620,-9999,    9
 11346, 73105,20190621,-9999,    9
 11346, 73105,20190622,-9999,    9
 11346, 73105,20190623,-9999,    9
 11346, 73105,20190624,-9999,    9
 11346, 73105,20190625,-9999,    9
 11346, 73105,20190626,-9999,    9
 11346, 73105,20190627,-9999,    9
 11346, 73105,20190628,-9999,    9
 11346, 73105,20190629,-9999,    9
 11346, 73105,20190630,-9999,    9
 11346, 73105,20190701,    0,    0
 11346, 73105,20190702,    0,    0
 11346, 73105,20190703,    3,    0
 11346, 73105,20190704,    0,    0
 11346, 73105,20190705,    0,    0
 11346, 73105,20190706,    0,    0
 11346, 73105,20190707,    7,    0
 11346, 73105,20190708,    0,    0
 11346, 73105,20190709,   65,    0
 11346, 73105,20190710,    0,    0
 11346, 73105,20190711,    0,    0
 11346, 73105,20190712,    0,    0
 11346, 73105,20190713,    0,    0
 11346, 73105,20190714,    0,    0
 11346, 73105,20190715,    0,    0
 11346, 73105,20190716,    0,    0
 11346, 73105,20190717,    0,    0
 11346, 73105,20190718,    0,    0
 11346, 73105,20190719,    0,    0
 11346, 73105,20190720,    8,    0
 11346, 73105,20190721,    0,    0
 11346, 73105,20190722,    0,    0
 11346, 73105,20190723,    0,    0
 11346, 73105,20190724,    0,    0
 11346, 73105,20190725,    0,    0
 11346, 73105,20190726,    4,    0
 11346, 73105,20190727,  108,    0
 11346, 73105,20190728,    0,    0
 11346, 73105,20190729,    0,    0
 11346, 73105,20190730,    0,    0
 11346, 73105,20190731,    0,    0
 11346, 73105,20190801,    0,    0
 11346, 73105,20190802,   11,    0
 11346, 73105,20190803,    0,    0
 11346, 73105,20190804,    0,    0
 11346, 73105,20190805,    0,    0
 11346, 73105,20190806,    0,    0
 11346, 73105,20190807,    5,    0
 11346, 73105,20190808,    0,    0
 11346, 73105,20190809,    0,    0
 11346, 73105,20190810,    0,    0
 11346, 73105,20190811,    0,    0
 11346, 73105,20190812,    6,    0
 11346, 73105,20190813,    0,    0
 11346, 73105,20190814,    0,    0
 11346, 73105,20190815,    0,    0
 11346, 73105,20190816,    0,    0
 11346, 73105,20190817,    0,    0
 11346, 73105,20190818,    0,    0
 11346, 73105,20190819,    0,    0
 11346, 73105,20190820,    0,    0
 11346, 73105,20190821,    0,    0
 11346, 73105,20190822,    0,    0
 11346, 73105,20190823,    0,    0
 11346, 73105,20190824,    0,    0
 11346, 73105,20190825,    0,    0
 11346, 73105,20190826,    0,    0
 11346, 73105,20190827,    8,    0
 11346, 73105,20190828,    0,    0
 11346, 73105,20190829,    0,    0
 11346, 73105,20190830,    0,    0
 11346, 73105,20190831,    0,    0
 11346, 73105,20190901,   10,    0
 11346, 73105,20190902,    0,    0
 11346, 73105,20190903,    0,    0
 11346, 73105,20190904,    0,    0
 11346, 73105,20190905,    0,    0
 11346, 73105,20190906,    0,    0
 11346, 73105,20190907,    0,    0
 11346, 73105,20190908,    0,    0
 11346, 73105,20190909,    0,    0
 11346, 73105,20190910,  128,    0
 11346, 73105,20190911,    1,    0
 11346, 73105,20190912,    0,    0
 11346, 73105,20190913,    0,    0
 11346, 73105,20190914,    5,    0
 11346, 73105,20190915,    0,    0
 11346, 73105,20190916,    0,    0
 11346, 73105,20190917,    0,    0
 11346, 73105,20190918,    0,    0
 11346, 73105,20190919,    0,    0
 11346, 73105,20190920,    0,    0
 11346, 73105,20190921,  274,    0
 11346, 73105,20190922,    4,    0
 11346, 73105,20190923,    0,    0
 11346, 73105,20190924,    0,    0
 11346, 73105,20190925,    0,    0
 11346, 73105,20190926,    0,    0
 11346, 73105,20190927,    0,    0
 11346, 73105,20190928,    0,    0
 11346, 73105,20190929,    0,    0
 11346, 73105,20190930,    0,    0
 11346, 73105,20191001,  236,    0
 11346, 73105,20191002,    0,    0
 11346, 73105,20191003,    0,    0
 11346, 73105,20191004,    1,    0
 11346, 73105,20191005,    0,    0
 11346, 73105,20191006,    0,    0
 11346, 73105,20191007,    0,    0
 11346, 73105,20191008,    0,    0
 11346, 73105,20191009,    0,    0
 11346, 73105,20191010,    0,    0
 11346, 73105,20191011,    0,    0
 11346, 73105,20191012,    0,    0
 11346, 73105,20191013,    0,    0
 11346, 73105,20191014,    2,    0
 11346, 73105,20191015,    4,    0
 11346, 73105,20191016,    0,    0
 11346, 73105,20191017,    0,    0
 11346, 73105,20191018,    0,    0
 11346, 73105,20191019,    0,    0
 11346, 73105,20191020,   29,    0
 11346, 73105,20191021,   24,    0
 11346, 73105,20191022,  363,    0
 11346, 73105,20191023,  599,    0
 11346, 73105,20191024,    1,    0
 11346, 73105,20191025,    0,    0
 11346, 73105,20191026,    0,    0
 11346, 73105,20191027,    0,    0
 11346, 73105,20191028,    0,    0
 11346, 73105,20191029,    0,    0
 11346, 73105,20191030,    0,    0
 11346, 73105,20191031,   14,    0
 11346, 73105,20191101,   13,    0
 11346, 73105,20191102,    5,    0
 11346, 73105,20191103,   23,    0
 11346, 73105,20191104,   15,    0
 11346, 73105,20191105,  144,    0
 11346, 73105,20191106,    0,    0
 11346, 73105,20191107,  103,    0
 11346, 73105,20191108,   38,    0
 11346, 73105,20191109,    0,    0
 11346, 73105,20191110,    0,    0
 11346, 73105,20191111,    0,    0
 11346, 73105,20191112,    0,    0
 11346, 73105,20191113,    0,    0
 11346, 73105,20191114,   61,    0
 11346, 73105,20191115,    8,    0
 11346, 73105,20191116,    0,    0
 11346, 73105,20191117,    0,    0
 11346, 73105,20191118,    0,    0
 11346, 73105,20191119,    0,    0
 11346, 73105,20191120,    1,    0
 11346, 73105,20191121,    0,    0
 11346, 73105,20191122,   52,    0
 11346, 73105,20191123,   21,    0
 11346, 73105,20191124,    0,    0
 11346, 73105,20191125,    0,    0
 11346, 73105,20191126,    0,    0
 11346, 73105,20191127,    0,    0
 11346, 73105,20191128,    0,    0
 11346, 73105,20191129,    0,    0
 11346, 73105,20191130,    0,    0
 11346, 73105,20191201,   21,    0
 11346, 73105,20191202,    0,    0
 11346, 73105,20191203,    0,    0
 11346, 73105,20191204,  565,    0
 11346, 73105,20191205,   48,    0
 11346, 73105,20191206,    0,    0
 11346, 73105,20191207,    0,    0
 11346, 73105,20191208,    2,    0
 11346, 73105,20191209,    0,    0
 11346, 73105,20191210,    0,    0
 11346, 73105,20191211,    0,    0
 11346, 73105,20191212,   14,    0
 11346, 73105,20191213,   11,    0
 11346, 73105,20191214,    0,    0
 11346, 73105,20191215,    1,    0
 11346, 73105,20191216,    1,    0
 11346, 73105,20191217,    0,    0
 11346, 73105,20191218,    0,    0
 11346, 73105,20191219,    0,    0
 11346, 73105,20191220,    0,    0
 11346, 73105,20191221,   43,    0
 11346, 73105,20191222,    6,    0
 11346, 73105,20191223,    0,    0
 11346, 73105,20191224,    0,    0
 11346, 73105,20191225,    0,    0
 11346, 73105,20191226,    0,    0
 11346, 73105,20191227,    0,    0
 11346, 73105,20191228,    0,    0
 11346, 73105,20191229,    0,    0
 11346, 73105,20191230,    0,    0
 11346, 73105,20191231,    0,    0
 11346, 73105,20200101,    0,    0
 11346, 73105,20200102,    0,    0
 11346, 73105,20200103,    1,    0
 11346, 73105,20200104,    0,    0
 11346, 73105,20200105,    0,    0
 11346, 73105,20200106,    0,    0
 11346, 73105,20200107,    0,    0
 11346, 73105,20200108,    0,    0
 11346, 73105,20200109,    0,    0
 11346, 73105,20200110,   27,    0
 11346, 73105,20200111,    0,    0
 11346, 73105,20200112,    0,    0
 11346, 73105,20200113,    0,    0
 11346, 73105,20200114,    0,    0
 11346, 73105,20200115,    1,    0
 11346, 73105,20200116,    0,    0
 11346, 73105,20200117,   71,    0
 11346, 73105,20200118,    2,    0
 11346, 73105,20200119,    0,    0
 11346, 73105,20200120,  260,    0
 11346, 73105,20200121,  537,    0
 11346, 73105,20200122,  594,    0
 11346, 73105,20200123,  314,    0
 11346, 73105,20200124,    2,    0
 11346, 73105,20200125,    0,    0
 11346, 73105,20200126,    0,    0
 11346, 73105,20200127,    0,    0
 11346, 73105,20200128,    0,    0
 11346, 73105,20200129,    0,    0
 11346, 73105,20200130,    0,    0
 11346, 73105,20200131,    0,    0
 11346, 73105,20200201,    0,    0
 11346, 73105,20200202,    0,    0
 11346, 73105,20200203,    0,    0
 11346, 73105,20200204,    0,    0
 11346, 73105,20200205,    0,    0
 11346, 73105,20200206,    0,    0
 11346, 73105,20200207,    0,    0
 11346, 73105,20200208,    0,    0
 11346, 73105,20200209,    0,    0
 11346, 73105,20200210,    0,    0
 11346, 73105,20200211,    1,    0
 11346, 73105,20200212,   13,    0
 11346, 73105,20200213,    0,    0
 11346, 73105,20200214,    0,    0
 11346, 73105,20200215,    2,    0
 11346, 73105,20200216,    1,    0
 11346, 73105,20200217,    0,    0
 11346, 73105,20200218,    0,    0
 11346, 73105,20200219,    0,    0
 11346, 73105,20200220,    0,    0
 11346, 73105,20200221,    0,    0
 11346, 73105,20200222,    0,    0
 11346, 73105,20200223,    0,    0
 11346, 73105,20200224,    0,    0
 11346, 73105,20200225,    0,    0
 11346, 73105,20200226,    0,    0
 11346, 73105,20200227,    0,    0
 11346, 73105,20200228,    0,    0
 11346, 73105,20200229,    0,    0
 11346, 73105,20200301,    0,    0
 11346, 73105,20200302,   60,    0
 11346, 73105,20200303,   31,    0
 11346, 73105,20200304,    0,    0
 11346, 73105,20200305,   55,    0
 11346, 73105,20200306,    8,    0
 11346, 73105,20200307,    0,    0
 11346, 73105,20200308,    0,    0
 11346, 73105,20200309,    0,    0
 11346, 73105,20200310,    0,    0
 11346, 73105,20200311,    0,    0
 11346, 73105,20200312,    0,    0
 11346, 73105,20200313,    0,    0
 11346, 73105,20200314,    0,    0
 11346, 73105,20200315,    0,    0
 11346, 73105,20200316,  233,    0
 11346, 73105,20200317,    0,    0
 11346, 73105,20200318,    0,    0
 11346, 73105,20200319,    0,    0
 11346, 73105,20200320,    1,    0
 11346, 73105,20200321,    0,    0
 11346, 73105,20200322,    1,    0
 11346, 73105,20200323,  101,    0
 11346, 73105,20200324,    0,    0
 11346, 73105,20200325,    0,    0
 11346, 73105,20200326,  111,    0
 11346, 73105,20200327,    0,    0
 11346, 73105,20200328,    0,    0
 11346, 73105,20200329,    4,    0
 11346, 73105,20200330,    7,    0
 11346, 73105,20200331,   38,    0
 11346, 73105,20200401,   92,    0
 11346, 73105,20200402,    7,    0
 11346, 73105,20200403,    0,    0
 11346, 73105,20200404,    0,    0
 11346, 73105,20200405,    0,    0
 11346, 73105,20200406,    0,    0
 11346, 73105,20200407,    0,    0
 11346, 73105,20200408,    0,    0
 11346, 73105,20200409,    0,    0
 11346, 73105,20200410,    1,    0
 11346, 73105,20200411,    0,    0
 11346, 73105,20200412,    0,    0
 11346, 73105,20200413,  278,    0
 11346, 73105,20200414,    0,    0
 11346, 73105,20200415,   40,    0
 11346, 73105,20200416,    0,    0
 11346, 73105,20200417,    0,    0
 11346, 73105,20200418,   42,    0
 11346, 73105,20200419,   33,    0
 11346, 73105,20200420,   82,    0
 11346, 73105,20200421, 1004,    0
 11346, 73105,20200422,  275,    0
 11346, 73105,20200423,   18,    0
 11346, 73105,20200424,    0,    0
 11346, 73105,20200425,    0,    0
 11346, 73105,20200426,  238,    0
 11346, 73105,20200427,   55,    0
 11346, 73105,20200428,   82,    0
 11346, 73105,20200429,    0,    0
 11346, 73105,20200430,   15,    0
 11346, 73105,20200501,   42,    0
 11346, 73105,20200502,    0,    0
 11346, 73105,20200503,    0,    0
 11346, 73105,20200504,    0,    0
 11346, 73105,20200505,    0,    0
 11346, 73105,20200506,    0,    0
 11346, 73105,20200507,    0,    0
 11346, 73105,20200508,    0,    0
 11346, 73105,20200509,   30,    0
 11346, 73105,20200510,  132,    0
 11346, 73105,20200511,   19,    0
 11346, 73105,20200512,    1,    0
 11346, 73105,20200513,   25,    0
 11346, 73105,20200514,  358,    0
 11346, 73105,20200515,   38,    0
 11346, 73105,20200516,   55,    0
 11346, 73105,20200517,    0,    0
 11346, 73105,20200518,    0,    0
 11346, 73105,20200519,    0,    0
 11346, 73105,20200520,    0,    0
 11346, 73105,20200521,    0,    0
 11346, 73105,20200522,    0,    0
 11346, 73105,20200523,    0,    0
 11346, 73105,20200524,    0,    0
 11346, 73105,20200525,    0,    0
 11346, 73105,20200526,    0,    0
 11346, 73105,20200527,    0,    0
 11346, 73105,20200528,    0,    0
 11346, 73105,20200529,    0,    0
 11346, 73105,20200530,    0,    0
 11346, 73105,20200531,    2,    0
 11346, 73105,20200601,  120,    0
 11346, 73105,20200602,   12,    0
 11346, 73105,20200603,   87,    0
 11346, 73105,20200604,  385,    0
 11346, 73105,20200605,    0,    0
 11346, 73105,20200606,  184,    0
 11346, 73105,20200607,  194,    0
 11346, 73105,20200608,   29,    0
 11346, 73105,20200609,    1,    0
 11346, 73105,20200610,   23,    0
 11346, 73105,20200611,   26,    0
 11346, 73105,20200612,    0,    0
 11346, 73105,20200613,   14,    0
 11346, 73105,20200614,    6,    0
 11346, 73105,20200615,   38,    0
 11346, 73105,20200616,   35,    0
 11346, 73105,20200617,  104,    0
 11346, 73105,20200618,   33,    0
 11346, 73105,20200619,    0,    0
 11346, 73105,20200620,    0,    0
 11346, 73105,20200621,    0,    0
 11346, 73105,20200622,    0,    0
 11346, 73105,20200623,    0,    0
 11346, 73105,20200624,    0,    0
 11346, 73105,20200625,    0,    0
 11346, 73105,20200626,    0,    0
 11346, 73105,20200627,    0,    0
 11346, 73105,20200628,    0,    0
 11346, 73105,20200629,    0,    0
 11346, 73105,20200630,    0,    0
 11346, 73105,20200701,    0,    0
 11346, 73105,20200702,  381,    0
 11346, 73105,20200703,   21,    0
 11346, 73105,20200704,    0,    0
 11346, 73105,20200705,    0,    0
 11346, 73105,20200706,    0,    0
 11346, 73105,20200707,    0,    0
 11346, 73105,20200708,    0,    0
 11346, 73105,20200709,    0,    0
 11346, 73105,20200710,    0,    0
 11346, 73105,20200711,    0,    0
 11346, 73105,20200712,   55,    0
 11346, 73105,20200713,  100,    0
 11346, 73105,20200714,    0,    0
 11346, 73105,20200715,    0,    0
 11346, 73105,20200716,    0,    0
 11346, 73105,20200717,    0,    0
 11346, 73105,20200718,    0,    0
 11346, 73105,20200719,    0,    0
 11346, 73105,20200720,    0,    0
 11346, 73105,20200721,    0,    0
 11346, 73105,20200722,    0,    0
 11346, 73105,20200723,   21,    0
 11346, 73105,20200724,    0,    0
 11346, 73105,20200725,    0,    0
 11346, 73105,20200726,    0,    0
 11346, 73105,20200727,    0,    0
 11346, 73105,20200728,    0,    0
 11346, 73105,20200729,    0,    0
 11346, 73105,20200730,    0,    0
 11346, 73105,20200731,    0,    0
 11346, 73105,20200801,   23,    0
 11346, 73105,20200802,    0,    0
 11346, 73105,20200803,    0,    0
 11346, 73105,20200804,    0,    0
 11346, 73105,20200805,    0,    0
 11346, 73105,20200806,    0,    0
 11346, 73105,20200807,    0,    0
 11346, 73105,20200808,    0,    0
 11346, 73105,20200809,    0,    0
 11346, 73105,20200810,    0,    0
 11346, 73105,20200811,    0,    0
 11346, 73105,20200812,   19,    0
 11346, 73105,20200813,    9,    0
 11346, 73105,20200814,  229,    0
 11346, 73105,20200815,    1,    0
 11346, 73105,20200816,    1,    0
 11346, 73105,20200817,    0,    0
 11346, 73105,20200818,    0,    0
 11346, 73105,20200819,    0,    0
 11346, 73105,20200820,    0,    0
 11346, 73105,20200821,    0,    0
 11346, 73105,20200822,    0,    0
 11346, 73105,20200823,    0,    0
 11346, 73105,20200824,    0,    0
 11346, 73105,20200825,    0,    0
 11346, 73105,20200826,    0,    0
 11346, 73105,20200827,    0,    0
 11346, 73105,20200828,  307,    0
 11346, 73105,20200829,  147,    0
 11346, 73105,20200830,    7,    0
 11346, 73105,20200831,    0,    0
 11346, 73105,20200901,    0,    0
 11346, 73105,20200902,    0,    0
 11346, 73105,20200903,    0,    0
 11346, 73105,20200904,    0,    0
 11346, 73105,20200905,    0,    0
 11346, 73105,20200906,  105,    0
 11346, 73105,20200907,    1,    0
 11346, 73105,20200908,   75,    0
 11346, 73105,20200909,  120,    0
 11346, 73105,20200910,    0,    0
 11346, 73105,20200911,    0,    0
 11346, 73105,20200912,    0,    0
 11346, 73105,20200913,    0,    0
 11346, 73105,20200914,    0,    0
 11346, 73105,20200915,    0,    0
 11346, 73105,20200916,    0,    0
 11346, 73105,20200917,    0,    0
 11346, 73105,20200918,   11,    0
 11346, 73105,20200919,  119,    0
 11346, 73105,20200920,   30,    0
 11346, 73105,20200921,  225,    0
 11346, 73105,20200922,  729,    0
 11346, 73105,20200923,    0,    0
 11346, 73105,20200924,    0,    0
 11346, 73105,20200925,   61,    0
 11346, 73105,20200926,   91,    0
 11346, 73105,20200927,    1,    0
 11346, 73105,20200928,    1,    0
 11346, 73105,20200929,    1,    0
 11346, 73105,20200930,    0,    0
 11346, 73105,20201001,    0,    0
 11346, 73105,20201002,  207,    0
 11346, 73105,20201003,    1,    0
 11346, 73105,20201004,   25,    0
 11346, 73105,20201005,    1,    0
 11346, 73105,20201006,    0,    0
 11346, 73105,20201007,    0,    0
 11346, 73105,20201008,    1,    0
 11346, 73105,20201009,    2,    0
 11346, 73105,20201010,   94,    0
 11346, 73105,20201011,    0,    0
 11346, 73105,20201012,    0,    0
 11346, 73105,20201013,  144,    0
 11346, 73105,20201014,  111,    0
 11346, 73105,20201015,    0,    0
 11346, 73105,20201016,    0,    0
 11346, 73105,20201017,    1,    0
 11346, 73105,20201018,    0,    0
 11346, 73105,20201019,    0,    0
 11346, 73105,20201020,    0,    0
 11346, 73105,20201021,    0,    0
 11346, 73105,20201022,    5,    0
 11346, 73105,20201023,    0,    0
 11346, 73105,20201024,    1,    0
 11346, 73105,20201025,    0,    0
 11346, 73105,20201026,   42,    0
 11346, 73105,20201027,    0,    0
 11346, 73105,20201028,    0,    0
 11346, 73105,20201029,    0,    0
 11346, 73105,20201030,    0,    0
 11346, 73105,20201031,    0,    0
 11346, 73105,20201101,    1,    0
 11346, 73105,20201102,    0,    0
 11346, 73105,20201103,    1,    0
 11346, 73105,20201104,    1,    0
 11346, 73105,20201105,    0,    0
 11346, 73105,20201106,   16,    0
 11346, 73105,20201107,  110,    0
 11346, 73105,20201108,    0,    0
 11346, 73105,20201109,    2,    0
 11346, 73105,20201110,    0,    0
 11346, 73105,20201111,    0,    0
 11346, 73105,20201112,    1,    0
 11346, 73105,20201113,    0,    0
 11346, 73105,20201114,    0,    0
 11346, 73105,20201115,    0,    0
 11346, 73105,20201116,    0,    0
 11346, 73105,20201117,    0,    0
 11346, 73105,20201118,    0,    0
 11346, 73105,20201119,    1,    0
 11346, 73105,20201120,    0,    0
 11346, 73105,20201121,    0,    0
 11346, 73105,20201122,    0,    0
 11346, 73105,20201123,    1,    0
 11346, 73105,20201124,    2,    0
 11346, 73105,20201125,   21,    0
 11346, 73105,20201126,  547,    0
 11346, 73105,20201127,  174,    0
 11346, 73105,20201128,  470,    0
 11346, 73105,20201129,    0,    0
 11346, 73105,20201130,    1,    0
 11346, 73105,20201201,    1,    0
 11346, 73105,20201202,    0,    0
 11346, 73105,20201203,    0,    0
 11346, 73105,20201204,   13,    0
 11346, 73105,20201205,    0,    0
 11346, 73105,20201206,    0,    0
 11346, 73105,20201207,    6,    0
 11346, 73105,20201208,    0,    0
 11346, 73105,20201209,    0,    0
 11346, 73105,20201210,    2,    0
 11346, 73105,20201211,   32,    0
 11346, 73105,20201212,   45,    0
 11346, 73105,20201213,    0,    0
 11346, 73105,20201214,    1,    0
 11346, 73105,20201215,    0,    0
 11346, 73105,20201216,    0,    0
 11346, 73105,20201217,   39,    0
 11346, 73105,20201218,   76,    0
 11346, 73105,20201219,    0,    0
 11346, 73105,20201220,    4,    0
 11346, 73105,20201221,    0,    0
 11346, 73105,20201222,    0,    0
 11346, 73105,20201223,    1,    0
 11346, 73105,20201224,    0,    0
 11346, 73105,20201225,    0,    0
 11346, 73105,20201226,    0,    0
 11346, 73105,20201227,    0,    0
 11346, 73105,20201228,    0,    0
 11346, 73105,20201229,   12,    0
 11346, 73105,20201230,    1,    0
 11346, 73105,20201231,    0,    0
 11346, 73105,20210101,    0,    0
 11346, 73105,20210102,    0,    0
 11346, 73105,20210103,    0,    0
 11346, 73105,20210104,    0,    0
 11346, 73105,20210105,    0,    0
 11346, 73105,20210106,    1,    0
 11346, 73105,20210107,    0,    0
 11346, 73105,20210108,    0,    0
 11346, 73105,20210109,  100,    0
 11346, 73105,20210110,    6,    0
 11346, 73105,20210111,    0,    0
 11346, 73105,20210112,    0,    0
 11346, 73105,20210113,    0,    0
 11346, 73105,20210114,    0,    0
 11346, 73105,20210115,    0,    0
 11346, 73105,20210116,    0,    0
 11346, 73105,20210117,    0,    0
 11346, 73105,20210118,    1,    0
 11346, 73105,20210119,    1,    0
 11346, 73105,20210120,    1,    0
 11346, 73105,20210121,    0,    0
 11346, 73105,20210122,   33,    0
 11346, 73105,20210123,    0,    0
 11346, 73105,20210124,    1,    0
 11346, 73105,20210125,    1,    0
 11346, 73105,20210126,    1,    0
 11346, 73105,20210127,   22,    0
 11346, 73105,20210128,    1,    0
 11346, 73105,20210129,    2,    0
 11346, 73105,20210130,   23,    0
 11346, 73105,20210131,    7,    0
 11346, 73105,20210201,    0,    0
 11346, 73105,20210202,    0,    0
 11346, 73105,20210203,    1,    0
 11346, 73105,20210204,    5,    0
 11346, 73105,20210205,    1,    0
 11346, 73105,20210206,    0,    0
 11346, 73105,20210207,   98,    0
 11346, 73105,20210208,   30,    0
 11346, 73105,20210209,    2,    0
 11346, 73105,20210210,    0,    0
 11346, 73105,20210211,    1,    0
 11346, 73105,20210212,   18,    0
 11346, 73105,20210213,    0,    0
 11346, 73105,20210214,   31,    0
 11346, 73105,20210215,    0,    0
 11346, 73105,20210216,    0,    0
 11346, 73105,20210217,    0,    0
 11346, 73105,20210218,    0,    0
 11346, 73105,20210219,    0,    0
 11346, 73105,20210220,    0,    0
 11346, 73105,20210221,   66,    0
 11346, 73105,20210222,  177,    0
 11346, 73105,20210223,   24,    0
 11346, 73105,20210224,    0,    0
 11346, 73105,20210225,    0,    0
 11346, 73105,20210226,    0,    0
 11346, 73105,20210227,    1,    0
 11346, 73105,20210228,    0,    0
 11346, 73105,20210301,    0,    0
 11346, 73105,20210302,    0,    0
 11346, 73105,20210303,    0,    0
 11346, 73105,20210304,    0,    0
 11346, 73105,20210305,    1,    0
 11346, 73105,20210306,    1,    0
 11346, 73105,20210307,    5,    0
 11346, 73105,20210308,    3,    0
 11346, 73105,20210309,    0,    0
 11346, 73105,20210310,    0,    0
 11346, 73105,20210311,    0,    0
 11346, 73105,20210312,   21,    0
 11346, 73105,20210313,    2,    0
 11346, 73105,20210314,    0,    0
 11346, 73105,20210315,    0,    0
 11346, 73105,20210316,    0,    0
 11346, 73105,20210317,    0,    0
 11346, 73105,20210318,    0,    0
 11346, 73105,20210319,    0,    0
 11346, 73105,20210320,    0,    0
 11346, 73105,20210321,    0,    0
 11346, 73105,20210322,    0,    0
 11346, 73105,20210323,    0,    0
 11346, 73105,20210324,    0,    0
 11346, 73105,20210325,    0,    0
 11346, 73105,20210326,    0,    0
 11346, 73105,20210327,    0,    0
 11346, 73105,20210328,    0,    0
 11346, 73105,20210329,    0,    0
 11346, 73105,20210330,    0,    0
 11346, 73105,20210331,    1,    0
 11346, 73105,20210401,    1,    0
 11346, 73105,20210402,    0,    0
 11346, 73105,20210403,    0,    0
 11346, 73105,20210404,    0,    0
 11346, 73105,20210405,    0,    0
 11346, 73105,20210406,    0,    0
 11346, 73105,20210407,    0,    0
 11346, 73105,20210408,    0,    0
 11346, 73105,20210409,    5,    0
 11346, 73105,20210410,    9,    0
 11346, 73105,20210411,  144,    0
 11346, 73105,20210412,    1,    0
 11346, 73105,20210413,    0,    0
 11346, 73105,20210414,    0,    0
 11346, 73105,20210415,    0,    0
 11346, 73105,20210416,    0,    0
 11346, 73105,20210417,    0,    0
 11346, 73105,20210418,    0,    0
 11346, 73105,20210419,    0,    0
 11346, 73105,20210420,    0,    0
 11346, 73105,20210421,   40,    0
 11346, 73105,20210422,    0,    0
 11346, 73105,20210423,    0,    0
 11346, 73105,20210424,    0,    0
 11346, 73105,20210425,    0,    0
 11346, 73105,20210426,  119,    0
 11346, 73105,20210427,   11,    0
 11346, 73105,20210428,   22,    0
 11346, 73105,20210429,   86,    0
 11346, 73105,20210430,  105,    0
 11346, 73105,20210501,   76,    0
 11346, 73105,20210502,   21,    0
 11346, 73105,20210503,    0,    0
 11346, 73105,20210504,    0,    0
 11346, 73105,20210505,    0,    0
 11346, 73105,20210506,    0,    0
 11346, 73105,20210507,    0,    0
 11346, 73105,20210508,    0,    0
 11346, 73105,20210509,   24,    0
 11346, 73105,20210510,   56,    0
 11346, 73105,20210511,  145,    0
 11346, 73105,20210512,   33,    0
 11346, 73105,20210513,    0,    0
 11346, 73105,20210514,    0,    0
 11346, 73105,20210515,    0,    0
 11346, 73105,20210516,   33,    0
 11346, 73105,20210517,    0,    0
 11346, 73105,20210518,   12,    0
 11346, 73105,20210519,    1,    0
 11346, 73105,20210520,    0,    0
 11346, 73105,20210521,    0,    0
 11346, 73105,20210522,    0,    0
 11346, 73105,20210523,    0,    0
 11346, 73105,20210524,    2,    0
 11346, 73105,20210525,    0,    0
 11346, 73105,20210526,    5,    0
 11346, 73105,20210527,    0,    0
 11346, 73105,20210528,    0,    0
 11346, 73105,20210529,   34,    0
 11346, 73105,20210530,   52,    0
 11346, 73105,20210531,    2,    0
 11346, 73105,20210601,   52,    0
 11346, 73105,20210602,    0,    0
 11346, 73105,20210603,    0,    0
 11346, 73105,20210604,    1,    0
 11346, 73105,20210605,    0,    0
 11346, 73105,20210606,    0,    0
 11346, 73105,20210607,    0,    0
 11346, 73105,20210608,    0,    0
 11346, 73105,20210609,    0,    0
 11346, 73105,20210610,    0,    0
 11346, 73105,20210611,    0,    0
 11346, 73105,20210612,    0,    0
 11346, 73105,20210613,    0,    0
 11346, 73105,20210614,    0,    0
 11346, 73105,20210615,    0,    0
 11346, 73105,20210616,    0,    0
 11346, 73105,20210617,    1,    0
 11346, 73105,20210618,    0,    0
 11346, 73105,20210619,    0,    0
 11346, 73105,20210620,   51,    0
 11346, 73105,20210621,    0,    0
 11346, 73105,20210622,    0,    0
 11346, 73105,20210623,   10,    0
 11346, 73105,20210624,    0,    0
 11346, 73105,20210625,    0,    0
 11346, 73105,20210626,    0,    0
 11346, 73105,20210627,    0,    0
 11346, 73105,20210628,    0,    0
 11346, 73105,20210629,    0,    0
 11346, 73105,20210630,    0,    0
 11346, 73105,20210701,    0,    0
 11346, 73105,20210702,    0,    0
 11346, 73105,20210703,    0,    0
 11346, 73105,20210704,    0,    0
 11346, 73105,20210705,    0,    0
 11346, 73105,20210706,    5,    0
 11346, 73105,20210707,    3,    0
 11346, 73105,20210708,    0,    0
 11346, 73105,20210709,    0,    0
 11346, 73105,20210710,    0,    0
 11346, 73105,20210711,    2,    0
 11346, 73105,20210712,   14,    0
 11346, 73105,20210713,    0,    0
 11346, 73105,20210714,    0,    0
 11346, 73105,20210715,    0,    0
 11346, 73105,20210716,    0,    0
 11346, 73105,20210717,    0,    0
 11346, 73105,20210718,    0,    0
 11346, 73105,20210719,    0,    0
 11346, 73105,20210720,  136,    0
 11346, 73105,20210721,    0,    0
 11346, 73105,20210722,    0,    0
 11346, 73105,20210723,    0,    0
 11346, 73105,20210724,    0,    0
 11346, 73105,20210725,    0,    0
 11346, 73105,20210726,   17,    0
 11346, 73105,20210727,    0,    0
 11346, 73105,20210728,    0,    0
 11346, 73105,20210729,    0,    0
 11346, 73105,20210730,    0,    0
 11346, 73105,20210731,   56,    0
 11346, 73105,20210801,    5,    0
 11346, 73105,20210802,    0,    0
 11346, 73105,20210803,    2,    0
 11346, 73105,20210804,   44,    0
 11346, 73105,20210805,    0,    0
 11346, 73105,20210806,    0,    0
 11346, 73105,20210807,    0,    0
 11346, 73105,20210808,    0,    0
 11346, 73105,20210809,    0,    0
 11346, 73105,20210810,    0,    0
 11346, 73105,20210811,    0,    0
 11346, 73105,20210812,    1,    0
 11346, 73105,20210813,    0,    0
 11346, 73105,20210814,   18,    0
 11346, 73105,20210815,    0,    0
 11346, 73105,20210816,    0,    0
 11346, 73105,20210817,    0,    0
 11346, 73105,20210818,    0,    0
 11346, 73105,20210819,    0,    0
 11346, 73105,20210820,    0,    0
 11346, 73105,20210821,    3,    0
 11346, 73105,20210822,    0,    0
 11346, 73105,20210823,    0,    0
 11346, 73105,20210824,    0,    0
 11346, 73105,20210825,    0,    0
 11346, 73105,20210826,    0,    0
 11346, 73105,20210827,    0,    0
 11346, 73105,20210828,    0,    0
 11346, 73105,20210829,    0,    0
 11346, 73105,20210830,    0,    0
 11346, 73105,20210831,    1,    0
 11346, 73105,20210901,    0,    0
 11346, 73105,20210902,    3,    0
 11346, 73105,20210903,  110,    0
 11346, 73105,20210904,    0,    0
 11346, 73105,20210905,    0,    0
 11346, 73105,20210906,    0,    0
 11346, 73105,20210907,    0,    0
 11346, 73105,20210908,    0,    0
 11346, 73105,20210909,  223,    0
 11346, 73105,20210910,   58,    0
 11346, 73105,20210911,    0,    0
 11346, 73105,20210912,    0,    0
 11346, 73105,20210913,    0,    0
 11346, 73105,20210914,    0,    0
 11346, 73105,20210915,    0,    0
 11346, 73105,20210916,  150,    0
 11346, 73105,20210917,   70,    0
 11346, 73105,20210918,  202,    0
 11346, 73105,20210919,    0,    0
 11346, 73105,20210920,   13,    0
 11346, 73105,20210921,    0,    0
 11346, 73105,20210922,    0,    0
 11346, 73105,20210923,    0,    0
 11346, 73105,20210924,    0,    0
 11346, 73105,20210925,    0,    0
 11346, 73105,20210926,    0,    0
 11346, 73105,20210927,    0,    0
 11346, 73105,20210928,    0,    0
 11346, 73105,20210929,    0,    0
 11346, 73105,20210930,    0,    0
 11346, 73105,20211001,    0,    0
 11346, 73105,20211002,    0,    0
 11346, 73105,20211003,    0,    0
 11346, 73105,20211004,   17,    0
 11346, 73105,20211005,    0,    0
 11346, 73105,20211006,    0,    0
 11346, 73105,20211007,    0,    0
 11346, 73105,20211008,    0,    0
 11346, 73105,20211009,    0,    0
 11346, 73105,20211010,    0,    0
 11346, 73105,20211011,    0,    0
 11346, 73105,20211012,    0,    0
 11346, 73105,20211013,    0,    0
 11346, 73105,20211014,    0,    0
 11346, 73105,20211015,    0,    0
 11346, 73105,20211016,    0,    0
 11346, 73105,20211017,    0,    0
 11346, 73105,20211018,    0,    0
 11346, 73105,20211019,    0,    0
 11346, 73105,20211020,    0,    0
 11346, 73105,20211021,    0,    0
 11346, 73105,20211022,    0,    0
 11346, 73105,20211023,    0,    0
 11346, 73105,20211024,    0,    0
 11346, 73105,20211025,    0,    0
 11346, 73105,20211026,    0,    0
 11346, 73105,20211027,    0,    0
 11346, 73105,20211028,    0,    0
 11346, 73105,20211029,    2,    0
 11346, 73105,20211030,    0,    0
 11346, 73105,20211031,    0,    0
 11346, 73105,20211101,   44,    0
 11346, 73105,20211102,    0,    0
 11346, 73105,20211103,    1,    0
 11346, 73105,20211104,    0,    0
 11346, 73105,20211105,    0,    0
 11346, 73105,20211106,    0,    0
 11346, 73105,20211107,    0,    0
 11346, 73105,20211108,    0,    0
 11346, 73105,20211109,    0,    0
 11346, 73105,20211110,  133,    0
 11346, 73105,20211111,  563,    0
 11346, 73105,20211112,   28,    0
 11346, 73105,20211113,    0,    0
 11346, 73105,20211114,    0,    0
 11346, 73105,20211115,    3,    0
 11346, 73105,20211116,    0,    0
 11346, 73105,20211117,    0,    0
 11346, 73105,20211118,    0,    0
 11346, 73105,20211119,    0,    0
 11346, 73105,20211120,    1,    0
 11346, 73105,20211121,    0,    0
 11346, 73105,20211122,    0,    0
 11346, 73105,20211123,  320,    0
 11346, 73105,20211124,  353,    0
 11346, 73105,20211125,    1,    0
 11346, 73105,20211126,    1,    0
 11346, 73105,20211127,    7,    0
 11346, 73105,20211128,    0,    0
 11346, 73105,20211129,    0,    0
 11346, 73105,20211130,    0,    0
 11346, 73105,20211201,    2,    0
 11346, 73105,20211202,    0,    0
 11346, 73105,20211203,    0,    0
 11346, 73105,20211204,    0,    0
 11346, 73105,20211205,    0,    0
 11346, 73105,20211206,    0,    0
 11346, 73105,20211207,    0,    0
 11346, 73105,20211208,    9,    0
 11346, 73105,20211209,    8,    0
 11346, 73105,20211210,  137,    0
 11346, 73105,20211211,    9,    0
 11346, 73105,20211212,    0,    0
 11346, 73105,20211213,    0,    0
 11346, 73105,20211214,    0,    0
 11346, 73105,20211215,    1,    0
 11346, 73105,20211216,    1,    0
 11346, 73105,20211217,    1,    0
 11346, 73105,20211218,    2,    0
 11346, 73105,20211219,    1,    0
 11346, 73105,20211220,    2,    0
 11346, 73105,20211221,    1,    0
 11346, 73105,20211222,    0,    0
 11346, 73105,20211223,    0,    0
 11346, 73105,20211224,    2,    0
 11346, 73105,20211225,    1,    0
 11346, 73105,20211226,    0,    0
 11346, 73105,20211227,    1,    0
 11346, 73105,20211228,    1,    0
 11346, 73105,20211229,    0,    0
 11346, 73105,20211230,    0,    0
 11346, 73105,20211231,    0,    0
 11346, 73105,20220101,-9999,    9
 11346, 73105,20220102,-9999,    9
 11346, 73105,20220103,-9999,    9
 11346, 73105,20220104,-9999,    9
 11346, 73105,20220105,-9999,    9
 11346, 73105,20220106,-9999,    9
 11346, 73105,20220107,-9999,    9
 11346, 73105,20220108,-9999,    9
 11346, 73105,20220109,-9999,    9
 11346, 73105,20220110,-9999,    9
 11346, 73105,20220111,-9999,    9
 11346, 73105,20220112,-9999,    9
 11346, 73105,20220113,-9999,    9
 11346, 73105,20220114,-9999,    9
 11346, 73105,20220115,-9999,    9
 11346, 73105,20220116,-9999,    9
 11346, 73105,20220117,-9999,    9
 11346, 73105,20220118,-9999,    9
 11346, 73105,20220119,-9999,    9
 11346, 73105,20220120,-9999,    9
 11346, 73105,20220121,-9999,    9
 11346, 73105,20220122,-9999,    9
 11346, 73105,20220123,-9999,    9
 11346, 73105,20220124,-9999,    9
 11346, 73105,20220125,-9999,    9
 11346, 73105,20220126,-9999,    9
 11346, 73105,20220127,-9999,    9
 11346, 73105,20220128,-9999,    9
 11346, 73105,20220129,-9999,    9
 11346, 73105,20220130,-9999,    9
 11346, 73105,20220131,-9999,    9
 11346, 73105,20220201,-9999,    9
 11346, 73105,20220202,-9999,    9
 11346, 73105,20220203,-9999,    9
 11346, 73105,20220204,-9999,    9
 11346, 73105,20220205,-9999,    9
 11346, 73105,20220206,-9999,    9
 11346, 73105,20220207,-9999,    9
 11346, 73105,20220208,-9999,    9
 11346, 73105,20220209,-9999,    9
 11346, 73105,20220210,-9999,    9
 11346, 73105,20220211,-9999,    9
 11346, 73105,20220212,-9999,    9
 11346, 73105,20220213,-9999,    9
 11346, 73105,20220214,-9999,    9
 11346, 73105,20220215,-9999,    9
 11346, 73105,20220216,-9999,    9
 11346, 73105,20220217,-9999,    9
 11346, 73105,20220218,-9999,    9
 11346, 73105,20220219,-9999,    9
 11346, 73105,20220220,-9999,    9
 11346, 73105,20220221,-9999,    9
 11346, 73105,20220222,-9999,    9
 11346, 73105,20220223,-9999,    9
 11346, 73105,20220224,-9999,    9
 11346, 73105,20220225,-9999,    9
 11346, 73105,20220226,-9999,    9
 11346, 73105,20220227,-9999,    9
 11346, 73105,20220228,-9999,    9
 11346, 73105,20220301,-9999,    9
 11346, 73105,20220302,-9999,    9
 11346, 73105,20220303,-9999,    9
 11346, 73105,20220304,-9999,    9
 11346, 73105,20220305,-9999,    9
 11346, 73105,20220306,-9999,    9
 11346, 73105,20220307,-9999,    9
 11346, 73105,20220308,-9999,    9
 11346, 73105,20220309,-9999,    9
 11346, 73105,20220310,-9999,    9
 11346, 73105,20220311,-9999,    9
 11346, 73105,20220312,-9999,    9
 11346, 73105,20220313,-9999,    9
 11346, 73105,20220314,-9999,    9
 11346, 73105,20220315,-9999,    9
 11346, 73105,20220316,-9999,    9
 11346, 73105,20220317,-9999,    9
 11346, 73105,20220318,-9999,    9
 11346, 73105,20220319,-9999,    9
 11346, 73105,20220320,-9999,    9
 11346, 73105,20220321,-9999,    9
 11346, 73105,20220322,-9999,    9
 11346, 73105,20220323,-9999,    9
 11346, 73105,20220324,-9999,    9
 11346, 73105,20220325,-9999,    9
 11346, 73105,20220326,-9999,    9
 11346, 73105,20220327,-9999,    9
 11346, 73105,20220328,-9999,    9
 11346, 73105,20220329,-9999,    9
 11346, 73105,20220330,-9999,    9
 11346, 73105,20220331,-9999,    9
 11346, 73105,20220401,-9999,    9
 11346, 73105,20220402,-9999,    9
 11346, 73105,20220403,-9999,    9
 11346, 73105,20220404,-9999,    9
 11346, 73105,20220405,-9999,    9
 11346, 73105,20220406,-9999,    9
 11346, 73105,20220407,-9999,    9
 11346, 73105,20220408,-9999,    9
 11346, 73105,20220409,-9999,    9
 11346, 73105,20220410,-9999,    9
 11346, 73105,20220411,-9999,    9
 11346, 73105,20220412,-9999,    9
 11346, 73105,20220413,-9999,    9
 11346, 73105,20220414,-9999,    9
 11346, 73105,20220415,-9999,    9
 11346, 73105,20220416,-9999,    9
 11346, 73105,20220417,-9999,    9
 11346, 73105,20220418,-9999,    9
 11346, 73105,20220419,-9999,    9
 11346, 73105,20220420,-9999,    9
 11346, 73105,20220421,-9999,    9
 11346, 73105,20220422,-9999,    9
 11346, 73105,20220423,-9999,    9
 11346, 73105,20220424,-9999,    9
 11346, 73105,20220425,-9999,    9
 11346, 73105,20220426,-9999,    9
 11346, 73105,20220427,-9999,    9
 11346, 73105,20220428,-9999,    9
 11346, 73105,20220429,-9999,    9
 11346, 73105,20220430,-9999,    9
 11346, 73105,20220501,-9999,    9
 11346, 73105,20220502,-9999,    9
 11346, 73105,20220503,-9999,    9
 11346, 73105,20220504,-9999,    9
 11346, 73105,20220505,-9999,    9
 11346, 73105,20220506,-9999,    9
 11346, 73105,20220507,-9999,    9
 11346, 73105,20220508,-9999,    9
 11346, 73105,20220509,-9999,    9
 11346, 73105,20220510,-9999,    9
 11346, 73105,20220511,-9999,    9
 11346, 73105,20220512,-9999,    9
 11346, 73105,20220513,-9999,    9
 11346, 73105,20220514,-9999,    9
 11346, 73105,20220515,-9999,    9
 11346, 73105,20220516,-9999,    9
 11346, 73105,20220517,-9999,    9
 11346, 73105,20220518,-9999,    9
 11346, 73105,20220519,-9999,    9
 11346, 73105,20220520,-9999,    9
 11346, 73105,20220521,-9999,    9
 11346, 73105,20220522,-9999,    9
 11346, 73105,20220523,-9999,    9
 11346, 73105,20220524,-9999,    9
 11346, 73105,20220525,-9999,    9
 11346, 73105,20220526,-9999,    9
 11346, 73105,20220527,-9999,    9
 11346, 73105,20220528,-9999,    9
 11346, 73105,20220529,-9999,    9
 11346, 73105,20220530,-9999,    9
 11346, 73105,20220531,-9999,    9
 11346, 73105,20220601,-9999,    9
 11346, 73105,20220602,-9999,    9
 11346, 73105,20220603,-9999,    9
 11346, 73105,20220604,-9999,    9
 11346, 73105,20220605,-9999,    9
 11346, 73105,20220606,-9999,    9
 11346, 73105,20220607,-9999,    9
 11346, 73105,20220608,-9999,    9
 11346, 73105,20220609,-9999,    9
 11346, 73105,20220610,-9999,    9
 11346, 73105,20220611,-9999,    9
 11346, 73105,20220612,-9999,    9
 11346, 73105,20220613,-9999,    9
 11346, 73105,20220614,-9999,    9
 11346, 73105,20220615,-9999,    9
 11346, 73105,20220616,-9999,    9
 11346, 73105,20220617,-9999,    9
 11346, 73105,20220618,-9999,    9
 11346, 73105,20220619,-9999,    9
 11346, 73105,20220620,-9999,    9
 11346, 73105,20220621,-9999,    9
 11346, 73105,20220622,-9999,    9
 11346, 73105,20220623,-9999,    9
 11346, 73105,20220624,-9999,    9
 11346, 73105,20220625,-9999,    9
 11346, 73105,20220626,-9999,    9
 11346, 73105,20220627,-9999,    9
 11346, 73105,20220628,-9999,    9
 11346, 73105,20220629,-9999,    9
 11346, 73105,20220630,-9999,    9
 11346, 73105,20220701,-9999,    9
 11346, 73105,20220702,-9999,    9
 11346, 73105,20220703,-9999,    9
 11346, 73105,20220704,-9999,    9
 11346, 73105,20220705,-9999,    9
 11346, 73105,20220706,-9999,    9
 11346, 73105,20220707,-9999,    9
 11346, 73105,20220708,-9999,    9
 11346, 73105,20220709,-9999,    9
 11346, 73105,20220710,-9999,    9
 11346, 73105,20220711,-9999,    9
 11346, 73105,20220712,-9999,    9
 11346, 73105,20220713,-9999,    9
 11346, 73105,20220714,-9999,    9
 11346, 73105,20220715,-9999,    9
 11346, 73105,20220716,-9999,    9
 11346, 73105,20220717,-9999,    9
 11346, 73105,20220718,-9999,    9
 11346, 73105,20220719,-9999,    9
 11346, 73105,20220720,-9999,    9
 11346, 73105,20220721,-9999,    9
 11346, 73105,20220722,-9999,    9
 11346, 73105,20220723,-9999,    9
 11346, 73105,20220724,-9999,    9
 11346, 73105,20220725,-9999,    9
 11346, 73105,20220726,-9999,    9
 11346, 73105,20220727,-9999,    9
 11346, 73105,20220728,-9999,    9
 11346, 73105,20220729,-9999,    9
 11346, 73105,20220730,-9999,    9
 11346, 73105,20220731,-9999,    9
 11346, 73105,20220801,-9999,    9
 11346, 73105,20220802,-9999,    9
 11346, 73105,20220803,-9999,    9
 11346, 73105,20220804,-9999,    9
 11346, 73105,20220805,-9999,    9
 11346, 73105,20220806,-9999,    9
 11346, 73105,20220807,-9999,    9
 11346, 73105,20220808,-9999,    9
 11346, 73105,20220809,-9999,    9
 11346, 73105,20220810,-9999,    9
 11346, 73105,20220811,-9999,    9
 11346, 73105,20220812,-9999,    9
 11346, 73105,20220813,-9999,    9
 11346, 73105,20220814,-9999,    9
 11346, 73105,20220815,-9999,    9
 11346, 73105,20220816,-9999,    9
 11346, 73105,20220817,-9999,    9
 11346, 73105,20220818,-9999,    9
 11346, 73105,20220819,-9999,    9
 11346, 73105,20220820,-9999,    9
 11346, 73105,20220821,-9999,    9
 11346, 73105,20220822,-9999,    9
 11346, 73105,20220823,-9999,    9
 11346, 73105,20220824,-9999,    9
 11346, 73105,20220825,-9999,    9
 11346, 73105,20220826,-9999,    9
 11346, 73105,20220827,-9999,    9
 11346, 73105,20220828,-9999,    9
 11346, 73105,20220829,-9999,    9
 11346, 73105,20220830,-9999,    9
 11346, 73105,20220831,-9999,    9
 11346, 73105,20220901,-9999,    9
 11346, 73105,20220902,-9999,    9
 11346, 73105,20220903,-9999,    9
 11346, 73105,20220904,-9999,    9
 11346, 73105,20220905,-9999,    9
 11346, 73105,20220906,-9999,    9
 11346, 73105,20220907,-9999,    9
 11346, 73105,20220908,-9999,    9
 11346, 73105,20220909,-9999,    9
 11346, 73105,20220910,-9999,    9
 11346, 73105,20220911,-9999,    9
 11346, 73105,20220912,-9999,    9
 11346, 73105,20220913,-9999,    9
 11346, 73105,20220914,-9999,    9
 11346, 73105,20220915,-9999,    9
 11346, 73105,20220916,-9999,    9
 11346, 73105,20220917,-9999,    9
 11346, 73105,20220918,-9999,    9
 11346, 73105,20220919,-9999,    9
 11346, 73105,20220920,-9999,    9
 11346, 73105,20220921,-9999,    9
 11346, 73105,20220922,-9999,    9
 11346, 73105,20220923,-9999,    9
 11346, 73105,20220924,-9999,    9
 11346, 73105,20220925,-9999,    9
 11346, 73105,20220926,-9999,    9
 11346, 73105,20220927,-9999,    9
 11346, 73105,20220928,-9999,    9
 11346, 73105,20220929,-9999,    9
 11346, 73105,20220930,-9999,    9
 11346, 73105,20221001,-9999,    9
 11346, 73105,20221002,-9999,    9
 11346, 73105,20221003,-9999,    9
 11346, 73105,20221004,-9999,    9
 11346, 73105,20221005,-9999,    9
 11346, 73105,20221006,-9999,    9
 11346, 73105,20221007,-9999,    9
 11346, 73105,20221008,-9999,    9
 11346, 73105,20221009,-9999,    9
 11346, 73105,20221010,-9999,    9
 11346, 73105,20221011,-9999,    9
 11346, 73105,20221012,-9999,    9
 11346, 73105,20221013,-9999,    9
 11346, 73105,20221014,-9999,    9
 11346, 73105,20221015,-9999,    9
 11346, 73105,20221016,-9999,    9
 11346, 73105,20221017,-9999,    9
 11346, 73105,20221018,-9999,    9
 11346, 73105,20221019,-9999,    9
 11346, 73105,20221020,-9999,    9
 11346, 73105,20221021,-9999,    9
 11346, 73105,20221022,-9999,    9
 11346, 73105,20221023,-9999,    9
 11346, 73105,20221024,-9999,    9
 11346, 73105,20221025,-9999,    9
 11346, 73105,20221026,-9999,    9
 11346, 73105,20221027,-9999,    9
 11346, 73105,20221028,-9999,    9
 11346, 73105,20221029,-9999,    9
 11346, 73105,20221030,-9999,    9
 11346, 73105,20221031,-9999,    9
