EUROPEAN CLIMATE ASSESSMENT & DATASET (ECA&D), file created on: 16-11-2022
THESE DATA CAN BE USED FOR NON-COMMERCIAL RESEARCH AND EDUCATION PROVIDED THAT THE FOLLOWING SOURCE IS ACKNOWLEDGED: 

Klein Tank, A.M.G. and Coauthors, 2002. Daily dataset of 20th-century surface
air temperature and precipitation series for the European Climate Assessment.
Int. J. of Climatol., 22, 1441-1453.
Data and metadata available at http://www.ecad.eu

FILE FORMAT (MISSING VALUE CODE = -9999):

01-06 STAID: Station identifier
08-13 SOUID: Source identifier
15-22 DATE : Date YYYYMMDD
24-28 RR   : Precipitation amount in 0.1 mm
30-34 Q_RR : quality code for RR (0='valid'; 1='suspect'; 9='missing')

This is the blended series of station LES BORGES BLANQUES, SPAIN (STAID: 11385)
Blended and updated with sources:75681 
See files sources.txt and stations.txt for more info.

STAID, SOUID,    DATE,   RR, Q_RR
 11385, 75681,20170101,-9999,    9
 11385, 75681,20170102,-9999,    9
 11385, 75681,20170103,-9999,    9
 11385, 75681,20170104,-9999,    9
 11385, 75681,20170105,-9999,    9
 11385, 75681,20170106,-9999,    9
 11385, 75681,20170107,-9999,    9
 11385, 75681,20170108,-9999,    9
 11385, 75681,20170109,-9999,    9
 11385, 75681,20170110,-9999,    9
 11385, 75681,20170111,-9999,    9
 11385, 75681,20170112,-9999,    9
 11385, 75681,20170113,-9999,    9
 11385, 75681,20170114,-9999,    9
 11385, 75681,20170115,-9999,    9
 11385, 75681,20170116,-9999,    9
 11385, 75681,20170117,-9999,    9
 11385, 75681,20170118,-9999,    9
 11385, 75681,20170119,-9999,    9
 11385, 75681,20170120,-9999,    9
 11385, 75681,20170121,-9999,    9
 11385, 75681,20170122,-9999,    9
 11385, 75681,20170123,-9999,    9
 11385, 75681,20170124,-9999,    9
 11385, 75681,20170125,    0,    0
 11385, 75681,20170126,    0,    0
 11385, 75681,20170127,   39,    0
 11385, 75681,20170128,   93,    0
 11385, 75681,20170129,    0,    0
 11385, 75681,20170130,    0,    0
 11385, 75681,20170131,    0,    0
 11385, 75681,20170201,    0,    0
 11385, 75681,20170202,   12,    0
 11385, 75681,20170203,    6,    0
 11385, 75681,20170204,    0,    0
 11385, 75681,20170205,    3,    0
 11385, 75681,20170206,    0,    0
 11385, 75681,20170207,    0,    0
 11385, 75681,20170208,    0,    0
 11385, 75681,20170209,    0,    0
 11385, 75681,20170210,    0,    0
 11385, 75681,20170211,    0,    0
 11385, 75681,20170212,    0,    0
 11385, 75681,20170213,   48,    0
 11385, 75681,20170214,    1,    0
 11385, 75681,20170215,    0,    0
 11385, 75681,20170216,    0,    0
 11385, 75681,20170217,    0,    0
 11385, 75681,20170218,    0,    0
 11385, 75681,20170219,    1,    0
 11385, 75681,20170220,    0,    0
 11385, 75681,20170221,    0,    0
 11385, 75681,20170222,    0,    0
 11385, 75681,20170223,    0,    0
 11385, 75681,20170224,    0,    0
 11385, 75681,20170225,    0,    0
 11385, 75681,20170226,    0,    0
 11385, 75681,20170227,    0,    0
 11385, 75681,20170228,    0,    0
 11385, 75681,20170301,    0,    0
 11385, 75681,20170302,    0,    0
 11385, 75681,20170303,   99,    0
 11385, 75681,20170304,  223,    0
 11385, 75681,20170305,    0,    0
 11385, 75681,20170306,    0,    0
 11385, 75681,20170307,    0,    0
 11385, 75681,20170308,    0,    0
 11385, 75681,20170309,    0,    0
 11385, 75681,20170310,    0,    0
 11385, 75681,20170311,    0,    0
 11385, 75681,20170312,    0,    0
 11385, 75681,20170313,   11,    0
 11385, 75681,20170314,    0,    0
 11385, 75681,20170315,    0,    0
 11385, 75681,20170316,    0,    0
 11385, 75681,20170317,    0,    0
 11385, 75681,20170318,    0,    0
 11385, 75681,20170319,    0,    0
 11385, 75681,20170320,    0,    0
 11385, 75681,20170321,    0,    0
 11385, 75681,20170322,    0,    0
 11385, 75681,20170323,    1,    0
 11385, 75681,20170324,  284,    0
 11385, 75681,20170325,  257,    0
 11385, 75681,20170326,    0,    0
 11385, 75681,20170327,   58,    0
 11385, 75681,20170328,    1,    0
 11385, 75681,20170329,    0,    0
 11385, 75681,20170330,    0,    0
 11385, 75681,20170331,   41,    0
 11385, 75681,20170401,    0,    0
 11385, 75681,20170402,    0,    0
 11385, 75681,20170403,    0,    0
 11385, 75681,20170404,    0,    0
 11385, 75681,20170405,    0,    0
 11385, 75681,20170406,    0,    0
 11385, 75681,20170407,    0,    0
 11385, 75681,20170408,    0,    0
 11385, 75681,20170409,    0,    0
 11385, 75681,20170410,    0,    0
 11385, 75681,20170411,    0,    0
 11385, 75681,20170412,    0,    0
 11385, 75681,20170413,    0,    0
 11385, 75681,20170414,    0,    0
 11385, 75681,20170415,    0,    0
 11385, 75681,20170416,    0,    0
 11385, 75681,20170417,    0,    0
 11385, 75681,20170418,    0,    0
 11385, 75681,20170419,    0,    0
 11385, 75681,20170420,    0,    0
 11385, 75681,20170421,    0,    0
 11385, 75681,20170422,    0,    0
 11385, 75681,20170423,    0,    0
 11385, 75681,20170424,    0,    0
 11385, 75681,20170425,   19,    0
 11385, 75681,20170426,   21,    0
 11385, 75681,20170427,  108,    0
 11385, 75681,20170428,    0,    0
 11385, 75681,20170429,    0,    0
 11385, 75681,20170430,   58,    0
 11385, 75681,20170501,    0,    0
 11385, 75681,20170502,    0,    0
 11385, 75681,20170503,    3,    0
 11385, 75681,20170504,    0,    0
 11385, 75681,20170505,    8,    0
 11385, 75681,20170506,   15,    0
 11385, 75681,20170507,    0,    0
 11385, 75681,20170508,    0,    0
 11385, 75681,20170509,    4,    0
 11385, 75681,20170510,   21,    0
 11385, 75681,20170511,  151,    0
 11385, 75681,20170512,    7,    0
 11385, 75681,20170513,    1,    0
 11385, 75681,20170514,    0,    0
 11385, 75681,20170515,    0,    0
 11385, 75681,20170516,    0,    0
 11385, 75681,20170517,    0,    0
 11385, 75681,20170518,   71,    0
 11385, 75681,20170519,    0,    0
 11385, 75681,20170520,    0,    0
 11385, 75681,20170521,    0,    0
 11385, 75681,20170522,    0,    0
 11385, 75681,20170523,    0,    0
 11385, 75681,20170524,    1,    0
 11385, 75681,20170525,    0,    0
 11385, 75681,20170526,    0,    0
 11385, 75681,20170527,    0,    0
 11385, 75681,20170528,    0,    0
 11385, 75681,20170529,    5,    0
 11385, 75681,20170530,    0,    0
 11385, 75681,20170531,    0,    0
 11385, 75681,20170601,    0,    0
 11385, 75681,20170602,  191,    0
 11385, 75681,20170603,   24,    0
 11385, 75681,20170604,  158,    0
 11385, 75681,20170605,   14,    0
 11385, 75681,20170606,    0,    0
 11385, 75681,20170607,    0,    0
 11385, 75681,20170608,    0,    0
 11385, 75681,20170609,   12,    0
 11385, 75681,20170610,    0,    0
 11385, 75681,20170611,    0,    0
 11385, 75681,20170612,    0,    0
 11385, 75681,20170613,    0,    0
 11385, 75681,20170614,    0,    0
 11385, 75681,20170615,    0,    0
 11385, 75681,20170616,    0,    0
 11385, 75681,20170617,    0,    0
 11385, 75681,20170618,    0,    0
 11385, 75681,20170619,    0,    0
 11385, 75681,20170620,    0,    0
 11385, 75681,20170621,    0,    0
 11385, 75681,20170622,    0,    0
 11385, 75681,20170623,    0,    0
 11385, 75681,20170624,    0,    0
 11385, 75681,20170625,    3,    0
 11385, 75681,20170626,   28,    0
 11385, 75681,20170627,    0,    0
 11385, 75681,20170628,    4,    0
 11385, 75681,20170629,    0,    0
 11385, 75681,20170630,    0,    0
 11385, 75681,20170701,    0,    0
 11385, 75681,20170702,    0,    0
 11385, 75681,20170703,    0,    0
 11385, 75681,20170704,    0,    0
 11385, 75681,20170705,    0,    0
 11385, 75681,20170706,    0,    0
 11385, 75681,20170707,    1,    0
 11385, 75681,20170708,  122,    0
 11385, 75681,20170709,    0,    0
 11385, 75681,20170710,    0,    0
 11385, 75681,20170711,    0,    0
 11385, 75681,20170712,    0,    0
 11385, 75681,20170713,    0,    0
 11385, 75681,20170714,    0,    0
 11385, 75681,20170715,    0,    0
 11385, 75681,20170716,    0,    0
 11385, 75681,20170717,    0,    0
 11385, 75681,20170718,    1,    0
 11385, 75681,20170719,    0,    0
 11385, 75681,20170720,    0,    0
 11385, 75681,20170721,   10,    0
 11385, 75681,20170722,    0,    0
 11385, 75681,20170723,    6,    0
 11385, 75681,20170724,    0,    0
 11385, 75681,20170725,    0,    0
 11385, 75681,20170726,    0,    0
 11385, 75681,20170727,    0,    0
 11385, 75681,20170728,    0,    0
 11385, 75681,20170729,    0,    0
 11385, 75681,20170730,    0,    0
 11385, 75681,20170731,    0,    0
 11385, 75681,20170801,    8,    0
 11385, 75681,20170802,    0,    0
 11385, 75681,20170803,    0,    0
 11385, 75681,20170804,    0,    0
 11385, 75681,20170805,    0,    0
 11385, 75681,20170806,    0,    0
 11385, 75681,20170807,   13,    0
 11385, 75681,20170808,    0,    0
 11385, 75681,20170809,    6,    0
 11385, 75681,20170810,    0,    0
 11385, 75681,20170811,    0,    0
 11385, 75681,20170812,    0,    0
 11385, 75681,20170813,    0,    0
 11385, 75681,20170814,    0,    0
 11385, 75681,20170815,    0,    0
 11385, 75681,20170816,    0,    0
 11385, 75681,20170817,    0,    0
 11385, 75681,20170818,    0,    0
 11385, 75681,20170819,    0,    0
 11385, 75681,20170820,    0,    0
 11385, 75681,20170821,    0,    0
 11385, 75681,20170822,    0,    0
 11385, 75681,20170823,    0,    0
 11385, 75681,20170824,    7,    0
 11385, 75681,20170825,    0,    0
 11385, 75681,20170826,    0,    0
 11385, 75681,20170827,    0,    0
 11385, 75681,20170828,    4,    0
 11385, 75681,20170829,    2,    0
 11385, 75681,20170830,   21,    0
 11385, 75681,20170831,    0,    0
 11385, 75681,20170901,    0,    0
 11385, 75681,20170902,    0,    0
 11385, 75681,20170903,    4,    0
 11385, 75681,20170904,    0,    0
 11385, 75681,20170905,    0,    0
 11385, 75681,20170906,    0,    0
 11385, 75681,20170907,    0,    0
 11385, 75681,20170908,    0,    0
 11385, 75681,20170909,   17,    0
 11385, 75681,20170910,    0,    0
 11385, 75681,20170911,    0,    0
 11385, 75681,20170912,    0,    0
 11385, 75681,20170913,    0,    0
 11385, 75681,20170914,    0,    0
 11385, 75681,20170915,  237,    0
 11385, 75681,20170916,    0,    0
 11385, 75681,20170917,    0,    0
 11385, 75681,20170918,    0,    0
 11385, 75681,20170919,    0,    0
 11385, 75681,20170920,    0,    0
 11385, 75681,20170921,    0,    0
 11385, 75681,20170922,   13,    0
 11385, 75681,20170923,    0,    0
 11385, 75681,20170924,    0,    0
 11385, 75681,20170925,    0,    0
 11385, 75681,20170926,    0,    0
 11385, 75681,20170927,    0,    0
 11385, 75681,20170928,    0,    0
 11385, 75681,20170929,    0,    0
 11385, 75681,20170930,   14,    0
 11385, 75681,20171001,    0,    0
 11385, 75681,20171002,    0,    0
 11385, 75681,20171003,    0,    0
 11385, 75681,20171004,    0,    0
 11385, 75681,20171005,    0,    0
 11385, 75681,20171006,    0,    0
 11385, 75681,20171007,    0,    0
 11385, 75681,20171008,    0,    0
 11385, 75681,20171009,    0,    0
 11385, 75681,20171010,    0,    0
 11385, 75681,20171011,    0,    0
 11385, 75681,20171012,    0,    0
 11385, 75681,20171013,    0,    0
 11385, 75681,20171014,    0,    0
 11385, 75681,20171015,    0,    0
 11385, 75681,20171016,    0,    0
 11385, 75681,20171017,    1,    0
 11385, 75681,20171018,  482,    0
 11385, 75681,20171019,   74,    0
 11385, 75681,20171020,    1,    0
 11385, 75681,20171021,    0,    0
 11385, 75681,20171022,    0,    0
 11385, 75681,20171023,    0,    0
 11385, 75681,20171024,    0,    0
 11385, 75681,20171025,    0,    0
 11385, 75681,20171026,    0,    0
 11385, 75681,20171027,    0,    0
 11385, 75681,20171028,    0,    0
 11385, 75681,20171029,    0,    0
 11385, 75681,20171030,    0,    0
 11385, 75681,20171031,    0,    0
 11385, 75681,20171101,    0,    0
 11385, 75681,20171102,    0,    0
 11385, 75681,20171103,    0,    0
 11385, 75681,20171104,   48,    0
 11385, 75681,20171105,    0,    0
 11385, 75681,20171106,    0,    0
 11385, 75681,20171107,    0,    0
 11385, 75681,20171108,    0,    0
 11385, 75681,20171109,    0,    0
 11385, 75681,20171110,    0,    0
 11385, 75681,20171111,    0,    0
 11385, 75681,20171112,    0,    0
 11385, 75681,20171113,    0,    0
 11385, 75681,20171114,    0,    0
 11385, 75681,20171115,    0,    0
 11385, 75681,20171116,    0,    0
 11385, 75681,20171117,    0,    0
 11385, 75681,20171118,    0,    0
 11385, 75681,20171119,    1,    0
 11385, 75681,20171120,    0,    0
 11385, 75681,20171121,    0,    0
 11385, 75681,20171122,    0,    0
 11385, 75681,20171123,    0,    0
 11385, 75681,20171124,    0,    0
 11385, 75681,20171125,    0,    0
 11385, 75681,20171126,    0,    0
 11385, 75681,20171127,    0,    0
 11385, 75681,20171128,    0,    0
 11385, 75681,20171129,    0,    0
 11385, 75681,20171130,    0,    0
 11385, 75681,20171201,   18,    0
 11385, 75681,20171202,    0,    0
 11385, 75681,20171203,    0,    0
 11385, 75681,20171204,    0,    0
 11385, 75681,20171205,    1,    0
 11385, 75681,20171206,    0,    0
 11385, 75681,20171207,    0,    0
 11385, 75681,20171208,    0,    0
 11385, 75681,20171209,    2,    0
 11385, 75681,20171210,    5,    0
 11385, 75681,20171211,    4,    0
 11385, 75681,20171212,    0,    0
 11385, 75681,20171213,    0,    0
 11385, 75681,20171214,    1,    0
 11385, 75681,20171215,    2,    0
 11385, 75681,20171216,    0,    0
 11385, 75681,20171217,    0,    0
 11385, 75681,20171218,    0,    0
 11385, 75681,20171219,    1,    0
 11385, 75681,20171220,    0,    0
 11385, 75681,20171221,    0,    0
 11385, 75681,20171222,    1,    0
 11385, 75681,20171223,    1,    0
 11385, 75681,20171224,    2,    0
 11385, 75681,20171225,    0,    0
 11385, 75681,20171226,    6,    0
 11385, 75681,20171227,   49,    0
 11385, 75681,20171228,   14,    0
 11385, 75681,20171229,    1,    0
 11385, 75681,20171230,    0,    0
 11385, 75681,20171231,    0,    0
 11385, 75681,20180101,    0,    0
 11385, 75681,20180102,    0,    0
 11385, 75681,20180103,    0,    0
 11385, 75681,20180104,    0,    0
 11385, 75681,20180105,    0,    0
 11385, 75681,20180106,  142,    0
 11385, 75681,20180107,   46,    0
 11385, 75681,20180108,    0,    0
 11385, 75681,20180109,    1,    0
 11385, 75681,20180110,    1,    0
 11385, 75681,20180111,    0,    0
 11385, 75681,20180112,    0,    0
 11385, 75681,20180113,    2,    0
 11385, 75681,20180114,    2,    0
 11385, 75681,20180115,    0,    0
 11385, 75681,20180116,    0,    0
 11385, 75681,20180117,    0,    0
 11385, 75681,20180118,    0,    0
 11385, 75681,20180119,    0,    0
 11385, 75681,20180120,    0,    0
 11385, 75681,20180121,    0,    0
 11385, 75681,20180122,    0,    0
 11385, 75681,20180123,    0,    0
 11385, 75681,20180124,    1,    0
 11385, 75681,20180125,   40,    0
 11385, 75681,20180126,  137,    0
 11385, 75681,20180127,    0,    0
 11385, 75681,20180128,    0,    0
 11385, 75681,20180129,    0,    0
 11385, 75681,20180130,    1,    0
 11385, 75681,20180131,    1,    0
 11385, 75681,20180201,    1,    0
 11385, 75681,20180202,    0,    0
 11385, 75681,20180203,    2,    0
 11385, 75681,20180204,   44,    0
 11385, 75681,20180205,  271,    0
 11385, 75681,20180206,   23,    0
 11385, 75681,20180207,    0,    0
 11385, 75681,20180208,    0,    0
 11385, 75681,20180209,    1,    0
 11385, 75681,20180210,    0,    0
 11385, 75681,20180211,    0,    0
 11385, 75681,20180212,    3,    0
 11385, 75681,20180213,    2,    0
 11385, 75681,20180214,    1,    0
 11385, 75681,20180215,    0,    0
 11385, 75681,20180216,    4,    0
 11385, 75681,20180217,    4,    0
 11385, 75681,20180218,    0,    0
 11385, 75681,20180219,    0,    0
 11385, 75681,20180220,    0,    0
 11385, 75681,20180221,    0,    0
 11385, 75681,20180222,    0,    0
 11385, 75681,20180223,    0,    0
 11385, 75681,20180224,    0,    0
 11385, 75681,20180225,    0,    0
 11385, 75681,20180226,    0,    0
 11385, 75681,20180227,   20,    0
 11385, 75681,20180228,  106,    0
 11385, 75681,20180301,   13,    0
 11385, 75681,20180302,   27,    0
 11385, 75681,20180303,    1,    0
 11385, 75681,20180304,    0,    0
 11385, 75681,20180305,   19,    0
 11385, 75681,20180306,    9,    0
 11385, 75681,20180307,    0,    0
 11385, 75681,20180308,    0,    0
 11385, 75681,20180309,   10,    0
 11385, 75681,20180310,   23,    0
 11385, 75681,20180311,    6,    0
 11385, 75681,20180312,    0,    0
 11385, 75681,20180313,    3,    0
 11385, 75681,20180314,    0,    0
 11385, 75681,20180315,   31,    0
 11385, 75681,20180316,    0,    0
 11385, 75681,20180317,   38,    0
 11385, 75681,20180318,    0,    0
 11385, 75681,20180319,   14,    0
 11385, 75681,20180320,    2,    0
 11385, 75681,20180321,    0,    0
 11385, 75681,20180322,    0,    0
 11385, 75681,20180323,    1,    0
 11385, 75681,20180324,  208,    0
 11385, 75681,20180325,    0,    0
 11385, 75681,20180326,    0,    0
 11385, 75681,20180327,    0,    0
 11385, 75681,20180328,    0,    0
 11385, 75681,20180329,    0,    0
 11385, 75681,20180330,    0,    0
 11385, 75681,20180331,   11,    0
 11385, 75681,20180401,    0,    0
 11385, 75681,20180402,    0,    0
 11385, 75681,20180403,    0,    0
 11385, 75681,20180404,    0,    0
 11385, 75681,20180405,    0,    0
 11385, 75681,20180406,   25,    0
 11385, 75681,20180407,    0,    0
 11385, 75681,20180408,  108,    0
 11385, 75681,20180409,   16,    0
 11385, 75681,20180410,   38,    0
 11385, 75681,20180411,  282,    0
 11385, 75681,20180412,   15,    0
 11385, 75681,20180413,  150,    0
 11385, 75681,20180414,    2,    0
 11385, 75681,20180415,    0,    0
 11385, 75681,20180416,   17,    0
 11385, 75681,20180417,    0,    0
 11385, 75681,20180418,    0,    0
 11385, 75681,20180419,    0,    0
 11385, 75681,20180420,    0,    0
 11385, 75681,20180421,    0,    0
 11385, 75681,20180422,    0,    0
 11385, 75681,20180423,    0,    0
 11385, 75681,20180424,    0,    0
 11385, 75681,20180425,    0,    0
 11385, 75681,20180426,    0,    0
 11385, 75681,20180427,    0,    0
 11385, 75681,20180428,    0,    0
 11385, 75681,20180429,   88,    0
 11385, 75681,20180430,    0,    0
 11385, 75681,20180501,    1,    0
 11385, 75681,20180502,    0,    0
 11385, 75681,20180503,    0,    0
 11385, 75681,20180504,    0,    0
 11385, 75681,20180505,    1,    0
 11385, 75681,20180506,   13,    0
 11385, 75681,20180507,   34,    0
 11385, 75681,20180508,    4,    0
 11385, 75681,20180509,    0,    0
 11385, 75681,20180510,    0,    0
 11385, 75681,20180511,    0,    0
 11385, 75681,20180512,   67,    0
 11385, 75681,20180513,    0,    0
 11385, 75681,20180514,    0,    0
 11385, 75681,20180515,    0,    0
 11385, 75681,20180516,    0,    0
 11385, 75681,20180517,    0,    0
 11385, 75681,20180518,   34,    0
 11385, 75681,20180519,   84,    0
 11385, 75681,20180520,    5,    0
 11385, 75681,20180521,   21,    0
 11385, 75681,20180522,    0,    0
 11385, 75681,20180523,   30,    0
 11385, 75681,20180524,    1,    0
 11385, 75681,20180525,   29,    0
 11385, 75681,20180526,    0,    0
 11385, 75681,20180527,    0,    0
 11385, 75681,20180528,  101,    0
 11385, 75681,20180529,    3,    0
 11385, 75681,20180530,  130,    0
 11385, 75681,20180531,    0,    0
 11385, 75681,20180601,    0,    0
 11385, 75681,20180602,    0,    0
 11385, 75681,20180603,    3,    0
 11385, 75681,20180604,    0,    0
 11385, 75681,20180605,    0,    0
 11385, 75681,20180606,   23,    0
 11385, 75681,20180607,    0,    0
 11385, 75681,20180608,    0,    0
 11385, 75681,20180609,    0,    0
 11385, 75681,20180610,    0,    0
 11385, 75681,20180611,    0,    0
 11385, 75681,20180612,    0,    0
 11385, 75681,20180613,    0,    0
 11385, 75681,20180614,    0,    0
 11385, 75681,20180615,    0,    0
 11385, 75681,20180616,    0,    0
 11385, 75681,20180617,    0,    0
 11385, 75681,20180618,    0,    0
 11385, 75681,20180619,    0,    0
 11385, 75681,20180620,    0,    0
 11385, 75681,20180621,    0,    0
 11385, 75681,20180622,    0,    0
 11385, 75681,20180623,    0,    0
 11385, 75681,20180624,    0,    0
 11385, 75681,20180625,    0,    0
 11385, 75681,20180626,    0,    0
 11385, 75681,20180627,    0,    0
 11385, 75681,20180628,    4,    0
 11385, 75681,20180629,    0,    0
 11385, 75681,20180630,    0,    0
 11385, 75681,20180701,    0,    0
 11385, 75681,20180702,    0,    0
 11385, 75681,20180703,    0,    0
 11385, 75681,20180704,    0,    0
 11385, 75681,20180705,    0,    0
 11385, 75681,20180706,    0,    0
 11385, 75681,20180707,    0,    0
 11385, 75681,20180708,    0,    0
 11385, 75681,20180709,    0,    0
 11385, 75681,20180710,    0,    0
 11385, 75681,20180711,    1,    0
 11385, 75681,20180712,  103,    0
 11385, 75681,20180713,    0,    0
 11385, 75681,20180714,    0,    0
 11385, 75681,20180715,    0,    0
 11385, 75681,20180716,   73,    0
 11385, 75681,20180717,    0,    0
 11385, 75681,20180718,    6,    0
 11385, 75681,20180719,    0,    0
 11385, 75681,20180720,  123,    0
 11385, 75681,20180721,    0,    0
 11385, 75681,20180722,    0,    0
 11385, 75681,20180723,    0,    0
 11385, 75681,20180724,    0,    0
 11385, 75681,20180725,    0,    0
 11385, 75681,20180726,    0,    0
 11385, 75681,20180727,    0,    0
 11385, 75681,20180728,    0,    0
 11385, 75681,20180729,    0,    0
 11385, 75681,20180730,    0,    0
 11385, 75681,20180731,    0,    0
 11385, 75681,20180801,    0,    0
 11385, 75681,20180802,    0,    0
 11385, 75681,20180803,    0,    0
 11385, 75681,20180804,    0,    0
 11385, 75681,20180805,    0,    0
 11385, 75681,20180806,    7,    0
 11385, 75681,20180807,    0,    0
 11385, 75681,20180808,   18,    0
 11385, 75681,20180809,    0,    0
 11385, 75681,20180810,    0,    0
 11385, 75681,20180811,    0,    0
 11385, 75681,20180812,   82,    0
 11385, 75681,20180813,    0,    0
 11385, 75681,20180814,    0,    0
 11385, 75681,20180815,    0,    0
 11385, 75681,20180816,    0,    0
 11385, 75681,20180817,   16,    0
 11385, 75681,20180818,    0,    0
 11385, 75681,20180819,    0,    0
 11385, 75681,20180820,    0,    0
 11385, 75681,20180821,    0,    0
 11385, 75681,20180822,    0,    0
 11385, 75681,20180823,    1,    0
 11385, 75681,20180824,    0,    0
 11385, 75681,20180825,    0,    0
 11385, 75681,20180826,    0,    0
 11385, 75681,20180827,    0,    0
 11385, 75681,20180828,   24,    0
 11385, 75681,20180829,    0,    0
 11385, 75681,20180830,    0,    0
 11385, 75681,20180831,    0,    0
 11385, 75681,20180901,    0,    0
 11385, 75681,20180902,    0,    0
 11385, 75681,20180903,    3,    0
 11385, 75681,20180904,   99,    0
 11385, 75681,20180905,    3,    0
 11385, 75681,20180906,    0,    0
 11385, 75681,20180907,    0,    0
 11385, 75681,20180908,    0,    0
 11385, 75681,20180909,   41,    0
 11385, 75681,20180910,    0,    0
 11385, 75681,20180911,    0,    0
 11385, 75681,20180912,    0,    0
 11385, 75681,20180913,    0,    0
 11385, 75681,20180914,    0,    0
 11385, 75681,20180915,    0,    0
 11385, 75681,20180916,    0,    0
 11385, 75681,20180917,    0,    0
 11385, 75681,20180918,    9,    0
 11385, 75681,20180919,    0,    0
 11385, 75681,20180920,    0,    0
 11385, 75681,20180921,    0,    0
 11385, 75681,20180922,    0,    0
 11385, 75681,20180923,    0,    0
 11385, 75681,20180924,    0,    0
 11385, 75681,20180925,    0,    0
 11385, 75681,20180926,    0,    0
 11385, 75681,20180927,    0,    0
 11385, 75681,20180928,    0,    0
 11385, 75681,20180929,    0,    0
 11385, 75681,20180930,    0,    0
 11385, 75681,20181001,    0,    0
 11385, 75681,20181002,    0,    0
 11385, 75681,20181003,    0,    0
 11385, 75681,20181004,    0,    0
 11385, 75681,20181005,    0,    0
 11385, 75681,20181006,    2,    0
 11385, 75681,20181007,    0,    0
 11385, 75681,20181008,    0,    0
 11385, 75681,20181009,  266,    0
 11385, 75681,20181010,   53,    0
 11385, 75681,20181011,    0,    0
 11385, 75681,20181012,    0,    0
 11385, 75681,20181013,    0,    0
 11385, 75681,20181014,  559,    0
 11385, 75681,20181015,   19,    0
 11385, 75681,20181016,    0,    0
 11385, 75681,20181017,    1,    0
 11385, 75681,20181018,   12,    0
 11385, 75681,20181019,  160,    0
 11385, 75681,20181020,    3,    0
 11385, 75681,20181021,    1,    0
 11385, 75681,20181022,    0,    0
 11385, 75681,20181023,    0,    0
 11385, 75681,20181024,    0,    0
 11385, 75681,20181025,    0,    0
 11385, 75681,20181026,   25,    0
 11385, 75681,20181027,   81,    0
 11385, 75681,20181028,    0,    0
 11385, 75681,20181029,    0,    0
 11385, 75681,20181030,    6,    0
 11385, 75681,20181031,  107,    0
 11385, 75681,20181101,    1,    0
 11385, 75681,20181102,    0,    0
 11385, 75681,20181103,    0,    0
 11385, 75681,20181104,    0,    0
 11385, 75681,20181105,  256,    0
 11385, 75681,20181106,    0,    0
 11385, 75681,20181107,    0,    0
 11385, 75681,20181108,   12,    0
 11385, 75681,20181109,  147,    0
 11385, 75681,20181110,    0,    0
 11385, 75681,20181111,    0,    0
 11385, 75681,20181112,    0,    0
 11385, 75681,20181113,    0,    0
 11385, 75681,20181114,    0,    0
 11385, 75681,20181115,   24,    0
 11385, 75681,20181116,   21,    0
 11385, 75681,20181117,   25,    0
 11385, 75681,20181118,   85,    0
 11385, 75681,20181119,    0,    0
 11385, 75681,20181120,   34,    0
 11385, 75681,20181121,    1,    0
 11385, 75681,20181122,    0,    0
 11385, 75681,20181123,   19,    0
 11385, 75681,20181124,    0,    0
 11385, 75681,20181125,   20,    0
 11385, 75681,20181126,   31,    0
 11385, 75681,20181127,    0,    0
 11385, 75681,20181128,    0,    0
 11385, 75681,20181129,    0,    0
 11385, 75681,20181130,   12,    0
 11385, 75681,20181201,    0,    0
 11385, 75681,20181202,    0,    0
 11385, 75681,20181203,    0,    0
 11385, 75681,20181204,    0,    0
 11385, 75681,20181205,    1,    0
 11385, 75681,20181206,    0,    0
 11385, 75681,20181207,    1,    0
 11385, 75681,20181208,    0,    0
 11385, 75681,20181209,    0,    0
 11385, 75681,20181210,    0,    0
 11385, 75681,20181211,    0,    0
 11385, 75681,20181212,    1,    0
 11385, 75681,20181213,  141,    0
 11385, 75681,20181214,    0,    0
 11385, 75681,20181215,    0,    0
 11385, 75681,20181216,    6,    0
 11385, 75681,20181217,    0,    0
 11385, 75681,20181218,    0,    0
 11385, 75681,20181219,    0,    0
 11385, 75681,20181220,    0,    0
 11385, 75681,20181221,    0,    0
 11385, 75681,20181222,    0,    0
 11385, 75681,20181223,    2,    0
 11385, 75681,20181224,    3,    0
 11385, 75681,20181225,    1,    0
 11385, 75681,20181226,    2,    0
 11385, 75681,20181227,    0,    0
 11385, 75681,20181228,    1,    0
 11385, 75681,20181229,    1,    0
 11385, 75681,20181230,    0,    0
 11385, 75681,20181231,    0,    0
 11385, 75681,20190101,    1,    0
 11385, 75681,20190102,   81,    0
 11385, 75681,20190103,    0,    0
 11385, 75681,20190104,    5,    0
 11385, 75681,20190105,    0,    0
 11385, 75681,20190106,    0,    0
 11385, 75681,20190107,-9999,    9
 11385, 75681,20190108,-9999,    9
 11385, 75681,20190109,-9999,    9
 11385, 75681,20190110,-9999,    9
 11385, 75681,20190111,-9999,    9
 11385, 75681,20190112,-9999,    9
 11385, 75681,20190113,-9999,    9
 11385, 75681,20190114,-9999,    9
 11385, 75681,20190115,-9999,    9
 11385, 75681,20190116,-9999,    9
 11385, 75681,20190117,-9999,    9
 11385, 75681,20190118,-9999,    9
 11385, 75681,20190119,-9999,    9
 11385, 75681,20190120,-9999,    9
 11385, 75681,20190121,-9999,    9
 11385, 75681,20190122,-9999,    9
 11385, 75681,20190123,-9999,    9
 11385, 75681,20190124,-9999,    9
 11385, 75681,20190125,-9999,    9
 11385, 75681,20190126,-9999,    9
 11385, 75681,20190127,-9999,    9
 11385, 75681,20190128,-9999,    9
 11385, 75681,20190129,-9999,    9
 11385, 75681,20190130,-9999,    9
 11385, 75681,20190131,-9999,    9
 11385, 75681,20190201,    1,    0
 11385, 75681,20190202,    0,    0
 11385, 75681,20190203,    0,    0
 11385, 75681,20190204,    3,    0
 11385, 75681,20190205,    0,    0
 11385, 75681,20190206,    0,    0
 11385, 75681,20190207,-9999,    9
 11385, 75681,20190208,-9999,    9
 11385, 75681,20190209,-9999,    9
 11385, 75681,20190210,-9999,    9
 11385, 75681,20190211,-9999,    9
 11385, 75681,20190212,-9999,    9
 11385, 75681,20190213,-9999,    9
 11385, 75681,20190214,-9999,    9
 11385, 75681,20190215,-9999,    9
 11385, 75681,20190216,-9999,    9
 11385, 75681,20190217,-9999,    9
 11385, 75681,20190218,-9999,    9
 11385, 75681,20190219,-9999,    9
 11385, 75681,20190220,-9999,    9
 11385, 75681,20190221,-9999,    9
 11385, 75681,20190222,-9999,    9
 11385, 75681,20190223,-9999,    9
 11385, 75681,20190224,-9999,    9
 11385, 75681,20190225,-9999,    9
 11385, 75681,20190226,-9999,    9
 11385, 75681,20190227,-9999,    9
 11385, 75681,20190228,-9999,    9
 11385, 75681,20190301,    1,    0
 11385, 75681,20190302,    0,    0
 11385, 75681,20190303,    0,    0
 11385, 75681,20190304,    0,    0
 11385, 75681,20190305,   13,    0
 11385, 75681,20190306,    0,    0
 11385, 75681,20190307,-9999,    9
 11385, 75681,20190308,-9999,    9
 11385, 75681,20190309,-9999,    9
 11385, 75681,20190310,-9999,    9
 11385, 75681,20190311,-9999,    9
 11385, 75681,20190312,-9999,    9
 11385, 75681,20190313,-9999,    9
 11385, 75681,20190314,-9999,    9
 11385, 75681,20190315,-9999,    9
 11385, 75681,20190316,-9999,    9
 11385, 75681,20190317,-9999,    9
 11385, 75681,20190318,-9999,    9
 11385, 75681,20190319,-9999,    9
 11385, 75681,20190320,-9999,    9
 11385, 75681,20190321,-9999,    9
 11385, 75681,20190322,-9999,    9
 11385, 75681,20190323,-9999,    9
 11385, 75681,20190324,-9999,    9
 11385, 75681,20190325,-9999,    9
 11385, 75681,20190326,-9999,    9
 11385, 75681,20190327,-9999,    9
 11385, 75681,20190328,-9999,    9
 11385, 75681,20190329,-9999,    9
 11385, 75681,20190330,-9999,    9
 11385, 75681,20190331,-9999,    9
 11385, 75681,20190401,    0,    0
 11385, 75681,20190402,    0,    0
 11385, 75681,20190403,    0,    0
 11385, 75681,20190404,    0,    0
 11385, 75681,20190405,    0,    0
 11385, 75681,20190406,    0,    0
 11385, 75681,20190407,-9999,    9
 11385, 75681,20190408,-9999,    9
 11385, 75681,20190409,-9999,    9
 11385, 75681,20190410,-9999,    9
 11385, 75681,20190411,-9999,    9
 11385, 75681,20190412,-9999,    9
 11385, 75681,20190413,-9999,    9
 11385, 75681,20190414,-9999,    9
 11385, 75681,20190415,-9999,    9
 11385, 75681,20190416,-9999,    9
 11385, 75681,20190417,-9999,    9
 11385, 75681,20190418,-9999,    9
 11385, 75681,20190419,-9999,    9
 11385, 75681,20190420,-9999,    9
 11385, 75681,20190421,-9999,    9
 11385, 75681,20190422,-9999,    9
 11385, 75681,20190423,-9999,    9
 11385, 75681,20190424,-9999,    9
 11385, 75681,20190425,-9999,    9
 11385, 75681,20190426,-9999,    9
 11385, 75681,20190427,-9999,    9
 11385, 75681,20190428,-9999,    9
 11385, 75681,20190429,-9999,    9
 11385, 75681,20190430,-9999,    9
 11385, 75681,20190501,    0,    0
 11385, 75681,20190502,    0,    0
 11385, 75681,20190503,    0,    0
 11385, 75681,20190504,   37,    0
 11385, 75681,20190505,    0,    0
 11385, 75681,20190506,    0,    0
 11385, 75681,20190507,-9999,    9
 11385, 75681,20190508,-9999,    9
 11385, 75681,20190509,-9999,    9
 11385, 75681,20190510,-9999,    9
 11385, 75681,20190511,-9999,    9
 11385, 75681,20190512,-9999,    9
 11385, 75681,20190513,-9999,    9
 11385, 75681,20190514,-9999,    9
 11385, 75681,20190515,-9999,    9
 11385, 75681,20190516,-9999,    9
 11385, 75681,20190517,-9999,    9
 11385, 75681,20190518,-9999,    9
 11385, 75681,20190519,-9999,    9
 11385, 75681,20190520,-9999,    9
 11385, 75681,20190521,-9999,    9
 11385, 75681,20190522,-9999,    9
 11385, 75681,20190523,-9999,    9
 11385, 75681,20190524,-9999,    9
 11385, 75681,20190525,-9999,    9
 11385, 75681,20190526,-9999,    9
 11385, 75681,20190527,-9999,    9
 11385, 75681,20190528,-9999,    9
 11385, 75681,20190529,-9999,    9
 11385, 75681,20190530,-9999,    9
 11385, 75681,20190531,-9999,    9
 11385, 75681,20190601,    0,    0
 11385, 75681,20190602,    0,    0
 11385, 75681,20190603,    0,    0
 11385, 75681,20190604,    3,    0
 11385, 75681,20190605,    0,    0
 11385, 75681,20190606,    0,    0
 11385, 75681,20190607,-9999,    9
 11385, 75681,20190608,-9999,    9
 11385, 75681,20190609,-9999,    9
 11385, 75681,20190610,-9999,    9
 11385, 75681,20190611,-9999,    9
 11385, 75681,20190612,-9999,    9
 11385, 75681,20190613,-9999,    9
 11385, 75681,20190614,-9999,    9
 11385, 75681,20190615,-9999,    9
 11385, 75681,20190616,-9999,    9
 11385, 75681,20190617,-9999,    9
 11385, 75681,20190618,-9999,    9
 11385, 75681,20190619,-9999,    9
 11385, 75681,20190620,-9999,    9
 11385, 75681,20190621,-9999,    9
 11385, 75681,20190622,-9999,    9
 11385, 75681,20190623,-9999,    9
 11385, 75681,20190624,-9999,    9
 11385, 75681,20190625,-9999,    9
 11385, 75681,20190626,-9999,    9
 11385, 75681,20190627,-9999,    9
 11385, 75681,20190628,-9999,    9
 11385, 75681,20190629,-9999,    9
 11385, 75681,20190630,-9999,    9
 11385, 75681,20190701,    0,    0
 11385, 75681,20190702,    2,    0
 11385, 75681,20190703,    0,    0
 11385, 75681,20190704,    0,    0
 11385, 75681,20190705,    0,    0
 11385, 75681,20190706,    0,    0
 11385, 75681,20190707,   24,    0
 11385, 75681,20190708,  211,    0
 11385, 75681,20190709,  158,    0
 11385, 75681,20190710,    0,    0
 11385, 75681,20190711,    0,    0
 11385, 75681,20190712,    0,    0
 11385, 75681,20190713,    0,    0
 11385, 75681,20190714,    0,    0
 11385, 75681,20190715,    0,    0
 11385, 75681,20190716,    0,    0
 11385, 75681,20190717,    2,    0
 11385, 75681,20190718,    0,    0
 11385, 75681,20190719,    0,    0
 11385, 75681,20190720,    0,    0
 11385, 75681,20190721,    0,    0
 11385, 75681,20190722,    0,    0
 11385, 75681,20190723,    0,    0
 11385, 75681,20190724,    0,    0
 11385, 75681,20190725,    0,    0
 11385, 75681,20190726,    3,    0
 11385, 75681,20190727,    0,    0
 11385, 75681,20190728,    0,    0
 11385, 75681,20190729,    0,    0
 11385, 75681,20190730,    0,    0
 11385, 75681,20190731,    0,    0
 11385, 75681,20190801,    0,    0
 11385, 75681,20190802,    0,    0
 11385, 75681,20190803,    0,    0
 11385, 75681,20190804,    0,    0
 11385, 75681,20190805,    0,    0
 11385, 75681,20190806,    0,    0
 11385, 75681,20190807,    0,    0
 11385, 75681,20190808,    0,    0
 11385, 75681,20190809,    0,    0
 11385, 75681,20190810,    0,    0
 11385, 75681,20190811,    0,    0
 11385, 75681,20190812,    0,    0
 11385, 75681,20190813,    0,    0
 11385, 75681,20190814,    0,    0
 11385, 75681,20190815,    0,    0
 11385, 75681,20190816,    0,    0
 11385, 75681,20190817,    0,    0
 11385, 75681,20190818,    0,    0
 11385, 75681,20190819,    0,    0
 11385, 75681,20190820,   59,    0
 11385, 75681,20190821,    0,    0
 11385, 75681,20190822,    0,    0
 11385, 75681,20190823,    0,    0
 11385, 75681,20190824,    0,    0
 11385, 75681,20190825,    0,    0
 11385, 75681,20190826,    0,    0
 11385, 75681,20190827,   31,    0
 11385, 75681,20190828,    0,    0
 11385, 75681,20190829,    0,    0
 11385, 75681,20190830,    0,    0
 11385, 75681,20190831,    0,    0
 11385, 75681,20190901,    0,    0
 11385, 75681,20190902,    0,    0
 11385, 75681,20190903,    0,    0
 11385, 75681,20190904,    0,    0
 11385, 75681,20190905,    0,    0
 11385, 75681,20190906,    0,    0
 11385, 75681,20190907,    0,    0
 11385, 75681,20190908,    0,    0
 11385, 75681,20190909,    0,    0
 11385, 75681,20190910,   13,    0
 11385, 75681,20190911,   21,    0
 11385, 75681,20190912,    0,    0
 11385, 75681,20190913,   10,    0
 11385, 75681,20190914,    0,    0
 11385, 75681,20190915,    2,    0
 11385, 75681,20190916,    0,    0
 11385, 75681,20190917,    0,    0
 11385, 75681,20190918,    0,    0
 11385, 75681,20190919,    0,    0
 11385, 75681,20190920,    0,    0
 11385, 75681,20190921,   23,    0
 11385, 75681,20190922,    0,    0
 11385, 75681,20190923,    0,    0
 11385, 75681,20190924,    0,    0
 11385, 75681,20190925,    0,    0
 11385, 75681,20190926,    0,    0
 11385, 75681,20190927,    0,    0
 11385, 75681,20190928,    0,    0
 11385, 75681,20190929,    0,    0
 11385, 75681,20190930,    0,    0
 11385, 75681,20191001,    0,    0
 11385, 75681,20191002,    0,    0
 11385, 75681,20191003,    0,    0
 11385, 75681,20191004,    0,    0
 11385, 75681,20191005,    0,    0
 11385, 75681,20191006,    0,    0
 11385, 75681,20191007,    0,    0
 11385, 75681,20191008,    0,    0
 11385, 75681,20191009,    0,    0
 11385, 75681,20191010,    0,    0
 11385, 75681,20191011,    0,    0
 11385, 75681,20191012,    0,    0
 11385, 75681,20191013,    0,    0
 11385, 75681,20191014,  117,    0
 11385, 75681,20191015,    0,    0
 11385, 75681,20191016,    0,    0
 11385, 75681,20191017,    0,    0
 11385, 75681,20191018,    3,    0
 11385, 75681,20191019,    0,    0
 11385, 75681,20191020,   30,    0
 11385, 75681,20191021,    0,    0
 11385, 75681,20191022, 1582,    0
 11385, 75681,20191023,   64,    0
 11385, 75681,20191024,    0,    0
 11385, 75681,20191025,    0,    0
 11385, 75681,20191026,    0,    0
 11385, 75681,20191027,    0,    0
 11385, 75681,20191028,    0,    0
 11385, 75681,20191029,    1,    0
 11385, 75681,20191030,    2,    0
 11385, 75681,20191031,    0,    0
 11385, 75681,20191101,    0,    0
 11385, 75681,20191102,   16,    0
 11385, 75681,20191103,   69,    0
 11385, 75681,20191104,   12,    0
 11385, 75681,20191105,    0,    0
 11385, 75681,20191106,    0,    0
 11385, 75681,20191107,    0,    0
 11385, 75681,20191108,    0,    0
 11385, 75681,20191109,    0,    0
 11385, 75681,20191110,    4,    0
 11385, 75681,20191111,    0,    0
 11385, 75681,20191112,    0,    0
 11385, 75681,20191113,   36,    0
 11385, 75681,20191114,    9,    0
 11385, 75681,20191115,    0,    0
 11385, 75681,20191116,    0,    0
 11385, 75681,20191117,    0,    0
 11385, 75681,20191118,    0,    0
 11385, 75681,20191119,    0,    0
 11385, 75681,20191120,    0,    0
 11385, 75681,20191121,    0,    0
 11385, 75681,20191122,   62,    0
 11385, 75681,20191123,    5,    0
 11385, 75681,20191124,    0,    0
 11385, 75681,20191125,    0,    0
 11385, 75681,20191126,    1,    0
 11385, 75681,20191127,    0,    0
 11385, 75681,20191128,    0,    0
 11385, 75681,20191129,    0,    0
 11385, 75681,20191130,    0,    0
 11385, 75681,20191201,    0,    0
 11385, 75681,20191202,    0,    0
 11385, 75681,20191203,    0,    0
 11385, 75681,20191204,   78,    0
 11385, 75681,20191205,  147,    0
 11385, 75681,20191206,    1,    0
 11385, 75681,20191207,    0,    0
 11385, 75681,20191208,    1,    0
 11385, 75681,20191209,    0,    0
 11385, 75681,20191210,    0,    0
 11385, 75681,20191211,    0,    0
 11385, 75681,20191212,   26,    0
 11385, 75681,20191213,    0,    0
 11385, 75681,20191214,    0,    0
 11385, 75681,20191215,    0,    0
 11385, 75681,20191216,    0,    0
 11385, 75681,20191217,    2,    0
 11385, 75681,20191218,    0,    0
 11385, 75681,20191219,   12,    0
 11385, 75681,20191220,  122,    0
 11385, 75681,20191221,   32,    0
 11385, 75681,20191222,    1,    0
 11385, 75681,20191223,    0,    0
 11385, 75681,20191224,    0,    0
 11385, 75681,20191225,    3,    0
 11385, 75681,20191226,    1,    0
 11385, 75681,20191227,    0,    0
 11385, 75681,20191228,    0,    0
 11385, 75681,20191229,    2,    0
 11385, 75681,20191230,    1,    0
 11385, 75681,20191231,    1,    0
 11385, 75681,20200101,    0,    0
 11385, 75681,20200102,    0,    0
 11385, 75681,20200103,    2,    0
 11385, 75681,20200104,    0,    0
 11385, 75681,20200105,    0,    0
 11385, 75681,20200106,    3,    0
 11385, 75681,20200107,    2,    0
 11385, 75681,20200108,    1,    0
 11385, 75681,20200109,    2,    0
 11385, 75681,20200110,    7,    0
 11385, 75681,20200111,    0,    0
 11385, 75681,20200112,    2,    0
 11385, 75681,20200113,    1,    0
 11385, 75681,20200114,    1,    0
 11385, 75681,20200115,    1,    0
 11385, 75681,20200116,    1,    0
 11385, 75681,20200117,    1,    0
 11385, 75681,20200118,    4,    0
 11385, 75681,20200119,   74,    0
 11385, 75681,20200120,    0,    0
 11385, 75681,20200121,  276,    0
 11385, 75681,20200122,  478,    0
 11385, 75681,20200123,  155,    0
 11385, 75681,20200124,    0,    0
 11385, 75681,20200125,    0,    0
 11385, 75681,20200126,    2,    0
 11385, 75681,20200127,    0,    0
 11385, 75681,20200128,    0,    0
 11385, 75681,20200129,    0,    0
 11385, 75681,20200130,    0,    0
 11385, 75681,20200131,    0,    0
 11385, 75681,20200201,    0,    0
 11385, 75681,20200202,    0,    0
 11385, 75681,20200203,    0,    0
 11385, 75681,20200204,    1,    0
 11385, 75681,20200205,    0,    0
 11385, 75681,20200206,    0,    0
 11385, 75681,20200207,    0,    0
 11385, 75681,20200208,    0,    0
 11385, 75681,20200209,    0,    0
 11385, 75681,20200210,    0,    0
 11385, 75681,20200211,    0,    0
 11385, 75681,20200212,    1,    0
 11385, 75681,20200213,    2,    0
 11385, 75681,20200214,    0,    0
 11385, 75681,20200215,    0,    0
 11385, 75681,20200216,    2,    0
 11385, 75681,20200217,    1,    0
 11385, 75681,20200218,    0,    0
 11385, 75681,20200219,    0,    0
 11385, 75681,20200220,    0,    0
 11385, 75681,20200221,    0,    0
 11385, 75681,20200222,    0,    0
 11385, 75681,20200223,    0,    0
 11385, 75681,20200224,    0,    0
 11385, 75681,20200225,    0,    0
 11385, 75681,20200226,    0,    0
 11385, 75681,20200227,    0,    0
 11385, 75681,20200228,    0,    0
 11385, 75681,20200229,    0,    0
 11385, 75681,20200301,    0,    0
 11385, 75681,20200302,   38,    0
 11385, 75681,20200303,    3,    0
 11385, 75681,20200304,    0,    0
 11385, 75681,20200305,   19,    0
 11385, 75681,20200306,    0,    0
 11385, 75681,20200307,    0,    0
 11385, 75681,20200308,    0,    0
 11385, 75681,20200309,    0,    0
 11385, 75681,20200310,    0,    0
 11385, 75681,20200311,    0,    0
 11385, 75681,20200312,    0,    0
 11385, 75681,20200313,    0,    0
 11385, 75681,20200314,    0,    0
 11385, 75681,20200315,    1,    0
 11385, 75681,20200316,   36,    0
 11385, 75681,20200317,   15,    0
 11385, 75681,20200318,    0,    0
 11385, 75681,20200319,    0,    0
 11385, 75681,20200320,    0,    0
 11385, 75681,20200321,    0,    0
 11385, 75681,20200322,    0,    0
 11385, 75681,20200323,    0,    0
 11385, 75681,20200324,    1,    0
 11385, 75681,20200325,   14,    0
 11385, 75681,20200326,   30,    0
 11385, 75681,20200327,    0,    0
 11385, 75681,20200328,    0,    0
 11385, 75681,20200329,    0,    0
 11385, 75681,20200330,   13,    0
 11385, 75681,20200331,   86,    0
 11385, 75681,20200401,   51,    0
 11385, 75681,20200402,    6,    0
 11385, 75681,20200403,    0,    0
 11385, 75681,20200404,    0,    0
 11385, 75681,20200405,    0,    0
 11385, 75681,20200406,    0,    0
 11385, 75681,20200407,   40,    0
 11385, 75681,20200408,    0,    0
 11385, 75681,20200409,    0,    0
 11385, 75681,20200410,    0,    0
 11385, 75681,20200411,    0,    0
 11385, 75681,20200412,    0,    0
 11385, 75681,20200413,   42,    0
 11385, 75681,20200414,    0,    0
 11385, 75681,20200415,    0,    0
 11385, 75681,20200416,    0,    0
 11385, 75681,20200417,    0,    0
 11385, 75681,20200418,    8,    0
 11385, 75681,20200419,  104,    0
 11385, 75681,20200420,   84,    0
 11385, 75681,20200421,  317,    0
 11385, 75681,20200422,   18,    0
 11385, 75681,20200423,    2,    0
 11385, 75681,20200424,    0,    0
 11385, 75681,20200425,    0,    0
 11385, 75681,20200426,    1,    0
 11385, 75681,20200427,  195,    0
 11385, 75681,20200428,    1,    0
 11385, 75681,20200429,    0,    0
 11385, 75681,20200430,    0,    0
 11385, 75681,20200501,    3,    0
 11385, 75681,20200502,    0,    0
 11385, 75681,20200503,    0,    0
 11385, 75681,20200504,    0,    0
 11385, 75681,20200505,    0,    0
 11385, 75681,20200506,    0,    0
 11385, 75681,20200507,    0,    0
 11385, 75681,20200508,    0,    0
 11385, 75681,20200509,    3,    0
 11385, 75681,20200510,  231,    0
 11385, 75681,20200511,    0,    0
 11385, 75681,20200512,    6,    0
 11385, 75681,20200513,  122,    0
 11385, 75681,20200514,  147,    0
 11385, 75681,20200515,   18,    0
 11385, 75681,20200516,  224,    0
 11385, 75681,20200517,    0,    0
 11385, 75681,20200518,    0,    0
 11385, 75681,20200519,    0,    0
 11385, 75681,20200520,    0,    0
 11385, 75681,20200521,    0,    0
 11385, 75681,20200522,    0,    0
 11385, 75681,20200523,    0,    0
 11385, 75681,20200524,    0,    0
 11385, 75681,20200525,   37,    0
 11385, 75681,20200526,    0,    0
 11385, 75681,20200527,    0,    0
 11385, 75681,20200528,    0,    0
 11385, 75681,20200529,    0,    0
 11385, 75681,20200530,    0,    0
 11385, 75681,20200531,   19,    0
 11385, 75681,20200601,    1,    0
 11385, 75681,20200602,    0,    0
 11385, 75681,20200603,  192,    0
 11385, 75681,20200604,   32,    0
 11385, 75681,20200605,    0,    0
 11385, 75681,20200606,   19,    0
 11385, 75681,20200607,   19,    0
 11385, 75681,20200608,    0,    0
 11385, 75681,20200609,    0,    0
 11385, 75681,20200610,    0,    0
 11385, 75681,20200611,    5,    0
 11385, 75681,20200612,    0,    0
 11385, 75681,20200613,    0,    0
 11385, 75681,20200614,    0,    0
 11385, 75681,20200615,   11,    0
 11385, 75681,20200616,  213,    0
 11385, 75681,20200617,    0,    0
 11385, 75681,20200618,  123,    0
 11385, 75681,20200619,    0,    0
 11385, 75681,20200620,    0,    0
 11385, 75681,20200621,    0,    0
 11385, 75681,20200622,    0,    0
 11385, 75681,20200623,    0,    0
 11385, 75681,20200624,    0,    0
 11385, 75681,20200625,    0,    0
 11385, 75681,20200626,    0,    0
 11385, 75681,20200627,    0,    0
 11385, 75681,20200628,    0,    0
 11385, 75681,20200629,    0,    0
 11385, 75681,20200630,    0,    0
 11385, 75681,20200701,    0,    0
 11385, 75681,20200702,    1,    0
 11385, 75681,20200703,    0,    0
 11385, 75681,20200704,    0,    0
 11385, 75681,20200705,    0,    0
 11385, 75681,20200706,    0,    0
 11385, 75681,20200707,    0,    0
 11385, 75681,20200708,    0,    0
 11385, 75681,20200709,    0,    0
 11385, 75681,20200710,    0,    0
 11385, 75681,20200711,    0,    0
 11385, 75681,20200712,    3,    0
 11385, 75681,20200713,   12,    0
 11385, 75681,20200714,    0,    0
 11385, 75681,20200715,    0,    0
 11385, 75681,20200716,    0,    0
 11385, 75681,20200717,    0,    0
 11385, 75681,20200718,    0,    0
 11385, 75681,20200719,    0,    0
 11385, 75681,20200720,   25,    0
 11385, 75681,20200721,    0,    0
 11385, 75681,20200722,    0,    0
 11385, 75681,20200723,    0,    0
 11385, 75681,20200724,    0,    0
 11385, 75681,20200725,    0,    0
 11385, 75681,20200726,    0,    0
 11385, 75681,20200727,    0,    0
 11385, 75681,20200728,    1,    0
 11385, 75681,20200729,    0,    0
 11385, 75681,20200730,    0,    0
 11385, 75681,20200731,    0,    0
 11385, 75681,20200801,    0,    0
 11385, 75681,20200802,    0,    0
 11385, 75681,20200803,    0,    0
 11385, 75681,20200804,    0,    0
 11385, 75681,20200805,    0,    0
 11385, 75681,20200806,    0,    0
 11385, 75681,20200807,    0,    0
 11385, 75681,20200808,    0,    0
 11385, 75681,20200809,    4,    0
 11385, 75681,20200810,    0,    0
 11385, 75681,20200811,    0,    0
 11385, 75681,20200812,   35,    0
 11385, 75681,20200813,    0,    0
 11385, 75681,20200814,    0,    0
 11385, 75681,20200815,    0,    0
 11385, 75681,20200816,    0,    0
 11385, 75681,20200817,    0,    0
 11385, 75681,20200818,    0,    0
 11385, 75681,20200819,    0,    0
 11385, 75681,20200820,    0,    0
 11385, 75681,20200821,    0,    0
 11385, 75681,20200822,    0,    0
 11385, 75681,20200823,    0,    0
 11385, 75681,20200824,    0,    0
 11385, 75681,20200825,    0,    0
 11385, 75681,20200826,    0,    0
 11385, 75681,20200827,    0,    0
 11385, 75681,20200828,    5,    0
 11385, 75681,20200829,    0,    0
 11385, 75681,20200830,    0,    0
 11385, 75681,20200831,    0,    0
 11385, 75681,20200901,    0,    0
 11385, 75681,20200902,    0,    0
 11385, 75681,20200903,    0,    0
 11385, 75681,20200904,    0,    0
 11385, 75681,20200905,    0,    0
 11385, 75681,20200906,    0,    0
 11385, 75681,20200907,    0,    0
 11385, 75681,20200908,    4,    0
 11385, 75681,20200909,   41,    0
 11385, 75681,20200910,    0,    0
 11385, 75681,20200911,    0,    0
 11385, 75681,20200912,    0,    0
 11385, 75681,20200913,    0,    0
 11385, 75681,20200914,    0,    0
 11385, 75681,20200915,    0,    0
 11385, 75681,20200916,    0,    0
 11385, 75681,20200917,    0,    0
 11385, 75681,20200918,   57,    0
 11385, 75681,20200919,   82,    0
 11385, 75681,20200920,    0,    0
 11385, 75681,20200921,    0,    0
 11385, 75681,20200922,    0,    0
 11385, 75681,20200923,    0,    0
 11385, 75681,20200924,    1,    0
 11385, 75681,20200925,    0,    0
 11385, 75681,20200926,    0,    0
 11385, 75681,20200927,    0,    0
 11385, 75681,20200928,    0,    0
 11385, 75681,20200929,    0,    0
 11385, 75681,20200930,    0,    0
 11385, 75681,20201001,    0,    0
 11385, 75681,20201002,   92,    0
 11385, 75681,20201003,    0,    0
 11385, 75681,20201004,    0,    0
 11385, 75681,20201005,    0,    0
 11385, 75681,20201006,    0,    0
 11385, 75681,20201007,    0,    0
 11385, 75681,20201008,    0,    0
 11385, 75681,20201009,    0,    0
 11385, 75681,20201010,    0,    0
 11385, 75681,20201011,    0,    0
 11385, 75681,20201012,    0,    0
 11385, 75681,20201013,    2,    0
 11385, 75681,20201014,    8,    0
 11385, 75681,20201015,    0,    0
 11385, 75681,20201016,    0,    0
 11385, 75681,20201017,    0,    0
 11385, 75681,20201018,    0,    0
 11385, 75681,20201019,    0,    0
 11385, 75681,20201020,    0,    0
 11385, 75681,20201021,    0,    0
 11385, 75681,20201022,   39,    0
 11385, 75681,20201023,    0,    0
 11385, 75681,20201024,    0,    0
 11385, 75681,20201025,   13,    0
 11385, 75681,20201026,    1,    0
 11385, 75681,20201027,    0,    0
 11385, 75681,20201028,    0,    0
 11385, 75681,20201029,    0,    0
 11385, 75681,20201030,    0,    0
 11385, 75681,20201031,    0,    0
 11385, 75681,20201101,    0,    0
 11385, 75681,20201102,    0,    0
 11385, 75681,20201103,    8,    0
 11385, 75681,20201104,  186,    0
 11385, 75681,20201105,   22,    0
 11385, 75681,20201106,  130,    0
 11385, 75681,20201107,   55,    0
 11385, 75681,20201108,    2,    0
 11385, 75681,20201109,    1,    0
 11385, 75681,20201110,    1,    0
 11385, 75681,20201111,    2,    0
 11385, 75681,20201112,    1,    0
 11385, 75681,20201113,    1,    0
 11385, 75681,20201114,    3,    0
 11385, 75681,20201115,    0,    0
 11385, 75681,20201116,    0,    0
 11385, 75681,20201117,    0,    0
 11385, 75681,20201118,    0,    0
 11385, 75681,20201119,    2,    0
 11385, 75681,20201120,    0,    0
 11385, 75681,20201121,    0,    0
 11385, 75681,20201122,    1,    0
 11385, 75681,20201123,    0,    0
 11385, 75681,20201124,    1,    0
 11385, 75681,20201125,    1,    0
 11385, 75681,20201126,    0,    0
 11385, 75681,20201127,   27,    0
 11385, 75681,20201128,   33,    0
 11385, 75681,20201129,    0,    0
 11385, 75681,20201130,    2,    0
 11385, 75681,20201201,    1,    0
 11385, 75681,20201202,    0,    0
 11385, 75681,20201203,    0,    0
 11385, 75681,20201204,    0,    0
 11385, 75681,20201205,    2,    0
 11385, 75681,20201206,    0,    0
 11385, 75681,20201207,   57,    0
 11385, 75681,20201208,    0,    0
 11385, 75681,20201209,    0,    0
 11385, 75681,20201210,   17,    0
 11385, 75681,20201211,  133,    0
 11385, 75681,20201212,    0,    0
 11385, 75681,20201213,    0,    0
 11385, 75681,20201214,    5,    0
 11385, 75681,20201215,    0,    0
 11385, 75681,20201216,    1,    0
 11385, 75681,20201217,    1,    0
 11385, 75681,20201218,    2,    0
 11385, 75681,20201219,   35,    0
 11385, 75681,20201220,   15,    0
 11385, 75681,20201221,    0,    0
 11385, 75681,20201222,    2,    0
 11385, 75681,20201223,    4,    0
 11385, 75681,20201224,    1,    0
 11385, 75681,20201225,    0,    0
 11385, 75681,20201226,    0,    0
 11385, 75681,20201227,    0,    0
 11385, 75681,20201228,    6,    0
 11385, 75681,20201229,    0,    0
 11385, 75681,20201230,    0,    0
 11385, 75681,20201231,    1,    0
 11385, 75681,20210101,    0,    0
 11385, 75681,20210102,    0,    0
 11385, 75681,20210103,    0,    0
 11385, 75681,20210104,    0,    0
 11385, 75681,20210105,    0,    0
 11385, 75681,20210106,    1,    0
 11385, 75681,20210107,    0,    0
 11385, 75681,20210108,    0,    0
 11385, 75681,20210109,  301,    0
 11385, 75681,20210110,  112,    0
 11385, 75681,20210111,    0,    0
 11385, 75681,20210112,    0,    0
 11385, 75681,20210113,    0,    0
 11385, 75681,20210114,    0,    0
 11385, 75681,20210115,    2,    0
 11385, 75681,20210116,    0,    0
 11385, 75681,20210117,    0,    0
 11385, 75681,20210118,    0,    0
 11385, 75681,20210119,    1,    0
 11385, 75681,20210120,    7,    0
 11385, 75681,20210121,    0,    0
 11385, 75681,20210122,   25,    0
 11385, 75681,20210123,   16,    0
 11385, 75681,20210124,    1,    0
 11385, 75681,20210125,   25,    0
 11385, 75681,20210126,    0,    0
 11385, 75681,20210127,    0,    0
 11385, 75681,20210128,    0,    0
 11385, 75681,20210129,    0,    0
 11385, 75681,20210130,    8,    0
 11385, 75681,20210131,    0,    0
 11385, 75681,20210201,    0,    0
 11385, 75681,20210202,    0,    0
 11385, 75681,20210203,    0,    0
 11385, 75681,20210204,    0,    0
 11385, 75681,20210205,    0,    0
 11385, 75681,20210206,   11,    0
 11385, 75681,20210207,    0,    0
 11385, 75681,20210208,   30,    0
 11385, 75681,20210209,   19,    0
 11385, 75681,20210210,   43,    0
 11385, 75681,20210211,    0,    0
 11385, 75681,20210212,   69,    0
 11385, 75681,20210213,    0,    0
 11385, 75681,20210214,    0,    0
 11385, 75681,20210215,    0,    0
 11385, 75681,20210216,    0,    0
 11385, 75681,20210217,    0,    0
 11385, 75681,20210218,    0,    0
 11385, 75681,20210219,    0,    0
 11385, 75681,20210220,    0,    0
 11385, 75681,20210221,    0,    0
 11385, 75681,20210222,   51,    0
 11385, 75681,20210223,    1,    0
 11385, 75681,20210224,    0,    0
 11385, 75681,20210225,    0,    0
 11385, 75681,20210226,    0,    0
 11385, 75681,20210227,    0,    0
 11385, 75681,20210228,    0,    0
 11385, 75681,20210301,    0,    0
 11385, 75681,20210302,    0,    0
 11385, 75681,20210303,    0,    0
 11385, 75681,20210304,    0,    0
 11385, 75681,20210305,    0,    0
 11385, 75681,20210306,    0,    0
 11385, 75681,20210307,    0,    0
 11385, 75681,20210308,   25,    0
 11385, 75681,20210309,    0,    0
 11385, 75681,20210310,    0,    0
 11385, 75681,20210311,    0,    0
 11385, 75681,20210312,    0,    0
 11385, 75681,20210313,    0,    0
 11385, 75681,20210314,    0,    0
 11385, 75681,20210315,    0,    0
 11385, 75681,20210316,    0,    0
 11385, 75681,20210317,    0,    0
 11385, 75681,20210318,    0,    0
 11385, 75681,20210319,    0,    0
 11385, 75681,20210320,    0,    0
 11385, 75681,20210321,    0,    0
 11385, 75681,20210322,    0,    0
 11385, 75681,20210323,    0,    0
 11385, 75681,20210324,    0,    0
 11385, 75681,20210325,    0,    0
 11385, 75681,20210326,    0,    0
 11385, 75681,20210327,    0,    0
 11385, 75681,20210328,    0,    0
 11385, 75681,20210329,    0,    0
 11385, 75681,20210330,    0,    0
 11385, 75681,20210331,    0,    0
 11385, 75681,20210401,    0,    0
 11385, 75681,20210402,    0,    0
 11385, 75681,20210403,    0,    0
 11385, 75681,20210404,    0,    0
 11385, 75681,20210405,    0,    0
 11385, 75681,20210406,    0,    0
 11385, 75681,20210407,    0,    0
 11385, 75681,20210408,    0,    0
 11385, 75681,20210409,   34,    0
 11385, 75681,20210410,    1,    0
 11385, 75681,20210411,   39,    0
 11385, 75681,20210412,    0,    0
 11385, 75681,20210413,    0,    0
 11385, 75681,20210414,    0,    0
 11385, 75681,20210415,    4,    0
 11385, 75681,20210416,   30,    0
 11385, 75681,20210417,    0,    0
 11385, 75681,20210418,    0,    0
 11385, 75681,20210419,    0,    0
 11385, 75681,20210420,   17,    0
 11385, 75681,20210421,   45,    0
 11385, 75681,20210422,    0,    0
 11385, 75681,20210423,    0,    0
 11385, 75681,20210424,    0,    0
 11385, 75681,20210425,   12,    0
 11385, 75681,20210426,  103,    0
 11385, 75681,20210427,    0,    0
 11385, 75681,20210428,   21,    0
 11385, 75681,20210429,   14,    0
 11385, 75681,20210430,  249,    0
 11385, 75681,20210501,  157,    0
 11385, 75681,20210502,    0,    0
 11385, 75681,20210503,    0,    0
 11385, 75681,20210504,    0,    0
 11385, 75681,20210505,    0,    0
 11385, 75681,20210506,    0,    0
 11385, 75681,20210507,    0,    0
 11385, 75681,20210508,    0,    0
 11385, 75681,20210509,    2,    0
 11385, 75681,20210510,    2,    0
 11385, 75681,20210511,    0,    0
 11385, 75681,20210512,    0,    0
 11385, 75681,20210513,  103,    0
 11385, 75681,20210514,    0,    0
 11385, 75681,20210515,    0,    0
 11385, 75681,20210516,    0,    0
 11385, 75681,20210517,    0,    0
 11385, 75681,20210518,    0,    0
 11385, 75681,20210519,    0,    0
 11385, 75681,20210520,    0,    0
 11385, 75681,20210521,    0,    0
 11385, 75681,20210522,    0,    0
 11385, 75681,20210523,    3,    0
 11385, 75681,20210524,    0,    0
 11385, 75681,20210525,    1,    0
 11385, 75681,20210526,    4,    0
 11385, 75681,20210527,    0,    0
 11385, 75681,20210528,    0,    0
 11385, 75681,20210529,    0,    0
 11385, 75681,20210530,    0,    0
 11385, 75681,20210531,    0,    0
 11385, 75681,20210601,   38,    0
 11385, 75681,20210602,    0,    0
 11385, 75681,20210603,    0,    0
 11385, 75681,20210604,    0,    0
 11385, 75681,20210605,    0,    0
 11385, 75681,20210606,    0,    0
 11385, 75681,20210607,    0,    0
 11385, 75681,20210608,    1,    0
 11385, 75681,20210609,    0,    0
 11385, 75681,20210610,    0,    0
 11385, 75681,20210611,    0,    0
 11385, 75681,20210612,    0,    0
 11385, 75681,20210613,    0,    0
 11385, 75681,20210614,    0,    0
 11385, 75681,20210615,    0,    0
 11385, 75681,20210616,    0,    0
 11385, 75681,20210617,   78,    0
 11385, 75681,20210618,    0,    0
 11385, 75681,20210619,   10,    0
 11385, 75681,20210620,   79,    0
 11385, 75681,20210621,    0,    0
 11385, 75681,20210622,    0,    0
 11385, 75681,20210623,   14,    0
 11385, 75681,20210624,    0,    0
 11385, 75681,20210625,    0,    0
 11385, 75681,20210626,    0,    0
 11385, 75681,20210627,    0,    0
 11385, 75681,20210628,    0,    0
 11385, 75681,20210629,    0,    0
 11385, 75681,20210630,    0,    0
 11385, 75681,20210701,    0,    0
 11385, 75681,20210702,    0,    0
 11385, 75681,20210703,    0,    0
 11385, 75681,20210704,    0,    0
 11385, 75681,20210705,    0,    0
 11385, 75681,20210706,    3,    0
 11385, 75681,20210707,    8,    0
 11385, 75681,20210708,    0,    0
 11385, 75681,20210709,    0,    0
 11385, 75681,20210710,    0,    0
 11385, 75681,20210711,    1,    0
 11385, 75681,20210712,    0,    0
 11385, 75681,20210713,    0,    0
 11385, 75681,20210714,    0,    0
 11385, 75681,20210715,    0,    0
 11385, 75681,20210716,    0,    0
 11385, 75681,20210717,    0,    0
 11385, 75681,20210718,    0,    0
 11385, 75681,20210719,    0,    0
 11385, 75681,20210720,    6,    0
 11385, 75681,20210721,    0,    0
 11385, 75681,20210722,    0,    0
 11385, 75681,20210723,    0,    0
 11385, 75681,20210724,    0,    0
 11385, 75681,20210725,    0,    0
 11385, 75681,20210726,   27,    0
 11385, 75681,20210727,    0,    0
 11385, 75681,20210728,    0,    0
 11385, 75681,20210729,    0,    0
 11385, 75681,20210730,    0,    0
 11385, 75681,20210731,  106,    0
 11385, 75681,20210801,    0,    0
 11385, 75681,20210802,    0,    0
 11385, 75681,20210803,    0,    0
 11385, 75681,20210804,    1,    0
 11385, 75681,20210805,    1,    0
 11385, 75681,20210806,    0,    0
 11385, 75681,20210807,    0,    0
 11385, 75681,20210808,    0,    0
 11385, 75681,20210809,    0,    0
 11385, 75681,20210810,    0,    0
 11385, 75681,20210811,    1,    0
 11385, 75681,20210812,    0,    0
 11385, 75681,20210813,    0,    0
 11385, 75681,20210814,    0,    0
 11385, 75681,20210815,    0,    0
 11385, 75681,20210816,    0,    0
 11385, 75681,20210817,    0,    0
 11385, 75681,20210818,    0,    0
 11385, 75681,20210819,   27,    0
 11385, 75681,20210820,    0,    0
 11385, 75681,20210821,    0,    0
 11385, 75681,20210822,    0,    0
 11385, 75681,20210823,    0,    0
 11385, 75681,20210824,    0,    0
 11385, 75681,20210825,    0,    0
 11385, 75681,20210826,    0,    0
 11385, 75681,20210827,    1,    0
 11385, 75681,20210828,    0,    0
 11385, 75681,20210829,    0,    0
 11385, 75681,20210830,   46,    0
 11385, 75681,20210831,    0,    0
 11385, 75681,20210901,   33,    0
 11385, 75681,20210902,   39,    0
 11385, 75681,20210903,    0,    0
 11385, 75681,20210904,    0,    0
 11385, 75681,20210905,    0,    0
 11385, 75681,20210906,    0,    0
 11385, 75681,20210907,    0,    0
 11385, 75681,20210908,    0,    0
 11385, 75681,20210909,   56,    0
 11385, 75681,20210910,    0,    0
 11385, 75681,20210911,    0,    0
 11385, 75681,20210912,    1,    0
 11385, 75681,20210913,    0,    0
 11385, 75681,20210914,    3,    0
 11385, 75681,20210915,    0,    0
 11385, 75681,20210916,   13,    0
 11385, 75681,20210917,    0,    0
 11385, 75681,20210918,    0,    0
 11385, 75681,20210919,    0,    0
 11385, 75681,20210920,    0,    0
 11385, 75681,20210921,    0,    0
 11385, 75681,20210922,    5,    0
 11385, 75681,20210923,   18,    0
 11385, 75681,20210924,    0,    0
 11385, 75681,20210925,    1,    0
 11385, 75681,20210926,    0,    0
 11385, 75681,20210927,    0,    0
 11385, 75681,20210928,    0,    0
 11385, 75681,20210929,    0,    0
 11385, 75681,20210930,    0,    0
 11385, 75681,20211001,    0,    0
 11385, 75681,20211002,    1,    0
 11385, 75681,20211003,   56,    0
 11385, 75681,20211004,    3,    0
 11385, 75681,20211005,    0,    0
 11385, 75681,20211006,    0,    0
 11385, 75681,20211007,    0,    0
 11385, 75681,20211008,    0,    0
 11385, 75681,20211009,    0,    0
 11385, 75681,20211010,    0,    0
 11385, 75681,20211011,    0,    0
 11385, 75681,20211012,    0,    0
 11385, 75681,20211013,    0,    0
 11385, 75681,20211014,    0,    0
 11385, 75681,20211015,    0,    0
 11385, 75681,20211016,    0,    0
 11385, 75681,20211017,    0,    0
 11385, 75681,20211018,    0,    0
 11385, 75681,20211019,    0,    0
 11385, 75681,20211020,    0,    0
 11385, 75681,20211021,    0,    0
 11385, 75681,20211022,    0,    0
 11385, 75681,20211023,    0,    0
 11385, 75681,20211024,    0,    0
 11385, 75681,20211025,    0,    0
 11385, 75681,20211026,    0,    0
 11385, 75681,20211027,    1,    0
 11385, 75681,20211028,    0,    0
 11385, 75681,20211029,    8,    0
 11385, 75681,20211030,   50,    0
 11385, 75681,20211031,    3,    0
 11385, 75681,20211101,   15,    0
 11385, 75681,20211102,    0,    0
 11385, 75681,20211103,    0,    0
 11385, 75681,20211104,    0,    0
 11385, 75681,20211105,    0,    0
 11385, 75681,20211106,    0,    0
 11385, 75681,20211107,    0,    0
 11385, 75681,20211108,    0,    0
 11385, 75681,20211109,   11,    0
 11385, 75681,20211110,   17,    0
 11385, 75681,20211111,    8,    0
 11385, 75681,20211112,    4,    0
 11385, 75681,20211113,    1,    0
 11385, 75681,20211114,    0,    0
 11385, 75681,20211115,    0,    0
 11385, 75681,20211116,    1,    0
 11385, 75681,20211117,    0,    0
 11385, 75681,20211118,    0,    0
 11385, 75681,20211119,    0,    0
 11385, 75681,20211120,    0,    0
 11385, 75681,20211121,    0,    0
 11385, 75681,20211122,   11,    0
 11385, 75681,20211123,  273,    0
 11385, 75681,20211124,  144,    0
 11385, 75681,20211125,    3,    0
 11385, 75681,20211126,    0,    0
 11385, 75681,20211127,    0,    0
 11385, 75681,20211128,    0,    0
 11385, 75681,20211129,    0,    0
 11385, 75681,20211130,    0,    0
 11385, 75681,20211201,    2,    0
 11385, 75681,20211202,    0,    0
 11385, 75681,20211203,    0,    0
 11385, 75681,20211204,    0,    0
 11385, 75681,20211205,    0,    0
 11385, 75681,20211206,    0,    0
 11385, 75681,20211207,    2,    0
 11385, 75681,20211208,    9,    0
 11385, 75681,20211209,   17,    0
 11385, 75681,20211210,    1,    0
 11385, 75681,20211211,    0,    0
 11385, 75681,20211212,    0,    0
 11385, 75681,20211213,    2,    0
 11385, 75681,20211214,    4,    0
 11385, 75681,20211215,    1,    0
 11385, 75681,20211216,    1,    0
 11385, 75681,20211217,    3,    0
 11385, 75681,20211218,    5,    0
 11385, 75681,20211219,    1,    0
 11385, 75681,20211220,    2,    0
 11385, 75681,20211221,    0,    0
 11385, 75681,20211222,    1,    0
 11385, 75681,20211223,    0,    0
 11385, 75681,20211224,   15,    0
 11385, 75681,20211225,    1,    0
 11385, 75681,20211226,    1,    0
 11385, 75681,20211227,    0,    0
 11385, 75681,20211228,    0,    0
 11385, 75681,20211229,    0,    0
 11385, 75681,20211230,    0,    0
 11385, 75681,20211231,    3,    0
 11385, 75681,20220101,-9999,    9
 11385, 75681,20220102,-9999,    9
 11385, 75681,20220103,-9999,    9
 11385, 75681,20220104,-9999,    9
 11385, 75681,20220105,-9999,    9
 11385, 75681,20220106,-9999,    9
 11385, 75681,20220107,-9999,    9
 11385, 75681,20220108,-9999,    9
 11385, 75681,20220109,-9999,    9
 11385, 75681,20220110,-9999,    9
 11385, 75681,20220111,-9999,    9
 11385, 75681,20220112,-9999,    9
 11385, 75681,20220113,-9999,    9
 11385, 75681,20220114,-9999,    9
 11385, 75681,20220115,-9999,    9
 11385, 75681,20220116,-9999,    9
 11385, 75681,20220117,-9999,    9
 11385, 75681,20220118,-9999,    9
 11385, 75681,20220119,-9999,    9
 11385, 75681,20220120,-9999,    9
 11385, 75681,20220121,-9999,    9
 11385, 75681,20220122,-9999,    9
 11385, 75681,20220123,-9999,    9
 11385, 75681,20220124,-9999,    9
 11385, 75681,20220125,-9999,    9
 11385, 75681,20220126,-9999,    9
 11385, 75681,20220127,-9999,    9
 11385, 75681,20220128,-9999,    9
 11385, 75681,20220129,-9999,    9
 11385, 75681,20220130,-9999,    9
 11385, 75681,20220131,-9999,    9
 11385, 75681,20220201,-9999,    9
 11385, 75681,20220202,-9999,    9
 11385, 75681,20220203,-9999,    9
 11385, 75681,20220204,-9999,    9
 11385, 75681,20220205,-9999,    9
 11385, 75681,20220206,-9999,    9
 11385, 75681,20220207,-9999,    9
 11385, 75681,20220208,-9999,    9
 11385, 75681,20220209,-9999,    9
 11385, 75681,20220210,-9999,    9
 11385, 75681,20220211,-9999,    9
 11385, 75681,20220212,-9999,    9
 11385, 75681,20220213,-9999,    9
 11385, 75681,20220214,-9999,    9
 11385, 75681,20220215,-9999,    9
 11385, 75681,20220216,-9999,    9
 11385, 75681,20220217,-9999,    9
 11385, 75681,20220218,-9999,    9
 11385, 75681,20220219,-9999,    9
 11385, 75681,20220220,-9999,    9
 11385, 75681,20220221,-9999,    9
 11385, 75681,20220222,-9999,    9
 11385, 75681,20220223,-9999,    9
 11385, 75681,20220224,-9999,    9
 11385, 75681,20220225,-9999,    9
 11385, 75681,20220226,-9999,    9
 11385, 75681,20220227,-9999,    9
 11385, 75681,20220228,-9999,    9
 11385, 75681,20220301,-9999,    9
 11385, 75681,20220302,-9999,    9
 11385, 75681,20220303,-9999,    9
 11385, 75681,20220304,-9999,    9
 11385, 75681,20220305,-9999,    9
 11385, 75681,20220306,-9999,    9
 11385, 75681,20220307,-9999,    9
 11385, 75681,20220308,-9999,    9
 11385, 75681,20220309,-9999,    9
 11385, 75681,20220310,-9999,    9
 11385, 75681,20220311,-9999,    9
 11385, 75681,20220312,-9999,    9
 11385, 75681,20220313,-9999,    9
 11385, 75681,20220314,-9999,    9
 11385, 75681,20220315,-9999,    9
 11385, 75681,20220316,-9999,    9
 11385, 75681,20220317,-9999,    9
 11385, 75681,20220318,-9999,    9
 11385, 75681,20220319,-9999,    9
 11385, 75681,20220320,-9999,    9
 11385, 75681,20220321,-9999,    9
 11385, 75681,20220322,-9999,    9
 11385, 75681,20220323,-9999,    9
 11385, 75681,20220324,-9999,    9
 11385, 75681,20220325,-9999,    9
 11385, 75681,20220326,-9999,    9
 11385, 75681,20220327,-9999,    9
 11385, 75681,20220328,-9999,    9
 11385, 75681,20220329,-9999,    9
 11385, 75681,20220330,-9999,    9
 11385, 75681,20220331,-9999,    9
 11385, 75681,20220401,-9999,    9
 11385, 75681,20220402,-9999,    9
 11385, 75681,20220403,-9999,    9
 11385, 75681,20220404,-9999,    9
 11385, 75681,20220405,-9999,    9
 11385, 75681,20220406,-9999,    9
 11385, 75681,20220407,-9999,    9
 11385, 75681,20220408,-9999,    9
 11385, 75681,20220409,-9999,    9
 11385, 75681,20220410,-9999,    9
 11385, 75681,20220411,-9999,    9
 11385, 75681,20220412,-9999,    9
 11385, 75681,20220413,-9999,    9
 11385, 75681,20220414,-9999,    9
 11385, 75681,20220415,-9999,    9
 11385, 75681,20220416,-9999,    9
 11385, 75681,20220417,-9999,    9
 11385, 75681,20220418,-9999,    9
 11385, 75681,20220419,-9999,    9
 11385, 75681,20220420,-9999,    9
 11385, 75681,20220421,-9999,    9
 11385, 75681,20220422,-9999,    9
 11385, 75681,20220423,-9999,    9
 11385, 75681,20220424,-9999,    9
 11385, 75681,20220425,-9999,    9
 11385, 75681,20220426,-9999,    9
 11385, 75681,20220427,-9999,    9
 11385, 75681,20220428,-9999,    9
 11385, 75681,20220429,-9999,    9
 11385, 75681,20220430,-9999,    9
 11385, 75681,20220501,-9999,    9
 11385, 75681,20220502,-9999,    9
 11385, 75681,20220503,-9999,    9
 11385, 75681,20220504,-9999,    9
 11385, 75681,20220505,-9999,    9
 11385, 75681,20220506,-9999,    9
 11385, 75681,20220507,-9999,    9
 11385, 75681,20220508,-9999,    9
 11385, 75681,20220509,-9999,    9
 11385, 75681,20220510,-9999,    9
 11385, 75681,20220511,-9999,    9
 11385, 75681,20220512,-9999,    9
 11385, 75681,20220513,-9999,    9
 11385, 75681,20220514,-9999,    9
 11385, 75681,20220515,-9999,    9
 11385, 75681,20220516,-9999,    9
 11385, 75681,20220517,-9999,    9
 11385, 75681,20220518,-9999,    9
 11385, 75681,20220519,-9999,    9
 11385, 75681,20220520,-9999,    9
 11385, 75681,20220521,-9999,    9
 11385, 75681,20220522,-9999,    9
 11385, 75681,20220523,-9999,    9
 11385, 75681,20220524,-9999,    9
 11385, 75681,20220525,-9999,    9
 11385, 75681,20220526,-9999,    9
 11385, 75681,20220527,-9999,    9
 11385, 75681,20220528,-9999,    9
 11385, 75681,20220529,-9999,    9
 11385, 75681,20220530,-9999,    9
 11385, 75681,20220531,-9999,    9
 11385, 75681,20220601,-9999,    9
 11385, 75681,20220602,-9999,    9
 11385, 75681,20220603,-9999,    9
 11385, 75681,20220604,-9999,    9
 11385, 75681,20220605,-9999,    9
 11385, 75681,20220606,-9999,    9
 11385, 75681,20220607,-9999,    9
 11385, 75681,20220608,-9999,    9
 11385, 75681,20220609,-9999,    9
 11385, 75681,20220610,-9999,    9
 11385, 75681,20220611,-9999,    9
 11385, 75681,20220612,-9999,    9
 11385, 75681,20220613,-9999,    9
 11385, 75681,20220614,-9999,    9
 11385, 75681,20220615,-9999,    9
 11385, 75681,20220616,-9999,    9
 11385, 75681,20220617,-9999,    9
 11385, 75681,20220618,-9999,    9
 11385, 75681,20220619,-9999,    9
 11385, 75681,20220620,-9999,    9
 11385, 75681,20220621,-9999,    9
 11385, 75681,20220622,-9999,    9
 11385, 75681,20220623,-9999,    9
 11385, 75681,20220624,-9999,    9
 11385, 75681,20220625,-9999,    9
 11385, 75681,20220626,-9999,    9
 11385, 75681,20220627,-9999,    9
 11385, 75681,20220628,-9999,    9
 11385, 75681,20220629,-9999,    9
 11385, 75681,20220630,-9999,    9
 11385, 75681,20220701,-9999,    9
 11385, 75681,20220702,-9999,    9
 11385, 75681,20220703,-9999,    9
 11385, 75681,20220704,-9999,    9
 11385, 75681,20220705,-9999,    9
 11385, 75681,20220706,-9999,    9
 11385, 75681,20220707,-9999,    9
 11385, 75681,20220708,-9999,    9
 11385, 75681,20220709,-9999,    9
 11385, 75681,20220710,-9999,    9
 11385, 75681,20220711,-9999,    9
 11385, 75681,20220712,-9999,    9
 11385, 75681,20220713,-9999,    9
 11385, 75681,20220714,-9999,    9
 11385, 75681,20220715,-9999,    9
 11385, 75681,20220716,-9999,    9
 11385, 75681,20220717,-9999,    9
 11385, 75681,20220718,-9999,    9
 11385, 75681,20220719,-9999,    9
 11385, 75681,20220720,-9999,    9
 11385, 75681,20220721,-9999,    9
 11385, 75681,20220722,-9999,    9
 11385, 75681,20220723,-9999,    9
 11385, 75681,20220724,-9999,    9
 11385, 75681,20220725,-9999,    9
 11385, 75681,20220726,-9999,    9
 11385, 75681,20220727,-9999,    9
 11385, 75681,20220728,-9999,    9
 11385, 75681,20220729,-9999,    9
 11385, 75681,20220730,-9999,    9
 11385, 75681,20220731,-9999,    9
 11385, 75681,20220801,-9999,    9
 11385, 75681,20220802,-9999,    9
 11385, 75681,20220803,-9999,    9
 11385, 75681,20220804,-9999,    9
 11385, 75681,20220805,-9999,    9
 11385, 75681,20220806,-9999,    9
 11385, 75681,20220807,-9999,    9
 11385, 75681,20220808,-9999,    9
 11385, 75681,20220809,-9999,    9
 11385, 75681,20220810,-9999,    9
 11385, 75681,20220811,-9999,    9
 11385, 75681,20220812,-9999,    9
 11385, 75681,20220813,-9999,    9
 11385, 75681,20220814,-9999,    9
 11385, 75681,20220815,-9999,    9
 11385, 75681,20220816,-9999,    9
 11385, 75681,20220817,-9999,    9
 11385, 75681,20220818,-9999,    9
 11385, 75681,20220819,-9999,    9
 11385, 75681,20220820,-9999,    9
 11385, 75681,20220821,-9999,    9
 11385, 75681,20220822,-9999,    9
 11385, 75681,20220823,-9999,    9
 11385, 75681,20220824,-9999,    9
 11385, 75681,20220825,-9999,    9
 11385, 75681,20220826,-9999,    9
 11385, 75681,20220827,-9999,    9
 11385, 75681,20220828,-9999,    9
 11385, 75681,20220829,-9999,    9
 11385, 75681,20220830,-9999,    9
 11385, 75681,20220831,-9999,    9
 11385, 75681,20220901,-9999,    9
 11385, 75681,20220902,-9999,    9
 11385, 75681,20220903,-9999,    9
 11385, 75681,20220904,-9999,    9
 11385, 75681,20220905,-9999,    9
 11385, 75681,20220906,-9999,    9
 11385, 75681,20220907,-9999,    9
 11385, 75681,20220908,-9999,    9
 11385, 75681,20220909,-9999,    9
 11385, 75681,20220910,-9999,    9
 11385, 75681,20220911,-9999,    9
 11385, 75681,20220912,-9999,    9
 11385, 75681,20220913,-9999,    9
 11385, 75681,20220914,-9999,    9
 11385, 75681,20220915,-9999,    9
 11385, 75681,20220916,-9999,    9
 11385, 75681,20220917,-9999,    9
 11385, 75681,20220918,-9999,    9
 11385, 75681,20220919,-9999,    9
 11385, 75681,20220920,-9999,    9
 11385, 75681,20220921,-9999,    9
 11385, 75681,20220922,-9999,    9
 11385, 75681,20220923,-9999,    9
 11385, 75681,20220924,-9999,    9
 11385, 75681,20220925,-9999,    9
 11385, 75681,20220926,-9999,    9
 11385, 75681,20220927,-9999,    9
 11385, 75681,20220928,-9999,    9
 11385, 75681,20220929,-9999,    9
 11385, 75681,20220930,-9999,    9
 11385, 75681,20221001,-9999,    9
 11385, 75681,20221002,-9999,    9
 11385, 75681,20221003,-9999,    9
 11385, 75681,20221004,-9999,    9
 11385, 75681,20221005,-9999,    9
 11385, 75681,20221006,-9999,    9
 11385, 75681,20221007,-9999,    9
 11385, 75681,20221008,-9999,    9
 11385, 75681,20221009,-9999,    9
 11385, 75681,20221010,-9999,    9
 11385, 75681,20221011,-9999,    9
 11385, 75681,20221012,-9999,    9
 11385, 75681,20221013,-9999,    9
 11385, 75681,20221014,-9999,    9
 11385, 75681,20221015,-9999,    9
 11385, 75681,20221016,-9999,    9
 11385, 75681,20221017,-9999,    9
 11385, 75681,20221018,-9999,    9
 11385, 75681,20221019,-9999,    9
 11385, 75681,20221020,-9999,    9
 11385, 75681,20221021,-9999,    9
 11385, 75681,20221022,-9999,    9
 11385, 75681,20221023,-9999,    9
 11385, 75681,20221024,-9999,    9
 11385, 75681,20221025,-9999,    9
 11385, 75681,20221026,-9999,    9
 11385, 75681,20221027,-9999,    9
 11385, 75681,20221028,-9999,    9
 11385, 75681,20221029,-9999,    9
 11385, 75681,20221030,-9999,    9
 11385, 75681,20221031,-9999,    9
