EUROPEAN CLIMATE ASSESSMENT & DATASET (ECA&D), file created on: 16-11-2022
THESE DATA CAN BE USED FOR NON-COMMERCIAL RESEARCH AND EDUCATION PROVIDED THAT THE FOLLOWING SOURCE IS ACKNOWLEDGED: 

Klein Tank, A.M.G. and Coauthors, 2002. Daily dataset of 20th-century surface
air temperature and precipitation series for the European Climate Assessment.
Int. J. of Climatol., 22, 1441-1453.
Data and metadata available at http://www.ecad.eu

FILE FORMAT (MISSING VALUE CODE = -9999):

01-06 STAID: Station identifier
08-13 SOUID: Source identifier
15-22 DATE : Date YYYYMMDD
24-28 RR   : Precipitation amount in 0.1 mm
30-34 Q_RR : quality code for RR (0='valid'; 1='suspect'; 9='missing')

This is the blended series of station KORNAT, AUSTRIA (STAID: 24653)
Blended and updated with sources:134080 
See files sources.txt and stations.txt for more info.

STAID, SOUID,    DATE,   RR, Q_RR
 24653,134080,20170501,    0,    0
 24653,134080,20170502,    0,    0
 24653,134080,20170503,    0,    0
 24653,134080,20170504,    0,    0
 24653,134080,20170505,    0,    0
 24653,134080,20170506,    0,    0
 24653,134080,20170507,    0,    0
 24653,134080,20170508,    0,    0
 24653,134080,20170509,    0,    0
 24653,134080,20170510,    0,    0
 24653,134080,20170511,    0,    0
 24653,134080,20170512,    0,    0
 24653,134080,20170513,    0,    0
 24653,134080,20170514,    0,    0
 24653,134080,20170515,    0,    0
 24653,134080,20170516,    0,    0
 24653,134080,20170517,    0,    0
 24653,134080,20170518,    0,    0
 24653,134080,20170519,    0,    0
 24653,134080,20170520,    0,    0
 24653,134080,20170521,    0,    0
 24653,134080,20170522,    0,    0
 24653,134080,20170523,    0,    0
 24653,134080,20170524,    2,    0
 24653,134080,20170525,    0,    0
 24653,134080,20170526,    0,    0
 24653,134080,20170527,    0,    0
 24653,134080,20170528,    0,    0
 24653,134080,20170529,    0,    0
 24653,134080,20170530,    3,    0
 24653,134080,20170531,    0,    0
 24653,134080,20170601,    7,    0
 24653,134080,20170602,   10,    0
 24653,134080,20170603,    0,    0
 24653,134080,20170604,   78,    0
 24653,134080,20170605,    2,    0
 24653,134080,20170606,  114,    0
 24653,134080,20170607,   46,    0
 24653,134080,20170608,    0,    0
 24653,134080,20170609,    0,    0
 24653,134080,20170610,    0,    0
 24653,134080,20170611,    0,    0
 24653,134080,20170612,    0,    0
 24653,134080,20170613,    0,    0
 24653,134080,20170614,    9,    0
 24653,134080,20170615,   21,    0
 24653,134080,20170616,    4,    0
 24653,134080,20170617,    0,    0
 24653,134080,20170618,    0,    0
 24653,134080,20170619,    0,    0
 24653,134080,20170620,   16,    0
 24653,134080,20170621,   12,    0
 24653,134080,20170622,    0,    0
 24653,134080,20170623,    0,    0
 24653,134080,20170624,   64,    0
 24653,134080,20170625,  261,    0
 24653,134080,20170626,    0,    0
 24653,134080,20170627,   83,    0
 24653,134080,20170628,  176,    0
 24653,134080,20170629,    8,    0
 24653,134080,20170630,   11,    0
 24653,134080,20170701,   95,    0
 24653,134080,20170702,    0,    0
 24653,134080,20170703,    0,    0
 24653,134080,20170704,    0,    0
 24653,134080,20170705,   12,    0
 24653,134080,20170706,    0,    0
 24653,134080,20170707,   44,    0
 24653,134080,20170708,   17,    0
 24653,134080,20170709,   47,    0
 24653,134080,20170710,   78,    0
 24653,134080,20170711,  129,    0
 24653,134080,20170712,   23,    0
 24653,134080,20170713,   62,    0
 24653,134080,20170714,   59,    0
 24653,134080,20170715,    0,    0
 24653,134080,20170716,    0,    0
 24653,134080,20170717,    0,    0
 24653,134080,20170718,    9,    0
 24653,134080,20170719,    6,    0
 24653,134080,20170720,   18,    0
 24653,134080,20170721,  120,    0
 24653,134080,20170722,   27,    0
 24653,134080,20170723,  332,    0
 24653,134080,20170724,  410,    0
 24653,134080,20170725,    0,    0
 24653,134080,20170726,    0,    0
 24653,134080,20170727,    0,    0
 24653,134080,20170728,    0,    0
 24653,134080,20170729,    0,    0
 24653,134080,20170730,  166,    0
 24653,134080,20170731,    0,    0
 24653,134080,20170801,    0,    0
 24653,134080,20170802,   65,    0
 24653,134080,20170803,    1,    0
 24653,134080,20170804,  181,    0
 24653,134080,20170805,    0,    0
 24653,134080,20170806,  179,    0
 24653,134080,20170807,    0,    0
 24653,134080,20170808,    3,    0
 24653,134080,20170809,   34,    0
 24653,134080,20170810,  179,    0
 24653,134080,20170811,   89,    0
 24653,134080,20170812,    0,    0
 24653,134080,20170813,    0,    0
 24653,134080,20170814,    0,    0
 24653,134080,20170815,    0,    0
 24653,134080,20170816,    3,    0
 24653,134080,20170817,    0,    0
 24653,134080,20170818,   10,    0
 24653,134080,20170819,  510,    0
 24653,134080,20170820,    0,    0
 24653,134080,20170821,    0,    0
 24653,134080,20170822,    0,    0
 24653,134080,20170823,    0,    0
 24653,134080,20170824,    7,    0
 24653,134080,20170825,    0,    0
 24653,134080,20170826,    6,    0
 24653,134080,20170827,    0,    0
 24653,134080,20170828,   12,    0
 24653,134080,20170829,    0,    0
 24653,134080,20170830,    0,    0
 24653,134080,20170831,   62,    0
 24653,134080,20170901,  138,    0
 24653,134080,20170902,  261,    0
 24653,134080,20170903,    0,    0
 24653,134080,20170904,    0,    0
 24653,134080,20170905,    1,    0
 24653,134080,20170906,    1,    0
 24653,134080,20170907,    3,    0
 24653,134080,20170908,    0,    0
 24653,134080,20170909,  101,    0
 24653,134080,20170910,  343,    0
 24653,134080,20170911,  146,    0
 24653,134080,20170912,  210,    0
 24653,134080,20170913,    0,    0
 24653,134080,20170914,  114,    0
 24653,134080,20170915,  139,    0
 24653,134080,20170916,   47,    0
 24653,134080,20170917,   68,    0
 24653,134080,20170918,  240,    0
 24653,134080,20170919,    8,    0
 24653,134080,20170920,    0,    0
 24653,134080,20170921,    0,    0
 24653,134080,20170922,    0,    0
 24653,134080,20170923,   31,    0
 24653,134080,20170924,   20,    0
 24653,134080,20170925,    0,    0
 24653,134080,20170926,    0,    0
 24653,134080,20170927,    0,    0
 24653,134080,20170928,    0,    0
 24653,134080,20170929,    0,    0
 24653,134080,20170930,    0,    0
 24653,134080,20171001,    0,    0
 24653,134080,20171002,    1,    0
 24653,134080,20171003,   10,    0
 24653,134080,20171004,    0,    0
 24653,134080,20171005,    7,    0
 24653,134080,20171006,    0,    0
 24653,134080,20171007,    0,    0
 24653,134080,20171008,    0,    0
 24653,134080,20171009,    1,    0
 24653,134080,20171010,    0,    0
 24653,134080,20171011,    0,    0
 24653,134080,20171012,    0,    0
 24653,134080,20171013,    0,    0
 24653,134080,20171014,    0,    0
 24653,134080,20171015,    0,    0
 24653,134080,20171016,    0,    0
 24653,134080,20171017,    0,    0
 24653,134080,20171018,    0,    0
 24653,134080,20171019,    0,    0
 24653,134080,20171020,    0,    0
 24653,134080,20171021,    2,    0
 24653,134080,20171022,  160,    0
 24653,134080,20171023,    0,    0
 24653,134080,20171024,    0,    0
 24653,134080,20171025,    0,    0
 24653,134080,20171026,    0,    0
 24653,134080,20171027,    0,    0
 24653,134080,20171028,    0,    0
 24653,134080,20171029,    0,    0
 24653,134080,20171030,    0,    0
 24653,134080,20171031,    0,    0
 24653,134080,20171101,    0,    0
 24653,134080,20171102,    0,    0
 24653,134080,20171103,    0,    0
 24653,134080,20171104,    0,    0
 24653,134080,20171105,  680,    0
 24653,134080,20171106,  254,    0
 24653,134080,20171107,  115,    0
 24653,134080,20171108,    0,    0
 24653,134080,20171109,    0,    0
 24653,134080,20171110,    0,    0
 24653,134080,20171111,    0,    0
 24653,134080,20171112,  174,    0
 24653,134080,20171113,    1,    0
 24653,134080,20171114,    0,    0
 24653,134080,20171115,    0,    0
 24653,134080,20171116,    0,    0
 24653,134080,20171117,    0,    0
 24653,134080,20171118,    0,    0
 24653,134080,20171119,    0,    0
 24653,134080,20171120,    0,    0
 24653,134080,20171121,    0,    0
 24653,134080,20171122,    0,    0
 24653,134080,20171123,    0,    0
 24653,134080,20171124,    0,    0
 24653,134080,20171125,   50,    0
 24653,134080,20171126,    3,    0
 24653,134080,20171127,    0,    0
 24653,134080,20171128,    0,    0
 24653,134080,20171129,   95,    0
 24653,134080,20171130,    2,    0
 24653,134080,20171201,    0,    0
 24653,134080,20171202,    0,    0
 24653,134080,20171203,    0,    0
 24653,134080,20171204,    0,    0
 24653,134080,20171205,    0,    0
 24653,134080,20171206,    0,    0
 24653,134080,20171207,    0,    0
 24653,134080,20171208,   53,    0
 24653,134080,20171209,    0,    0
 24653,134080,20171210,   22,    0
 24653,134080,20171211,  610,    0
 24653,134080,20171212,    9,    0
 24653,134080,20171213,    7,    0
 24653,134080,20171214,    0,    0
 24653,134080,20171215,   55,    0
 24653,134080,20171216,    0,    0
 24653,134080,20171217,    0,    0
 24653,134080,20171218,    0,    0
 24653,134080,20171219,    0,    0
 24653,134080,20171220,    0,    0
 24653,134080,20171221,    0,    0
 24653,134080,20171222,    0,    0
 24653,134080,20171223,    0,    0
 24653,134080,20171224,    0,    0
 24653,134080,20171225,    0,    0
 24653,134080,20171226,   20,    0
 24653,134080,20171227,  709,    0
 24653,134080,20171228,    2,    0
 24653,134080,20171229,    0,    0
 24653,134080,20171230,    0,    0
 24653,134080,20171231,    0,    0
 24653,134080,20180101,  117,    0
 24653,134080,20180102,    0,    0
 24653,134080,20180103,   26,    0
 24653,134080,20180104,   15,    0
 24653,134080,20180105,    0,    0
 24653,134080,20180106,    0,    0
 24653,134080,20180107,    3,    0
 24653,134080,20180108,  197,    0
 24653,134080,20180109,  411,    0
 24653,134080,20180110,    0,    0
 24653,134080,20180111,    0,    0
 24653,134080,20180112,    0,    0
 24653,134080,20180113,    0,    0
 24653,134080,20180114,    2,    0
 24653,134080,20180115,    0,    0
 24653,134080,20180116,    2,    0
 24653,134080,20180117,    5,    0
 24653,134080,20180118,    0,    0
 24653,134080,20180119,    0,    0
 24653,134080,20180120,   13,    0
 24653,134080,20180121,    0,    0
 24653,134080,20180122,    0,    0
 24653,134080,20180123,    0,    0
 24653,134080,20180124,    0,    0
 24653,134080,20180125,    0,    0
 24653,134080,20180126,    0,    0
 24653,134080,20180127,    0,    0
 24653,134080,20180128,    0,    0
 24653,134080,20180129,    0,    0
 24653,134080,20180130,    0,    0
 24653,134080,20180131,    0,    0
 24653,134080,20180201,  176,    0
 24653,134080,20180202,   90,    0
 24653,134080,20180203,   12,    0
 24653,134080,20180204,    0,    0
 24653,134080,20180205,    0,    0
 24653,134080,20180206,    8,    0
 24653,134080,20180207,   19,    0
 24653,134080,20180208,   14,    0
 24653,134080,20180209,    0,    0
 24653,134080,20180210,    0,    0
 24653,134080,20180211,   67,    0
 24653,134080,20180212,   23,    0
 24653,134080,20180213,    0,    0
 24653,134080,20180214,    0,    0
 24653,134080,20180215,    0,    0
 24653,134080,20180216,    2,    0
 24653,134080,20180217,   20,    0
 24653,134080,20180218,   47,    0
 24653,134080,20180219,    3,    0
 24653,134080,20180220,    1,    0
 24653,134080,20180221,   26,    0
 24653,134080,20180222,  118,    0
 24653,134080,20180223,   22,    0
 24653,134080,20180224,    0,    0
 24653,134080,20180225,    0,    0
 24653,134080,20180226,    3,    0
 24653,134080,20180227,    0,    0
 24653,134080,20180228,    0,    0
 24653,134080,20180301,    0,    0
 24653,134080,20180302,   13,    0
 24653,134080,20180303,    0,    0
 24653,134080,20180304,    0,    0
 24653,134080,20180305,   54,    0
 24653,134080,20180306,   19,    0
 24653,134080,20180307,   20,    0
 24653,134080,20180308,    0,    0
 24653,134080,20180309,    0,    0
 24653,134080,20180310,    0,    0
 24653,134080,20180311,  232,    0
 24653,134080,20180312,    3,    0
 24653,134080,20180313,    9,    0
 24653,134080,20180314,    0,    0
 24653,134080,20180315,   52,    0
 24653,134080,20180316,   14,    0
 24653,134080,20180317,  154,    0
 24653,134080,20180318,   79,    0
 24653,134080,20180319,   16,    0
 24653,134080,20180320,   10,    0
 24653,134080,20180321,    0,    0
 24653,134080,20180322,    0,    0
 24653,134080,20180323,    0,    0
 24653,134080,20180324,    0,    0
 24653,134080,20180325,    0,    0
 24653,134080,20180326,    0,    0
 24653,134080,20180327,   12,    0
 24653,134080,20180328,    0,    0
 24653,134080,20180329,   60,    0
 24653,134080,20180330,  305,    0
 24653,134080,20180331,  144,    0
 24653,134080,20180401,    0,    0
 24653,134080,20180402,    0,    0
 24653,134080,20180403,    1,    0
 24653,134080,20180404,    7,    0
 24653,134080,20180405,   12,    0
 24653,134080,20180406,    0,    0
 24653,134080,20180407,    0,    0
 24653,134080,20180408,    0,    0
 24653,134080,20180409,    9,    0
 24653,134080,20180410,    9,    0
 24653,134080,20180411,  133,    0
 24653,134080,20180412,  279,    0
 24653,134080,20180413,   10,    0
 24653,134080,20180414,    0,    0
 24653,134080,20180415,  230,    0
 24653,134080,20180416,   23,    0
 24653,134080,20180417,    0,    0
 24653,134080,20180418,    0,    0
 24653,134080,20180419,    0,    0
 24653,134080,20180420,    0,    0
 24653,134080,20180421,    0,    0
 24653,134080,20180422,    0,    0
 24653,134080,20180423,   19,    0
 24653,134080,20180424,    0,    0
 24653,134080,20180425,    0,    0
 24653,134080,20180426,  224,    0
 24653,134080,20180427,    0,    0
 24653,134080,20180428,    0,    0
 24653,134080,20180429,   69,    0
 24653,134080,20180430,   14,    0
 24653,134080,20180501,   62,    0
 24653,134080,20180502,  156,    0
 24653,134080,20180503,   51,    0
 24653,134080,20180504,   93,    0
 24653,134080,20180505,   29,    0
 24653,134080,20180506,   14,    0
 24653,134080,20180507,    0,    0
 24653,134080,20180508,   91,    0
 24653,134080,20180509,    3,    0
 24653,134080,20180510,    6,    0
 24653,134080,20180511,    5,    0
 24653,134080,20180512,   14,    0
 24653,134080,20180513,   44,    0
 24653,134080,20180514,  126,    0
 24653,134080,20180515,  152,    0
 24653,134080,20180516,   91,    0
 24653,134080,20180517,    8,    0
 24653,134080,20180518,    7,    0
 24653,134080,20180519,   40,    0
 24653,134080,20180520,   46,    0
 24653,134080,20180521,    0,    0
 24653,134080,20180522,   29,    0
 24653,134080,20180523,   54,    0
 24653,134080,20180524,    6,    0
 24653,134080,20180525,    2,    0
 24653,134080,20180526,   18,    0
 24653,134080,20180527,   65,    0
 24653,134080,20180528,  103,    0
 24653,134080,20180529,   69,    0
 24653,134080,20180530,    0,    0
 24653,134080,20180531,   86,    0
 24653,134080,20180601,    0,    0
 24653,134080,20180602,   34,    0
 24653,134080,20180603,    0,    0
 24653,134080,20180604,    0,    0
 24653,134080,20180605,   26,    0
 24653,134080,20180606,    0,    0
 24653,134080,20180607,    1,    0
 24653,134080,20180608,  127,    0
 24653,134080,20180609,    0,    0
 24653,134080,20180610,    1,    0
 24653,134080,20180611,   34,    0
 24653,134080,20180612,  130,    0
 24653,134080,20180613,    0,    0
 24653,134080,20180614,    4,    0
 24653,134080,20180615,    0,    0
 24653,134080,20180616,    0,    0
 24653,134080,20180617,    0,    0
 24653,134080,20180618,    0,    0
 24653,134080,20180619,    0,    0
 24653,134080,20180620,    0,    0
 24653,134080,20180621,   26,    0
 24653,134080,20180622,    1,    0
 24653,134080,20180623,    0,    0
 24653,134080,20180624,   14,    0
 24653,134080,20180625,    0,    0
 24653,134080,20180626,    0,    0
 24653,134080,20180627,    0,    0
 24653,134080,20180628,    0,    0
 24653,134080,20180629,    0,    0
 24653,134080,20180630,    0,    0
 24653,134080,20180701,    0,    0
 24653,134080,20180702,   46,    0
 24653,134080,20180703,   76,    0
 24653,134080,20180704,    2,    0
 24653,134080,20180705,  121,    0
 24653,134080,20180706,    1,    0
 24653,134080,20180707,    0,    0
 24653,134080,20180708,    0,    0
 24653,134080,20180709,    0,    0
 24653,134080,20180710,  131,    0
 24653,134080,20180711,   26,    0
 24653,134080,20180712,  116,    0
 24653,134080,20180713,    0,    0
 24653,134080,20180714,  150,    0
 24653,134080,20180715,   47,    0
 24653,134080,20180716,   78,    0
 24653,134080,20180717,    0,    0
 24653,134080,20180718,    0,    0
 24653,134080,20180719,    0,    0
 24653,134080,20180720,  110,    0
 24653,134080,20180721,  102,    0
 24653,134080,20180722,    0,    0
 24653,134080,20180723,    0,    0
 24653,134080,20180724,    0,    0
 24653,134080,20180725,    0,    0
 24653,134080,20180726,    0,    0
 24653,134080,20180727,   10,    0
 24653,134080,20180728,   16,    0
 24653,134080,20180729,    0,    0
 24653,134080,20180730,    0,    0
 24653,134080,20180731,    0,    0
 24653,134080,20180801,    0,    0
 24653,134080,20180802,   62,    0
 24653,134080,20180803,    1,    0
 24653,134080,20180804,    0,    0
 24653,134080,20180805,   33,    0
 24653,134080,20180806,    0,    0
 24653,134080,20180807,   81,    0
 24653,134080,20180808,   30,    0
 24653,134080,20180809,    0,    0
 24653,134080,20180810,  207,    0
 24653,134080,20180811,    6,    0
 24653,134080,20180812,    0,    0
 24653,134080,20180813,   29,    0
 24653,134080,20180814,  170,    0
 24653,134080,20180815,    0,    0
 24653,134080,20180816,    0,    0
 24653,134080,20180817,    2,    0
 24653,134080,20180818,    0,    0
 24653,134080,20180819,    0,    0
 24653,134080,20180820,    0,    0
 24653,134080,20180821,    0,    0
 24653,134080,20180822,    0,    0
 24653,134080,20180823,    0,    0
 24653,134080,20180824,  235,    0
 24653,134080,20180825,  501,    0
 24653,134080,20180826,   14,    0
 24653,134080,20180827,    0,    0
 24653,134080,20180828,    0,    0
 24653,134080,20180829,    0,    0
 24653,134080,20180830,  181,    0
 24653,134080,20180831,  417,    0
 24653,134080,20180901,  255,    0
 24653,134080,20180902,   19,    0
 24653,134080,20180903,   26,    0
 24653,134080,20180904,    0,    0
 24653,134080,20180905,   38,    0
 24653,134080,20180906,    3,    0
 24653,134080,20180907,    1,    0
 24653,134080,20180908,    0,    0
 24653,134080,20180909,    0,    0
 24653,134080,20180910,    0,    0
 24653,134080,20180911,    0,    0
 24653,134080,20180912,    0,    0
 24653,134080,20180913,    0,    0
 24653,134080,20180914,   13,    0
 24653,134080,20180915,    0,    0
 24653,134080,20180916,    0,    0
 24653,134080,20180917,    0,    0
 24653,134080,20180918,   18,    0
 24653,134080,20180919,    0,    0
 24653,134080,20180920,    0,    0
 24653,134080,20180921,    0,    0
 24653,134080,20180922,    7,    0
 24653,134080,20180923,   94,    0
 24653,134080,20180924,    0,    0
 24653,134080,20180925,    0,    0
 24653,134080,20180926,    0,    0
 24653,134080,20180927,    0,    0
 24653,134080,20180928,    0,    0
 24653,134080,20180929,    0,    0
 24653,134080,20180930,    0,    0
 24653,134080,20181001,   51,    0
 24653,134080,20181002,    0,    0
 24653,134080,20181003,    0,    0
 24653,134080,20181004,    0,    0
 24653,134080,20181005,    0,    0
 24653,134080,20181006,  102,    0
 24653,134080,20181007,   13,    0
 24653,134080,20181008,    1,    0
 24653,134080,20181009,    0,    0
 24653,134080,20181010,    0,    0
 24653,134080,20181011,    0,    0
 24653,134080,20181012,    0,    0
 24653,134080,20181013,    0,    0
 24653,134080,20181014,    0,    0
 24653,134080,20181015,    3,    0
 24653,134080,20181016,    0,    0
 24653,134080,20181017,    3,    0
 24653,134080,20181018,    0,    0
 24653,134080,20181019,    0,    0
 24653,134080,20181020,    0,    0
 24653,134080,20181021,    0,    0
 24653,134080,20181022,    0,    0
 24653,134080,20181023,    0,    0
 24653,134080,20181024,    0,    0
 24653,134080,20181025,    0,    0
 24653,134080,20181026,    8,    0
 24653,134080,20181027, 1217,    0
 24653,134080,20181028, 1098,    0
 24653,134080,20181029, 1834,    0
 24653,134080,20181030,   55,    0
 24653,134080,20181031,    2,    0
 24653,134080,20181101,  356,    0
 24653,134080,20181102,  189,    0
 24653,134080,20181103,    2,    0
 24653,134080,20181104,    0,    0
 24653,134080,20181105,  116,    0
 24653,134080,20181106,  100,    0
 24653,134080,20181107,    2,    0
 24653,134080,20181108,    0,    0
 24653,134080,20181109,    0,    0
 24653,134080,20181110,    0,    0
 24653,134080,20181111,    0,    0
 24653,134080,20181112,    0,    0
 24653,134080,20181113,    0,    0
 24653,134080,20181114,    0,    0
 24653,134080,20181115,    0,    0
 24653,134080,20181116,    0,    0
 24653,134080,20181117,    0,    0
 24653,134080,20181118,    0,    0
 24653,134080,20181119,  147,    0
 24653,134080,20181120,   45,    0
 24653,134080,20181121,    0,    0
 24653,134080,20181122,    0,    0
 24653,134080,20181123,   62,    0
 24653,134080,20181124,   33,    0
 24653,134080,20181125,    0,    0
 24653,134080,20181126,    1,    0
 24653,134080,20181127,    0,    0
 24653,134080,20181128,    0,    0
 24653,134080,20181129,    0,    0
 24653,134080,20181130,    0,    0
 24653,134080,20181201,    0,    0
 24653,134080,20181202,    2,    0
 24653,134080,20181203,    0,    0
 24653,134080,20181204,    0,    0
 24653,134080,20181205,   16,    0
 24653,134080,20181206,    8,    0
 24653,134080,20181207,   38,    0
 24653,134080,20181208,    0,    0
 24653,134080,20181209,    4,    0
 24653,134080,20181210,    0,    0
 24653,134080,20181211,    0,    0
 24653,134080,20181212,    0,    0
 24653,134080,20181213,    4,    0
 24653,134080,20181214,    0,    0
 24653,134080,20181215,    0,    0
 24653,134080,20181216,    0,    0
 24653,134080,20181217,    0,    0
 24653,134080,20181218,    0,    0
 24653,134080,20181219,    0,    0
 24653,134080,20181220,    0,    0
 24653,134080,20181221,    0,    0
 24653,134080,20181222,    0,    0
 24653,134080,20181223,    0,    0
 24653,134080,20181224,   18,    0
 24653,134080,20181225,    0,    0
 24653,134080,20181226,    0,    0
 24653,134080,20181227,    0,    0
 24653,134080,20181228,    0,    0
 24653,134080,20181229,    0,    0
 24653,134080,20181230,    0,    0
 24653,134080,20181231,    0,    0
 24653,134080,20190101,    0,    0
 24653,134080,20190102,   12,    0
 24653,134080,20190103,    0,    0
 24653,134080,20190104,    0,    0
 24653,134080,20190105,    0,    0
 24653,134080,20190106,    0,    0
 24653,134080,20190107,    0,    0
 24653,134080,20190108,    0,    0
 24653,134080,20190109,    1,    0
 24653,134080,20190110,    0,    0
 24653,134080,20190111,    0,    0
 24653,134080,20190112,    0,    0
 24653,134080,20190113,   38,    0
 24653,134080,20190114,   11,    0
 24653,134080,20190115,    0,    0
 24653,134080,20190116,    0,    0
 24653,134080,20190117,   73,    0
 24653,134080,20190118,    0,    0
 24653,134080,20190119,    0,    0
 24653,134080,20190120,    0,    0
 24653,134080,20190121,    0,    0
 24653,134080,20190122,   19,    0
 24653,134080,20190123,   10,    0
 24653,134080,20190124,    0,    0
 24653,134080,20190125,    0,    0
 24653,134080,20190126,    0,    0
 24653,134080,20190127,   80,    0
 24653,134080,20190128,    0,    0
 24653,134080,20190129,    0,    0
 24653,134080,20190130,    7,    0
 24653,134080,20190131,    0,    0
 24653,134080,20190201,  852,    0
 24653,134080,20190202,  495,    0
 24653,134080,20190203,   82,    0
 24653,134080,20190204,    0,    0
 24653,134080,20190205,    0,    0
 24653,134080,20190206,    0,    0
 24653,134080,20190207,    0,    0
 24653,134080,20190208,    0,    0
 24653,134080,20190209,    0,    0
 24653,134080,20190210,   20,    0
 24653,134080,20190211,    0,    0
 24653,134080,20190212,    0,    0
 24653,134080,20190213,    0,    0
 24653,134080,20190214,    0,    0
 24653,134080,20190215,    0,    0
 24653,134080,20190216,    0,    0
 24653,134080,20190217,    0,    0
 24653,134080,20190218,    0,    0
 24653,134080,20190219,    0,    0
 24653,134080,20190220,    0,    0
 24653,134080,20190221,    0,    0
 24653,134080,20190222,    0,    0
 24653,134080,20190223,    0,    0
 24653,134080,20190224,    0,    0
 24653,134080,20190225,    0,    0
 24653,134080,20190226,    0,    0
 24653,134080,20190227,    0,    0
 24653,134080,20190228,    0,    0
 24653,134080,20190301,    0,    0
 24653,134080,20190302,    0,    0
 24653,134080,20190303,    0,    0
 24653,134080,20190304,   72,    0
 24653,134080,20190305,    0,    0
 24653,134080,20190306,    0,    0
 24653,134080,20190307,  163,    0
 24653,134080,20190308,   61,    0
 24653,134080,20190309,    2,    0
 24653,134080,20190310,    0,    0
 24653,134080,20190311,    0,    0
 24653,134080,20190312,    0,    0
 24653,134080,20190313,    3,    0
 24653,134080,20190314,    5,    0
 24653,134080,20190315,    0,    0
 24653,134080,20190316,    0,    0
 24653,134080,20190317,   68,    0
 24653,134080,20190318,   73,    0
 24653,134080,20190319,    0,    0
 24653,134080,20190320,    0,    0
 24653,134080,20190321,    0,    0
 24653,134080,20190322,    0,    0
 24653,134080,20190323,    0,    0
 24653,134080,20190324,    0,    0
 24653,134080,20190325,    0,    0
 24653,134080,20190326,    0,    0
 24653,134080,20190327,    0,    0
 24653,134080,20190328,    0,    0
 24653,134080,20190329,    0,    0
 24653,134080,20190330,    0,    0
 24653,134080,20190331,    0,    0
 24653,134080,20190401,    0,    0
 24653,134080,20190402,    0,    0
 24653,134080,20190403,  176,    0
 24653,134080,20190404,  557,    0
 24653,134080,20190405,   16,    0
 24653,134080,20190406,    0,    0
 24653,134080,20190407,    9,    0
 24653,134080,20190408,   87,    0
 24653,134080,20190409,   78,    0
 24653,134080,20190410,    4,    0
 24653,134080,20190411,   83,    0
 24653,134080,20190412,    0,    0
 24653,134080,20190413,   23,    0
 24653,134080,20190414,   33,    0
 24653,134080,20190415,    0,    0
 24653,134080,20190416,    0,    0
 24653,134080,20190417,    0,    0
 24653,134080,20190418,    0,    0
 24653,134080,20190419,    0,    0
 24653,134080,20190420,    0,    0
 24653,134080,20190421,    0,    0
 24653,134080,20190422,    9,    0
 24653,134080,20190423,  179,    0
 24653,134080,20190424,   37,    0
 24653,134080,20190425,    7,    0
 24653,134080,20190426,  139,    0
 24653,134080,20190427,  127,    0
 24653,134080,20190428,  270,    0
 24653,134080,20190429,    0,    0
 24653,134080,20190430,    0,    0
 24653,134080,20190501,    0,    0
 24653,134080,20190502,   38,    0
 24653,134080,20190503,   70,    0
 24653,134080,20190504,  134,    0
 24653,134080,20190505,   30,    0
 24653,134080,20190506,    0,    0
 24653,134080,20190507,    0,    0
 24653,134080,20190508,   18,    0
 24653,134080,20190509,    0,    0
 24653,134080,20190510,    3,    0
 24653,134080,20190511,  244,    0
 24653,134080,20190512,    0,    0
 24653,134080,20190513,    0,    0
 24653,134080,20190514,    0,    0
 24653,134080,20190515,    0,    0
 24653,134080,20190516,   17,    0
 24653,134080,20190517,    0,    0
 24653,134080,20190518,   46,    0
 24653,134080,20190519,   37,    0
 24653,134080,20190520,   48,    0
 24653,134080,20190521,   14,    0
 24653,134080,20190522,    0,    0
 24653,134080,20190523,    0,    0
 24653,134080,20190524,   17,    0
 24653,134080,20190525,  154,    0
 24653,134080,20190526,    6,    0
 24653,134080,20190527,   96,    0
 24653,134080,20190528,  192,    0
 24653,134080,20190529,    0,    0
 24653,134080,20190530,    0,    0
 24653,134080,20190531,    0,    0
 24653,134080,20190601,    0,    0
 24653,134080,20190602,    0,    0
 24653,134080,20190603,    0,    0
 24653,134080,20190604,    0,    0
 24653,134080,20190605,    0,    0
 24653,134080,20190606,    0,    0
 24653,134080,20190607,    0,    0
 24653,134080,20190608,    0,    0
 24653,134080,20190609,    0,    0
 24653,134080,20190610,    6,    0
 24653,134080,20190611,  103,    0
 24653,134080,20190612,    0,    0
 24653,134080,20190613,    0,    0
 24653,134080,20190614,    0,    0
 24653,134080,20190615,    0,    0
 24653,134080,20190616,    0,    0
 24653,134080,20190617,    0,    0
 24653,134080,20190618,   14,    0
 24653,134080,20190619,   12,    0
 24653,134080,20190620,  117,    0
 24653,134080,20190621,   78,    0
 24653,134080,20190622,    7,    0
 24653,134080,20190623,    0,    0
 24653,134080,20190624,    0,    0
 24653,134080,20190625,    0,    0
 24653,134080,20190626,    0,    0
 24653,134080,20190627,    0,    0
 24653,134080,20190628,    0,    0
 24653,134080,20190629,    0,    0
 24653,134080,20190630,    0,    0
 24653,134080,20190701,    7,    0
 24653,134080,20190702,   39,    0
 24653,134080,20190703,  131,    0
 24653,134080,20190704,    0,    0
 24653,134080,20190705,    0,    0
 24653,134080,20190706,   57,    0
 24653,134080,20190707,    2,    0
 24653,134080,20190708,    0,    0
 24653,134080,20190709,   14,    0
 24653,134080,20190710,    0,    0
 24653,134080,20190711,    2,    0
 24653,134080,20190712,    3,    0
 24653,134080,20190713,    0,    0
 24653,134080,20190714,    9,    0
 24653,134080,20190715,   12,    0
 24653,134080,20190716,    0,    0
 24653,134080,20190717,   86,    0
 24653,134080,20190718,    0,    0
 24653,134080,20190719,    0,    0
 24653,134080,20190720,   10,    0
 24653,134080,20190721,   34,    0
 24653,134080,20190722,    0,    0
 24653,134080,20190723,    0,    0
 24653,134080,20190724,    0,    0
 24653,134080,20190725,   15,    0
 24653,134080,20190726,    0,    0
 24653,134080,20190727,  101,    0
 24653,134080,20190728,  106,    0
 24653,134080,20190729,    0,    0
 24653,134080,20190730,  204,    0
 24653,134080,20190731,   63,    0
 24653,134080,20190801,  331,    0
 24653,134080,20190802,  152,    0
 24653,134080,20190803,    0,    0
 24653,134080,20190804,    0,    0
 24653,134080,20190805,   41,    0
 24653,134080,20190806,   15,    0
 24653,134080,20190807,    0,    0
 24653,134080,20190808,   25,    0
 24653,134080,20190809,    0,    0
 24653,134080,20190810,    0,    0
 24653,134080,20190811,    0,    0
 24653,134080,20190812,   62,    0
 24653,134080,20190813,   64,    0
 24653,134080,20190814,    0,    0
 24653,134080,20190815,  142,    0
 24653,134080,20190816,    0,    0
 24653,134080,20190817,    0,    0
 24653,134080,20190818,    0,    0
 24653,134080,20190819,  189,    0
 24653,134080,20190820,    0,    0
 24653,134080,20190821,  163,    0
 24653,134080,20190822,   10,    0
 24653,134080,20190823,  101,    0
 24653,134080,20190824,    4,    0
 24653,134080,20190825,    3,    0
 24653,134080,20190826,    0,    0
 24653,134080,20190827,    0,    0
 24653,134080,20190828,    0,    0
 24653,134080,20190829,    0,    0
 24653,134080,20190830,    0,    0
 24653,134080,20190831,    2,    0
 24653,134080,20190901,   10,    0
 24653,134080,20190902,  308,    0
 24653,134080,20190903,    0,    0
 24653,134080,20190904,    0,    0
 24653,134080,20190905,    0,    0
 24653,134080,20190906,   61,    0
 24653,134080,20190907,   64,    0
 24653,134080,20190908,  525,    0
 24653,134080,20190909,    0,    0
 24653,134080,20190910,    0,    0
 24653,134080,20190911,    0,    0
 24653,134080,20190912,    0,    0
 24653,134080,20190913,    0,    0
 24653,134080,20190914,    0,    0
 24653,134080,20190915,    0,    0
 24653,134080,20190916,    0,    0
 24653,134080,20190917,    0,    0
 24653,134080,20190918,    8,    0
 24653,134080,20190919,    0,    0
 24653,134080,20190920,    0,    0
 24653,134080,20190921,    0,    0
 24653,134080,20190922,    0,    0
 24653,134080,20190923,   83,    0
 24653,134080,20190924,    0,    0
 24653,134080,20190925,  220,    0
 24653,134080,20190926,    0,    0
 24653,134080,20190927,    0,    0
 24653,134080,20190928,    0,    0
 24653,134080,20190929,    0,    0
 24653,134080,20190930,    0,    0
 24653,134080,20191001,   35,    0
 24653,134080,20191002,  113,    0
 24653,134080,20191003,    0,    0
 24653,134080,20191004,    0,    0
 24653,134080,20191005,    0,    0
 24653,134080,20191006,   29,    0
 24653,134080,20191007,    0,    0
 24653,134080,20191008,    0,    0
 24653,134080,20191009,   56,    0
 24653,134080,20191010,    0,    0
 24653,134080,20191011,    0,    0
 24653,134080,20191012,    0,    0
 24653,134080,20191013,    0,    0
 24653,134080,20191014,    0,    0
 24653,134080,20191015,  212,    0
 24653,134080,20191016,    0,    0
 24653,134080,20191017,    0,    0
 24653,134080,20191018,    0,    0
 24653,134080,20191019,    4,    0
 24653,134080,20191020,    0,    0
 24653,134080,20191021,    0,    0
 24653,134080,20191022,    0,    0
 24653,134080,20191023,    0,    0
 24653,134080,20191024,    0,    0
 24653,134080,20191025,    0,    0
 24653,134080,20191026,    0,    0
 24653,134080,20191027,    0,    0
 24653,134080,20191028,   57,    0
 24653,134080,20191029,   25,    0
 24653,134080,20191030,   39,    0
 24653,134080,20191031,    0,    0
 24653,134080,20191101,    0,    0
 24653,134080,20191102,   18,    0
 24653,134080,20191103,  541,    0
 24653,134080,20191104,   26,    0
 24653,134080,20191105,  177,    0
 24653,134080,20191106,  183,    0
 24653,134080,20191107,   10,    0
 24653,134080,20191108,  585,    0
 24653,134080,20191109,  109,    0
 24653,134080,20191110,    0,    0
 24653,134080,20191111,  135,    0
 24653,134080,20191112,  613,    0
 24653,134080,20191113,  153,    0
 24653,134080,20191114,  130,    0
 24653,134080,20191115,  949,    0
 24653,134080,20191116,  640,    0
 24653,134080,20191117, 1290,    0
 24653,134080,20191118,   66,    0
 24653,134080,20191119,   84,    0
 24653,134080,20191120,    0,    0
 24653,134080,20191121,   16,    0
 24653,134080,20191122,    0,    0
 24653,134080,20191123,  242,    0
 24653,134080,20191124,   39,    0
 24653,134080,20191125,    0,    0
 24653,134080,20191126,    0,    0
 24653,134080,20191127,    2,    0
 24653,134080,20191128,    1,    0
 24653,134080,20191129,    0,    0
 24653,134080,20191130,    0,    0
 24653,134080,20191201,   20,    0
 24653,134080,20191202,    0,    0
 24653,134080,20191203,    0,    0
 24653,134080,20191204,    0,    0
 24653,134080,20191205,    0,    0
 24653,134080,20191206,    0,    0
 24653,134080,20191207,    0,    0
 24653,134080,20191208,    0,    0
 24653,134080,20191209,    0,    0
 24653,134080,20191210,    0,    0
 24653,134080,20191211,    0,    0
 24653,134080,20191212,    8,    0
 24653,134080,20191213,   36,    0
 24653,134080,20191214,    0,    0
 24653,134080,20191215,    0,    0
 24653,134080,20191216,    0,    0
 24653,134080,20191217,   14,    0
 24653,134080,20191218,    0,    0
 24653,134080,20191219,  229,    0
 24653,134080,20191220,   44,    0
 24653,134080,20191221,  364,    0
 24653,134080,20191222,   26,    0
 24653,134080,20191223,    0,    0
 24653,134080,20191224,    0,    0
 24653,134080,20191225,    0,    0
 24653,134080,20191226,    0,    0
 24653,134080,20191227,    0,    0
 24653,134080,20191228,    0,    0
 24653,134080,20191229,    0,    0
 24653,134080,20191230,    0,    0
 24653,134080,20191231,    0,    0
 24653,134080,20200101,    0,    0
 24653,134080,20200102,    0,    0
 24653,134080,20200103,    0,    0
 24653,134080,20200104,    0,    0
 24653,134080,20200105,    0,    0
 24653,134080,20200106,    0,    0
 24653,134080,20200107,    0,    0
 24653,134080,20200108,    0,    0
 24653,134080,20200109,    0,    0
 24653,134080,20200110,    0,    0
 24653,134080,20200111,    0,    0
 24653,134080,20200112,    0,    0
 24653,134080,20200113,    0,    0
 24653,134080,20200114,    0,    0
 24653,134080,20200115,    0,    0
 24653,134080,20200116,    0,    0
 24653,134080,20200117,    0,    0
 24653,134080,20200118,    2,    0
 24653,134080,20200119,    0,    0
 24653,134080,20200120,    0,    0
 24653,134080,20200121,    0,    0
 24653,134080,20200122,    0,    0
 24653,134080,20200123,    0,    0
 24653,134080,20200124,    0,    0
 24653,134080,20200125,    0,    0
 24653,134080,20200126,    0,    0
 24653,134080,20200127,    2,    0
 24653,134080,20200128,    6,    0
 24653,134080,20200129,    0,    0
 24653,134080,20200130,    0,    0
 24653,134080,20200131,    0,    0
 24653,134080,20200201,    0,    0
 24653,134080,20200202,    0,    0
 24653,134080,20200203,    0,    0
 24653,134080,20200204,   39,    0
 24653,134080,20200205,    2,    0
 24653,134080,20200206,    0,    0
 24653,134080,20200207,    0,    0
 24653,134080,20200208,    0,    0
 24653,134080,20200209,    0,    0
 24653,134080,20200210,    0,    0
 24653,134080,20200211,    3,    0
 24653,134080,20200212,    0,    0
 24653,134080,20200213,    0,    0
 24653,134080,20200214,    0,    0
 24653,134080,20200215,    0,    0
 24653,134080,20200216,    0,    0
 24653,134080,20200217,    0,    0
 24653,134080,20200218,    0,    0
 24653,134080,20200219,    0,    0
 24653,134080,20200220,    0,    0
 24653,134080,20200221,    0,    0
 24653,134080,20200222,    0,    0
 24653,134080,20200223,    0,    0
 24653,134080,20200224,    0,    0
 24653,134080,20200225,    2,    0
 24653,134080,20200226,   40,    0
 24653,134080,20200227,    0,    0
 24653,134080,20200228,    0,    0
 24653,134080,20200229,    0,    0
 24653,134080,20200301,  125,    0
 24653,134080,20200302,  449,    0
 24653,134080,20200303,   49,    0
 24653,134080,20200304,    0,    0
 24653,134080,20200305,   28,    0
 24653,134080,20200306,   30,    0
 24653,134080,20200307,    0,    0
 24653,134080,20200308,    0,    0
 24653,134080,20200309,    0,    0
 24653,134080,20200310,    0,    0
 24653,134080,20200311,    0,    0
 24653,134080,20200312,    0,    0
 24653,134080,20200313,    5,    0
 24653,134080,20200314,    0,    0
 24653,134080,20200315,    0,    0
 24653,134080,20200316,    0,    0
 24653,134080,20200317,    0,    0
 24653,134080,20200318,    0,    0
 24653,134080,20200319,    0,    0
 24653,134080,20200320,    0,    0
 24653,134080,20200321,   32,    0
 24653,134080,20200322,    3,    0
 24653,134080,20200323,    0,    0
 24653,134080,20200324,    0,    0
 24653,134080,20200325,   22,    0
 24653,134080,20200326,   58,    0
 24653,134080,20200327,    9,    0
 24653,134080,20200328,    0,    0
 24653,134080,20200329,  124,    0
 24653,134080,20200330,  136,    0
 24653,134080,20200331,    0,    0
 24653,134080,20200401,    0,    0
 24653,134080,20200402,    0,    0
 24653,134080,20200403,    0,    0
 24653,134080,20200404,    0,    0
 24653,134080,20200405,    0,    0
 24653,134080,20200406,    0,    0
 24653,134080,20200407,    0,    0
 24653,134080,20200408,    0,    0
 24653,134080,20200409,    0,    0
 24653,134080,20200410,    0,    0
 24653,134080,20200411,    0,    0
 24653,134080,20200412,    0,    0
 24653,134080,20200413,    0,    0
 24653,134080,20200414,    0,    0
 24653,134080,20200415,    0,    0
 24653,134080,20200416,    0,    0
 24653,134080,20200417,    0,    0
 24653,134080,20200418,    0,    0
 24653,134080,20200419,    9,    0
 24653,134080,20200420,   14,    0
 24653,134080,20200421,    0,    0
 24653,134080,20200422,    0,    0
 24653,134080,20200423,    0,    0
 24653,134080,20200424,    0,    0
 24653,134080,20200425,    0,    0
 24653,134080,20200426,    1,    0
 24653,134080,20200427,    1,    0
 24653,134080,20200428,    9,    0
 24653,134080,20200429,  122,    0
 24653,134080,20200430,  112,    0
 24653,134080,20200501,   13,    0
 24653,134080,20200502,   14,    0
 24653,134080,20200503,    0,    0
 24653,134080,20200504,    0,    0
 24653,134080,20200505,   11,    0
 24653,134080,20200506,    0,    0
 24653,134080,20200507,    0,    0
 24653,134080,20200508,    0,    0
 24653,134080,20200509,    2,    0
 24653,134080,20200510,    7,    0
 24653,134080,20200511,   25,    0
 24653,134080,20200512,   57,    0
 24653,134080,20200513,   13,    0
 24653,134080,20200514,  473,    0
 24653,134080,20200515,  128,    0
 24653,134080,20200516,   34,    0
 24653,134080,20200517,   93,    0
 24653,134080,20200518,    1,    0
 24653,134080,20200519,   78,    0
 24653,134080,20200520,    0,    0
 24653,134080,20200521,    0,    0
 24653,134080,20200522,    0,    0
 24653,134080,20200523,   80,    0
 24653,134080,20200524,    0,    0
 24653,134080,20200525,    0,    0
 24653,134080,20200526,    0,    0
 24653,134080,20200527,    0,    0
 24653,134080,20200528,    0,    0
 24653,134080,20200529,    0,    0
 24653,134080,20200530,    0,    0
 24653,134080,20200531,    0,    0
 24653,134080,20200601,    0,    0
 24653,134080,20200602,    0,    0
 24653,134080,20200603,    3,    0
 24653,134080,20200604,  171,    0
 24653,134080,20200605,   14,    0
 24653,134080,20200606,    0,    0
 24653,134080,20200607,  186,    0
 24653,134080,20200608,  280,    0
 24653,134080,20200609,   34,    0
 24653,134080,20200610,   33,    0
 24653,134080,20200611,    0,    0
 24653,134080,20200612,    0,    0
 24653,134080,20200613,   13,    0
 24653,134080,20200614,   74,    0
 24653,134080,20200615,    9,    0
 24653,134080,20200616,    0,    0
 24653,134080,20200617,    0,    0
 24653,134080,20200618,  104,    0
 24653,134080,20200619,   66,    0
 24653,134080,20200620,    0,    0
 24653,134080,20200621,    0,    0
 24653,134080,20200622,    0,    0
 24653,134080,20200623,    0,    0
 24653,134080,20200624,   52,    0
 24653,134080,20200625,  181,    0
 24653,134080,20200626,    6,    0
 24653,134080,20200627,    0,    0
 24653,134080,20200628,    0,    0
 24653,134080,20200629,  110,    0
 24653,134080,20200630,    0,    0
 24653,134080,20200701,  133,    0
 24653,134080,20200702,  213,    0
 24653,134080,20200703,    0,    0
 24653,134080,20200704,    0,    0
 24653,134080,20200705,    0,    0
 24653,134080,20200706,  202,    0
 24653,134080,20200707,    0,    0
 24653,134080,20200708,    0,    0
 24653,134080,20200709,    0,    0
 24653,134080,20200710,    0,    0
 24653,134080,20200711,  344,    0
 24653,134080,20200712,    0,    0
 24653,134080,20200713,    0,    0
 24653,134080,20200714,   56,    0
 24653,134080,20200715,   28,    0
 24653,134080,20200716,   32,    0
 24653,134080,20200717,    0,    0
 24653,134080,20200718,    0,    0
 24653,134080,20200719,    0,    0
 24653,134080,20200720,   13,    0
 24653,134080,20200721,    0,    0
 24653,134080,20200722,   82,    0
 24653,134080,20200723,  121,    0
 24653,134080,20200724,   93,    0
 24653,134080,20200725,    0,    0
 24653,134080,20200726,   13,    0
 24653,134080,20200727,    0,    0
 24653,134080,20200728,   78,    0
 24653,134080,20200729,   91,    0
 24653,134080,20200730,    0,    0
 24653,134080,20200731,    0,    0
 24653,134080,20200801,    0,    0
 24653,134080,20200802,  435,    0
 24653,134080,20200803,  604,    0
 24653,134080,20200804,    0,    0
 24653,134080,20200805,    0,    0
 24653,134080,20200806,   23,    0
 24653,134080,20200807,    0,    0
 24653,134080,20200808,    0,    0
 24653,134080,20200809,    0,    0
 24653,134080,20200810,  160,    0
 24653,134080,20200811,  169,    0
 24653,134080,20200812,   52,    0
 24653,134080,20200813,  274,    0
 24653,134080,20200814,   42,    0
 24653,134080,20200815,   29,    0
 24653,134080,20200816,   14,    0
 24653,134080,20200817,   76,    0
 24653,134080,20200818,    8,    0
 24653,134080,20200819,    0,    0
 24653,134080,20200820,    0,    0
 24653,134080,20200821,    0,    0
 24653,134080,20200822,  117,    0
 24653,134080,20200823,  332,    0
 24653,134080,20200824,  138,    0
 24653,134080,20200825,    0,    0
 24653,134080,20200826,    0,    0
 24653,134080,20200827,    0,    0
 24653,134080,20200828,  145,    0
 24653,134080,20200829,  718,    0
 24653,134080,20200830,  377,    0
 24653,134080,20200831,  136,    0
 24653,134080,20200901,   42,    0
 24653,134080,20200902,   46,    0
 24653,134080,20200903,    0,    0
 24653,134080,20200904,    0,    0
 24653,134080,20200905,    0,    0
 24653,134080,20200906,  101,    0
 24653,134080,20200907,   71,    0
 24653,134080,20200908,    0,    0
 24653,134080,20200909,    0,    0
 24653,134080,20200910,   62,    0
 24653,134080,20200911,    0,    0
 24653,134080,20200912,    0,    0
 24653,134080,20200913,    0,    0
 24653,134080,20200914,    0,    0
 24653,134080,20200915,    0,    0
 24653,134080,20200916,    2,    0
 24653,134080,20200917,    0,    0
 24653,134080,20200918,    0,    0
 24653,134080,20200919,    0,    0
 24653,134080,20200920,    0,    0
 24653,134080,20200921,    0,    0
 24653,134080,20200922,   39,    0
 24653,134080,20200923,   15,    0
 24653,134080,20200924,  148,    0
 24653,134080,20200925,  324,    0
 24653,134080,20200926,    7,    0
 24653,134080,20200927,   97,    0
 24653,134080,20200928,   20,    0
 24653,134080,20200929,    0,    0
 24653,134080,20200930,    0,    0
 24653,134080,20201001,    0,    0
 24653,134080,20201002,  435,    0
 24653,134080,20201003,  885,    0
 24653,134080,20201004,  255,    0
 24653,134080,20201005,   66,    0
 24653,134080,20201006,   35,    0
 24653,134080,20201007,    0,    0
 24653,134080,20201008,    0,    0
 24653,134080,20201009,    0,    0
 24653,134080,20201010,  166,    0
 24653,134080,20201011,  174,    0
 24653,134080,20201012,    0,    0
 24653,134080,20201013,    0,    0
 24653,134080,20201014,    2,    0
 24653,134080,20201015,  178,    0
 24653,134080,20201016,    2,    0
 24653,134080,20201017,    0,    0
 24653,134080,20201018,    0,    0
 24653,134080,20201019,    0,    0
 24653,134080,20201020,    0,    0
 24653,134080,20201021,    0,    0
 24653,134080,20201022,    0,    0
 24653,134080,20201023,    0,    0
 24653,134080,20201024,   18,    0
 24653,134080,20201025,    0,    0
 24653,134080,20201026,  448,    0
 24653,134080,20201027,   63,    0
 24653,134080,20201028,    0,    0
 24653,134080,20201029,    0,    0
 24653,134080,20201030,    0,    0
 24653,134080,20201031,    0,    0
 24653,134080,20201101,    0,    0
 24653,134080,20201102,    0,    0
 24653,134080,20201103,    0,    0
 24653,134080,20201104,   68,    0
 24653,134080,20201105,    0,    0
 24653,134080,20201106,    0,    0
 24653,134080,20201107,    0,    0
 24653,134080,20201108,    0,    0
 24653,134080,20201109,    0,    0
 24653,134080,20201110,    0,    0
 24653,134080,20201111,    0,    0
 24653,134080,20201112,    0,    0
 24653,134080,20201113,    0,    0
 24653,134080,20201114,    0,    0
 24653,134080,20201115,    0,    0
 24653,134080,20201116,   28,    0
 24653,134080,20201117,    0,    0
 24653,134080,20201118,    0,    0
 24653,134080,20201119,   86,    0
 24653,134080,20201120,    0,    0
 24653,134080,20201121,    0,    0
 24653,134080,20201122,    0,    0
 24653,134080,20201123,    0,    0
 24653,134080,20201124,    0,    0
 24653,134080,20201125,    0,    0
 24653,134080,20201126,    0,    0
 24653,134080,20201127,    0,    0
 24653,134080,20201128,    0,    0
 24653,134080,20201129,    0,    0
 24653,134080,20201130,    0,    0
 24653,134080,20201201,    0,    0
 24653,134080,20201202,  189,    0
 24653,134080,20201203,    1,    0
 24653,134080,20201204,  686,    0
 24653,134080,20201205, 1902,    0
 24653,134080,20201206, 1042,    0
 24653,134080,20201207,  106,    0
 24653,134080,20201208,  736,    0
 24653,134080,20201209,   94,    0
 24653,134080,20201210,    1,    0
 24653,134080,20201211,    0,    0
 24653,134080,20201212,    0,    0
 24653,134080,20201213,    0,    0
 24653,134080,20201214,    0,    0
 24653,134080,20201215,    0,    0
 24653,134080,20201216,    0,    0
 24653,134080,20201217,    0,    0
 24653,134080,20201218,    0,    0
 24653,134080,20201219,    0,    0
 24653,134080,20201220,    0,    0
 24653,134080,20201221,    0,    0
 24653,134080,20201222,    0,    0
 24653,134080,20201223,    0,    0
 24653,134080,20201224,   29,    0
 24653,134080,20201225,    4,    0
 24653,134080,20201226,    0,    0
 24653,134080,20201227,    0,    0
 24653,134080,20201228,  405,    0
 24653,134080,20201229,   73,    0
 24653,134080,20201230,   10,    0
 24653,134080,20201231,    0,    0
 24653,134080,20210101,   74,    0
 24653,134080,20210102,  569,    0
 24653,134080,20210103,    0,    0
 24653,134080,20210104,    0,    0
 24653,134080,20210105,   57,    0
 24653,134080,20210106,    0,    0
 24653,134080,20210107,    0,    0
 24653,134080,20210108,    0,    0
 24653,134080,20210109,    0,    0
 24653,134080,20210110,    0,    0
 24653,134080,20210111,    0,    0
 24653,134080,20210112,    0,    0
 24653,134080,20210113,   36,    0
 24653,134080,20210114,    0,    0
 24653,134080,20210115,    0,    0
 24653,134080,20210116,    0,    0
 24653,134080,20210117,    0,    0
 24653,134080,20210118,    0,    0
 24653,134080,20210119,    0,    0
 24653,134080,20210120,    0,    0
 24653,134080,20210121,   73,    0
 24653,134080,20210122,  512,    0
 24653,134080,20210123,  251,    0
 24653,134080,20210124,    0,    0
 24653,134080,20210125,    0,    0
 24653,134080,20210126,    0,    0
 24653,134080,20210127,    0,    0
 24653,134080,20210128,    3,    0
 24653,134080,20210129,    3,    0
 24653,134080,20210130,   25,    0
 24653,134080,20210131,    4,    0
 24653,134080,20210201,    0,    0
 24653,134080,20210202,    0,    0
 24653,134080,20210203,    0,    0
 24653,134080,20210204,    0,    0
 24653,134080,20210205,    0,    0
 24653,134080,20210206,   33,    0
 24653,134080,20210207,  447,    0
 24653,134080,20210208,   55,    0
 24653,134080,20210209,   41,    0
 24653,134080,20210210,   34,    0
 24653,134080,20210211,    0,    0
 24653,134080,20210212,    0,    0
 24653,134080,20210213,    0,    0
 24653,134080,20210214,    0,    0
 24653,134080,20210215,    0,    0
 24653,134080,20210216,    0,    0
 24653,134080,20210217,    0,    0
 24653,134080,20210218,    0,    0
 24653,134080,20210219,    0,    0
 24653,134080,20210220,    0,    0
 24653,134080,20210221,    0,    0
 24653,134080,20210222,    0,    0
 24653,134080,20210223,    0,    0
 24653,134080,20210224,    0,    0
 24653,134080,20210225,    0,    0
 24653,134080,20210226,    0,    0
 24653,134080,20210227,    0,    0
 24653,134080,20210228,    0,    0
 24653,134080,20210301,    0,    0
 24653,134080,20210302,    0,    0
 24653,134080,20210303,    0,    0
 24653,134080,20210304,    0,    0
 24653,134080,20210305,    0,    0
 24653,134080,20210306,    0,    0
 24653,134080,20210307,    0,    0
 24653,134080,20210308,    0,    0
 24653,134080,20210309,    0,    0
 24653,134080,20210310,    0,    0
 24653,134080,20210311,    0,    0
 24653,134080,20210312,    0,    0
 24653,134080,20210313,    0,    0
 24653,134080,20210314,   64,    0
 24653,134080,20210315,    0,    0
 24653,134080,20210316,    0,    0
 24653,134080,20210317,    0,    0
 24653,134080,20210318,    0,    0
 24653,134080,20210319,    0,    0
 24653,134080,20210320,    0,    0
 24653,134080,20210321,    0,    0
 24653,134080,20210322,    0,    0
 24653,134080,20210323,    0,    0
 24653,134080,20210324,    0,    0
 24653,134080,20210325,    0,    0
 24653,134080,20210326,    0,    0
 24653,134080,20210327,    0,    0
 24653,134080,20210328,    0,    0
 24653,134080,20210329,    0,    0
 24653,134080,20210330,    0,    0
 24653,134080,20210331,    0,    0
 24653,134080,20210401,    0,    0
 24653,134080,20210402,    0,    0
 24653,134080,20210403,    0,    0
 24653,134080,20210404,    0,    0
 24653,134080,20210405,   29,    0
 24653,134080,20210406,    0,    0
 24653,134080,20210407,    0,    0
 24653,134080,20210408,    0,    0
 24653,134080,20210409,    0,    0
 24653,134080,20210410,    0,    0
 24653,134080,20210411,   15,    0
 24653,134080,20210412,  221,    0
 24653,134080,20210413,    0,    0
 24653,134080,20210414,    0,    0
 24653,134080,20210415,    0,    0
 24653,134080,20210416,    0,    0
 24653,134080,20210417,    0,    0
 24653,134080,20210418,    0,    0
 24653,134080,20210419,    0,    0
 24653,134080,20210420,    0,    0
 24653,134080,20210421,    0,    0
 24653,134080,20210422,    0,    0
 24653,134080,20210423,    0,    0
 24653,134080,20210424,    0,    0
 24653,134080,20210425,    4,    0
 24653,134080,20210426,   52,    0
 24653,134080,20210427,    0,    0
 24653,134080,20210428,    0,    0
 24653,134080,20210429,   24,    0
 24653,134080,20210430,    6,    0
 24653,134080,20210501,  325,    0
 24653,134080,20210502,   88,    0
 24653,134080,20210503,    0,    0
 24653,134080,20210504,    0,    0
 24653,134080,20210505,   87,    0
 24653,134080,20210506,   11,    0
 24653,134080,20210507,   55,    0
 24653,134080,20210508,    0,    0
 24653,134080,20210509,    0,    0
 24653,134080,20210510,    0,    0
 24653,134080,20210511,  111,    0
 24653,134080,20210512,    2,    0
 24653,134080,20210513,    0,    0
 24653,134080,20210514,   88,    0
 24653,134080,20210515,    6,    0
 24653,134080,20210516,   92,    0
 24653,134080,20210517,    0,    0
 24653,134080,20210518,  105,    0
 24653,134080,20210519,    0,    0
 24653,134080,20210520,    0,    0
 24653,134080,20210521,   17,    0
 24653,134080,20210522,   60,    0
 24653,134080,20210523,   34,    0
 24653,134080,20210524,  278,    0
 24653,134080,20210525,   86,    0
 24653,134080,20210526,    0,    0
 24653,134080,20210527,   80,    0
 24653,134080,20210528,    0,    0
 24653,134080,20210529,   28,    0
 24653,134080,20210530,    0,    0
 24653,134080,20210531,    0,    0
 24653,134080,20210601,    0,    0
 24653,134080,20210602,    1,    0
 24653,134080,20210603,    0,    0
 24653,134080,20210604,    0,    0
 24653,134080,20210605,   39,    0
 24653,134080,20210606,  115,    0
 24653,134080,20210607,    5,    0
 24653,134080,20210608,    5,    0
 24653,134080,20210609,  269,    0
 24653,134080,20210610,    0,    0
 24653,134080,20210611,    1,    0
 24653,134080,20210612,    0,    0
 24653,134080,20210613,    0,    0
 24653,134080,20210614,    0,    0
 24653,134080,20210615,    0,    0
 24653,134080,20210616,    0,    0
 24653,134080,20210617,   45,    0
 24653,134080,20210618,    0,    0
 24653,134080,20210619,    2,    0
 24653,134080,20210620,   37,    0
 24653,134080,20210621,    0,    0
 24653,134080,20210622,    0,    0
 24653,134080,20210623,    1,    0
 24653,134080,20210624,    0,    0
 24653,134080,20210625,   65,    0
 24653,134080,20210626,   48,    0
 24653,134080,20210627,    0,    0
 24653,134080,20210628,    0,    0
 24653,134080,20210629,   10,    0
 24653,134080,20210630,  156,    0
 24653,134080,20210701,    0,    0
 24653,134080,20210702,    6,    0
 24653,134080,20210703,   17,    0
 24653,134080,20210704,  158,    0
 24653,134080,20210705,    0,    0
 24653,134080,20210706,    0,    0
 24653,134080,20210707,   88,    0
 24653,134080,20210708,  307,    0
 24653,134080,20210709,    0,    0
 24653,134080,20210710,    0,    0
 24653,134080,20210711,   52,    0
 24653,134080,20210712,    0,    0
 24653,134080,20210713,  350,    0
 24653,134080,20210714,  127,    0
 24653,134080,20210715,    3,    0
 24653,134080,20210716,   12,    0
 24653,134080,20210717,    9,    0
 24653,134080,20210718,    1,    0
 24653,134080,20210719,    0,    0
 24653,134080,20210720,    0,    0
 24653,134080,20210721,    0,    0
 24653,134080,20210722,   30,    0
 24653,134080,20210723,    0,    0
 24653,134080,20210724,    9,    0
 24653,134080,20210725,   77,    0
 24653,134080,20210726,   99,    0
 24653,134080,20210727,   41,    0
 24653,134080,20210728,   40,    0
 24653,134080,20210729,    0,    0
 24653,134080,20210730,  275,    0
 24653,134080,20210731,  253,    0
 24653,134080,20210801,   88,    0
 24653,134080,20210802,   66,    0
 24653,134080,20210803,   46,    0
 24653,134080,20210804,  333,    0
 24653,134080,20210805,    3,    0
 24653,134080,20210806,    0,    0
 24653,134080,20210807,  238,    0
 24653,134080,20210808,    0,    0
 24653,134080,20210809,    0,    0
 24653,134080,20210810,    0,    0
 24653,134080,20210811,    0,    0
 24653,134080,20210812,    0,    0
 24653,134080,20210813,    0,    0
 24653,134080,20210814,    0,    0
 24653,134080,20210815,  100,    0
 24653,134080,20210816,  277,    0
 24653,134080,20210817,    0,    0
 24653,134080,20210818,    1,    0
 24653,134080,20210819,    0,    0
 24653,134080,20210820,    0,    0
 24653,134080,20210821,    0,    0
 24653,134080,20210822,  348,    0
 24653,134080,20210823,    0,    0
 24653,134080,20210824,    1,    0
 24653,134080,20210825,    0,    0
 24653,134080,20210826,   50,    0
 24653,134080,20210827,    1,    0
 24653,134080,20210828,   20,    0
 24653,134080,20210829,    0,    0
 24653,134080,20210830,    7,    0
 24653,134080,20210831,    0,    0
 24653,134080,20210901,    0,    0
 24653,134080,20210902,    0,    0
 24653,134080,20210903,    0,    0
 24653,134080,20210904,    0,    0
 24653,134080,20210905,   22,    0
 24653,134080,20210906,    0,    0
 24653,134080,20210907,    0,    0
 24653,134080,20210908,    0,    0
 24653,134080,20210909,    0,    0
 24653,134080,20210910,    0,    0
 24653,134080,20210911,    0,    0
 24653,134080,20210912,    0,    0
 24653,134080,20210913,    0,    0
 24653,134080,20210914,    0,    0
 24653,134080,20210915,    0,    0
 24653,134080,20210916,  120,    0
 24653,134080,20210917,    0,    0
 24653,134080,20210918,    0,    0
 24653,134080,20210919,  270,    0
 24653,134080,20210920,   28,    0
 24653,134080,20210921,    0,    0
 24653,134080,20210922,    0,    0
 24653,134080,20210923,    0,    0
 24653,134080,20210924,    0,    0
 24653,134080,20210925,    0,    0
 24653,134080,20210926,    5,    0
 24653,134080,20210927,    4,    0
 24653,134080,20210928,    0,    0
 24653,134080,20210929,   33,    0
 24653,134080,20210930,    9,    0
 24653,134080,20211001,    0,    0
 24653,134080,20211002,    0,    0
 24653,134080,20211003,    0,    0
 24653,134080,20211004,  400,    0
 24653,134080,20211005,  191,    0
 24653,134080,20211006,  243,    0
 24653,134080,20211007,    0,    0
 24653,134080,20211008,    0,    0
 24653,134080,20211009,    0,    0
 24653,134080,20211010,    0,    0
 24653,134080,20211011,    0,    0
 24653,134080,20211012,    0,    0
 24653,134080,20211013,    0,    0
 24653,134080,20211014,    0,    0
 24653,134080,20211015,    0,    0
 24653,134080,20211016,    0,    0
 24653,134080,20211017,    0,    0
 24653,134080,20211018,    0,    0
 24653,134080,20211019,    0,    0
 24653,134080,20211020,    1,    0
 24653,134080,20211021,    1,    0
 24653,134080,20211022,    0,    0
 24653,134080,20211023,    0,    0
 24653,134080,20211024,    0,    0
 24653,134080,20211025,    0,    0
 24653,134080,20211026,    0,    0
 24653,134080,20211027,    0,    0
 24653,134080,20211028,    0,    0
 24653,134080,20211029,    0,    0
 24653,134080,20211030,    0,    0
 24653,134080,20211031,    0,    0
 24653,134080,20211101,  530,    0
 24653,134080,20211102,    0,    0
 24653,134080,20211103,  505,    0
 24653,134080,20211104,    0,    0
 24653,134080,20211105,    0,    0
 24653,134080,20211106,    0,    0
 24653,134080,20211107,    0,    0
 24653,134080,20211108,    0,    0
 24653,134080,20211109,    0,    0
 24653,134080,20211110,    0,    0
 24653,134080,20211111,    0,    0
 24653,134080,20211112,    0,    0
 24653,134080,20211113,  123,    0
 24653,134080,20211114,   28,    0
 24653,134080,20211115,    6,    0
 24653,134080,20211116,    1,    0
 24653,134080,20211117,    0,    0
 24653,134080,20211118,    0,    0
 24653,134080,20211119,    0,    0
 24653,134080,20211120,    0,    0
 24653,134080,20211121,    0,    0
 24653,134080,20211122,    5,    0
 24653,134080,20211123,    0,    0
 24653,134080,20211124,    0,    0
 24653,134080,20211125,    0,    0
 24653,134080,20211126,  187,    0
 24653,134080,20211127,  214,    0
 24653,134080,20211128,   80,    0
 24653,134080,20211129,    0,    0
 24653,134080,20211130,    0,    0
 24653,134080,20211201,    0,    0
 24653,134080,20211202,   83,    0
 24653,134080,20211203,    0,    0
 24653,134080,20211204,   43,    0
 24653,134080,20211205,  152,    0
 24653,134080,20211206,    0,    0
 24653,134080,20211207,    0,    0
 24653,134080,20211208,  224,    0
 24653,134080,20211209,   24,    0
 24653,134080,20211210,    0,    0
 24653,134080,20211211,    0,    0
 24653,134080,20211212,    0,    0
 24653,134080,20211213,    0,    0
 24653,134080,20211214,    0,    0
 24653,134080,20211215,    0,    0
 24653,134080,20211216,    0,    0
 24653,134080,20211217,    0,    0
 24653,134080,20211218,    0,    0
 24653,134080,20211219,    0,    0
 24653,134080,20211220,    0,    0
 24653,134080,20211221,    0,    0
 24653,134080,20211222,    0,    0
 24653,134080,20211223,    0,    0
 24653,134080,20211224,    0,    0
 24653,134080,20211225,    0,    0
 24653,134080,20211226,    0,    0
 24653,134080,20211227,    0,    0
 24653,134080,20211228,    0,    0
 24653,134080,20211229,    3,    0
 24653,134080,20211230,    0,    0
 24653,134080,20211231,    0,    0
 24653,134080,20220101,-9999,    9
 24653,134080,20220102,-9999,    9
 24653,134080,20220103,-9999,    9
 24653,134080,20220104,-9999,    9
 24653,134080,20220105,-9999,    9
 24653,134080,20220106,-9999,    9
 24653,134080,20220107,-9999,    9
 24653,134080,20220108,-9999,    9
 24653,134080,20220109,-9999,    9
 24653,134080,20220110,-9999,    9
 24653,134080,20220111,-9999,    9
 24653,134080,20220112,-9999,    9
 24653,134080,20220113,-9999,    9
 24653,134080,20220114,-9999,    9
 24653,134080,20220115,-9999,    9
 24653,134080,20220116,-9999,    9
 24653,134080,20220117,-9999,    9
 24653,134080,20220118,-9999,    9
 24653,134080,20220119,-9999,    9
 24653,134080,20220120,-9999,    9
 24653,134080,20220121,-9999,    9
 24653,134080,20220122,-9999,    9
 24653,134080,20220123,-9999,    9
 24653,134080,20220124,-9999,    9
 24653,134080,20220125,-9999,    9
 24653,134080,20220126,-9999,    9
 24653,134080,20220127,-9999,    9
 24653,134080,20220128,-9999,    9
 24653,134080,20220129,-9999,    9
 24653,134080,20220130,-9999,    9
 24653,134080,20220131,-9999,    9
 24653,134080,20220201,-9999,    9
 24653,134080,20220202,-9999,    9
 24653,134080,20220203,-9999,    9
 24653,134080,20220204,-9999,    9
 24653,134080,20220205,-9999,    9
 24653,134080,20220206,-9999,    9
 24653,134080,20220207,-9999,    9
 24653,134080,20220208,-9999,    9
 24653,134080,20220209,-9999,    9
 24653,134080,20220210,-9999,    9
 24653,134080,20220211,-9999,    9
 24653,134080,20220212,-9999,    9
 24653,134080,20220213,-9999,    9
 24653,134080,20220214,-9999,    9
 24653,134080,20220215,-9999,    9
 24653,134080,20220216,-9999,    9
 24653,134080,20220217,-9999,    9
 24653,134080,20220218,-9999,    9
 24653,134080,20220219,-9999,    9
 24653,134080,20220220,-9999,    9
 24653,134080,20220221,-9999,    9
 24653,134080,20220222,-9999,    9
 24653,134080,20220223,-9999,    9
 24653,134080,20220224,-9999,    9
 24653,134080,20220225,-9999,    9
 24653,134080,20220226,-9999,    9
 24653,134080,20220227,-9999,    9
 24653,134080,20220228,-9999,    9
 24653,134080,20220301,-9999,    9
 24653,134080,20220302,-9999,    9
 24653,134080,20220303,-9999,    9
 24653,134080,20220304,-9999,    9
 24653,134080,20220305,-9999,    9
 24653,134080,20220306,-9999,    9
 24653,134080,20220307,-9999,    9
 24653,134080,20220308,-9999,    9
 24653,134080,20220309,-9999,    9
 24653,134080,20220310,-9999,    9
 24653,134080,20220311,-9999,    9
 24653,134080,20220312,-9999,    9
 24653,134080,20220313,-9999,    9
 24653,134080,20220314,-9999,    9
 24653,134080,20220315,-9999,    9
 24653,134080,20220316,-9999,    9
 24653,134080,20220317,-9999,    9
 24653,134080,20220318,-9999,    9
 24653,134080,20220319,-9999,    9
 24653,134080,20220320,-9999,    9
 24653,134080,20220321,-9999,    9
 24653,134080,20220322,-9999,    9
 24653,134080,20220323,-9999,    9
 24653,134080,20220324,-9999,    9
 24653,134080,20220325,-9999,    9
 24653,134080,20220326,-9999,    9
 24653,134080,20220327,-9999,    9
 24653,134080,20220328,-9999,    9
 24653,134080,20220329,-9999,    9
 24653,134080,20220330,-9999,    9
 24653,134080,20220331,-9999,    9
 24653,134080,20220401,-9999,    9
 24653,134080,20220402,-9999,    9
 24653,134080,20220403,-9999,    9
 24653,134080,20220404,-9999,    9
 24653,134080,20220405,-9999,    9
 24653,134080,20220406,-9999,    9
 24653,134080,20220407,-9999,    9
 24653,134080,20220408,-9999,    9
 24653,134080,20220409,-9999,    9
 24653,134080,20220410,-9999,    9
 24653,134080,20220411,-9999,    9
 24653,134080,20220412,-9999,    9
 24653,134080,20220413,-9999,    9
 24653,134080,20220414,-9999,    9
 24653,134080,20220415,-9999,    9
 24653,134080,20220416,-9999,    9
 24653,134080,20220417,-9999,    9
 24653,134080,20220418,-9999,    9
 24653,134080,20220419,-9999,    9
 24653,134080,20220420,-9999,    9
 24653,134080,20220421,-9999,    9
 24653,134080,20220422,-9999,    9
 24653,134080,20220423,-9999,    9
 24653,134080,20220424,-9999,    9
 24653,134080,20220425,-9999,    9
 24653,134080,20220426,-9999,    9
 24653,134080,20220427,-9999,    9
 24653,134080,20220428,-9999,    9
 24653,134080,20220429,-9999,    9
 24653,134080,20220430,-9999,    9
 24653,134080,20220501,-9999,    9
 24653,134080,20220502,-9999,    9
 24653,134080,20220503,-9999,    9
 24653,134080,20220504,-9999,    9
 24653,134080,20220505,-9999,    9
 24653,134080,20220506,-9999,    9
 24653,134080,20220507,-9999,    9
 24653,134080,20220508,-9999,    9
 24653,134080,20220509,-9999,    9
 24653,134080,20220510,-9999,    9
 24653,134080,20220511,-9999,    9
 24653,134080,20220512,-9999,    9
 24653,134080,20220513,-9999,    9
 24653,134080,20220514,-9999,    9
 24653,134080,20220515,-9999,    9
 24653,134080,20220516,-9999,    9
 24653,134080,20220517,-9999,    9
 24653,134080,20220518,-9999,    9
 24653,134080,20220519,-9999,    9
 24653,134080,20220520,-9999,    9
 24653,134080,20220521,-9999,    9
 24653,134080,20220522,-9999,    9
 24653,134080,20220523,-9999,    9
 24653,134080,20220524,-9999,    9
 24653,134080,20220525,-9999,    9
 24653,134080,20220526,-9999,    9
 24653,134080,20220527,-9999,    9
 24653,134080,20220528,-9999,    9
 24653,134080,20220529,-9999,    9
 24653,134080,20220530,-9999,    9
 24653,134080,20220531,-9999,    9
 24653,134080,20220601,-9999,    9
 24653,134080,20220602,-9999,    9
 24653,134080,20220603,-9999,    9
 24653,134080,20220604,-9999,    9
 24653,134080,20220605,-9999,    9
 24653,134080,20220606,-9999,    9
 24653,134080,20220607,-9999,    9
 24653,134080,20220608,-9999,    9
 24653,134080,20220609,-9999,    9
 24653,134080,20220610,-9999,    9
 24653,134080,20220611,-9999,    9
 24653,134080,20220612,-9999,    9
 24653,134080,20220613,-9999,    9
 24653,134080,20220614,-9999,    9
 24653,134080,20220615,-9999,    9
 24653,134080,20220616,-9999,    9
 24653,134080,20220617,-9999,    9
 24653,134080,20220618,-9999,    9
 24653,134080,20220619,-9999,    9
 24653,134080,20220620,-9999,    9
 24653,134080,20220621,-9999,    9
 24653,134080,20220622,-9999,    9
 24653,134080,20220623,-9999,    9
 24653,134080,20220624,-9999,    9
 24653,134080,20220625,-9999,    9
 24653,134080,20220626,-9999,    9
 24653,134080,20220627,-9999,    9
 24653,134080,20220628,-9999,    9
 24653,134080,20220629,-9999,    9
 24653,134080,20220630,-9999,    9
 24653,134080,20220701,-9999,    9
 24653,134080,20220702,-9999,    9
 24653,134080,20220703,-9999,    9
 24653,134080,20220704,-9999,    9
 24653,134080,20220705,-9999,    9
 24653,134080,20220706,-9999,    9
 24653,134080,20220707,-9999,    9
 24653,134080,20220708,-9999,    9
 24653,134080,20220709,-9999,    9
 24653,134080,20220710,-9999,    9
 24653,134080,20220711,-9999,    9
 24653,134080,20220712,-9999,    9
 24653,134080,20220713,-9999,    9
 24653,134080,20220714,-9999,    9
 24653,134080,20220715,-9999,    9
 24653,134080,20220716,-9999,    9
 24653,134080,20220717,-9999,    9
 24653,134080,20220718,-9999,    9
 24653,134080,20220719,-9999,    9
 24653,134080,20220720,-9999,    9
 24653,134080,20220721,-9999,    9
 24653,134080,20220722,-9999,    9
 24653,134080,20220723,-9999,    9
 24653,134080,20220724,-9999,    9
 24653,134080,20220725,-9999,    9
 24653,134080,20220726,-9999,    9
 24653,134080,20220727,-9999,    9
 24653,134080,20220728,-9999,    9
 24653,134080,20220729,-9999,    9
 24653,134080,20220730,-9999,    9
 24653,134080,20220731,-9999,    9
 24653,134080,20220801,-9999,    9
 24653,134080,20220802,-9999,    9
 24653,134080,20220803,-9999,    9
 24653,134080,20220804,-9999,    9
 24653,134080,20220805,-9999,    9
 24653,134080,20220806,-9999,    9
 24653,134080,20220807,-9999,    9
 24653,134080,20220808,-9999,    9
 24653,134080,20220809,-9999,    9
 24653,134080,20220810,-9999,    9
 24653,134080,20220811,-9999,    9
 24653,134080,20220812,-9999,    9
 24653,134080,20220813,-9999,    9
 24653,134080,20220814,-9999,    9
 24653,134080,20220815,-9999,    9
 24653,134080,20220816,-9999,    9
 24653,134080,20220817,-9999,    9
 24653,134080,20220818,-9999,    9
 24653,134080,20220819,-9999,    9
 24653,134080,20220820,-9999,    9
 24653,134080,20220821,-9999,    9
 24653,134080,20220822,-9999,    9
 24653,134080,20220823,-9999,    9
 24653,134080,20220824,-9999,    9
 24653,134080,20220825,-9999,    9
 24653,134080,20220826,-9999,    9
 24653,134080,20220827,-9999,    9
 24653,134080,20220828,-9999,    9
 24653,134080,20220829,-9999,    9
 24653,134080,20220830,-9999,    9
 24653,134080,20220831,-9999,    9
 24653,134080,20220901,-9999,    9
 24653,134080,20220902,-9999,    9
 24653,134080,20220903,-9999,    9
 24653,134080,20220904,-9999,    9
 24653,134080,20220905,-9999,    9
 24653,134080,20220906,-9999,    9
 24653,134080,20220907,-9999,    9
 24653,134080,20220908,-9999,    9
 24653,134080,20220909,-9999,    9
 24653,134080,20220910,-9999,    9
 24653,134080,20220911,-9999,    9
 24653,134080,20220912,-9999,    9
 24653,134080,20220913,-9999,    9
 24653,134080,20220914,-9999,    9
 24653,134080,20220915,-9999,    9
 24653,134080,20220916,-9999,    9
 24653,134080,20220917,-9999,    9
 24653,134080,20220918,-9999,    9
 24653,134080,20220919,-9999,    9
 24653,134080,20220920,-9999,    9
 24653,134080,20220921,-9999,    9
 24653,134080,20220922,-9999,    9
 24653,134080,20220923,-9999,    9
 24653,134080,20220924,-9999,    9
 24653,134080,20220925,-9999,    9
 24653,134080,20220926,-9999,    9
 24653,134080,20220927,-9999,    9
 24653,134080,20220928,-9999,    9
 24653,134080,20220929,-9999,    9
 24653,134080,20220930,-9999,    9
 24653,134080,20221001,-9999,    9
 24653,134080,20221002,-9999,    9
 24653,134080,20221003,-9999,    9
 24653,134080,20221004,-9999,    9
 24653,134080,20221005,-9999,    9
 24653,134080,20221006,-9999,    9
 24653,134080,20221007,-9999,    9
 24653,134080,20221008,-9999,    9
 24653,134080,20221009,-9999,    9
 24653,134080,20221010,-9999,    9
 24653,134080,20221011,-9999,    9
 24653,134080,20221012,-9999,    9
 24653,134080,20221013,-9999,    9
 24653,134080,20221014,-9999,    9
 24653,134080,20221015,-9999,    9
 24653,134080,20221016,-9999,    9
 24653,134080,20221017,-9999,    9
 24653,134080,20221018,-9999,    9
 24653,134080,20221019,-9999,    9
 24653,134080,20221020,-9999,    9
 24653,134080,20221021,-9999,    9
 24653,134080,20221022,-9999,    9
 24653,134080,20221023,-9999,    9
 24653,134080,20221024,-9999,    9
 24653,134080,20221025,-9999,    9
 24653,134080,20221026,-9999,    9
 24653,134080,20221027,-9999,    9
 24653,134080,20221028,-9999,    9
 24653,134080,20221029,-9999,    9
 24653,134080,20221030,-9999,    9
 24653,134080,20221031,-9999,    9
