EUROPEAN CLIMATE ASSESSMENT & DATASET (ECA&D), file created on: 16-11-2022
THESE DATA CAN BE USED FOR NON-COMMERCIAL RESEARCH AND EDUCATION PROVIDED THAT THE FOLLOWING SOURCE IS ACKNOWLEDGED: 

Klein Tank, A.M.G. and Coauthors, 2002. Daily dataset of 20th-century surface
air temperature and precipitation series for the European Climate Assessment.
Int. J. of Climatol., 22, 1441-1453.
Data and metadata available at http://www.ecad.eu

FILE FORMAT (MISSING VALUE CODE = -9999):

01-06 STAID: Station identifier
08-13 SOUID: Source identifier
15-22 DATE : Date YYYYMMDD
24-28 RR   : Precipitation amount in 0.1 mm
30-34 Q_RR : quality code for RR (0='valid'; 1='suspect'; 9='missing')

This is the blended series of station MONT-ROIG DEL CAMP, SPAIN (STAID: 16319)
Blended and updated with sources:90617 
See files sources.txt and stations.txt for more info.

STAID, SOUID,    DATE,   RR, Q_RR
 16319, 90617,20180101,    0,    0
 16319, 90617,20180102,    0,    0
 16319, 90617,20180103,    0,    0
 16319, 90617,20180104,    0,    0
 16319, 90617,20180105,    0,    0
 16319, 90617,20180106,    1,    0
 16319, 90617,20180107,    0,    0
 16319, 90617,20180108,    0,    0
 16319, 90617,20180109,    0,    0
 16319, 90617,20180110,    0,    0
 16319, 90617,20180111,    0,    0
 16319, 90617,20180112,    0,    0
 16319, 90617,20180113,    0,    0
 16319, 90617,20180114,    0,    0
 16319, 90617,20180115,    0,    0
 16319, 90617,20180116,    0,    0
 16319, 90617,20180117,    0,    0
 16319, 90617,20180118,    0,    0
 16319, 90617,20180119,    0,    0
 16319, 90617,20180120,    0,    0
 16319, 90617,20180121,    0,    0
 16319, 90617,20180122,    0,    0
 16319, 90617,20180123,    0,    0
 16319, 90617,20180124,    0,    0
 16319, 90617,20180125,    0,    0
 16319, 90617,20180126,   68,    0
 16319, 90617,20180127,    0,    0
 16319, 90617,20180128,    0,    0
 16319, 90617,20180129,    0,    0
 16319, 90617,20180130,    0,    0
 16319, 90617,20180131,    0,    0
 16319, 90617,20180201,    0,    0
 16319, 90617,20180202,    0,    0
 16319, 90617,20180203,    4,    0
 16319, 90617,20180204,  468,    0
 16319, 90617,20180205,  256,    0
 16319, 90617,20180206,  102,    0
 16319, 90617,20180207,    0,    0
 16319, 90617,20180208,    0,    0
 16319, 90617,20180209,    0,    0
 16319, 90617,20180210,    0,    0
 16319, 90617,20180211,    0,    0
 16319, 90617,20180212,    0,    0
 16319, 90617,20180213,    0,    0
 16319, 90617,20180214,    6,    0
 16319, 90617,20180215,    0,    0
 16319, 90617,20180216,    1,    0
 16319, 90617,20180217,    0,    0
 16319, 90617,20180218,    0,    0
 16319, 90617,20180219,    0,    0
 16319, 90617,20180220,    0,    0
 16319, 90617,20180221,    0,    0
 16319, 90617,20180222,    0,    0
 16319, 90617,20180223,    0,    0
 16319, 90617,20180224,    0,    0
 16319, 90617,20180225,    0,    0
 16319, 90617,20180226,   61,    0
 16319, 90617,20180227,   78,    0
 16319, 90617,20180228,  190,    0
 16319, 90617,20180301,    8,    0
 16319, 90617,20180302,   14,    0
 16319, 90617,20180303,    1,    0
 16319, 90617,20180304,    0,    0
 16319, 90617,20180305,   22,    0
 16319, 90617,20180306,    2,    0
 16319, 90617,20180307,    0,    0
 16319, 90617,20180308,    0,    0
 16319, 90617,20180309,    4,    0
 16319, 90617,20180310,    0,    0
 16319, 90617,20180311,    0,    0
 16319, 90617,20180312,    0,    0
 16319, 90617,20180313,    0,    0
 16319, 90617,20180314,    0,    0
 16319, 90617,20180315,    0,    0
 16319, 90617,20180316,    0,    0
 16319, 90617,20180317,   26,    0
 16319, 90617,20180318,    0,    0
 16319, 90617,20180319,    8,    0
 16319, 90617,20180320,    0,    0
 16319, 90617,20180321,    0,    0
 16319, 90617,20180322,    0,    0
 16319, 90617,20180323,    3,    0
 16319, 90617,20180324,   87,    0
 16319, 90617,20180325,    3,    0
 16319, 90617,20180326,    0,    0
 16319, 90617,20180327,    0,    0
 16319, 90617,20180328,    0,    0
 16319, 90617,20180329,    0,    0
 16319, 90617,20180330,   24,    0
 16319, 90617,20180331,    4,    0
 16319, 90617,20180401,    0,    0
 16319, 90617,20180402,    0,    0
 16319, 90617,20180403,    0,    0
 16319, 90617,20180404,    0,    0
 16319, 90617,20180405,    0,    0
 16319, 90617,20180406,    1,    0
 16319, 90617,20180407,    0,    0
 16319, 90617,20180408,    0,    0
 16319, 90617,20180409,    0,    0
 16319, 90617,20180410,    0,    0
 16319, 90617,20180411,    0,    0
 16319, 90617,20180412,    0,    0
 16319, 90617,20180413,  124,    0
 16319, 90617,20180414,   14,    0
 16319, 90617,20180415,    0,    0
 16319, 90617,20180416,    4,    0
 16319, 90617,20180417,    0,    0
 16319, 90617,20180418,    0,    0
 16319, 90617,20180419,    0,    0
 16319, 90617,20180420,    0,    0
 16319, 90617,20180421,    0,    0
 16319, 90617,20180422,    0,    0
 16319, 90617,20180423,    0,    0
 16319, 90617,20180424,    0,    0
 16319, 90617,20180425,    0,    0
 16319, 90617,20180426,    0,    0
 16319, 90617,20180427,   12,    0
 16319, 90617,20180428,    8,    0
 16319, 90617,20180429,  134,    0
 16319, 90617,20180430,    0,    0
 16319, 90617,20180501,   59,    0
 16319, 90617,20180502,    0,    0
 16319, 90617,20180503,    0,    0
 16319, 90617,20180504,    0,    0
 16319, 90617,20180505,    0,    0
 16319, 90617,20180506,    0,    0
 16319, 90617,20180507,    0,    0
 16319, 90617,20180508,    0,    0
 16319, 90617,20180509,  396,    0
 16319, 90617,20180510,    0,    0
 16319, 90617,20180511,  111,    0
 16319, 90617,20180512,    0,    0
 16319, 90617,20180513,    0,    0
 16319, 90617,20180514,    0,    0
 16319, 90617,20180515,    0,    0
 16319, 90617,20180516,    0,    0
 16319, 90617,20180517,    0,    0
 16319, 90617,20180518,    6,    0
 16319, 90617,20180519,    0,    0
 16319, 90617,20180520,    0,    0
 16319, 90617,20180521,    0,    0
 16319, 90617,20180522,    0,    0
 16319, 90617,20180523,    0,    0
 16319, 90617,20180524,    0,    0
 16319, 90617,20180525,    0,    0
 16319, 90617,20180526,    0,    0
 16319, 90617,20180527,    0,    0
 16319, 90617,20180528,   42,    0
 16319, 90617,20180529,    0,    0
 16319, 90617,20180530,    6,    0
 16319, 90617,20180531,    0,    0
 16319, 90617,20180601,    0,    0
 16319, 90617,20180602,    0,    0
 16319, 90617,20180603,   31,    0
 16319, 90617,20180604,    0,    0
 16319, 90617,20180605,    0,    0
 16319, 90617,20180606,  141,    0
 16319, 90617,20180607,    0,    0
 16319, 90617,20180608,    0,    0
 16319, 90617,20180609,    0,    0
 16319, 90617,20180610,    0,    0
 16319, 90617,20180611,    0,    0
 16319, 90617,20180612,    0,    0
 16319, 90617,20180613,    0,    0
 16319, 90617,20180614,    0,    0
 16319, 90617,20180615,    0,    0
 16319, 90617,20180616,    0,    0
 16319, 90617,20180617,    0,    0
 16319, 90617,20180618,    0,    0
 16319, 90617,20180619,    0,    0
 16319, 90617,20180620,    0,    0
 16319, 90617,20180621,    0,    0
 16319, 90617,20180622,    0,    0
 16319, 90617,20180623,    0,    0
 16319, 90617,20180624,    0,    0
 16319, 90617,20180625,    0,    0
 16319, 90617,20180626,    0,    0
 16319, 90617,20180627,    0,    0
 16319, 90617,20180628,    0,    0
 16319, 90617,20180629,    0,    0
 16319, 90617,20180630,    0,    0
 16319, 90617,20180701,    0,    0
 16319, 90617,20180702,    0,    0
 16319, 90617,20180703,    0,    0
 16319, 90617,20180704,    0,    0
 16319, 90617,20180705,    0,    0
 16319, 90617,20180706,    0,    0
 16319, 90617,20180707,    0,    0
 16319, 90617,20180708,   35,    0
 16319, 90617,20180709,    0,    0
 16319, 90617,20180710,    0,    0
 16319, 90617,20180711,    0,    0
 16319, 90617,20180712,    0,    0
 16319, 90617,20180713,    0,    0
 16319, 90617,20180714,    0,    0
 16319, 90617,20180715,    0,    0
 16319, 90617,20180716,    0,    0
 16319, 90617,20180717,    0,    0
 16319, 90617,20180718,    0,    0
 16319, 90617,20180719,    0,    0
 16319, 90617,20180720,    7,    0
 16319, 90617,20180721,    0,    0
 16319, 90617,20180722,   19,    0
 16319, 90617,20180723,    0,    0
 16319, 90617,20180724,    0,    0
 16319, 90617,20180725,    0,    0
 16319, 90617,20180726,    0,    0
 16319, 90617,20180727,    0,    0
 16319, 90617,20180728,    0,    0
 16319, 90617,20180729,    0,    0
 16319, 90617,20180730,    0,    0
 16319, 90617,20180731,    0,    0
 16319, 90617,20180801,    0,    0
 16319, 90617,20180802,    0,    0
 16319, 90617,20180803,    0,    0
 16319, 90617,20180804,    0,    0
 16319, 90617,20180805,    0,    0
 16319, 90617,20180806,    0,    0
 16319, 90617,20180807,    0,    0
 16319, 90617,20180808,    0,    0
 16319, 90617,20180809,    0,    0
 16319, 90617,20180810,    0,    0
 16319, 90617,20180811,   60,    0
 16319, 90617,20180812,    0,    0
 16319, 90617,20180813,    0,    0
 16319, 90617,20180814,   12,    0
 16319, 90617,20180815,    0,    0
 16319, 90617,20180816,    0,    0
 16319, 90617,20180817,   95,    0
 16319, 90617,20180818,    0,    0
 16319, 90617,20180819,    0,    0
 16319, 90617,20180820,    0,    0
 16319, 90617,20180821,    0,    0
 16319, 90617,20180822,    0,    0
 16319, 90617,20180823,    0,    0
 16319, 90617,20180824,    0,    0
 16319, 90617,20180825,    0,    0
 16319, 90617,20180826,    0,    0
 16319, 90617,20180827,    0,    0
 16319, 90617,20180828,   21,    0
 16319, 90617,20180829,   35,    0
 16319, 90617,20180830,    0,    0
 16319, 90617,20180831,    0,    0
 16319, 90617,20180901,    0,    0
 16319, 90617,20180902,    0,    0
 16319, 90617,20180903,    4,    0
 16319, 90617,20180904,    0,    0
 16319, 90617,20180905,  396,    0
 16319, 90617,20180906,    0,    0
 16319, 90617,20180907,    9,    0
 16319, 90617,20180908,   75,    0
 16319, 90617,20180909,    0,    0
 16319, 90617,20180910,  143,    0
 16319, 90617,20180911,   94,    0
 16319, 90617,20180912,    0,    0
 16319, 90617,20180913,    0,    0
 16319, 90617,20180914,    0,    0
 16319, 90617,20180915,  211,    0
 16319, 90617,20180916,    1,    0
 16319, 90617,20180917,    0,    0
 16319, 90617,20180918,   97,    0
 16319, 90617,20180919,    0,    0
 16319, 90617,20180920,    0,    0
 16319, 90617,20180921,    0,    0
 16319, 90617,20180922,    0,    0
 16319, 90617,20180923,    0,    0
 16319, 90617,20180924,    0,    0
 16319, 90617,20180925,    0,    0
 16319, 90617,20180926,    0,    0
 16319, 90617,20180927,    0,    0
 16319, 90617,20180928,    0,    0
 16319, 90617,20180929,    0,    0
 16319, 90617,20180930,    0,    0
 16319, 90617,20181001,    0,    0
 16319, 90617,20181002,    0,    0
 16319, 90617,20181003,    0,    0
 16319, 90617,20181004,    0,    0
 16319, 90617,20181005,    0,    0
 16319, 90617,20181006,    0,    0
 16319, 90617,20181007,    0,    0
 16319, 90617,20181008,    0,    0
 16319, 90617,20181009,    0,    0
 16319, 90617,20181010,   46,    0
 16319, 90617,20181011,    0,    0
 16319, 90617,20181012,    0,    0
 16319, 90617,20181013,    1,    0
 16319, 90617,20181014,  432,    0
 16319, 90617,20181015,    0,    0
 16319, 90617,20181016,  104,    0
 16319, 90617,20181017,    0,    0
 16319, 90617,20181018,  129,    0
 16319, 90617,20181019,  723,    0
 16319, 90617,20181020,    0,    0
 16319, 90617,20181021,    0,    0
 16319, 90617,20181022,    0,    0
 16319, 90617,20181023,    0,    0
 16319, 90617,20181024,    0,    0
 16319, 90617,20181025,    0,    0
 16319, 90617,20181026,   14,    0
 16319, 90617,20181027,   66,    0
 16319, 90617,20181028,    0,    0
 16319, 90617,20181029,    0,    0
 16319, 90617,20181030,  100,    0
 16319, 90617,20181031,  213,    0
 16319, 90617,20181101,    0,    0
 16319, 90617,20181102,    0,    0
 16319, 90617,20181103,    0,    0
 16319, 90617,20181104,    0,    0
 16319, 90617,20181105,  111,    0
 16319, 90617,20181106,    0,    0
 16319, 90617,20181107,   34,    0
 16319, 90617,20181108,    0,    0
 16319, 90617,20181109,    7,    0
 16319, 90617,20181110,    0,    0
 16319, 90617,20181111,    0,    0
 16319, 90617,20181112,    0,    0
 16319, 90617,20181113,    0,    0
 16319, 90617,20181114,    0,    0
 16319, 90617,20181115,  124,    0
 16319, 90617,20181116,    0,    0
 16319, 90617,20181117,    6,    0
 16319, 90617,20181118,   99,    0
 16319, 90617,20181119,    4,    0
 16319, 90617,20181120,   80,    0
 16319, 90617,20181121,    0,    0
 16319, 90617,20181122,    0,    0
 16319, 90617,20181123,   49,    0
 16319, 90617,20181124,    0,    0
 16319, 90617,20181125,    2,    0
 16319, 90617,20181126,   55,    0
 16319, 90617,20181127,    0,    0
 16319, 90617,20181128,    0,    0
 16319, 90617,20181129,    0,    0
 16319, 90617,20181130,   20,    0
 16319, 90617,20181201,    0,    0
 16319, 90617,20181202,    0,    0
 16319, 90617,20181203,    0,    0
 16319, 90617,20181204,    0,    0
 16319, 90617,20181205,    0,    0
 16319, 90617,20181206,    0,    0
 16319, 90617,20181207,    0,    0
 16319, 90617,20181208,    1,    0
 16319, 90617,20181209,    0,    0
 16319, 90617,20181210,    0,    0
 16319, 90617,20181211,    0,    0
 16319, 90617,20181212,    0,    0
 16319, 90617,20181213,   38,    0
 16319, 90617,20181214,    0,    0
 16319, 90617,20181215,    0,    0
 16319, 90617,20181216,    1,    0
 16319, 90617,20181217,    0,    0
 16319, 90617,20181218,    0,    0
 16319, 90617,20181219,    0,    0
 16319, 90617,20181220,    0,    0
 16319, 90617,20181221,    0,    0
 16319, 90617,20181222,    0,    0
 16319, 90617,20181223,    0,    0
 16319, 90617,20181224,    0,    0
 16319, 90617,20181225,    0,    0
 16319, 90617,20181226,    0,    0
 16319, 90617,20181227,    0,    0
 16319, 90617,20181228,    0,    0
 16319, 90617,20181229,    0,    0
 16319, 90617,20181230,    0,    0
 16319, 90617,20181231,    0,    0
 16319, 90617,20190101,    0,    0
 16319, 90617,20190102,   23,    0
 16319, 90617,20190103,    0,    0
 16319, 90617,20190104,    0,    0
 16319, 90617,20190105,    0,    0
 16319, 90617,20190106,    0,    0
 16319, 90617,20190107,-9999,    9
 16319, 90617,20190108,-9999,    9
 16319, 90617,20190109,-9999,    9
 16319, 90617,20190110,-9999,    9
 16319, 90617,20190111,-9999,    9
 16319, 90617,20190112,-9999,    9
 16319, 90617,20190113,-9999,    9
 16319, 90617,20190114,-9999,    9
 16319, 90617,20190115,-9999,    9
 16319, 90617,20190116,-9999,    9
 16319, 90617,20190117,-9999,    9
 16319, 90617,20190118,-9999,    9
 16319, 90617,20190119,-9999,    9
 16319, 90617,20190120,-9999,    9
 16319, 90617,20190121,-9999,    9
 16319, 90617,20190122,-9999,    9
 16319, 90617,20190123,-9999,    9
 16319, 90617,20190124,-9999,    9
 16319, 90617,20190125,-9999,    9
 16319, 90617,20190126,-9999,    9
 16319, 90617,20190127,-9999,    9
 16319, 90617,20190128,-9999,    9
 16319, 90617,20190129,-9999,    9
 16319, 90617,20190130,-9999,    9
 16319, 90617,20190131,-9999,    9
 16319, 90617,20190201,    0,    0
 16319, 90617,20190202,    1,    0
 16319, 90617,20190203,    0,    0
 16319, 90617,20190204,    0,    0
 16319, 90617,20190205,    0,    0
 16319, 90617,20190206,    0,    0
 16319, 90617,20190207,-9999,    9
 16319, 90617,20190208,-9999,    9
 16319, 90617,20190209,-9999,    9
 16319, 90617,20190210,-9999,    9
 16319, 90617,20190211,-9999,    9
 16319, 90617,20190212,-9999,    9
 16319, 90617,20190213,-9999,    9
 16319, 90617,20190214,-9999,    9
 16319, 90617,20190215,-9999,    9
 16319, 90617,20190216,-9999,    9
 16319, 90617,20190217,-9999,    9
 16319, 90617,20190218,-9999,    9
 16319, 90617,20190219,-9999,    9
 16319, 90617,20190220,-9999,    9
 16319, 90617,20190221,-9999,    9
 16319, 90617,20190222,-9999,    9
 16319, 90617,20190223,-9999,    9
 16319, 90617,20190224,-9999,    9
 16319, 90617,20190225,-9999,    9
 16319, 90617,20190226,-9999,    9
 16319, 90617,20190227,-9999,    9
 16319, 90617,20190228,-9999,    9
 16319, 90617,20190301,    0,    0
 16319, 90617,20190302,    0,    0
 16319, 90617,20190303,    0,    0
 16319, 90617,20190304,   13,    0
 16319, 90617,20190305,   27,    0
 16319, 90617,20190306,    0,    0
 16319, 90617,20190307,-9999,    9
 16319, 90617,20190308,-9999,    9
 16319, 90617,20190309,-9999,    9
 16319, 90617,20190310,-9999,    9
 16319, 90617,20190311,-9999,    9
 16319, 90617,20190312,-9999,    9
 16319, 90617,20190313,-9999,    9
 16319, 90617,20190314,-9999,    9
 16319, 90617,20190315,-9999,    9
 16319, 90617,20190316,-9999,    9
 16319, 90617,20190317,-9999,    9
 16319, 90617,20190318,-9999,    9
 16319, 90617,20190319,-9999,    9
 16319, 90617,20190320,-9999,    9
 16319, 90617,20190321,-9999,    9
 16319, 90617,20190322,-9999,    9
 16319, 90617,20190323,-9999,    9
 16319, 90617,20190324,-9999,    9
 16319, 90617,20190325,-9999,    9
 16319, 90617,20190326,-9999,    9
 16319, 90617,20190327,-9999,    9
 16319, 90617,20190328,-9999,    9
 16319, 90617,20190329,-9999,    9
 16319, 90617,20190330,-9999,    9
 16319, 90617,20190331,-9999,    9
 16319, 90617,20190401,    0,    0
 16319, 90617,20190402,    0,    0
 16319, 90617,20190403,    0,    0
 16319, 90617,20190404,    0,    0
 16319, 90617,20190405,    0,    0
 16319, 90617,20190406,    0,    0
 16319, 90617,20190407,-9999,    9
 16319, 90617,20190408,-9999,    9
 16319, 90617,20190409,-9999,    9
 16319, 90617,20190410,-9999,    9
 16319, 90617,20190411,-9999,    9
 16319, 90617,20190412,-9999,    9
 16319, 90617,20190413,-9999,    9
 16319, 90617,20190414,-9999,    9
 16319, 90617,20190415,-9999,    9
 16319, 90617,20190416,-9999,    9
 16319, 90617,20190417,-9999,    9
 16319, 90617,20190418,-9999,    9
 16319, 90617,20190419,-9999,    9
 16319, 90617,20190420,-9999,    9
 16319, 90617,20190421,-9999,    9
 16319, 90617,20190422,-9999,    9
 16319, 90617,20190423,-9999,    9
 16319, 90617,20190424,-9999,    9
 16319, 90617,20190425,-9999,    9
 16319, 90617,20190426,-9999,    9
 16319, 90617,20190427,-9999,    9
 16319, 90617,20190428,-9999,    9
 16319, 90617,20190429,-9999,    9
 16319, 90617,20190430,-9999,    9
 16319, 90617,20190501,    0,    0
 16319, 90617,20190502,    0,    0
 16319, 90617,20190503,    0,    0
 16319, 90617,20190504,   13,    0
 16319, 90617,20190505,    0,    0
 16319, 90617,20190506,    8,    0
 16319, 90617,20190507,-9999,    9
 16319, 90617,20190508,-9999,    9
 16319, 90617,20190509,-9999,    9
 16319, 90617,20190510,-9999,    9
 16319, 90617,20190511,-9999,    9
 16319, 90617,20190512,-9999,    9
 16319, 90617,20190513,-9999,    9
 16319, 90617,20190514,-9999,    9
 16319, 90617,20190515,-9999,    9
 16319, 90617,20190516,-9999,    9
 16319, 90617,20190517,-9999,    9
 16319, 90617,20190518,-9999,    9
 16319, 90617,20190519,-9999,    9
 16319, 90617,20190520,-9999,    9
 16319, 90617,20190521,-9999,    9
 16319, 90617,20190522,-9999,    9
 16319, 90617,20190523,-9999,    9
 16319, 90617,20190524,-9999,    9
 16319, 90617,20190525,-9999,    9
 16319, 90617,20190526,-9999,    9
 16319, 90617,20190527,-9999,    9
 16319, 90617,20190528,-9999,    9
 16319, 90617,20190529,-9999,    9
 16319, 90617,20190530,-9999,    9
 16319, 90617,20190531,-9999,    9
 16319, 90617,20190601,    0,    0
 16319, 90617,20190602,    0,    0
 16319, 90617,20190603,    9,    0
 16319, 90617,20190604,    7,    0
 16319, 90617,20190605,    0,    0
 16319, 90617,20190606,    0,    0
 16319, 90617,20190607,-9999,    9
 16319, 90617,20190608,-9999,    9
 16319, 90617,20190609,-9999,    9
 16319, 90617,20190610,-9999,    9
 16319, 90617,20190611,-9999,    9
 16319, 90617,20190612,-9999,    9
 16319, 90617,20190613,-9999,    9
 16319, 90617,20190614,-9999,    9
 16319, 90617,20190615,-9999,    9
 16319, 90617,20190616,-9999,    9
 16319, 90617,20190617,-9999,    9
 16319, 90617,20190618,-9999,    9
 16319, 90617,20190619,-9999,    9
 16319, 90617,20190620,-9999,    9
 16319, 90617,20190621,-9999,    9
 16319, 90617,20190622,-9999,    9
 16319, 90617,20190623,-9999,    9
 16319, 90617,20190624,-9999,    9
 16319, 90617,20190625,-9999,    9
 16319, 90617,20190626,-9999,    9
 16319, 90617,20190627,-9999,    9
 16319, 90617,20190628,-9999,    9
 16319, 90617,20190629,-9999,    9
 16319, 90617,20190630,-9999,    9
 16319, 90617,20190701,    0,    0
 16319, 90617,20190702,    0,    0
 16319, 90617,20190703,    0,    0
 16319, 90617,20190704,    0,    0
 16319, 90617,20190705,    0,    0
 16319, 90617,20190706,   37,    0
 16319, 90617,20190707,    3,    0
 16319, 90617,20190708,   31,    0
 16319, 90617,20190709,    0,    0
 16319, 90617,20190710,    0,    0
 16319, 90617,20190711,    0,    0
 16319, 90617,20190712,    0,    0
 16319, 90617,20190713,    0,    0
 16319, 90617,20190714,    0,    0
 16319, 90617,20190715,    0,    0
 16319, 90617,20190716,    0,    0
 16319, 90617,20190717,    1,    0
 16319, 90617,20190718,    0,    0
 16319, 90617,20190719,    0,    0
 16319, 90617,20190720,    0,    0
 16319, 90617,20190721,    0,    0
 16319, 90617,20190722,    0,    0
 16319, 90617,20190723,    0,    0
 16319, 90617,20190724,    0,    0
 16319, 90617,20190725,    0,    0
 16319, 90617,20190726,    4,    0
 16319, 90617,20190727,    0,    0
 16319, 90617,20190728,    0,    0
 16319, 90617,20190729,    0,    0
 16319, 90617,20190730,    0,    0
 16319, 90617,20190731,    0,    0
 16319, 90617,20190801,    0,    0
 16319, 90617,20190802,    0,    0
 16319, 90617,20190803,    0,    0
 16319, 90617,20190804,    0,    0
 16319, 90617,20190805,    0,    0
 16319, 90617,20190806,    0,    0
 16319, 90617,20190807,    0,    0
 16319, 90617,20190808,    0,    0
 16319, 90617,20190809,    0,    0
 16319, 90617,20190810,    0,    0
 16319, 90617,20190811,   85,    0
 16319, 90617,20190812,    0,    0
 16319, 90617,20190813,    0,    0
 16319, 90617,20190814,    0,    0
 16319, 90617,20190815,    0,    0
 16319, 90617,20190816,    0,    0
 16319, 90617,20190817,    0,    0
 16319, 90617,20190818,    0,    0
 16319, 90617,20190819,    2,    0
 16319, 90617,20190820,    2,    0
 16319, 90617,20190821,    0,    0
 16319, 90617,20190822,    0,    0
 16319, 90617,20190823,    0,    0
 16319, 90617,20190824,    0,    0
 16319, 90617,20190825,    0,    0
 16319, 90617,20190826,    6,    0
 16319, 90617,20190827,  177,    0
 16319, 90617,20190828,    0,    0
 16319, 90617,20190829,    0,    0
 16319, 90617,20190830,    0,    0
 16319, 90617,20190831,    0,    0
 16319, 90617,20190901,    0,    0
 16319, 90617,20190902,    0,    0
 16319, 90617,20190903,    0,    0
 16319, 90617,20190904,    0,    0
 16319, 90617,20190905,    0,    0
 16319, 90617,20190906,    0,    0
 16319, 90617,20190907,    0,    0
 16319, 90617,20190908,    0,    0
 16319, 90617,20190909,    0,    0
 16319, 90617,20190910,   33,    0
 16319, 90617,20190911,  131,    0
 16319, 90617,20190912,    0,    0
 16319, 90617,20190913,   26,    0
 16319, 90617,20190914,    0,    0
 16319, 90617,20190915,    0,    0
 16319, 90617,20190916,    0,    0
 16319, 90617,20190917,    0,    0
 16319, 90617,20190918,    0,    0
 16319, 90617,20190919,    0,    0
 16319, 90617,20190920,    0,    0
 16319, 90617,20190921,  126,    0
 16319, 90617,20190922,  153,    0
 16319, 90617,20190923,    0,    0
 16319, 90617,20190924,    0,    0
 16319, 90617,20190925,    0,    0
 16319, 90617,20190926,    0,    0
 16319, 90617,20190927,    0,    0
 16319, 90617,20190928,    1,    0
 16319, 90617,20190929,    0,    0
 16319, 90617,20190930,    0,    0
 16319, 90617,20191001,    0,    0
 16319, 90617,20191002,    0,    0
 16319, 90617,20191003,    0,    0
 16319, 90617,20191004,    0,    0
 16319, 90617,20191005,    0,    0
 16319, 90617,20191006,    0,    0
 16319, 90617,20191007,    0,    0
 16319, 90617,20191008,    0,    0
 16319, 90617,20191009,    0,    0
 16319, 90617,20191010,    0,    0
 16319, 90617,20191011,    0,    0
 16319, 90617,20191012,    0,    0
 16319, 90617,20191013,    0,    0
 16319, 90617,20191014,   16,    0
 16319, 90617,20191015,    0,    0
 16319, 90617,20191016,    0,    0
 16319, 90617,20191017,    0,    0
 16319, 90617,20191018,    0,    0
 16319, 90617,20191019,    0,    0
 16319, 90617,20191020,   25,    0
 16319, 90617,20191021,    0,    0
 16319, 90617,20191022, 1279,    0
 16319, 90617,20191023,   10,    0
 16319, 90617,20191024,    0,    0
 16319, 90617,20191025,    0,    0
 16319, 90617,20191026,    0,    0
 16319, 90617,20191027,    0,    0
 16319, 90617,20191028,    0,    0
 16319, 90617,20191029,    0,    0
 16319, 90617,20191030,    0,    0
 16319, 90617,20191031,    0,    0
 16319, 90617,20191101,    0,    0
 16319, 90617,20191102,    4,    0
 16319, 90617,20191103,   15,    0
 16319, 90617,20191104,    0,    0
 16319, 90617,20191105,    2,    0
 16319, 90617,20191106,    0,    0
 16319, 90617,20191107,    0,    0
 16319, 90617,20191108,    0,    0
 16319, 90617,20191109,    0,    0
 16319, 90617,20191110,    2,    0
 16319, 90617,20191111,    0,    0
 16319, 90617,20191112,    0,    0
 16319, 90617,20191113,   84,    0
 16319, 90617,20191114,    0,    0
 16319, 90617,20191115,    3,    0
 16319, 90617,20191116,    0,    0
 16319, 90617,20191117,    0,    0
 16319, 90617,20191118,    0,    0
 16319, 90617,20191119,    0,    0
 16319, 90617,20191120,    0,    0
 16319, 90617,20191121,    0,    0
 16319, 90617,20191122,   87,    0
 16319, 90617,20191123,    8,    0
 16319, 90617,20191124,    0,    0
 16319, 90617,20191125,    0,    0
 16319, 90617,20191126,    0,    0
 16319, 90617,20191127,    0,    0
 16319, 90617,20191128,    0,    0
 16319, 90617,20191129,    0,    0
 16319, 90617,20191130,    0,    0
 16319, 90617,20191201,    0,    0
 16319, 90617,20191202,    0,    0
 16319, 90617,20191203,    9,    0
 16319, 90617,20191204,  368,    0
 16319, 90617,20191205,  108,    0
 16319, 90617,20191206,    0,    0
 16319, 90617,20191207,    0,    0
 16319, 90617,20191208,    0,    0
 16319, 90617,20191209,    0,    0
 16319, 90617,20191210,    0,    0
 16319, 90617,20191211,    0,    0
 16319, 90617,20191212,   11,    0
 16319, 90617,20191213,    0,    0
 16319, 90617,20191214,    0,    0
 16319, 90617,20191215,    0,    0
 16319, 90617,20191216,    0,    0
 16319, 90617,20191217,    2,    0
 16319, 90617,20191218,    0,    0
 16319, 90617,20191219,   17,    0
 16319, 90617,20191220,   48,    0
 16319, 90617,20191221,   23,    0
 16319, 90617,20191222,    5,    0
 16319, 90617,20191223,    0,    0
 16319, 90617,20191224,    0,    0
 16319, 90617,20191225,    0,    0
 16319, 90617,20191226,    0,    0
 16319, 90617,20191227,    0,    0
 16319, 90617,20191228,    0,    0
 16319, 90617,20191229,    0,    0
 16319, 90617,20191230,    0,    0
 16319, 90617,20191231,    0,    0
 16319, 90617,20200101,    0,    0
 16319, 90617,20200102,    0,    0
 16319, 90617,20200103,    0,    0
 16319, 90617,20200104,    0,    0
 16319, 90617,20200105,    0,    0
 16319, 90617,20200106,    0,    0
 16319, 90617,20200107,    0,    0
 16319, 90617,20200108,    0,    0
 16319, 90617,20200109,    0,    0
 16319, 90617,20200110,    9,    0
 16319, 90617,20200111,    0,    0
 16319, 90617,20200112,    0,    0
 16319, 90617,20200113,    0,    0
 16319, 90617,20200114,    0,    0
 16319, 90617,20200115,    0,    0
 16319, 90617,20200116,    0,    0
 16319, 90617,20200117,    0,    0
 16319, 90617,20200118,    1,    0
 16319, 90617,20200119,  406,    0
 16319, 90617,20200120,   79,    0
 16319, 90617,20200121,  842,    0
 16319, 90617,20200122,   86,    0
 16319, 90617,20200123,  252,    0
 16319, 90617,20200124,    0,    0
 16319, 90617,20200125,    0,    0
 16319, 90617,20200126,    0,    0
 16319, 90617,20200127,    0,    0
 16319, 90617,20200128,    0,    0
 16319, 90617,20200129,    0,    0
 16319, 90617,20200130,    0,    0
 16319, 90617,20200131,    0,    0
 16319, 90617,20200201,    0,    0
 16319, 90617,20200202,    0,    0
 16319, 90617,20200203,    0,    0
 16319, 90617,20200204,    0,    0
 16319, 90617,20200205,    0,    0
 16319, 90617,20200206,    0,    0
 16319, 90617,20200207,    0,    0
 16319, 90617,20200208,    0,    0
 16319, 90617,20200209,    0,    0
 16319, 90617,20200210,    0,    0
 16319, 90617,20200211,    0,    0
 16319, 90617,20200212,   38,    0
 16319, 90617,20200213,    0,    0
 16319, 90617,20200214,    0,    0
 16319, 90617,20200215,    0,    0
 16319, 90617,20200216,    0,    0
 16319, 90617,20200217,    0,    0
 16319, 90617,20200218,    0,    0
 16319, 90617,20200219,    0,    0
 16319, 90617,20200220,    0,    0
 16319, 90617,20200221,    0,    0
 16319, 90617,20200222,    0,    0
 16319, 90617,20200223,    0,    0
 16319, 90617,20200224,    0,    0
 16319, 90617,20200225,    0,    0
 16319, 90617,20200226,    0,    0
 16319, 90617,20200227,    0,    0
 16319, 90617,20200228,    0,    0
 16319, 90617,20200229,    0,    0
 16319, 90617,20200301,    0,    0
 16319, 90617,20200302,   22,    0
 16319, 90617,20200303,    0,    0
 16319, 90617,20200304,    0,    0
 16319, 90617,20200305,    0,    0
 16319, 90617,20200306,    0,    0
 16319, 90617,20200307,    0,    0
 16319, 90617,20200308,    0,    0
 16319, 90617,20200309,    0,    0
 16319, 90617,20200310,    0,    0
 16319, 90617,20200311,    0,    0
 16319, 90617,20200312,    0,    0
 16319, 90617,20200313,    0,    0
 16319, 90617,20200314,    0,    0
 16319, 90617,20200315,    0,    0
 16319, 90617,20200316,   90,    0
 16319, 90617,20200317,   27,    0
 16319, 90617,20200318,    0,    0
 16319, 90617,20200319,    0,    0
 16319, 90617,20200320,    0,    0
 16319, 90617,20200321,    0,    0
 16319, 90617,20200322,   19,    0
 16319, 90617,20200323,   40,    0
 16319, 90617,20200324,    0,    0
 16319, 90617,20200325,    4,    0
 16319, 90617,20200326,   41,    0
 16319, 90617,20200327,    1,    0
 16319, 90617,20200328,    0,    0
 16319, 90617,20200329,    0,    0
 16319, 90617,20200330,   25,    0
 16319, 90617,20200331,   91,    0
 16319, 90617,20200401,  250,    0
 16319, 90617,20200402,   53,    0
 16319, 90617,20200403,    5,    0
 16319, 90617,20200404,    0,    0
 16319, 90617,20200405,    0,    0
 16319, 90617,20200406,    0,    0
 16319, 90617,20200407,    2,    0
 16319, 90617,20200408,    0,    0
 16319, 90617,20200409,    0,    0
 16319, 90617,20200410,    0,    0
 16319, 90617,20200411,    5,    0
 16319, 90617,20200412,    0,    0
 16319, 90617,20200413,   52,    0
 16319, 90617,20200414,    1,    0
 16319, 90617,20200415,    2,    0
 16319, 90617,20200416,    1,    0
 16319, 90617,20200417,    0,    0
 16319, 90617,20200418,   63,    0
 16319, 90617,20200419,  347,    0
 16319, 90617,20200420,   86,    0
 16319, 90617,20200421,  201,    0
 16319, 90617,20200422,   27,    0
 16319, 90617,20200423,    8,    0
 16319, 90617,20200424,    0,    0
 16319, 90617,20200425,    0,    0
 16319, 90617,20200426,    0,    0
 16319, 90617,20200427,   54,    0
 16319, 90617,20200428,    1,    0
 16319, 90617,20200429,    0,    0
 16319, 90617,20200430,    0,    0
 16319, 90617,20200501,    0,    0
 16319, 90617,20200502,    0,    0
 16319, 90617,20200503,    0,    0
 16319, 90617,20200504,    0,    0
 16319, 90617,20200505,    0,    0
 16319, 90617,20200506,    0,    0
 16319, 90617,20200507,    0,    0
 16319, 90617,20200508,    0,    0
 16319, 90617,20200509,    0,    0
 16319, 90617,20200510,  177,    0
 16319, 90617,20200511,    0,    0
 16319, 90617,20200512,    2,    0
 16319, 90617,20200513,   26,    0
 16319, 90617,20200514,  327,    0
 16319, 90617,20200515,    0,    0
 16319, 90617,20200516,   51,    0
 16319, 90617,20200517,    0,    0
 16319, 90617,20200518,    0,    0
 16319, 90617,20200519,    0,    0
 16319, 90617,20200520,    0,    0
 16319, 90617,20200521,    0,    0
 16319, 90617,20200522,    0,    0
 16319, 90617,20200523,    0,    0
 16319, 90617,20200524,    0,    0
 16319, 90617,20200525,   31,    0
 16319, 90617,20200526,    0,    0
 16319, 90617,20200527,    0,    0
 16319, 90617,20200528,    0,    0
 16319, 90617,20200529,    0,    0
 16319, 90617,20200530,    0,    0
 16319, 90617,20200531,    3,    0
 16319, 90617,20200601,    0,    0
 16319, 90617,20200602,    0,    0
 16319, 90617,20200603,  125,    0
 16319, 90617,20200604,    9,    0
 16319, 90617,20200605,    0,    0
 16319, 90617,20200606,    0,    0
 16319, 90617,20200607,  135,    0
 16319, 90617,20200608,    0,    0
 16319, 90617,20200609,    0,    0
 16319, 90617,20200610,    0,    0
 16319, 90617,20200611,   60,    0
 16319, 90617,20200612,    0,    0
 16319, 90617,20200613,    0,    0
 16319, 90617,20200614,    0,    0
 16319, 90617,20200615,    0,    0
 16319, 90617,20200616,   56,    0
 16319, 90617,20200617,    0,    0
 16319, 90617,20200618,   85,    0
 16319, 90617,20200619,    0,    0
 16319, 90617,20200620,    0,    0
 16319, 90617,20200621,    0,    0
 16319, 90617,20200622,    0,    0
 16319, 90617,20200623,    0,    0
 16319, 90617,20200624,    0,    0
 16319, 90617,20200625,    0,    0
 16319, 90617,20200626,    0,    0
 16319, 90617,20200627,    0,    0
 16319, 90617,20200628,    0,    0
 16319, 90617,20200629,    0,    0
 16319, 90617,20200630,    0,    0
 16319, 90617,20200701,    0,    0
 16319, 90617,20200702,    5,    0
 16319, 90617,20200703,    0,    0
 16319, 90617,20200704,    0,    0
 16319, 90617,20200705,    0,    0
 16319, 90617,20200706,    0,    0
 16319, 90617,20200707,    0,    0
 16319, 90617,20200708,    0,    0
 16319, 90617,20200709,    0,    0
 16319, 90617,20200710,    0,    0
 16319, 90617,20200711,    0,    0
 16319, 90617,20200712,    1,    0
 16319, 90617,20200713,    1,    0
 16319, 90617,20200714,    0,    0
 16319, 90617,20200715,    0,    0
 16319, 90617,20200716,    0,    0
 16319, 90617,20200717,    0,    0
 16319, 90617,20200718,    0,    0
 16319, 90617,20200719,    0,    0
 16319, 90617,20200720,    0,    0
 16319, 90617,20200721,    0,    0
 16319, 90617,20200722,    0,    0
 16319, 90617,20200723,    0,    0
 16319, 90617,20200724,    0,    0
 16319, 90617,20200725,    0,    0
 16319, 90617,20200726,    0,    0
 16319, 90617,20200727,    0,    0
 16319, 90617,20200728,    0,    0
 16319, 90617,20200729,    0,    0
 16319, 90617,20200730,    0,    0
 16319, 90617,20200731,    0,    0
 16319, 90617,20200801,    0,    0
 16319, 90617,20200802,    0,    0
 16319, 90617,20200803,    0,    0
 16319, 90617,20200804,    0,    0
 16319, 90617,20200805,    0,    0
 16319, 90617,20200806,    0,    0
 16319, 90617,20200807,    0,    0
 16319, 90617,20200808,    1,    0
 16319, 90617,20200809,    0,    0
 16319, 90617,20200810,   31,    0
 16319, 90617,20200811,    1,    0
 16319, 90617,20200812,   44,    0
 16319, 90617,20200813,    0,    0
 16319, 90617,20200814,   18,    0
 16319, 90617,20200815,    8,    0
 16319, 90617,20200816,    0,    0
 16319, 90617,20200817,    0,    0
 16319, 90617,20200818,    0,    0
 16319, 90617,20200819,    0,    0
 16319, 90617,20200820,    0,    0
 16319, 90617,20200821,    0,    0
 16319, 90617,20200822,    0,    0
 16319, 90617,20200823,    0,    0
 16319, 90617,20200824,    0,    0
 16319, 90617,20200825,    0,    0
 16319, 90617,20200826,    0,    0
 16319, 90617,20200827,    0,    0
 16319, 90617,20200828,    8,    0
 16319, 90617,20200829,   37,    0
 16319, 90617,20200830,    0,    0
 16319, 90617,20200831,    0,    0
 16319, 90617,20200901,    0,    0
 16319, 90617,20200902,    0,    0
 16319, 90617,20200903,    0,    0
 16319, 90617,20200904,    0,    0
 16319, 90617,20200905,    0,    0
 16319, 90617,20200906,    0,    0
 16319, 90617,20200907,    3,    0
 16319, 90617,20200908,    0,    0
 16319, 90617,20200909,   12,    0
 16319, 90617,20200910,    2,    0
 16319, 90617,20200911,    0,    0
 16319, 90617,20200912,    0,    0
 16319, 90617,20200913,    0,    0
 16319, 90617,20200914,    0,    0
 16319, 90617,20200915,    0,    0
 16319, 90617,20200916,    0,    0
 16319, 90617,20200917,    0,    0
 16319, 90617,20200918,  370,    0
 16319, 90617,20200919,    3,    0
 16319, 90617,20200920,    0,    0
 16319, 90617,20200921,    0,    0
 16319, 90617,20200922,    0,    0
 16319, 90617,20200923,    0,    0
 16319, 90617,20200924,    3,    0
 16319, 90617,20200925,    0,    0
 16319, 90617,20200926,    0,    0
 16319, 90617,20200927,    0,    0
 16319, 90617,20200928,    0,    0
 16319, 90617,20200929,    0,    0
 16319, 90617,20200930,    0,    0
 16319, 90617,20201001,    0,    0
 16319, 90617,20201002,   54,    0
 16319, 90617,20201003,    0,    0
 16319, 90617,20201004,   39,    0
 16319, 90617,20201005,    0,    0
 16319, 90617,20201006,    0,    0
 16319, 90617,20201007,    0,    0
 16319, 90617,20201008,    0,    0
 16319, 90617,20201009,    0,    0
 16319, 90617,20201010,    0,    0
 16319, 90617,20201011,    0,    0
 16319, 90617,20201012,    0,    0
 16319, 90617,20201013,    0,    0
 16319, 90617,20201014,    5,    0
 16319, 90617,20201015,    0,    0
 16319, 90617,20201016,    0,    0
 16319, 90617,20201017,    0,    0
 16319, 90617,20201018,    0,    0
 16319, 90617,20201019,    0,    0
 16319, 90617,20201020,    0,    0
 16319, 90617,20201021,    0,    0
 16319, 90617,20201022,   15,    0
 16319, 90617,20201023,    1,    0
 16319, 90617,20201024,    0,    0
 16319, 90617,20201025,    0,    0
 16319, 90617,20201026,    0,    0
 16319, 90617,20201027,    0,    0
 16319, 90617,20201028,    0,    0
 16319, 90617,20201029,    0,    0
 16319, 90617,20201030,    0,    0
 16319, 90617,20201031,    0,    0
 16319, 90617,20201101,    0,    0
 16319, 90617,20201102,    0,    0
 16319, 90617,20201103,    0,    0
 16319, 90617,20201104,   36,    0
 16319, 90617,20201105,  134,    0
 16319, 90617,20201106,   25,    0
 16319, 90617,20201107,   73,    0
 16319, 90617,20201108,    0,    0
 16319, 90617,20201109,    0,    0
 16319, 90617,20201110,    0,    0
 16319, 90617,20201111,    0,    0
 16319, 90617,20201112,    0,    0
 16319, 90617,20201113,    0,    0
 16319, 90617,20201114,    0,    0
 16319, 90617,20201115,    0,    0
 16319, 90617,20201116,    0,    0
 16319, 90617,20201117,    0,    0
 16319, 90617,20201118,    0,    0
 16319, 90617,20201119,    0,    0
 16319, 90617,20201120,    0,    0
 16319, 90617,20201121,    0,    0
 16319, 90617,20201122,    0,    0
 16319, 90617,20201123,    0,    0
 16319, 90617,20201124,    0,    0
 16319, 90617,20201125,    0,    0
 16319, 90617,20201126,   38,    0
 16319, 90617,20201127,  204,    0
 16319, 90617,20201128,  106,    0
 16319, 90617,20201129,    0,    0
 16319, 90617,20201130,    0,    0
 16319, 90617,20201201,    0,    0
 16319, 90617,20201202,    0,    0
 16319, 90617,20201203,    0,    0
 16319, 90617,20201204,    0,    0
 16319, 90617,20201205,    0,    0
 16319, 90617,20201206,    0,    0
 16319, 90617,20201207,   22,    0
 16319, 90617,20201208,    0,    0
 16319, 90617,20201209,    0,    0
 16319, 90617,20201210,   14,    0
 16319, 90617,20201211,   84,    0
 16319, 90617,20201212,    0,    0
 16319, 90617,20201213,    0,    0
 16319, 90617,20201214,    0,    0
 16319, 90617,20201215,    0,    0
 16319, 90617,20201216,    0,    0
 16319, 90617,20201217,    0,    0
 16319, 90617,20201218,    0,    0
 16319, 90617,20201219,    2,    0
 16319, 90617,20201220,    2,    0
 16319, 90617,20201221,    0,    0
 16319, 90617,20201222,    0,    0
 16319, 90617,20201223,    0,    0
 16319, 90617,20201224,    0,    0
 16319, 90617,20201225,    0,    0
 16319, 90617,20201226,    0,    0
 16319, 90617,20201227,    0,    0
 16319, 90617,20201228,   18,    0
 16319, 90617,20201229,    0,    0
 16319, 90617,20201230,    0,    0
 16319, 90617,20201231,    1,    0
 16319, 90617,20210101,    0,    0
 16319, 90617,20210102,    0,    0
 16319, 90617,20210103,    0,    0
 16319, 90617,20210104,    0,    0
 16319, 90617,20210105,    0,    0
 16319, 90617,20210106,    0,    0
 16319, 90617,20210107,   15,    0
 16319, 90617,20210108,   13,    0
 16319, 90617,20210109,  407,    0
 16319, 90617,20210110,   44,    0
 16319, 90617,20210111,    0,    0
 16319, 90617,20210112,    0,    0
 16319, 90617,20210113,    0,    0
 16319, 90617,20210114,    0,    0
 16319, 90617,20210115,    0,    0
 16319, 90617,20210116,    0,    0
 16319, 90617,20210117,    0,    0
 16319, 90617,20210118,    0,    0
 16319, 90617,20210119,    0,    0
 16319, 90617,20210120,    2,    0
 16319, 90617,20210121,    0,    0
 16319, 90617,20210122,   93,    0
 16319, 90617,20210123,    4,    0
 16319, 90617,20210124,   14,    0
 16319, 90617,20210125,    0,    0
 16319, 90617,20210126,    0,    0
 16319, 90617,20210127,    0,    0
 16319, 90617,20210128,    0,    0
 16319, 90617,20210129,    0,    0
 16319, 90617,20210130,    0,    0
 16319, 90617,20210131,    0,    0
 16319, 90617,20210201,    0,    0
 16319, 90617,20210202,    0,    0
 16319, 90617,20210203,    0,    0
 16319, 90617,20210204,    0,    0
 16319, 90617,20210205,    0,    0
 16319, 90617,20210206,   12,    0
 16319, 90617,20210207,    0,    0
 16319, 90617,20210208,   33,    0
 16319, 90617,20210209,    5,    0
 16319, 90617,20210210,   25,    0
 16319, 90617,20210211,    0,    0
 16319, 90617,20210212,    5,    0
 16319, 90617,20210213,    0,    0
 16319, 90617,20210214,  122,    0
 16319, 90617,20210215,   19,    0
 16319, 90617,20210216,    0,    0
 16319, 90617,20210217,    0,    0
 16319, 90617,20210218,    0,    0
 16319, 90617,20210219,    0,    0
 16319, 90617,20210220,    0,    0
 16319, 90617,20210221,    2,    0
 16319, 90617,20210222,    6,    0
 16319, 90617,20210223,   10,    0
 16319, 90617,20210224,    0,    0
 16319, 90617,20210225,    0,    0
 16319, 90617,20210226,    0,    0
 16319, 90617,20210227,    0,    0
 16319, 90617,20210228,    3,    0
 16319, 90617,20210301,    0,    0
 16319, 90617,20210302,    0,    0
 16319, 90617,20210303,    0,    0
 16319, 90617,20210304,    0,    0
 16319, 90617,20210305,    0,    0
 16319, 90617,20210306,    0,    0
 16319, 90617,20210307,    1,    0
 16319, 90617,20210308,   46,    0
 16319, 90617,20210309,    0,    0
 16319, 90617,20210310,    0,    0
 16319, 90617,20210311,    0,    0
 16319, 90617,20210312,    0,    0
 16319, 90617,20210313,    0,    0
 16319, 90617,20210314,    0,    0
 16319, 90617,20210315,    0,    0
 16319, 90617,20210316,    0,    0
 16319, 90617,20210317,    0,    0
 16319, 90617,20210318,    0,    0
 16319, 90617,20210319,   17,    0
 16319, 90617,20210320,    0,    0
 16319, 90617,20210321,    0,    0
 16319, 90617,20210322,    0,    0
 16319, 90617,20210323,    0,    0
 16319, 90617,20210324,    0,    0
 16319, 90617,20210325,    0,    0
 16319, 90617,20210326,    0,    0
 16319, 90617,20210327,    0,    0
 16319, 90617,20210328,    0,    0
 16319, 90617,20210329,    0,    0
 16319, 90617,20210330,    0,    0
 16319, 90617,20210331,    0,    0
 16319, 90617,20210401,    0,    0
 16319, 90617,20210402,    0,    0
 16319, 90617,20210403,    1,    0
 16319, 90617,20210404,    0,    0
 16319, 90617,20210405,    0,    0
 16319, 90617,20210406,    0,    0
 16319, 90617,20210407,    0,    0
 16319, 90617,20210408,    0,    0
 16319, 90617,20210409,   27,    0
 16319, 90617,20210410,    5,    0
 16319, 90617,20210411,   32,    0
 16319, 90617,20210412,    0,    0
 16319, 90617,20210413,    0,    0
 16319, 90617,20210414,    3,    0
 16319, 90617,20210415,    0,    0
 16319, 90617,20210416,   12,    0
 16319, 90617,20210417,    0,    0
 16319, 90617,20210418,    0,    0
 16319, 90617,20210419,    0,    0
 16319, 90617,20210420,    7,    0
 16319, 90617,20210421,   35,    0
 16319, 90617,20210422,    7,    0
 16319, 90617,20210423,    0,    0
 16319, 90617,20210424,    1,    0
 16319, 90617,20210425,    7,    0
 16319, 90617,20210426,   72,    0
 16319, 90617,20210427,    3,    0
 16319, 90617,20210428,    7,    0
 16319, 90617,20210429,    1,    0
 16319, 90617,20210430,   55,    0
 16319, 90617,20210501,  229,    0
 16319, 90617,20210502,    0,    0
 16319, 90617,20210503,    0,    0
 16319, 90617,20210504,    0,    0
 16319, 90617,20210505,    0,    0
 16319, 90617,20210506,    0,    0
 16319, 90617,20210507,    0,    0
 16319, 90617,20210508,    0,    0
 16319, 90617,20210509,   15,    0
 16319, 90617,20210510,   34,    0
 16319, 90617,20210511,    0,    0
 16319, 90617,20210512,    5,    0
 16319, 90617,20210513,   48,    0
 16319, 90617,20210514,    1,    0
 16319, 90617,20210515,    0,    0
 16319, 90617,20210516,    0,    0
 16319, 90617,20210517,    0,    0
 16319, 90617,20210518,    0,    0
 16319, 90617,20210519,    0,    0
 16319, 90617,20210520,    0,    0
 16319, 90617,20210521,    0,    0
 16319, 90617,20210522,    0,    0
 16319, 90617,20210523,    0,    0
 16319, 90617,20210524,    0,    0
 16319, 90617,20210525,    0,    0
 16319, 90617,20210526,    0,    0
 16319, 90617,20210527,    0,    0
 16319, 90617,20210528,    0,    0
 16319, 90617,20210529,    0,    0
 16319, 90617,20210530,    4,    0
 16319, 90617,20210531,    0,    0
 16319, 90617,20210601,    0,    0
 16319, 90617,20210602,    0,    0
 16319, 90617,20210603,    0,    0
 16319, 90617,20210604,    0,    0
 16319, 90617,20210605,    0,    0
 16319, 90617,20210606,   35,    0
 16319, 90617,20210607,    0,    0
 16319, 90617,20210608,    0,    0
 16319, 90617,20210609,    0,    0
 16319, 90617,20210610,    0,    0
 16319, 90617,20210611,    4,    0
 16319, 90617,20210612,    0,    0
 16319, 90617,20210613,    0,    0
 16319, 90617,20210614,    0,    0
 16319, 90617,20210615,    0,    0
 16319, 90617,20210616,    0,    0
 16319, 90617,20210617,  372,    0
 16319, 90617,20210618,    0,    0
 16319, 90617,20210619,    7,    0
 16319, 90617,20210620,   43,    0
 16319, 90617,20210621,    0,    0
 16319, 90617,20210622,    0,    0
 16319, 90617,20210623,   44,    0
 16319, 90617,20210624,    0,    0
 16319, 90617,20210625,    0,    0
 16319, 90617,20210626,   11,    0
 16319, 90617,20210627,    0,    0
 16319, 90617,20210628,    0,    0
 16319, 90617,20210629,    0,    0
 16319, 90617,20210630,  396,    0
 16319, 90617,20210701,    0,    0
 16319, 90617,20210702,    0,    0
 16319, 90617,20210703,    0,    0
 16319, 90617,20210704,    0,    0
 16319, 90617,20210705,    0,    0
 16319, 90617,20210706,    0,    0
 16319, 90617,20210707,    4,    0
 16319, 90617,20210708,    0,    0
 16319, 90617,20210709,    0,    0
 16319, 90617,20210710,    0,    0
 16319, 90617,20210711,    0,    0
 16319, 90617,20210712,    0,    0
 16319, 90617,20210713,    0,    0
 16319, 90617,20210714,    0,    0
 16319, 90617,20210715,    0,    0
 16319, 90617,20210716,    0,    0
 16319, 90617,20210717,    0,    0
 16319, 90617,20210718,    0,    0
 16319, 90617,20210719,    0,    0
 16319, 90617,20210720,    0,    0
 16319, 90617,20210721,    0,    0
 16319, 90617,20210722,    0,    0
 16319, 90617,20210723,    0,    0
 16319, 90617,20210724,    0,    0
 16319, 90617,20210725,    3,    0
 16319, 90617,20210726,   13,    0
 16319, 90617,20210727,    0,    0
 16319, 90617,20210728,    0,    0
 16319, 90617,20210729,    0,    0
 16319, 90617,20210730,    0,    0
 16319, 90617,20210731,  214,    0
 16319, 90617,20210801,    0,    0
 16319, 90617,20210802,    0,    0
 16319, 90617,20210803,    0,    0
 16319, 90617,20210804,    2,    0
 16319, 90617,20210805,    0,    0
 16319, 90617,20210806,    0,    0
 16319, 90617,20210807,  127,    0
 16319, 90617,20210808,  163,    0
 16319, 90617,20210809,    0,    0
 16319, 90617,20210810,    0,    0
 16319, 90617,20210811,    0,    0
 16319, 90617,20210812,    0,    0
 16319, 90617,20210813,    0,    0
 16319, 90617,20210814,    2,    0
 16319, 90617,20210815,    0,    0
 16319, 90617,20210816,    0,    0
 16319, 90617,20210817,    0,    0
 16319, 90617,20210818,    0,    0
 16319, 90617,20210819,   27,    0
 16319, 90617,20210820,    0,    0
 16319, 90617,20210821,    0,    0
 16319, 90617,20210822,    0,    0
 16319, 90617,20210823,   17,    0
 16319, 90617,20210824,    1,    0
 16319, 90617,20210825,  436,    0
 16319, 90617,20210826,    0,    0
 16319, 90617,20210827,    0,    0
 16319, 90617,20210828,    0,    0
 16319, 90617,20210829,    0,    0
 16319, 90617,20210830,  152,    0
 16319, 90617,20210831,    0,    0
 16319, 90617,20210901,   97,    0
 16319, 90617,20210902,   93,    0
 16319, 90617,20210903,  255,    0
 16319, 90617,20210904,    0,    0
 16319, 90617,20210905,    0,    0
 16319, 90617,20210906,    0,    0
 16319, 90617,20210907,    0,    0
 16319, 90617,20210908,    0,    0
 16319, 90617,20210909,  447,    0
 16319, 90617,20210910,  140,    0
 16319, 90617,20210911,    0,    0
 16319, 90617,20210912,    0,    0
 16319, 90617,20210913,    0,    0
 16319, 90617,20210914,    0,    0
 16319, 90617,20210915,    2,    0
 16319, 90617,20210916,    0,    0
 16319, 90617,20210917,    0,    0
 16319, 90617,20210918,    0,    0
 16319, 90617,20210919,    0,    0
 16319, 90617,20210920,    0,    0
 16319, 90617,20210921,   42,    0
 16319, 90617,20210922,   66,    0
 16319, 90617,20210923,  175,    0
 16319, 90617,20210924,    0,    0
 16319, 90617,20210925,    0,    0
 16319, 90617,20210926,    0,    0
 16319, 90617,20210927,    0,    0
 16319, 90617,20210928,    0,    0
 16319, 90617,20210929,    0,    0
 16319, 90617,20210930,    0,    0
 16319, 90617,20211001,    0,    0
 16319, 90617,20211002,    0,    0
 16319, 90617,20211003,   21,    0
 16319, 90617,20211004,    0,    0
 16319, 90617,20211005,    0,    0
 16319, 90617,20211006,    0,    0
 16319, 90617,20211007,    0,    0
 16319, 90617,20211008,    1,    0
 16319, 90617,20211009,    0,    0
 16319, 90617,20211010,    0,    0
 16319, 90617,20211011,    0,    0
 16319, 90617,20211012,    0,    0
 16319, 90617,20211013,    0,    0
 16319, 90617,20211014,    0,    0
 16319, 90617,20211015,    0,    0
 16319, 90617,20211016,    0,    0
 16319, 90617,20211017,    0,    0
 16319, 90617,20211018,    0,    0
 16319, 90617,20211019,    0,    0
 16319, 90617,20211020,    0,    0
 16319, 90617,20211021,    0,    0
 16319, 90617,20211022,    0,    0
 16319, 90617,20211023,    0,    0
 16319, 90617,20211024,    0,    0
 16319, 90617,20211025,    0,    0
 16319, 90617,20211026,    0,    0
 16319, 90617,20211027,    0,    0
 16319, 90617,20211028,    0,    0
 16319, 90617,20211029,    0,    0
 16319, 90617,20211030,  100,    0
 16319, 90617,20211031,    3,    0
 16319, 90617,20211101,   10,    0
 16319, 90617,20211102,    0,    0
 16319, 90617,20211103,    0,    0
 16319, 90617,20211104,    0,    0
 16319, 90617,20211105,    0,    0
 16319, 90617,20211106,    0,    0
 16319, 90617,20211107,    0,    0
 16319, 90617,20211108,    0,    0
 16319, 90617,20211109,    0,    0
 16319, 90617,20211110,    2,    0
 16319, 90617,20211111,   13,    0
 16319, 90617,20211112,   16,    0
 16319, 90617,20211113,    0,    0
 16319, 90617,20211114,    0,    0
 16319, 90617,20211115,    0,    0
 16319, 90617,20211116,    0,    0
 16319, 90617,20211117,    0,    0
 16319, 90617,20211118,    0,    0
 16319, 90617,20211119,    0,    0
 16319, 90617,20211120,    0,    0
 16319, 90617,20211121,    0,    0
 16319, 90617,20211122,   99,    0
 16319, 90617,20211123,  410,    0
 16319, 90617,20211124,   77,    0
 16319, 90617,20211125,   98,    0
 16319, 90617,20211126,    0,    0
 16319, 90617,20211127,    0,    0
 16319, 90617,20211128,    0,    0
 16319, 90617,20211129,    1,    0
 16319, 90617,20211130,    0,    0
 16319, 90617,20211201,    0,    0
 16319, 90617,20211202,    0,    0
 16319, 90617,20211203,    0,    0
 16319, 90617,20211204,    0,    0
 16319, 90617,20211205,    8,    0
 16319, 90617,20211206,    0,    0
 16319, 90617,20211207,    0,    0
 16319, 90617,20211208,   10,    0
 16319, 90617,20211209,    1,    0
 16319, 90617,20211210,    0,    0
 16319, 90617,20211211,    0,    0
 16319, 90617,20211212,    0,    0
 16319, 90617,20211213,    0,    0
 16319, 90617,20211214,    0,    0
 16319, 90617,20211215,    0,    0
 16319, 90617,20211216,    0,    0
 16319, 90617,20211217,    0,    0
 16319, 90617,20211218,    0,    0
 16319, 90617,20211219,    0,    0
 16319, 90617,20211220,    0,    0
 16319, 90617,20211221,    0,    0
 16319, 90617,20211222,    0,    0
 16319, 90617,20211223,    0,    0
 16319, 90617,20211224,   10,    0
 16319, 90617,20211225,    1,    0
 16319, 90617,20211226,    0,    0
 16319, 90617,20211227,    0,    0
 16319, 90617,20211228,    0,    0
 16319, 90617,20211229,    0,    0
 16319, 90617,20211230,    0,    0
 16319, 90617,20211231,    0,    0
 16319, 90617,20220101,-9999,    9
 16319, 90617,20220102,-9999,    9
 16319, 90617,20220103,-9999,    9
 16319, 90617,20220104,-9999,    9
 16319, 90617,20220105,-9999,    9
 16319, 90617,20220106,-9999,    9
 16319, 90617,20220107,-9999,    9
 16319, 90617,20220108,-9999,    9
 16319, 90617,20220109,-9999,    9
 16319, 90617,20220110,-9999,    9
 16319, 90617,20220111,-9999,    9
 16319, 90617,20220112,-9999,    9
 16319, 90617,20220113,-9999,    9
 16319, 90617,20220114,-9999,    9
 16319, 90617,20220115,-9999,    9
 16319, 90617,20220116,-9999,    9
 16319, 90617,20220117,-9999,    9
 16319, 90617,20220118,-9999,    9
 16319, 90617,20220119,-9999,    9
 16319, 90617,20220120,-9999,    9
 16319, 90617,20220121,-9999,    9
 16319, 90617,20220122,-9999,    9
 16319, 90617,20220123,-9999,    9
 16319, 90617,20220124,-9999,    9
 16319, 90617,20220125,-9999,    9
 16319, 90617,20220126,-9999,    9
 16319, 90617,20220127,-9999,    9
 16319, 90617,20220128,-9999,    9
 16319, 90617,20220129,-9999,    9
 16319, 90617,20220130,-9999,    9
 16319, 90617,20220131,-9999,    9
 16319, 90617,20220201,-9999,    9
 16319, 90617,20220202,-9999,    9
 16319, 90617,20220203,-9999,    9
 16319, 90617,20220204,-9999,    9
 16319, 90617,20220205,-9999,    9
 16319, 90617,20220206,-9999,    9
 16319, 90617,20220207,-9999,    9
 16319, 90617,20220208,-9999,    9
 16319, 90617,20220209,-9999,    9
 16319, 90617,20220210,-9999,    9
 16319, 90617,20220211,-9999,    9
 16319, 90617,20220212,-9999,    9
 16319, 90617,20220213,-9999,    9
 16319, 90617,20220214,-9999,    9
 16319, 90617,20220215,-9999,    9
 16319, 90617,20220216,-9999,    9
 16319, 90617,20220217,-9999,    9
 16319, 90617,20220218,-9999,    9
 16319, 90617,20220219,-9999,    9
 16319, 90617,20220220,-9999,    9
 16319, 90617,20220221,-9999,    9
 16319, 90617,20220222,-9999,    9
 16319, 90617,20220223,-9999,    9
 16319, 90617,20220224,-9999,    9
 16319, 90617,20220225,-9999,    9
 16319, 90617,20220226,-9999,    9
 16319, 90617,20220227,-9999,    9
 16319, 90617,20220228,-9999,    9
 16319, 90617,20220301,-9999,    9
 16319, 90617,20220302,-9999,    9
 16319, 90617,20220303,-9999,    9
 16319, 90617,20220304,-9999,    9
 16319, 90617,20220305,-9999,    9
 16319, 90617,20220306,-9999,    9
 16319, 90617,20220307,-9999,    9
 16319, 90617,20220308,-9999,    9
 16319, 90617,20220309,-9999,    9
 16319, 90617,20220310,-9999,    9
 16319, 90617,20220311,-9999,    9
 16319, 90617,20220312,-9999,    9
 16319, 90617,20220313,-9999,    9
 16319, 90617,20220314,-9999,    9
 16319, 90617,20220315,-9999,    9
 16319, 90617,20220316,-9999,    9
 16319, 90617,20220317,-9999,    9
 16319, 90617,20220318,-9999,    9
 16319, 90617,20220319,-9999,    9
 16319, 90617,20220320,-9999,    9
 16319, 90617,20220321,-9999,    9
 16319, 90617,20220322,-9999,    9
 16319, 90617,20220323,-9999,    9
 16319, 90617,20220324,-9999,    9
 16319, 90617,20220325,-9999,    9
 16319, 90617,20220326,-9999,    9
 16319, 90617,20220327,-9999,    9
 16319, 90617,20220328,-9999,    9
 16319, 90617,20220329,-9999,    9
 16319, 90617,20220330,-9999,    9
 16319, 90617,20220331,-9999,    9
 16319, 90617,20220401,-9999,    9
 16319, 90617,20220402,-9999,    9
 16319, 90617,20220403,-9999,    9
 16319, 90617,20220404,-9999,    9
 16319, 90617,20220405,-9999,    9
 16319, 90617,20220406,-9999,    9
 16319, 90617,20220407,-9999,    9
 16319, 90617,20220408,-9999,    9
 16319, 90617,20220409,-9999,    9
 16319, 90617,20220410,-9999,    9
 16319, 90617,20220411,-9999,    9
 16319, 90617,20220412,-9999,    9
 16319, 90617,20220413,-9999,    9
 16319, 90617,20220414,-9999,    9
 16319, 90617,20220415,-9999,    9
 16319, 90617,20220416,-9999,    9
 16319, 90617,20220417,-9999,    9
 16319, 90617,20220418,-9999,    9
 16319, 90617,20220419,-9999,    9
 16319, 90617,20220420,-9999,    9
 16319, 90617,20220421,-9999,    9
 16319, 90617,20220422,-9999,    9
 16319, 90617,20220423,-9999,    9
 16319, 90617,20220424,-9999,    9
 16319, 90617,20220425,-9999,    9
 16319, 90617,20220426,-9999,    9
 16319, 90617,20220427,-9999,    9
 16319, 90617,20220428,-9999,    9
 16319, 90617,20220429,-9999,    9
 16319, 90617,20220430,-9999,    9
 16319, 90617,20220501,-9999,    9
 16319, 90617,20220502,-9999,    9
 16319, 90617,20220503,-9999,    9
 16319, 90617,20220504,-9999,    9
 16319, 90617,20220505,-9999,    9
 16319, 90617,20220506,-9999,    9
 16319, 90617,20220507,-9999,    9
 16319, 90617,20220508,-9999,    9
 16319, 90617,20220509,-9999,    9
 16319, 90617,20220510,-9999,    9
 16319, 90617,20220511,-9999,    9
 16319, 90617,20220512,-9999,    9
 16319, 90617,20220513,-9999,    9
 16319, 90617,20220514,-9999,    9
 16319, 90617,20220515,-9999,    9
 16319, 90617,20220516,-9999,    9
 16319, 90617,20220517,-9999,    9
 16319, 90617,20220518,-9999,    9
 16319, 90617,20220519,-9999,    9
 16319, 90617,20220520,-9999,    9
 16319, 90617,20220521,-9999,    9
 16319, 90617,20220522,-9999,    9
 16319, 90617,20220523,-9999,    9
 16319, 90617,20220524,-9999,    9
 16319, 90617,20220525,-9999,    9
 16319, 90617,20220526,-9999,    9
 16319, 90617,20220527,-9999,    9
 16319, 90617,20220528,-9999,    9
 16319, 90617,20220529,-9999,    9
 16319, 90617,20220530,-9999,    9
 16319, 90617,20220531,-9999,    9
 16319, 90617,20220601,-9999,    9
 16319, 90617,20220602,-9999,    9
 16319, 90617,20220603,-9999,    9
 16319, 90617,20220604,-9999,    9
 16319, 90617,20220605,-9999,    9
 16319, 90617,20220606,-9999,    9
 16319, 90617,20220607,-9999,    9
 16319, 90617,20220608,-9999,    9
 16319, 90617,20220609,-9999,    9
 16319, 90617,20220610,-9999,    9
 16319, 90617,20220611,-9999,    9
 16319, 90617,20220612,-9999,    9
 16319, 90617,20220613,-9999,    9
 16319, 90617,20220614,-9999,    9
 16319, 90617,20220615,-9999,    9
 16319, 90617,20220616,-9999,    9
 16319, 90617,20220617,-9999,    9
 16319, 90617,20220618,-9999,    9
 16319, 90617,20220619,-9999,    9
 16319, 90617,20220620,-9999,    9
 16319, 90617,20220621,-9999,    9
 16319, 90617,20220622,-9999,    9
 16319, 90617,20220623,-9999,    9
 16319, 90617,20220624,-9999,    9
 16319, 90617,20220625,-9999,    9
 16319, 90617,20220626,-9999,    9
 16319, 90617,20220627,-9999,    9
 16319, 90617,20220628,-9999,    9
 16319, 90617,20220629,-9999,    9
 16319, 90617,20220630,-9999,    9
 16319, 90617,20220701,-9999,    9
 16319, 90617,20220702,-9999,    9
 16319, 90617,20220703,-9999,    9
 16319, 90617,20220704,-9999,    9
 16319, 90617,20220705,-9999,    9
 16319, 90617,20220706,-9999,    9
 16319, 90617,20220707,-9999,    9
 16319, 90617,20220708,-9999,    9
 16319, 90617,20220709,-9999,    9
 16319, 90617,20220710,-9999,    9
 16319, 90617,20220711,-9999,    9
 16319, 90617,20220712,-9999,    9
 16319, 90617,20220713,-9999,    9
 16319, 90617,20220714,-9999,    9
 16319, 90617,20220715,-9999,    9
 16319, 90617,20220716,-9999,    9
 16319, 90617,20220717,-9999,    9
 16319, 90617,20220718,-9999,    9
 16319, 90617,20220719,-9999,    9
 16319, 90617,20220720,-9999,    9
 16319, 90617,20220721,-9999,    9
 16319, 90617,20220722,-9999,    9
 16319, 90617,20220723,-9999,    9
 16319, 90617,20220724,-9999,    9
 16319, 90617,20220725,-9999,    9
 16319, 90617,20220726,-9999,    9
 16319, 90617,20220727,-9999,    9
 16319, 90617,20220728,-9999,    9
 16319, 90617,20220729,-9999,    9
 16319, 90617,20220730,-9999,    9
 16319, 90617,20220731,-9999,    9
 16319, 90617,20220801,-9999,    9
 16319, 90617,20220802,-9999,    9
 16319, 90617,20220803,-9999,    9
 16319, 90617,20220804,-9999,    9
 16319, 90617,20220805,-9999,    9
 16319, 90617,20220806,-9999,    9
 16319, 90617,20220807,-9999,    9
 16319, 90617,20220808,-9999,    9
 16319, 90617,20220809,-9999,    9
 16319, 90617,20220810,-9999,    9
 16319, 90617,20220811,-9999,    9
 16319, 90617,20220812,-9999,    9
 16319, 90617,20220813,-9999,    9
 16319, 90617,20220814,-9999,    9
 16319, 90617,20220815,-9999,    9
 16319, 90617,20220816,-9999,    9
 16319, 90617,20220817,-9999,    9
 16319, 90617,20220818,-9999,    9
 16319, 90617,20220819,-9999,    9
 16319, 90617,20220820,-9999,    9
 16319, 90617,20220821,-9999,    9
 16319, 90617,20220822,-9999,    9
 16319, 90617,20220823,-9999,    9
 16319, 90617,20220824,-9999,    9
 16319, 90617,20220825,-9999,    9
 16319, 90617,20220826,-9999,    9
 16319, 90617,20220827,-9999,    9
 16319, 90617,20220828,-9999,    9
 16319, 90617,20220829,-9999,    9
 16319, 90617,20220830,-9999,    9
 16319, 90617,20220831,-9999,    9
 16319, 90617,20220901,-9999,    9
 16319, 90617,20220902,-9999,    9
 16319, 90617,20220903,-9999,    9
 16319, 90617,20220904,-9999,    9
 16319, 90617,20220905,-9999,    9
 16319, 90617,20220906,-9999,    9
 16319, 90617,20220907,-9999,    9
 16319, 90617,20220908,-9999,    9
 16319, 90617,20220909,-9999,    9
 16319, 90617,20220910,-9999,    9
 16319, 90617,20220911,-9999,    9
 16319, 90617,20220912,-9999,    9
 16319, 90617,20220913,-9999,    9
 16319, 90617,20220914,-9999,    9
 16319, 90617,20220915,-9999,    9
 16319, 90617,20220916,-9999,    9
 16319, 90617,20220917,-9999,    9
 16319, 90617,20220918,-9999,    9
 16319, 90617,20220919,-9999,    9
 16319, 90617,20220920,-9999,    9
 16319, 90617,20220921,-9999,    9
 16319, 90617,20220922,-9999,    9
 16319, 90617,20220923,-9999,    9
 16319, 90617,20220924,-9999,    9
 16319, 90617,20220925,-9999,    9
 16319, 90617,20220926,-9999,    9
 16319, 90617,20220927,-9999,    9
 16319, 90617,20220928,-9999,    9
 16319, 90617,20220929,-9999,    9
 16319, 90617,20220930,-9999,    9
 16319, 90617,20221001,-9999,    9
 16319, 90617,20221002,-9999,    9
 16319, 90617,20221003,-9999,    9
 16319, 90617,20221004,-9999,    9
 16319, 90617,20221005,-9999,    9
 16319, 90617,20221006,-9999,    9
 16319, 90617,20221007,-9999,    9
 16319, 90617,20221008,-9999,    9
 16319, 90617,20221009,-9999,    9
 16319, 90617,20221010,-9999,    9
 16319, 90617,20221011,-9999,    9
 16319, 90617,20221012,-9999,    9
 16319, 90617,20221013,-9999,    9
 16319, 90617,20221014,-9999,    9
 16319, 90617,20221015,-9999,    9
 16319, 90617,20221016,-9999,    9
 16319, 90617,20221017,-9999,    9
 16319, 90617,20221018,-9999,    9
 16319, 90617,20221019,-9999,    9
 16319, 90617,20221020,-9999,    9
 16319, 90617,20221021,-9999,    9
 16319, 90617,20221022,-9999,    9
 16319, 90617,20221023,-9999,    9
 16319, 90617,20221024,-9999,    9
 16319, 90617,20221025,-9999,    9
 16319, 90617,20221026,-9999,    9
 16319, 90617,20221027,-9999,    9
 16319, 90617,20221028,-9999,    9
 16319, 90617,20221029,-9999,    9
 16319, 90617,20221030,-9999,    9
 16319, 90617,20221031,-9999,    9
