EUROPEAN CLIMATE ASSESSMENT & DATASET (ECA&D), file created on: 16-11-2022
THESE DATA CAN BE USED FOR NON-COMMERCIAL RESEARCH AND EDUCATION PROVIDED THAT THE FOLLOWING SOURCE IS ACKNOWLEDGED: 

Klein Tank, A.M.G. and Coauthors, 2002. Daily dataset of 20th-century surface
air temperature and precipitation series for the European Climate Assessment.
Int. J. of Climatol., 22, 1441-1453.
Data and metadata available at http://www.ecad.eu

FILE FORMAT (MISSING VALUE CODE = -9999):

01-06 STAID: Station identifier
08-13 SOUID: Source identifier
15-22 DATE : Date YYYYMMDD
24-28 RR   : Precipitation amount in 0.1 mm
30-34 Q_RR : quality code for RR (0='valid'; 1='suspect'; 9='missing')

This is the blended series of station SVEAGRUVA II, NORWAY (STAID: 18181)
Blended and updated with sources:101703 
See files sources.txt and stations.txt for more info.

STAID, SOUID,    DATE,   RR, Q_RR
 18181,101703,20161001,-9999,    9
 18181,101703,20161002,-9999,    9
 18181,101703,20161003,-9999,    9
 18181,101703,20161004,-9999,    9
 18181,101703,20161005,-9999,    9
 18181,101703,20161006,-9999,    9
 18181,101703,20161007,-9999,    9
 18181,101703,20161008,-9999,    9
 18181,101703,20161009,-9999,    9
 18181,101703,20161010,-9999,    9
 18181,101703,20161011,-9999,    9
 18181,101703,20161012,-9999,    9
 18181,101703,20161013,-9999,    9
 18181,101703,20161014,-9999,    9
 18181,101703,20161015,-9999,    9
 18181,101703,20161016,-9999,    9
 18181,101703,20161017,-9999,    9
 18181,101703,20161018,-9999,    9
 18181,101703,20161019,-9999,    9
 18181,101703,20161020,-9999,    9
 18181,101703,20161021,-9999,    9
 18181,101703,20161022,-9999,    9
 18181,101703,20161023,-9999,    9
 18181,101703,20161024,-9999,    9
 18181,101703,20161025,-9999,    9
 18181,101703,20161026,-9999,    9
 18181,101703,20161027,-9999,    9
 18181,101703,20161028,-9999,    9
 18181,101703,20161029,-9999,    9
 18181,101703,20161030,-9999,    9
 18181,101703,20161031,-9999,    9
 18181,101703,20161101,-9999,    9
 18181,101703,20161102,-9999,    9
 18181,101703,20161103,-9999,    9
 18181,101703,20161104,-9999,    9
 18181,101703,20161105,-9999,    9
 18181,101703,20161106,-9999,    9
 18181,101703,20161107,-9999,    9
 18181,101703,20161108,-9999,    9
 18181,101703,20161109,-9999,    9
 18181,101703,20161110,-9999,    9
 18181,101703,20161111,-9999,    9
 18181,101703,20161112,-9999,    9
 18181,101703,20161113,-9999,    9
 18181,101703,20161114,-9999,    9
 18181,101703,20161115,-9999,    9
 18181,101703,20161116,-9999,    9
 18181,101703,20161117,-9999,    9
 18181,101703,20161118,-9999,    9
 18181,101703,20161119,-9999,    9
 18181,101703,20161120,    5,    0
 18181,101703,20161121,    0,    0
 18181,101703,20161122,    1,    0
 18181,101703,20161123,    1,    0
 18181,101703,20161124,    1,    0
 18181,101703,20161125,   14,    0
 18181,101703,20161126,    0,    0
 18181,101703,20161127,    0,    0
 18181,101703,20161128,    3,    0
 18181,101703,20161129,    8,    0
 18181,101703,20161130,-9999,    9
 18181,101703,20161201,-9999,    9
 18181,101703,20161202,-9999,    9
 18181,101703,20161203,-9999,    9
 18181,101703,20161204,-9999,    9
 18181,101703,20161205,-9999,    9
 18181,101703,20161206,-9999,    9
 18181,101703,20161207,-9999,    9
 18181,101703,20161208,-9999,    9
 18181,101703,20161209,-9999,    9
 18181,101703,20161210,-9999,    9
 18181,101703,20161211,-9999,    9
 18181,101703,20161212,-9999,    9
 18181,101703,20161213,-9999,    9
 18181,101703,20161214,    1,    0
 18181,101703,20161215,    6,    0
 18181,101703,20161216,    1,    0
 18181,101703,20161217,   26,    0
 18181,101703,20161218,    4,    0
 18181,101703,20161219,   47,    0
 18181,101703,20161220,    2,    0
 18181,101703,20161221,   92,    0
 18181,101703,20161222,   42,    0
 18181,101703,20161223,    0,    0
 18181,101703,20161224,    6,    0
 18181,101703,20161225,    2,    0
 18181,101703,20161226,   16,    0
 18181,101703,20161227,    5,    0
 18181,101703,20161228,    9,    0
 18181,101703,20161229,    6,    0
 18181,101703,20161230,    0,    0
 18181,101703,20161231,    0,    0
 18181,101703,20170101,    3,    0
 18181,101703,20170102,   17,    0
 18181,101703,20170103,    1,    0
 18181,101703,20170104,  122,    0
 18181,101703,20170105,   21,    0
 18181,101703,20170106,    0,    0
 18181,101703,20170107,    3,    0
 18181,101703,20170108,    0,    0
 18181,101703,20170109,    1,    0
 18181,101703,20170110,    0,    0
 18181,101703,20170111,    0,    0
 18181,101703,20170112,    1,    0
 18181,101703,20170113,    0,    0
 18181,101703,20170114,    0,    0
 18181,101703,20170115,    1,    0
 18181,101703,20170116,   11,    0
 18181,101703,20170117,   40,    0
 18181,101703,20170118,   18,    0
 18181,101703,20170119,    0,    0
 18181,101703,20170120,    0,    0
 18181,101703,20170121,    1,    0
 18181,101703,20170122,    0,    0
 18181,101703,20170123,    0,    0
 18181,101703,20170124,   76,    0
 18181,101703,20170125,    3,    0
 18181,101703,20170126,    0,    0
 18181,101703,20170127,    0,    0
 18181,101703,20170128,    0,    0
 18181,101703,20170129,    0,    0
 18181,101703,20170130,    0,    0
 18181,101703,20170131,    0,    0
 18181,101703,20170201,    0,    0
 18181,101703,20170202,    0,    0
 18181,101703,20170203,   24,    0
 18181,101703,20170204,   16,    0
 18181,101703,20170205,   15,    0
 18181,101703,20170206,   94,    0
 18181,101703,20170207,   76,    0
 18181,101703,20170208,   27,    0
 18181,101703,20170209,   42,    0
 18181,101703,20170210,   27,    0
 18181,101703,20170211,   44,    0
 18181,101703,20170212,    6,    0
 18181,101703,20170213,    1,    0
 18181,101703,20170214,    8,    0
 18181,101703,20170215,    3,    0
 18181,101703,20170216,    0,    0
 18181,101703,20170217,    0,    0
 18181,101703,20170218,    4,    0
 18181,101703,20170219,   44,    0
 18181,101703,20170220,  150,    0
 18181,101703,20170221,    1,    0
 18181,101703,20170222,    0,    0
 18181,101703,20170223,   10,    0
 18181,101703,20170224,    0,    0
 18181,101703,20170225,    0,    0
 18181,101703,20170226,    0,    0
 18181,101703,20170227,    0,    0
 18181,101703,20170228,    2,    0
 18181,101703,20170301,    0,    0
 18181,101703,20170302,    0,    0
 18181,101703,20170303,    0,    0
 18181,101703,20170304,    9,    0
 18181,101703,20170305,    1,    0
 18181,101703,20170306,   12,    0
 18181,101703,20170307,   20,    0
 18181,101703,20170308,    0,    0
 18181,101703,20170309,    2,    0
 18181,101703,20170310,   11,    0
 18181,101703,20170311,    7,    0
 18181,101703,20170312,    4,    0
 18181,101703,20170313,   16,    0
 18181,101703,20170314,    1,    0
 18181,101703,20170315,    0,    0
 18181,101703,20170316,    2,    0
 18181,101703,20170317,    1,    0
 18181,101703,20170318,    0,    0
 18181,101703,20170319,    0,    0
 18181,101703,20170320,    0,    0
 18181,101703,20170321,    0,    0
 18181,101703,20170322,    0,    0
 18181,101703,20170323,    7,    0
 18181,101703,20170324,    0,    0
 18181,101703,20170325,    0,    0
 18181,101703,20170326,    0,    0
 18181,101703,20170327,    0,    0
 18181,101703,20170328,    0,    0
 18181,101703,20170329,    0,    0
 18181,101703,20170330,    0,    0
 18181,101703,20170331,    0,    0
 18181,101703,20170401,    0,    0
 18181,101703,20170402,    0,    0
 18181,101703,20170403,    1,    0
 18181,101703,20170404,   12,    0
 18181,101703,20170405,    5,    0
 18181,101703,20170406,    0,    0
 18181,101703,20170407,    0,    0
 18181,101703,20170408,    7,    0
 18181,101703,20170409,    0,    0
 18181,101703,20170410,    0,    0
 18181,101703,20170411,    0,    0
 18181,101703,20170412,    0,    0
 18181,101703,20170413,    1,    0
 18181,101703,20170414,    0,    0
 18181,101703,20170415,    0,    0
 18181,101703,20170416,    0,    0
 18181,101703,20170417,    0,    0
 18181,101703,20170418,    0,    0
 18181,101703,20170419,    0,    0
 18181,101703,20170420,    0,    0
 18181,101703,20170421,    1,    0
 18181,101703,20170422,    0,    0
 18181,101703,20170423,    0,    0
 18181,101703,20170424,    0,    0
 18181,101703,20170425,    0,    0
 18181,101703,20170426,    1,    0
 18181,101703,20170427,   10,    0
 18181,101703,20170428,   28,    0
 18181,101703,20170429,    5,    0
 18181,101703,20170430,    0,    0
 18181,101703,20170501,    0,    0
 18181,101703,20170502,    0,    0
 18181,101703,20170503,   14,    0
 18181,101703,20170504,    1,    0
 18181,101703,20170505,    0,    0
 18181,101703,20170506,    0,    0
 18181,101703,20170507,    0,    0
 18181,101703,20170508,    1,    0
 18181,101703,20170509,    0,    0
 18181,101703,20170510,    0,    0
 18181,101703,20170511,    0,    0
 18181,101703,20170512,    0,    0
 18181,101703,20170513,    0,    0
 18181,101703,20170514,   17,    0
 18181,101703,20170515,    0,    0
 18181,101703,20170516,    0,    0
 18181,101703,20170517,    0,    0
 18181,101703,20170518,    0,    0
 18181,101703,20170519,    0,    0
 18181,101703,20170520,    0,    0
 18181,101703,20170521,   15,    0
 18181,101703,20170522,    0,    0
 18181,101703,20170523,    0,    0
 18181,101703,20170524,    0,    0
 18181,101703,20170525,    0,    0
 18181,101703,20170526,    1,    0
 18181,101703,20170527,    0,    0
 18181,101703,20170528,    0,    0
 18181,101703,20170529,   15,    0
 18181,101703,20170530,    0,    0
 18181,101703,20170531,    0,    0
 18181,101703,20170601,    1,    0
 18181,101703,20170602,    0,    0
 18181,101703,20170603,    0,    0
 18181,101703,20170604,    0,    0
 18181,101703,20170605,    0,    0
 18181,101703,20170606,    1,    0
 18181,101703,20170607,    2,    0
 18181,101703,20170608,    0,    0
 18181,101703,20170609,    0,    0
 18181,101703,20170610,    0,    0
 18181,101703,20170611,    0,    0
 18181,101703,20170612,    1,    0
 18181,101703,20170613,    0,    0
 18181,101703,20170614,    0,    0
 18181,101703,20170615,    0,    0
 18181,101703,20170616,    0,    0
 18181,101703,20170617,    0,    0
 18181,101703,20170618,    0,    0
 18181,101703,20170619,    0,    0
 18181,101703,20170620,   12,    0
 18181,101703,20170621,    0,    0
 18181,101703,20170622,    1,    0
 18181,101703,20170623,    5,    0
 18181,101703,20170624,    0,    0
 18181,101703,20170625,   18,    0
 18181,101703,20170626,    0,    0
 18181,101703,20170627,    0,    0
 18181,101703,20170628,   16,    0
 18181,101703,20170629,    0,    0
 18181,101703,20170630,    0,    0
 18181,101703,20170701,    0,    0
 18181,101703,20170702,    0,    0
 18181,101703,20170703,    0,    0
 18181,101703,20170704,    0,    0
 18181,101703,20170705,    2,    0
 18181,101703,20170706,    0,    0
 18181,101703,20170707,    0,    0
 18181,101703,20170708,    0,    0
 18181,101703,20170709,    0,    0
 18181,101703,20170710,    0,    0
 18181,101703,20170711,    6,    0
 18181,101703,20170712,   35,    0
 18181,101703,20170713,   16,    0
 18181,101703,20170714,    0,    0
 18181,101703,20170715,    0,    0
 18181,101703,20170716,    3,    0
 18181,101703,20170717,    0,    0
 18181,101703,20170718,   47,    0
 18181,101703,20170719,   20,    0
 18181,101703,20170720,    0,    0
 18181,101703,20170721,    0,    0
 18181,101703,20170722,    2,    0
 18181,101703,20170723,    1,    0
 18181,101703,20170724,    3,    0
 18181,101703,20170725,    0,    0
 18181,101703,20170726,    0,    0
 18181,101703,20170727,    0,    0
 18181,101703,20170728,    2,    0
 18181,101703,20170729,    0,    0
 18181,101703,20170730,    0,    0
 18181,101703,20170731,    0,    0
 18181,101703,20170801,    0,    0
 18181,101703,20170802,    0,    0
 18181,101703,20170803,    0,    0
 18181,101703,20170804,    0,    0
 18181,101703,20170805,    0,    0
 18181,101703,20170806,    1,    0
 18181,101703,20170807,    0,    0
 18181,101703,20170808,    0,    0
 18181,101703,20170809,    4,    0
 18181,101703,20170810,    0,    0
 18181,101703,20170811,    1,    0
 18181,101703,20170812,    0,    0
 18181,101703,20170813,    2,    0
 18181,101703,20170814,   11,    0
 18181,101703,20170815,    0,    0
 18181,101703,20170816,   11,    0
 18181,101703,20170817,    0,    0
 18181,101703,20170818,    1,    0
 18181,101703,20170819,    0,    0
 18181,101703,20170820,    0,    0
 18181,101703,20170821,    0,    0
 18181,101703,20170822,    0,    0
 18181,101703,20170823,    0,    0
 18181,101703,20170824,    0,    0
 18181,101703,20170825,    0,    0
 18181,101703,20170826,    0,    0
 18181,101703,20170827,   16,    0
 18181,101703,20170828,   47,    0
 18181,101703,20170829,    9,    0
 18181,101703,20170830,    1,    0
 18181,101703,20170831,    2,    0
 18181,101703,20170901,    0,    0
 18181,101703,20170902,    4,    0
 18181,101703,20170903,    0,    0
 18181,101703,20170904,    0,    0
 18181,101703,20170905,    0,    0
 18181,101703,20170906,    0,    0
 18181,101703,20170907,    0,    0
 18181,101703,20170908,    0,    0
 18181,101703,20170909,    0,    0
 18181,101703,20170910,    0,    0
 18181,101703,20170911,    3,    0
 18181,101703,20170912,    0,    0
 18181,101703,20170913,    0,    0
 18181,101703,20170914,    0,    0
 18181,101703,20170915,    0,    0
 18181,101703,20170916,   19,    0
 18181,101703,20170917,    0,    0
 18181,101703,20170918,   36,    0
 18181,101703,20170919,    2,    0
 18181,101703,20170920,   15,    0
 18181,101703,20170921,    0,    0
 18181,101703,20170922,   22,    0
 18181,101703,20170923,   28,    0
 18181,101703,20170924,    2,    0
 18181,101703,20170925,   18,    0
 18181,101703,20170926,    0,    0
 18181,101703,20170927,    1,    0
 18181,101703,20170928,    0,    0
 18181,101703,20170929,    0,    0
 18181,101703,20170930,    0,    0
 18181,101703,20171001,    0,    0
 18181,101703,20171002,    0,    0
 18181,101703,20171003,    0,    0
 18181,101703,20171004,    0,    0
 18181,101703,20171005,    0,    0
 18181,101703,20171006,    0,    0
 18181,101703,20171007,    0,    0
 18181,101703,20171008,    0,    0
 18181,101703,20171009,    4,    0
 18181,101703,20171010,    0,    0
 18181,101703,20171011,    0,    0
 18181,101703,20171012,    0,    0
 18181,101703,20171013,    6,    0
 18181,101703,20171014,   23,    0
 18181,101703,20171015,   16,    0
 18181,101703,20171016,    3,    0
 18181,101703,20171017,    1,    0
 18181,101703,20171018,    0,    0
 18181,101703,20171019,    0,    0
 18181,101703,20171020,    0,    0
 18181,101703,20171021,    0,    0
 18181,101703,20171022,   45,    0
 18181,101703,20171023,   95,    0
 18181,101703,20171024,   14,    0
 18181,101703,20171025,    0,    0
 18181,101703,20171026,   12,    0
 18181,101703,20171027,    0,    0
 18181,101703,20171028,    0,    0
 18181,101703,20171029,    2,    0
 18181,101703,20171030,    0,    0
 18181,101703,20171031,    0,    0
 18181,101703,20171101,    0,    0
 18181,101703,20171102,    5,    0
 18181,101703,20171103,    0,    0
 18181,101703,20171104,    0,    0
 18181,101703,20171105,    0,    0
 18181,101703,20171106,    0,    0
 18181,101703,20171107,    0,    0
 18181,101703,20171108,    2,    0
 18181,101703,20171109,    7,    0
 18181,101703,20171110,    2,    0
 18181,101703,20171111,    3,    0
 18181,101703,20171112,    0,    0
 18181,101703,20171113,    1,    0
 18181,101703,20171114,    0,    0
 18181,101703,20171115,    0,    0
 18181,101703,20171116,    1,    0
 18181,101703,20171117,    0,    0
 18181,101703,20171118,    2,    0
 18181,101703,20171119,    0,    0
 18181,101703,20171120,    1,    0
 18181,101703,20171121,    0,    0
 18181,101703,20171122,    0,    0
 18181,101703,20171123,    3,    0
 18181,101703,20171124,    1,    0
 18181,101703,20171125,    1,    0
 18181,101703,20171126,    2,    0
 18181,101703,20171127,    2,    0
 18181,101703,20171128,    0,    0
 18181,101703,20171129,    0,    0
 18181,101703,20171130,   33,    0
 18181,101703,20171201,   49,    0
 18181,101703,20171202,   14,    0
 18181,101703,20171203,   36,    0
 18181,101703,20171204,    9,    0
 18181,101703,20171205,    0,    0
 18181,101703,20171206,    0,    0
 18181,101703,20171207,   12,    0
 18181,101703,20171208,    0,    0
 18181,101703,20171209,    2,    0
 18181,101703,20171210,    0,    0
 18181,101703,20171211,    0,    0
 18181,101703,20171212,    1,    0
 18181,101703,20171213,    0,    0
 18181,101703,20171214,    3,    0
 18181,101703,20171215,    0,    0
 18181,101703,20171216,   31,    0
 18181,101703,20171217,    7,    0
 18181,101703,20171218,    1,    0
 18181,101703,20171219,  100,    0
 18181,101703,20171220,   60,    0
 18181,101703,20171221,    3,    0
 18181,101703,20171222,    0,    0
 18181,101703,20171223,    0,    0
 18181,101703,20171224,    1,    0
 18181,101703,20171225,    1,    0
 18181,101703,20171226,-9999,    9
 18181,101703,20171227,-9999,    9
 18181,101703,20171228,-9999,    9
 18181,101703,20171229,-9999,    9
 18181,101703,20171230,-9999,    9
 18181,101703,20171231,-9999,    9
 18181,101703,20180101,-9999,    9
 18181,101703,20180102,-9999,    9
 18181,101703,20180103,-9999,    9
 18181,101703,20180104,-9999,    9
 18181,101703,20180105,-9999,    9
 18181,101703,20180106,-9999,    9
 18181,101703,20180107,-9999,    9
 18181,101703,20180108,-9999,    9
 18181,101703,20180109,-9999,    9
 18181,101703,20180110,-9999,    9
 18181,101703,20180111,    1,    0
 18181,101703,20180112,   64,    0
 18181,101703,20180113,  316,    0
 18181,101703,20180114,-9999,    9
 18181,101703,20180115,-9999,    9
 18181,101703,20180116,-9999,    9
 18181,101703,20180117,-9999,    9
 18181,101703,20180118,-9999,    9
 18181,101703,20180119,    0,    0
 18181,101703,20180120,    0,    0
 18181,101703,20180121,    0,    0
 18181,101703,20180122,    4,    0
 18181,101703,20180123,    0,    0
 18181,101703,20180124,    0,    0
 18181,101703,20180125,    0,    0
 18181,101703,20180126,    0,    0
 18181,101703,20180127,    9,    0
 18181,101703,20180128,    9,    0
 18181,101703,20180129,    1,    0
 18181,101703,20180130,    0,    0
 18181,101703,20180131,    0,    0
 18181,101703,20180201,    1,    0
 18181,101703,20180202,    0,    0
 18181,101703,20180203,    4,    0
 18181,101703,20180204,   92,    0
 18181,101703,20180205,   41,    0
 18181,101703,20180206,    1,    0
 18181,101703,20180207,    8,    0
 18181,101703,20180208,    1,    0
 18181,101703,20180209,    8,    0
 18181,101703,20180210,   11,    0
 18181,101703,20180211,   14,    0
 18181,101703,20180212,    0,    0
 18181,101703,20180213,    0,    0
 18181,101703,20180214,    1,    0
 18181,101703,20180215,    1,    0
 18181,101703,20180216,    0,    0
 18181,101703,20180217,    0,    0
 18181,101703,20180218,    0,    0
 18181,101703,20180219,    4,    0
 18181,101703,20180220,    0,    0
 18181,101703,20180221,    2,    0
 18181,101703,20180222,    0,    0
 18181,101703,20180223,    2,    0
 18181,101703,20180224,    0,    0
 18181,101703,20180225,   36,    0
 18181,101703,20180226,   70,    0
 18181,101703,20180227,  115,    0
 18181,101703,20180228,    3,    0
 18181,101703,20180301,    1,    0
 18181,101703,20180302,    0,    0
 18181,101703,20180303,    0,    0
 18181,101703,20180304,    0,    0
 18181,101703,20180305,    1,    0
 18181,101703,20180306,    0,    0
 18181,101703,20180307,    1,    0
 18181,101703,20180308,    0,    0
 18181,101703,20180309,    0,    0
 18181,101703,20180310,    0,    0
 18181,101703,20180311,    1,    0
 18181,101703,20180312,    0,    0
 18181,101703,20180313,    0,    0
 18181,101703,20180314,    0,    0
 18181,101703,20180315,   23,    0
 18181,101703,20180316,    6,    0
 18181,101703,20180317,    0,    0
 18181,101703,20180318,    4,    0
 18181,101703,20180319,    0,    0
 18181,101703,20180320,    0,    0
 18181,101703,20180321,    2,    0
 18181,101703,20180322,    0,    0
 18181,101703,20180323,    0,    0
 18181,101703,20180324,    1,    0
 18181,101703,20180325,    0,    0
 18181,101703,20180326,    1,    0
 18181,101703,20180327,    0,    0
 18181,101703,20180328,    0,    0
 18181,101703,20180329,    0,    0
 18181,101703,20180330,    3,    0
 18181,101703,20180331,    0,    0
 18181,101703,20180401,    0,    0
 18181,101703,20180402,    0,    0
 18181,101703,20180403,    1,    0
 18181,101703,20180404,    1,    0
 18181,101703,20180405,    0,    0
 18181,101703,20180406,    0,    0
 18181,101703,20180407,    0,    0
 18181,101703,20180408,    1,    0
 18181,101703,20180409,    3,    0
 18181,101703,20180410,    0,    0
 18181,101703,20180411,    5,    0
 18181,101703,20180412,  124,    0
 18181,101703,20180413,    5,    0
 18181,101703,20180414,    0,    0
 18181,101703,20180415,    0,    0
 18181,101703,20180416,    0,    0
 18181,101703,20180417,    6,    0
 18181,101703,20180418,    0,    0
 18181,101703,20180419,    0,    0
 18181,101703,20180420,    8,    0
 18181,101703,20180421,    0,    0
 18181,101703,20180422,    1,    0
 18181,101703,20180423,    2,    0
 18181,101703,20180424,    1,    0
 18181,101703,20180425,    0,    0
 18181,101703,20180426,    1,    0
 18181,101703,20180427,    0,    0
 18181,101703,20180428,    9,    0
 18181,101703,20180429,    0,    0
 18181,101703,20180430,    2,    0
 18181,101703,20180501,    0,    0
 18181,101703,20180502,    0,    0
 18181,101703,20180503,    0,    0
 18181,101703,20180504,    0,    0
 18181,101703,20180505,    0,    0
 18181,101703,20180506,   11,    0
 18181,101703,20180507,    7,    0
 18181,101703,20180508,   17,    0
 18181,101703,20180509,    7,    0
 18181,101703,20180510,    0,    0
 18181,101703,20180511,   70,    0
 18181,101703,20180512,    1,    0
 18181,101703,20180513,    1,    0
 18181,101703,20180514,    0,    0
 18181,101703,20180515,    1,    0
 18181,101703,20180516,   15,    0
 18181,101703,20180517,    1,    0
 18181,101703,20180518,   17,    0
 18181,101703,20180519,    6,    0
 18181,101703,20180520,    0,    0
 18181,101703,20180521,    0,    0
 18181,101703,20180522,    1,    0
 18181,101703,20180523,   11,    0
 18181,101703,20180524,    7,    0
 18181,101703,20180525,    0,    0
 18181,101703,20180526,    0,    0
 18181,101703,20180527,   12,    0
 18181,101703,20180528,    0,    0
 18181,101703,20180529,    3,    0
 18181,101703,20180530,    0,    0
 18181,101703,20180531,   60,    0
 18181,101703,20180601,    0,    0
 18181,101703,20180602,    0,    0
 18181,101703,20180603,    1,    0
 18181,101703,20180604,    0,    0
 18181,101703,20180605,    0,    0
 18181,101703,20180606,    0,    0
 18181,101703,20180607,    0,    0
 18181,101703,20180608,    0,    0
 18181,101703,20180609,    0,    0
 18181,101703,20180610,    0,    0
 18181,101703,20180611,    0,    0
 18181,101703,20180612,    0,    0
 18181,101703,20180613,    1,    0
 18181,101703,20180614,    0,    0
 18181,101703,20180615,   46,    0
 18181,101703,20180616,    4,    0
 18181,101703,20180617,    4,    0
 18181,101703,20180618,    0,    0
 18181,101703,20180619,    9,    0
 18181,101703,20180620,    0,    0
 18181,101703,20180621,    0,    0
 18181,101703,20180622,    2,    0
 18181,101703,20180623,    8,    0
 18181,101703,20180624,    3,    0
 18181,101703,20180625,    0,    0
 18181,101703,20180626,    5,    0
 18181,101703,20180627,    1,    0
 18181,101703,20180628,    0,    0
 18181,101703,20180629,    1,    0
 18181,101703,20180630,    0,    0
 18181,101703,20180701,   39,    0
 18181,101703,20180702,    0,    0
 18181,101703,20180703,    0,    0
 18181,101703,20180704,    0,    0
 18181,101703,20180705,    0,    0
 18181,101703,20180706,    0,    0
 18181,101703,20180707,    0,    0
 18181,101703,20180708,    0,    0
 18181,101703,20180709,   12,    0
 18181,101703,20180710,   33,    0
 18181,101703,20180711,    0,    0
 18181,101703,20180712,   11,    0
 18181,101703,20180713,    0,    0
 18181,101703,20180714,    2,    0
 18181,101703,20180715,   70,    0
 18181,101703,20180716,    4,    0
 18181,101703,20180717,    0,    0
 18181,101703,20180718,    0,    0
 18181,101703,20180719,   72,    0
 18181,101703,20180720,    0,    0
 18181,101703,20180721,    0,    0
 18181,101703,20180722,   19,    0
 18181,101703,20180723,   31,    0
 18181,101703,20180724,    0,    0
 18181,101703,20180725,    7,    0
 18181,101703,20180726,    5,    0
 18181,101703,20180727,    0,    0
 18181,101703,20180728,    2,    0
 18181,101703,20180729,    0,    0
 18181,101703,20180730,    0,    0
 18181,101703,20180731,    0,    0
 18181,101703,20180801,    0,    0
 18181,101703,20180802,   96,    0
 18181,101703,20180803,    0,    0
 18181,101703,20180804,    0,    0
 18181,101703,20180805,    0,    0
 18181,101703,20180806,    0,    0
 18181,101703,20180807,    0,    0
 18181,101703,20180808,    0,    0
 18181,101703,20180809,    0,    0
 18181,101703,20180810,    0,    0
 18181,101703,20180811,    1,    0
 18181,101703,20180812,    0,    0
 18181,101703,20180813,    0,    0
 18181,101703,20180814,    0,    0
 18181,101703,20180815,    0,    0
 18181,101703,20180816,    0,    0
 18181,101703,20180817,   57,    0
 18181,101703,20180818,   50,    0
 18181,101703,20180819,   28,    0
 18181,101703,20180820,   26,    0
 18181,101703,20180821,   14,    0
 18181,101703,20180822,    0,    0
 18181,101703,20180823,    0,    0
 18181,101703,20180824,    0,    0
 18181,101703,20180825,    4,    0
 18181,101703,20180826,    0,    0
 18181,101703,20180827,    0,    0
 18181,101703,20180828,    1,    0
 18181,101703,20180829,    9,    0
 18181,101703,20180830,   67,    0
 18181,101703,20180831,   49,    0
 18181,101703,20180901,   11,    0
 18181,101703,20180902,   12,    0
 18181,101703,20180903,   26,    0
 18181,101703,20180904,    9,    0
 18181,101703,20180905,   58,    0
 18181,101703,20180906,   11,    0
 18181,101703,20180907,    9,    0
 18181,101703,20180908,    2,    0
 18181,101703,20180909,    0,    0
 18181,101703,20180910,    0,    0
 18181,101703,20180911,    0,    0
 18181,101703,20180912,    0,    0
 18181,101703,20180913,    0,    0
 18181,101703,20180914,    0,    0
 18181,101703,20180915,    0,    0
 18181,101703,20180916,    0,    0
 18181,101703,20180917,    0,    0
 18181,101703,20180918,    0,    0
 18181,101703,20180919,    0,    0
 18181,101703,20180920,    0,    0
 18181,101703,20180921,    0,    0
 18181,101703,20180922,    2,    0
 18181,101703,20180923,   20,    0
 18181,101703,20180924,   81,    0
 18181,101703,20180925,    8,    0
 18181,101703,20180926,    8,    0
 18181,101703,20180927,    0,    0
 18181,101703,20180928,    0,    0
 18181,101703,20180929,    0,    0
 18181,101703,20180930,    0,    0
 18181,101703,20181001,    0,    0
 18181,101703,20181002,    0,    0
 18181,101703,20181003,    0,    0
 18181,101703,20181004,    0,    0
 18181,101703,20181005,    7,    0
 18181,101703,20181006,    2,    0
 18181,101703,20181007,    0,    0
 18181,101703,20181008,    0,    0
 18181,101703,20181009,    0,    0
 18181,101703,20181010,    0,    0
 18181,101703,20181011,    0,    0
 18181,101703,20181012,    0,    0
 18181,101703,20181013,    5,    0
 18181,101703,20181014,   22,    0
 18181,101703,20181015,    2,    0
 18181,101703,20181016,    0,    0
 18181,101703,20181017,    0,    0
 18181,101703,20181018,    0,    0
 18181,101703,20181019,    0,    0
 18181,101703,20181020,   33,    0
 18181,101703,20181021,   64,    0
 18181,101703,20181022,  127,    0
 18181,101703,20181023,   14,    0
 18181,101703,20181024,    6,    0
 18181,101703,20181025,    0,    0
 18181,101703,20181026,    1,    0
 18181,101703,20181027,    0,    0
 18181,101703,20181028,   14,    0
 18181,101703,20181029,    9,    0
 18181,101703,20181030,    3,    0
 18181,101703,20181031,    0,    0
 18181,101703,20181101,    3,    0
 18181,101703,20181102,    0,    0
 18181,101703,20181103,    0,    0
 18181,101703,20181104,    2,    0
 18181,101703,20181105,    3,    0
 18181,101703,20181106,    2,    0
 18181,101703,20181107,    0,    0
 18181,101703,20181108,    0,    0
 18181,101703,20181109,    0,    0
 18181,101703,20181110,   19,    0
 18181,101703,20181111,    6,    0
 18181,101703,20181112,    0,    0
 18181,101703,20181113,    0,    0
 18181,101703,20181114,   12,    0
 18181,101703,20181115,    0,    0
 18181,101703,20181116,    0,    0
 18181,101703,20181117,  116,    0
 18181,101703,20181118,  126,    0
 18181,101703,20181119,   14,    0
 18181,101703,20181120,    2,    0
 18181,101703,20181121,    0,    0
 18181,101703,20181122,    1,    0
 18181,101703,20181123,    2,    0
 18181,101703,20181124,    0,    0
 18181,101703,20181125,    0,    0
 18181,101703,20181126,    1,    0
 18181,101703,20181127,  107,    0
 18181,101703,20181128,   10,    0
 18181,101703,20181129,   24,    0
 18181,101703,20181130,   36,    0
 18181,101703,20181201,   13,    0
 18181,101703,20181202,   12,    0
 18181,101703,20181203,   11,    0
 18181,101703,20181204,    0,    0
 18181,101703,20181205,    8,    0
 18181,101703,20181206,   15,    0
 18181,101703,20181207,   20,    0
 18181,101703,20181208,    1,    0
 18181,101703,20181209,    0,    0
 18181,101703,20181210,    8,    0
 18181,101703,20181211,   11,    0
 18181,101703,20181212,  140,    0
 18181,101703,20181213,   22,    0
 18181,101703,20181214,  117,    0
 18181,101703,20181215,   80,    0
 18181,101703,20181216,    0,    0
 18181,101703,20181217,    0,    0
 18181,101703,20181218,   68,    0
 18181,101703,20181219,  142,    0
 18181,101703,20181220,    6,    0
 18181,101703,20181221,    3,    0
 18181,101703,20181222,   70,    0
 18181,101703,20181223,    2,    0
 18181,101703,20181224,    3,    0
 18181,101703,20181225,   13,    0
 18181,101703,20181226,    2,    0
 18181,101703,20181227,   12,    0
 18181,101703,20181228,   10,    0
 18181,101703,20181229,    1,    0
 18181,101703,20181230,    1,    0
 18181,101703,20181231,    0,    0
 18181,101703,20190101,    0,    0
 18181,101703,20190102,    0,    0
 18181,101703,20190103,    1,    0
 18181,101703,20190104,   15,    0
 18181,101703,20190105,    3,    0
 18181,101703,20190106,   33,    0
 18181,101703,20190107,   27,    0
 18181,101703,20190108,    6,    0
 18181,101703,20190109,    7,    0
 18181,101703,20190110,  114,    0
 18181,101703,20190111,    4,    0
 18181,101703,20190112,    0,    0
 18181,101703,20190113,    3,    0
 18181,101703,20190114,    0,    0
 18181,101703,20190115,    0,    0
 18181,101703,20190116,    0,    0
 18181,101703,20190117,    0,    0
 18181,101703,20190118,    0,    0
 18181,101703,20190119,    0,    0
 18181,101703,20190120,    0,    0
 18181,101703,20190121,    0,    0
 18181,101703,20190122,    0,    0
 18181,101703,20190123,    0,    0
 18181,101703,20190124,    0,    0
 18181,101703,20190125,    0,    0
 18181,101703,20190126,    1,    0
 18181,101703,20190127,    1,    0
 18181,101703,20190128,    5,    0
 18181,101703,20190129,   26,    0
 18181,101703,20190130,   10,    0
 18181,101703,20190131,    0,    0
 18181,101703,20190201,    5,    0
 18181,101703,20190202,   37,    0
 18181,101703,20190203,    6,    0
 18181,101703,20190204,    1,    0
 18181,101703,20190205,    2,    0
 18181,101703,20190206,   26,    0
 18181,101703,20190207,   41,    0
 18181,101703,20190208,    5,    0
 18181,101703,20190209,    6,    0
 18181,101703,20190210,   20,    0
 18181,101703,20190211,   20,    0
 18181,101703,20190212,   10,    0
 18181,101703,20190213,    0,    0
 18181,101703,20190214,    0,    0
 18181,101703,20190215,    0,    0
 18181,101703,20190216,    2,    0
 18181,101703,20190217,    0,    0
 18181,101703,20190218,    0,    0
 18181,101703,20190219,    0,    0
 18181,101703,20190220,    2,    0
 18181,101703,20190221,  110,    0
 18181,101703,20190222,   91,    0
 18181,101703,20190223,   13,    0
 18181,101703,20190224,   12,    0
 18181,101703,20190225,    0,    0
 18181,101703,20190226,    2,    0
 18181,101703,20190227,    0,    0
 18181,101703,20190228,    0,    0
 18181,101703,20190301,    2,    0
 18181,101703,20190302,    2,    0
 18181,101703,20190303,    0,    0
 18181,101703,20190304,    0,    0
 18181,101703,20190305,    1,    0
 18181,101703,20190306,   53,    0
 18181,101703,20190307,    0,    0
 18181,101703,20190308,    0,    0
 18181,101703,20190309,    8,    0
 18181,101703,20190310,    0,    0
 18181,101703,20190311,    0,    0
 18181,101703,20190312,    6,    0
 18181,101703,20190313,    0,    0
 18181,101703,20190314,    9,    0
 18181,101703,20190315,   30,    0
 18181,101703,20190316,    0,    0
 18181,101703,20190317,    1,    0
 18181,101703,20190318,  272,    0
 18181,101703,20190319,   62,    0
 18181,101703,20190320,    2,    0
 18181,101703,20190321,    8,    0
 18181,101703,20190322,   78,    0
 18181,101703,20190323,    6,    0
 18181,101703,20190324,   32,    0
 18181,101703,20190325,   38,    0
 18181,101703,20190326,    7,    0
 18181,101703,20190327,   25,    0
 18181,101703,20190328,  146,    0
 18181,101703,20190329,   32,    0
 18181,101703,20190330,    0,    0
 18181,101703,20190331,    0,    0
 18181,101703,20190401,    0,    0
 18181,101703,20190402,    0,    0
 18181,101703,20190403,    0,    0
 18181,101703,20190404,-9999,    9
 18181,101703,20190405,-9999,    9
 18181,101703,20190406,-9999,    9
 18181,101703,20190407,-9999,    9
 18181,101703,20190408,-9999,    9
 18181,101703,20190409,-9999,    9
 18181,101703,20190410,-9999,    9
 18181,101703,20190411,-9999,    9
 18181,101703,20190412,-9999,    9
 18181,101703,20190413,-9999,    9
 18181,101703,20190414,-9999,    9
 18181,101703,20190415,-9999,    9
 18181,101703,20190416,-9999,    9
 18181,101703,20190417,-9999,    9
 18181,101703,20190418,-9999,    9
 18181,101703,20190419,-9999,    9
 18181,101703,20190420,-9999,    9
 18181,101703,20190421,-9999,    9
 18181,101703,20190422,-9999,    9
 18181,101703,20190423,-9999,    9
 18181,101703,20190424,-9999,    9
 18181,101703,20190425,-9999,    9
 18181,101703,20190426,-9999,    9
 18181,101703,20190427,-9999,    9
 18181,101703,20190428,-9999,    9
 18181,101703,20190429,-9999,    9
 18181,101703,20190430,-9999,    9
 18181,101703,20190501,-9999,    9
 18181,101703,20190502,-9999,    9
 18181,101703,20190503,-9999,    9
 18181,101703,20190504,-9999,    9
 18181,101703,20190505,-9999,    9
 18181,101703,20190506,-9999,    9
 18181,101703,20190507,-9999,    9
 18181,101703,20190508,-9999,    9
 18181,101703,20190509,-9999,    9
 18181,101703,20190510,-9999,    9
 18181,101703,20190511,-9999,    9
 18181,101703,20190512,-9999,    9
 18181,101703,20190513,-9999,    9
 18181,101703,20190514,-9999,    9
 18181,101703,20190515,-9999,    9
 18181,101703,20190516,-9999,    9
 18181,101703,20190517,-9999,    9
 18181,101703,20190518,-9999,    9
 18181,101703,20190519,-9999,    9
 18181,101703,20190520,-9999,    9
 18181,101703,20190521,-9999,    9
 18181,101703,20190522,-9999,    9
 18181,101703,20190523,-9999,    9
 18181,101703,20190524,-9999,    9
 18181,101703,20190525,-9999,    9
 18181,101703,20190526,-9999,    9
 18181,101703,20190527,-9999,    9
 18181,101703,20190528,-9999,    9
 18181,101703,20190529,-9999,    9
 18181,101703,20190530,-9999,    9
 18181,101703,20190531,-9999,    9
 18181,101703,20190601,-9999,    9
 18181,101703,20190602,-9999,    9
 18181,101703,20190603,-9999,    9
 18181,101703,20190604,-9999,    9
 18181,101703,20190605,-9999,    9
 18181,101703,20190606,-9999,    9
 18181,101703,20190607,-9999,    9
 18181,101703,20190608,-9999,    9
 18181,101703,20190609,-9999,    9
 18181,101703,20190610,-9999,    9
 18181,101703,20190611,-9999,    9
 18181,101703,20190612,-9999,    9
 18181,101703,20190613,-9999,    9
 18181,101703,20190614,-9999,    9
 18181,101703,20190615,-9999,    9
 18181,101703,20190616,-9999,    9
 18181,101703,20190617,-9999,    9
 18181,101703,20190618,-9999,    9
 18181,101703,20190619,-9999,    9
 18181,101703,20190620,-9999,    9
 18181,101703,20190621,-9999,    9
 18181,101703,20190622,-9999,    9
 18181,101703,20190623,-9999,    9
 18181,101703,20190624,-9999,    9
 18181,101703,20190625,-9999,    9
 18181,101703,20190626,-9999,    9
 18181,101703,20190627,-9999,    9
 18181,101703,20190628,-9999,    9
 18181,101703,20190629,-9999,    9
 18181,101703,20190630,-9999,    9
 18181,101703,20190701,-9999,    9
 18181,101703,20190702,-9999,    9
 18181,101703,20190703,-9999,    9
 18181,101703,20190704,-9999,    9
 18181,101703,20190705,-9999,    9
 18181,101703,20190706,-9999,    9
 18181,101703,20190707,-9999,    9
 18181,101703,20190708,-9999,    9
 18181,101703,20190709,-9999,    9
 18181,101703,20190710,-9999,    9
 18181,101703,20190711,-9999,    9
 18181,101703,20190712,-9999,    9
 18181,101703,20190713,-9999,    9
 18181,101703,20190714,-9999,    9
 18181,101703,20190715,-9999,    9
 18181,101703,20190716,-9999,    9
 18181,101703,20190717,-9999,    9
 18181,101703,20190718,-9999,    9
 18181,101703,20190719,-9999,    9
 18181,101703,20190720,-9999,    9
 18181,101703,20190721,-9999,    9
 18181,101703,20190722,-9999,    9
 18181,101703,20190723,-9999,    9
 18181,101703,20190724,-9999,    9
 18181,101703,20190725,-9999,    9
 18181,101703,20190726,-9999,    9
 18181,101703,20190727,-9999,    9
 18181,101703,20190728,-9999,    9
 18181,101703,20190729,-9999,    9
 18181,101703,20190730,-9999,    9
 18181,101703,20190731,-9999,    9
 18181,101703,20190801,-9999,    9
 18181,101703,20190802,-9999,    9
 18181,101703,20190803,-9999,    9
 18181,101703,20190804,-9999,    9
 18181,101703,20190805,-9999,    9
 18181,101703,20190806,-9999,    9
 18181,101703,20190807,-9999,    9
 18181,101703,20190808,-9999,    9
 18181,101703,20190809,-9999,    9
 18181,101703,20190810,-9999,    9
 18181,101703,20190811,-9999,    9
 18181,101703,20190812,-9999,    9
 18181,101703,20190813,-9999,    9
 18181,101703,20190814,-9999,    9
 18181,101703,20190815,-9999,    9
 18181,101703,20190816,-9999,    9
 18181,101703,20190817,-9999,    9
 18181,101703,20190818,-9999,    9
 18181,101703,20190819,-9999,    9
 18181,101703,20190820,-9999,    9
 18181,101703,20190821,-9999,    9
 18181,101703,20190822,-9999,    9
 18181,101703,20190823,-9999,    9
 18181,101703,20190824,-9999,    9
 18181,101703,20190825,-9999,    9
 18181,101703,20190826,-9999,    9
 18181,101703,20190827,-9999,    9
 18181,101703,20190828,-9999,    9
 18181,101703,20190829,-9999,    9
 18181,101703,20190830,-9999,    9
 18181,101703,20190831,-9999,    9
 18181,101703,20190901,-9999,    9
 18181,101703,20190902,-9999,    9
 18181,101703,20190903,-9999,    9
 18181,101703,20190904,-9999,    9
 18181,101703,20190905,-9999,    9
 18181,101703,20190906,-9999,    9
 18181,101703,20190907,-9999,    9
 18181,101703,20190908,-9999,    9
 18181,101703,20190909,-9999,    9
 18181,101703,20190910,-9999,    9
 18181,101703,20190911,-9999,    9
 18181,101703,20190912,-9999,    9
 18181,101703,20190913,-9999,    9
 18181,101703,20190914,-9999,    9
 18181,101703,20190915,-9999,    9
 18181,101703,20190916,-9999,    9
 18181,101703,20190917,-9999,    9
 18181,101703,20190918,-9999,    9
 18181,101703,20190919,-9999,    9
 18181,101703,20190920,-9999,    9
 18181,101703,20190921,-9999,    9
 18181,101703,20190922,-9999,    9
 18181,101703,20190923,-9999,    9
 18181,101703,20190924,-9999,    9
 18181,101703,20190925,-9999,    9
 18181,101703,20190926,-9999,    9
 18181,101703,20190927,-9999,    9
 18181,101703,20190928,-9999,    9
 18181,101703,20190929,-9999,    9
 18181,101703,20190930,-9999,    9
 18181,101703,20191001,-9999,    9
 18181,101703,20191002,-9999,    9
 18181,101703,20191003,-9999,    9
 18181,101703,20191004,-9999,    9
 18181,101703,20191005,-9999,    9
 18181,101703,20191006,-9999,    9
 18181,101703,20191007,-9999,    9
 18181,101703,20191008,-9999,    9
 18181,101703,20191009,-9999,    9
 18181,101703,20191010,-9999,    9
 18181,101703,20191011,-9999,    9
 18181,101703,20191012,-9999,    9
 18181,101703,20191013,-9999,    9
 18181,101703,20191014,-9999,    9
 18181,101703,20191015,-9999,    9
 18181,101703,20191016,-9999,    9
 18181,101703,20191017,-9999,    9
 18181,101703,20191018,-9999,    9
 18181,101703,20191019,-9999,    9
 18181,101703,20191020,-9999,    9
 18181,101703,20191021,-9999,    9
 18181,101703,20191022,-9999,    9
 18181,101703,20191023,-9999,    9
 18181,101703,20191024,-9999,    9
 18181,101703,20191025,-9999,    9
 18181,101703,20191026,-9999,    9
 18181,101703,20191027,-9999,    9
 18181,101703,20191028,-9999,    9
 18181,101703,20191029,-9999,    9
 18181,101703,20191030,-9999,    9
 18181,101703,20191031,-9999,    9
 18181,101703,20191101,-9999,    9
 18181,101703,20191102,-9999,    9
 18181,101703,20191103,-9999,    9
 18181,101703,20191104,-9999,    9
 18181,101703,20191105,-9999,    9
 18181,101703,20191106,-9999,    9
 18181,101703,20191107,-9999,    9
 18181,101703,20191108,-9999,    9
 18181,101703,20191109,-9999,    9
 18181,101703,20191110,-9999,    9
 18181,101703,20191111,-9999,    9
 18181,101703,20191112,-9999,    9
 18181,101703,20191113,-9999,    9
 18181,101703,20191114,-9999,    9
 18181,101703,20191115,-9999,    9
 18181,101703,20191116,-9999,    9
 18181,101703,20191117,-9999,    9
 18181,101703,20191118,-9999,    9
 18181,101703,20191119,-9999,    9
 18181,101703,20191120,-9999,    9
 18181,101703,20191121,-9999,    9
 18181,101703,20191122,-9999,    9
 18181,101703,20191123,-9999,    9
 18181,101703,20191124,-9999,    9
 18181,101703,20191125,-9999,    9
 18181,101703,20191126,-9999,    9
 18181,101703,20191127,-9999,    9
 18181,101703,20191128,-9999,    9
 18181,101703,20191129,-9999,    9
 18181,101703,20191130,-9999,    9
 18181,101703,20191201,-9999,    9
 18181,101703,20191202,-9999,    9
 18181,101703,20191203,-9999,    9
 18181,101703,20191204,-9999,    9
 18181,101703,20191205,-9999,    9
 18181,101703,20191206,-9999,    9
 18181,101703,20191207,-9999,    9
 18181,101703,20191208,-9999,    9
 18181,101703,20191209,-9999,    9
 18181,101703,20191210,-9999,    9
 18181,101703,20191211,-9999,    9
 18181,101703,20191212,-9999,    9
 18181,101703,20191213,-9999,    9
 18181,101703,20191214,-9999,    9
 18181,101703,20191215,-9999,    9
 18181,101703,20191216,-9999,    9
 18181,101703,20191217,-9999,    9
 18181,101703,20191218,-9999,    9
 18181,101703,20191219,-9999,    9
 18181,101703,20191220,-9999,    9
 18181,101703,20191221,-9999,    9
 18181,101703,20191222,-9999,    9
 18181,101703,20191223,-9999,    9
 18181,101703,20191224,-9999,    9
 18181,101703,20191225,-9999,    9
 18181,101703,20191226,-9999,    9
 18181,101703,20191227,-9999,    9
 18181,101703,20191228,-9999,    9
 18181,101703,20191229,-9999,    9
 18181,101703,20191230,-9999,    9
 18181,101703,20191231,-9999,    9
 18181,101703,20200101,-9999,    9
 18181,101703,20200102,-9999,    9
 18181,101703,20200103,-9999,    9
 18181,101703,20200104,-9999,    9
 18181,101703,20200105,-9999,    9
 18181,101703,20200106,-9999,    9
 18181,101703,20200107,-9999,    9
 18181,101703,20200108,-9999,    9
 18181,101703,20200109,-9999,    9
 18181,101703,20200110,-9999,    9
 18181,101703,20200111,-9999,    9
 18181,101703,20200112,-9999,    9
 18181,101703,20200113,-9999,    9
 18181,101703,20200114,-9999,    9
 18181,101703,20200115,-9999,    9
 18181,101703,20200116,-9999,    9
 18181,101703,20200117,-9999,    9
 18181,101703,20200118,-9999,    9
 18181,101703,20200119,-9999,    9
 18181,101703,20200120,-9999,    9
 18181,101703,20200121,-9999,    9
 18181,101703,20200122,-9999,    9
 18181,101703,20200123,-9999,    9
 18181,101703,20200124,-9999,    9
 18181,101703,20200125,-9999,    9
 18181,101703,20200126,-9999,    9
 18181,101703,20200127,-9999,    9
 18181,101703,20200128,-9999,    9
 18181,101703,20200129,-9999,    9
 18181,101703,20200130,-9999,    9
 18181,101703,20200131,-9999,    9
 18181,101703,20200201,-9999,    9
 18181,101703,20200202,-9999,    9
 18181,101703,20200203,-9999,    9
 18181,101703,20200204,-9999,    9
 18181,101703,20200205,-9999,    9
 18181,101703,20200206,-9999,    9
 18181,101703,20200207,-9999,    9
 18181,101703,20200208,-9999,    9
 18181,101703,20200209,-9999,    9
 18181,101703,20200210,-9999,    9
 18181,101703,20200211,-9999,    9
 18181,101703,20200212,-9999,    9
 18181,101703,20200213,-9999,    9
 18181,101703,20200214,-9999,    9
 18181,101703,20200215,-9999,    9
 18181,101703,20200216,-9999,    9
 18181,101703,20200217,-9999,    9
 18181,101703,20200218,-9999,    9
 18181,101703,20200219,-9999,    9
 18181,101703,20200220,-9999,    9
 18181,101703,20200221,-9999,    9
 18181,101703,20200222,-9999,    9
 18181,101703,20200223,-9999,    9
 18181,101703,20200224,-9999,    9
 18181,101703,20200225,-9999,    9
 18181,101703,20200226,-9999,    9
 18181,101703,20200227,-9999,    9
 18181,101703,20200228,-9999,    9
 18181,101703,20200229,-9999,    9
 18181,101703,20200301,-9999,    9
 18181,101703,20200302,-9999,    9
 18181,101703,20200303,-9999,    9
 18181,101703,20200304,-9999,    9
 18181,101703,20200305,-9999,    9
 18181,101703,20200306,-9999,    9
 18181,101703,20200307,-9999,    9
 18181,101703,20200308,-9999,    9
 18181,101703,20200309,-9999,    9
 18181,101703,20200310,-9999,    9
 18181,101703,20200311,-9999,    9
 18181,101703,20200312,-9999,    9
 18181,101703,20200313,-9999,    9
 18181,101703,20200314,-9999,    9
 18181,101703,20200315,-9999,    9
 18181,101703,20200316,-9999,    9
 18181,101703,20200317,-9999,    9
 18181,101703,20200318,-9999,    9
 18181,101703,20200319,-9999,    9
 18181,101703,20200320,-9999,    9
 18181,101703,20200321,-9999,    9
 18181,101703,20200322,-9999,    9
 18181,101703,20200323,-9999,    9
 18181,101703,20200324,-9999,    9
 18181,101703,20200325,-9999,    9
 18181,101703,20200326,-9999,    9
 18181,101703,20200327,-9999,    9
 18181,101703,20200328,-9999,    9
 18181,101703,20200329,-9999,    9
 18181,101703,20200330,-9999,    9
 18181,101703,20200331,-9999,    9
 18181,101703,20200401,-9999,    9
 18181,101703,20200402,-9999,    9
 18181,101703,20200403,-9999,    9
 18181,101703,20200404,-9999,    9
 18181,101703,20200405,-9999,    9
 18181,101703,20200406,-9999,    9
 18181,101703,20200407,-9999,    9
 18181,101703,20200408,-9999,    9
 18181,101703,20200409,-9999,    9
 18181,101703,20200410,-9999,    9
 18181,101703,20200411,-9999,    9
 18181,101703,20200412,-9999,    9
 18181,101703,20200413,-9999,    9
 18181,101703,20200414,-9999,    9
 18181,101703,20200415,-9999,    9
 18181,101703,20200416,-9999,    9
 18181,101703,20200417,-9999,    9
 18181,101703,20200418,-9999,    9
 18181,101703,20200419,-9999,    9
 18181,101703,20200420,-9999,    9
 18181,101703,20200421,-9999,    9
 18181,101703,20200422,-9999,    9
 18181,101703,20200423,-9999,    9
 18181,101703,20200424,-9999,    9
 18181,101703,20200425,-9999,    9
 18181,101703,20200426,-9999,    9
 18181,101703,20200427,-9999,    9
 18181,101703,20200428,-9999,    9
 18181,101703,20200429,-9999,    9
 18181,101703,20200430,-9999,    9
 18181,101703,20200501,-9999,    9
 18181,101703,20200502,-9999,    9
 18181,101703,20200503,-9999,    9
 18181,101703,20200504,-9999,    9
 18181,101703,20200505,-9999,    9
 18181,101703,20200506,-9999,    9
 18181,101703,20200507,-9999,    9
 18181,101703,20200508,-9999,    9
 18181,101703,20200509,-9999,    9
 18181,101703,20200510,-9999,    9
 18181,101703,20200511,-9999,    9
 18181,101703,20200512,-9999,    9
 18181,101703,20200513,-9999,    9
 18181,101703,20200514,-9999,    9
 18181,101703,20200515,-9999,    9
 18181,101703,20200516,-9999,    9
 18181,101703,20200517,-9999,    9
 18181,101703,20200518,-9999,    9
 18181,101703,20200519,-9999,    9
 18181,101703,20200520,-9999,    9
 18181,101703,20200521,-9999,    9
 18181,101703,20200522,-9999,    9
 18181,101703,20200523,-9999,    9
 18181,101703,20200524,-9999,    9
 18181,101703,20200525,-9999,    9
 18181,101703,20200526,-9999,    9
 18181,101703,20200527,-9999,    9
 18181,101703,20200528,-9999,    9
 18181,101703,20200529,-9999,    9
 18181,101703,20200530,-9999,    9
 18181,101703,20200531,-9999,    9
 18181,101703,20200601,-9999,    9
 18181,101703,20200602,-9999,    9
 18181,101703,20200603,-9999,    9
 18181,101703,20200604,-9999,    9
 18181,101703,20200605,-9999,    9
 18181,101703,20200606,-9999,    9
 18181,101703,20200607,-9999,    9
 18181,101703,20200608,-9999,    9
 18181,101703,20200609,-9999,    9
 18181,101703,20200610,-9999,    9
 18181,101703,20200611,-9999,    9
 18181,101703,20200612,-9999,    9
 18181,101703,20200613,-9999,    9
 18181,101703,20200614,-9999,    9
 18181,101703,20200615,-9999,    9
 18181,101703,20200616,-9999,    9
 18181,101703,20200617,-9999,    9
 18181,101703,20200618,-9999,    9
 18181,101703,20200619,-9999,    9
 18181,101703,20200620,-9999,    9
 18181,101703,20200621,-9999,    9
 18181,101703,20200622,-9999,    9
 18181,101703,20200623,-9999,    9
 18181,101703,20200624,-9999,    9
 18181,101703,20200625,-9999,    9
 18181,101703,20200626,-9999,    9
 18181,101703,20200627,-9999,    9
 18181,101703,20200628,-9999,    9
 18181,101703,20200629,-9999,    9
 18181,101703,20200630,-9999,    9
 18181,101703,20200701,-9999,    9
 18181,101703,20200702,-9999,    9
 18181,101703,20200703,-9999,    9
 18181,101703,20200704,-9999,    9
 18181,101703,20200705,-9999,    9
 18181,101703,20200706,-9999,    9
 18181,101703,20200707,-9999,    9
 18181,101703,20200708,-9999,    9
 18181,101703,20200709,-9999,    9
 18181,101703,20200710,-9999,    9
 18181,101703,20200711,-9999,    9
 18181,101703,20200712,-9999,    9
 18181,101703,20200713,-9999,    9
 18181,101703,20200714,-9999,    9
 18181,101703,20200715,-9999,    9
 18181,101703,20200716,-9999,    9
 18181,101703,20200717,-9999,    9
 18181,101703,20200718,-9999,    9
 18181,101703,20200719,-9999,    9
 18181,101703,20200720,-9999,    9
 18181,101703,20200721,-9999,    9
 18181,101703,20200722,-9999,    9
 18181,101703,20200723,-9999,    9
 18181,101703,20200724,-9999,    9
 18181,101703,20200725,-9999,    9
 18181,101703,20200726,-9999,    9
 18181,101703,20200727,-9999,    9
 18181,101703,20200728,-9999,    9
 18181,101703,20200729,-9999,    9
 18181,101703,20200730,-9999,    9
 18181,101703,20200731,-9999,    9
 18181,101703,20200801,-9999,    9
 18181,101703,20200802,-9999,    9
 18181,101703,20200803,-9999,    9
 18181,101703,20200804,-9999,    9
 18181,101703,20200805,-9999,    9
 18181,101703,20200806,-9999,    9
 18181,101703,20200807,-9999,    9
 18181,101703,20200808,-9999,    9
 18181,101703,20200809,-9999,    9
 18181,101703,20200810,-9999,    9
 18181,101703,20200811,-9999,    9
 18181,101703,20200812,-9999,    9
 18181,101703,20200813,-9999,    9
 18181,101703,20200814,-9999,    9
 18181,101703,20200815,-9999,    9
 18181,101703,20200816,-9999,    9
 18181,101703,20200817,-9999,    9
 18181,101703,20200818,-9999,    9
 18181,101703,20200819,-9999,    9
 18181,101703,20200820,-9999,    9
 18181,101703,20200821,-9999,    9
 18181,101703,20200822,-9999,    9
 18181,101703,20200823,-9999,    9
 18181,101703,20200824,-9999,    9
 18181,101703,20200825,-9999,    9
 18181,101703,20200826,-9999,    9
 18181,101703,20200827,-9999,    9
 18181,101703,20200828,-9999,    9
 18181,101703,20200829,-9999,    9
 18181,101703,20200830,-9999,    9
 18181,101703,20200831,-9999,    9
 18181,101703,20200901,-9999,    9
 18181,101703,20200902,-9999,    9
 18181,101703,20200903,-9999,    9
 18181,101703,20200904,-9999,    9
 18181,101703,20200905,-9999,    9
 18181,101703,20200906,-9999,    9
 18181,101703,20200907,-9999,    9
 18181,101703,20200908,-9999,    9
 18181,101703,20200909,-9999,    9
 18181,101703,20200910,-9999,    9
 18181,101703,20200911,-9999,    9
 18181,101703,20200912,-9999,    9
 18181,101703,20200913,-9999,    9
 18181,101703,20200914,-9999,    9
 18181,101703,20200915,-9999,    9
 18181,101703,20200916,-9999,    9
 18181,101703,20200917,-9999,    9
 18181,101703,20200918,-9999,    9
 18181,101703,20200919,-9999,    9
 18181,101703,20200920,-9999,    9
 18181,101703,20200921,-9999,    9
 18181,101703,20200922,-9999,    9
 18181,101703,20200923,-9999,    9
 18181,101703,20200924,-9999,    9
 18181,101703,20200925,-9999,    9
 18181,101703,20200926,-9999,    9
 18181,101703,20200927,-9999,    9
 18181,101703,20200928,-9999,    9
 18181,101703,20200929,-9999,    9
 18181,101703,20200930,-9999,    9
 18181,101703,20201001,-9999,    9
 18181,101703,20201002,-9999,    9
 18181,101703,20201003,-9999,    9
 18181,101703,20201004,-9999,    9
 18181,101703,20201005,-9999,    9
 18181,101703,20201006,-9999,    9
 18181,101703,20201007,-9999,    9
 18181,101703,20201008,-9999,    9
 18181,101703,20201009,-9999,    9
 18181,101703,20201010,-9999,    9
 18181,101703,20201011,-9999,    9
 18181,101703,20201012,-9999,    9
 18181,101703,20201013,-9999,    9
 18181,101703,20201014,-9999,    9
 18181,101703,20201015,-9999,    9
 18181,101703,20201016,-9999,    9
 18181,101703,20201017,-9999,    9
 18181,101703,20201018,-9999,    9
 18181,101703,20201019,-9999,    9
 18181,101703,20201020,-9999,    9
 18181,101703,20201021,-9999,    9
 18181,101703,20201022,-9999,    9
 18181,101703,20201023,-9999,    9
 18181,101703,20201024,-9999,    9
 18181,101703,20201025,-9999,    9
 18181,101703,20201026,-9999,    9
 18181,101703,20201027,-9999,    9
 18181,101703,20201028,-9999,    9
 18181,101703,20201029,-9999,    9
 18181,101703,20201030,-9999,    9
 18181,101703,20201031,-9999,    9
 18181,101703,20201101,-9999,    9
 18181,101703,20201102,-9999,    9
 18181,101703,20201103,-9999,    9
 18181,101703,20201104,-9999,    9
 18181,101703,20201105,-9999,    9
 18181,101703,20201106,-9999,    9
 18181,101703,20201107,-9999,    9
 18181,101703,20201108,-9999,    9
 18181,101703,20201109,-9999,    9
 18181,101703,20201110,-9999,    9
 18181,101703,20201111,-9999,    9
 18181,101703,20201112,-9999,    9
 18181,101703,20201113,-9999,    9
 18181,101703,20201114,-9999,    9
 18181,101703,20201115,-9999,    9
 18181,101703,20201116,-9999,    9
 18181,101703,20201117,-9999,    9
 18181,101703,20201118,-9999,    9
 18181,101703,20201119,-9999,    9
 18181,101703,20201120,-9999,    9
 18181,101703,20201121,-9999,    9
 18181,101703,20201122,-9999,    9
 18181,101703,20201123,-9999,    9
 18181,101703,20201124,-9999,    9
 18181,101703,20201125,-9999,    9
 18181,101703,20201126,-9999,    9
 18181,101703,20201127,-9999,    9
 18181,101703,20201128,-9999,    9
 18181,101703,20201129,-9999,    9
 18181,101703,20201130,-9999,    9
 18181,101703,20201201,-9999,    9
 18181,101703,20201202,-9999,    9
 18181,101703,20201203,-9999,    9
 18181,101703,20201204,-9999,    9
 18181,101703,20201205,-9999,    9
 18181,101703,20201206,-9999,    9
 18181,101703,20201207,-9999,    9
 18181,101703,20201208,-9999,    9
 18181,101703,20201209,-9999,    9
 18181,101703,20201210,-9999,    9
 18181,101703,20201211,-9999,    9
 18181,101703,20201212,-9999,    9
 18181,101703,20201213,-9999,    9
 18181,101703,20201214,-9999,    9
 18181,101703,20201215,-9999,    9
 18181,101703,20201216,-9999,    9
 18181,101703,20201217,-9999,    9
 18181,101703,20201218,-9999,    9
 18181,101703,20201219,-9999,    9
 18181,101703,20201220,-9999,    9
 18181,101703,20201221,-9999,    9
 18181,101703,20201222,-9999,    9
 18181,101703,20201223,-9999,    9
 18181,101703,20201224,-9999,    9
 18181,101703,20201225,-9999,    9
 18181,101703,20201226,-9999,    9
 18181,101703,20201227,-9999,    9
 18181,101703,20201228,-9999,    9
 18181,101703,20201229,-9999,    9
 18181,101703,20201230,-9999,    9
 18181,101703,20201231,-9999,    9
 18181,101703,20210101,-9999,    9
 18181,101703,20210102,-9999,    9
 18181,101703,20210103,-9999,    9
 18181,101703,20210104,-9999,    9
 18181,101703,20210105,-9999,    9
 18181,101703,20210106,-9999,    9
 18181,101703,20210107,-9999,    9
 18181,101703,20210108,-9999,    9
 18181,101703,20210109,-9999,    9
 18181,101703,20210110,-9999,    9
 18181,101703,20210111,-9999,    9
 18181,101703,20210112,-9999,    9
 18181,101703,20210113,-9999,    9
 18181,101703,20210114,-9999,    9
 18181,101703,20210115,-9999,    9
 18181,101703,20210116,-9999,    9
 18181,101703,20210117,-9999,    9
 18181,101703,20210118,-9999,    9
 18181,101703,20210119,-9999,    9
 18181,101703,20210120,-9999,    9
 18181,101703,20210121,-9999,    9
 18181,101703,20210122,-9999,    9
 18181,101703,20210123,-9999,    9
 18181,101703,20210124,-9999,    9
 18181,101703,20210125,-9999,    9
 18181,101703,20210126,-9999,    9
 18181,101703,20210127,-9999,    9
 18181,101703,20210128,-9999,    9
 18181,101703,20210129,-9999,    9
 18181,101703,20210130,-9999,    9
 18181,101703,20210131,-9999,    9
 18181,101703,20210201,-9999,    9
 18181,101703,20210202,-9999,    9
 18181,101703,20210203,-9999,    9
 18181,101703,20210204,-9999,    9
 18181,101703,20210205,-9999,    9
 18181,101703,20210206,-9999,    9
 18181,101703,20210207,-9999,    9
 18181,101703,20210208,-9999,    9
 18181,101703,20210209,-9999,    9
 18181,101703,20210210,-9999,    9
 18181,101703,20210211,-9999,    9
 18181,101703,20210212,-9999,    9
 18181,101703,20210213,-9999,    9
 18181,101703,20210214,-9999,    9
 18181,101703,20210215,-9999,    9
 18181,101703,20210216,-9999,    9
 18181,101703,20210217,-9999,    9
 18181,101703,20210218,-9999,    9
 18181,101703,20210219,-9999,    9
 18181,101703,20210220,-9999,    9
 18181,101703,20210221,-9999,    9
 18181,101703,20210222,-9999,    9
 18181,101703,20210223,-9999,    9
 18181,101703,20210224,-9999,    9
 18181,101703,20210225,-9999,    9
 18181,101703,20210226,-9999,    9
 18181,101703,20210227,-9999,    9
 18181,101703,20210228,-9999,    9
 18181,101703,20210301,-9999,    9
 18181,101703,20210302,-9999,    9
 18181,101703,20210303,-9999,    9
 18181,101703,20210304,-9999,    9
 18181,101703,20210305,-9999,    9
 18181,101703,20210306,-9999,    9
 18181,101703,20210307,-9999,    9
 18181,101703,20210308,-9999,    9
 18181,101703,20210309,-9999,    9
 18181,101703,20210310,-9999,    9
 18181,101703,20210311,-9999,    9
 18181,101703,20210312,-9999,    9
 18181,101703,20210313,-9999,    9
 18181,101703,20210314,-9999,    9
 18181,101703,20210315,-9999,    9
 18181,101703,20210316,-9999,    9
 18181,101703,20210317,-9999,    9
 18181,101703,20210318,-9999,    9
 18181,101703,20210319,-9999,    9
 18181,101703,20210320,-9999,    9
 18181,101703,20210321,-9999,    9
 18181,101703,20210322,-9999,    9
 18181,101703,20210323,-9999,    9
 18181,101703,20210324,-9999,    9
 18181,101703,20210325,-9999,    9
 18181,101703,20210326,-9999,    9
 18181,101703,20210327,-9999,    9
 18181,101703,20210328,-9999,    9
 18181,101703,20210329,-9999,    9
 18181,101703,20210330,-9999,    9
 18181,101703,20210331,-9999,    9
 18181,101703,20210401,-9999,    9
 18181,101703,20210402,-9999,    9
 18181,101703,20210403,-9999,    9
 18181,101703,20210404,-9999,    9
 18181,101703,20210405,-9999,    9
 18181,101703,20210406,-9999,    9
 18181,101703,20210407,-9999,    9
 18181,101703,20210408,-9999,    9
 18181,101703,20210409,-9999,    9
 18181,101703,20210410,-9999,    9
 18181,101703,20210411,-9999,    9
 18181,101703,20210412,-9999,    9
 18181,101703,20210413,-9999,    9
 18181,101703,20210414,-9999,    9
 18181,101703,20210415,-9999,    9
 18181,101703,20210416,-9999,    9
 18181,101703,20210417,-9999,    9
 18181,101703,20210418,-9999,    9
 18181,101703,20210419,-9999,    9
 18181,101703,20210420,-9999,    9
 18181,101703,20210421,-9999,    9
 18181,101703,20210422,-9999,    9
 18181,101703,20210423,-9999,    9
 18181,101703,20210424,-9999,    9
 18181,101703,20210425,-9999,    9
 18181,101703,20210426,-9999,    9
 18181,101703,20210427,-9999,    9
 18181,101703,20210428,-9999,    9
 18181,101703,20210429,-9999,    9
 18181,101703,20210430,-9999,    9
 18181,101703,20210501,-9999,    9
 18181,101703,20210502,-9999,    9
 18181,101703,20210503,-9999,    9
 18181,101703,20210504,-9999,    9
 18181,101703,20210505,-9999,    9
 18181,101703,20210506,-9999,    9
 18181,101703,20210507,-9999,    9
 18181,101703,20210508,-9999,    9
 18181,101703,20210509,-9999,    9
 18181,101703,20210510,-9999,    9
 18181,101703,20210511,-9999,    9
 18181,101703,20210512,-9999,    9
 18181,101703,20210513,-9999,    9
 18181,101703,20210514,-9999,    9
 18181,101703,20210515,-9999,    9
 18181,101703,20210516,-9999,    9
 18181,101703,20210517,-9999,    9
 18181,101703,20210518,-9999,    9
 18181,101703,20210519,-9999,    9
 18181,101703,20210520,-9999,    9
 18181,101703,20210521,-9999,    9
 18181,101703,20210522,-9999,    9
 18181,101703,20210523,-9999,    9
 18181,101703,20210524,-9999,    9
 18181,101703,20210525,-9999,    9
 18181,101703,20210526,-9999,    9
 18181,101703,20210527,-9999,    9
 18181,101703,20210528,-9999,    9
 18181,101703,20210529,-9999,    9
 18181,101703,20210530,-9999,    9
 18181,101703,20210531,-9999,    9
 18181,101703,20210601,-9999,    9
 18181,101703,20210602,-9999,    9
 18181,101703,20210603,-9999,    9
 18181,101703,20210604,-9999,    9
 18181,101703,20210605,-9999,    9
 18181,101703,20210606,-9999,    9
 18181,101703,20210607,-9999,    9
 18181,101703,20210608,-9999,    9
 18181,101703,20210609,-9999,    9
 18181,101703,20210610,-9999,    9
 18181,101703,20210611,-9999,    9
 18181,101703,20210612,-9999,    9
 18181,101703,20210613,-9999,    9
 18181,101703,20210614,-9999,    9
 18181,101703,20210615,-9999,    9
 18181,101703,20210616,-9999,    9
 18181,101703,20210617,-9999,    9
 18181,101703,20210618,-9999,    9
 18181,101703,20210619,-9999,    9
 18181,101703,20210620,-9999,    9
 18181,101703,20210621,-9999,    9
 18181,101703,20210622,-9999,    9
 18181,101703,20210623,-9999,    9
 18181,101703,20210624,-9999,    9
 18181,101703,20210625,-9999,    9
 18181,101703,20210626,-9999,    9
 18181,101703,20210627,-9999,    9
 18181,101703,20210628,-9999,    9
 18181,101703,20210629,-9999,    9
 18181,101703,20210630,-9999,    9
 18181,101703,20210701,-9999,    9
 18181,101703,20210702,-9999,    9
 18181,101703,20210703,-9999,    9
 18181,101703,20210704,-9999,    9
 18181,101703,20210705,-9999,    9
 18181,101703,20210706,-9999,    9
 18181,101703,20210707,-9999,    9
 18181,101703,20210708,-9999,    9
 18181,101703,20210709,-9999,    9
 18181,101703,20210710,-9999,    9
 18181,101703,20210711,-9999,    9
 18181,101703,20210712,-9999,    9
 18181,101703,20210713,-9999,    9
 18181,101703,20210714,-9999,    9
 18181,101703,20210715,-9999,    9
 18181,101703,20210716,-9999,    9
 18181,101703,20210717,-9999,    9
 18181,101703,20210718,-9999,    9
 18181,101703,20210719,-9999,    9
 18181,101703,20210720,-9999,    9
 18181,101703,20210721,-9999,    9
 18181,101703,20210722,-9999,    9
 18181,101703,20210723,-9999,    9
 18181,101703,20210724,-9999,    9
 18181,101703,20210725,-9999,    9
 18181,101703,20210726,-9999,    9
 18181,101703,20210727,-9999,    9
 18181,101703,20210728,-9999,    9
 18181,101703,20210729,-9999,    9
 18181,101703,20210730,-9999,    9
 18181,101703,20210731,-9999,    9
 18181,101703,20210801,-9999,    9
 18181,101703,20210802,-9999,    9
 18181,101703,20210803,-9999,    9
 18181,101703,20210804,-9999,    9
 18181,101703,20210805,-9999,    9
 18181,101703,20210806,-9999,    9
 18181,101703,20210807,-9999,    9
 18181,101703,20210808,-9999,    9
 18181,101703,20210809,-9999,    9
 18181,101703,20210810,-9999,    9
 18181,101703,20210811,-9999,    9
 18181,101703,20210812,-9999,    9
 18181,101703,20210813,-9999,    9
 18181,101703,20210814,-9999,    9
 18181,101703,20210815,-9999,    9
 18181,101703,20210816,-9999,    9
 18181,101703,20210817,-9999,    9
 18181,101703,20210818,-9999,    9
 18181,101703,20210819,-9999,    9
 18181,101703,20210820,-9999,    9
 18181,101703,20210821,-9999,    9
 18181,101703,20210822,-9999,    9
 18181,101703,20210823,-9999,    9
 18181,101703,20210824,-9999,    9
 18181,101703,20210825,-9999,    9
 18181,101703,20210826,-9999,    9
 18181,101703,20210827,-9999,    9
 18181,101703,20210828,-9999,    9
 18181,101703,20210829,-9999,    9
 18181,101703,20210830,-9999,    9
 18181,101703,20210831,-9999,    9
 18181,101703,20210901,-9999,    9
 18181,101703,20210902,-9999,    9
 18181,101703,20210903,-9999,    9
 18181,101703,20210904,-9999,    9
 18181,101703,20210905,-9999,    9
 18181,101703,20210906,-9999,    9
 18181,101703,20210907,-9999,    9
 18181,101703,20210908,-9999,    9
 18181,101703,20210909,-9999,    9
 18181,101703,20210910,-9999,    9
 18181,101703,20210911,-9999,    9
 18181,101703,20210912,-9999,    9
 18181,101703,20210913,-9999,    9
 18181,101703,20210914,-9999,    9
 18181,101703,20210915,-9999,    9
 18181,101703,20210916,-9999,    9
 18181,101703,20210917,-9999,    9
 18181,101703,20210918,-9999,    9
 18181,101703,20210919,-9999,    9
 18181,101703,20210920,-9999,    9
 18181,101703,20210921,-9999,    9
 18181,101703,20210922,-9999,    9
 18181,101703,20210923,-9999,    9
 18181,101703,20210924,-9999,    9
 18181,101703,20210925,-9999,    9
 18181,101703,20210926,-9999,    9
 18181,101703,20210927,-9999,    9
 18181,101703,20210928,-9999,    9
 18181,101703,20210929,-9999,    9
 18181,101703,20210930,-9999,    9
 18181,101703,20211001,-9999,    9
 18181,101703,20211002,-9999,    9
 18181,101703,20211003,-9999,    9
 18181,101703,20211004,-9999,    9
 18181,101703,20211005,-9999,    9
 18181,101703,20211006,-9999,    9
 18181,101703,20211007,-9999,    9
 18181,101703,20211008,-9999,    9
 18181,101703,20211009,-9999,    9
 18181,101703,20211010,-9999,    9
 18181,101703,20211011,-9999,    9
 18181,101703,20211012,-9999,    9
 18181,101703,20211013,-9999,    9
 18181,101703,20211014,-9999,    9
 18181,101703,20211015,-9999,    9
 18181,101703,20211016,-9999,    9
 18181,101703,20211017,-9999,    9
 18181,101703,20211018,-9999,    9
 18181,101703,20211019,-9999,    9
 18181,101703,20211020,-9999,    9
 18181,101703,20211021,-9999,    9
 18181,101703,20211022,-9999,    9
 18181,101703,20211023,-9999,    9
 18181,101703,20211024,-9999,    9
 18181,101703,20211025,-9999,    9
 18181,101703,20211026,-9999,    9
 18181,101703,20211027,-9999,    9
 18181,101703,20211028,-9999,    9
 18181,101703,20211029,-9999,    9
 18181,101703,20211030,-9999,    9
 18181,101703,20211031,-9999,    9
 18181,101703,20211101,-9999,    9
 18181,101703,20211102,-9999,    9
 18181,101703,20211103,-9999,    9
 18181,101703,20211104,-9999,    9
 18181,101703,20211105,-9999,    9
 18181,101703,20211106,-9999,    9
 18181,101703,20211107,-9999,    9
 18181,101703,20211108,-9999,    9
 18181,101703,20211109,-9999,    9
 18181,101703,20211110,-9999,    9
 18181,101703,20211111,-9999,    9
 18181,101703,20211112,-9999,    9
 18181,101703,20211113,-9999,    9
 18181,101703,20211114,-9999,    9
 18181,101703,20211115,-9999,    9
 18181,101703,20211116,-9999,    9
 18181,101703,20211117,-9999,    9
 18181,101703,20211118,-9999,    9
 18181,101703,20211119,-9999,    9
 18181,101703,20211120,-9999,    9
 18181,101703,20211121,-9999,    9
 18181,101703,20211122,-9999,    9
 18181,101703,20211123,-9999,    9
 18181,101703,20211124,-9999,    9
 18181,101703,20211125,-9999,    9
 18181,101703,20211126,-9999,    9
 18181,101703,20211127,-9999,    9
 18181,101703,20211128,-9999,    9
 18181,101703,20211129,-9999,    9
 18181,101703,20211130,-9999,    9
 18181,101703,20211201,-9999,    9
 18181,101703,20211202,-9999,    9
 18181,101703,20211203,-9999,    9
 18181,101703,20211204,-9999,    9
 18181,101703,20211205,-9999,    9
 18181,101703,20211206,-9999,    9
 18181,101703,20211207,-9999,    9
 18181,101703,20211208,-9999,    9
 18181,101703,20211209,-9999,    9
 18181,101703,20211210,-9999,    9
 18181,101703,20211211,-9999,    9
 18181,101703,20211212,-9999,    9
 18181,101703,20211213,-9999,    9
 18181,101703,20211214,-9999,    9
 18181,101703,20211215,-9999,    9
 18181,101703,20211216,-9999,    9
 18181,101703,20211217,-9999,    9
 18181,101703,20211218,-9999,    9
 18181,101703,20211219,-9999,    9
 18181,101703,20211220,-9999,    9
 18181,101703,20211221,-9999,    9
 18181,101703,20211222,-9999,    9
 18181,101703,20211223,-9999,    9
 18181,101703,20211224,-9999,    9
 18181,101703,20211225,-9999,    9
 18181,101703,20211226,-9999,    9
 18181,101703,20211227,-9999,    9
 18181,101703,20211228,-9999,    9
 18181,101703,20211229,-9999,    9
 18181,101703,20211230,-9999,    9
 18181,101703,20211231,-9999,    9
 18181,101703,20220101,-9999,    9
 18181,101703,20220102,-9999,    9
 18181,101703,20220103,-9999,    9
 18181,101703,20220104,-9999,    9
 18181,101703,20220105,-9999,    9
 18181,101703,20220106,-9999,    9
 18181,101703,20220107,-9999,    9
 18181,101703,20220108,-9999,    9
 18181,101703,20220109,-9999,    9
 18181,101703,20220110,-9999,    9
 18181,101703,20220111,-9999,    9
 18181,101703,20220112,-9999,    9
 18181,101703,20220113,-9999,    9
 18181,101703,20220114,-9999,    9
 18181,101703,20220115,-9999,    9
 18181,101703,20220116,-9999,    9
 18181,101703,20220117,-9999,    9
 18181,101703,20220118,-9999,    9
 18181,101703,20220119,-9999,    9
 18181,101703,20220120,-9999,    9
 18181,101703,20220121,-9999,    9
 18181,101703,20220122,-9999,    9
 18181,101703,20220123,-9999,    9
 18181,101703,20220124,-9999,    9
 18181,101703,20220125,-9999,    9
 18181,101703,20220126,-9999,    9
 18181,101703,20220127,-9999,    9
 18181,101703,20220128,-9999,    9
 18181,101703,20220129,-9999,    9
 18181,101703,20220130,-9999,    9
 18181,101703,20220131,-9999,    9
 18181,101703,20220201,-9999,    9
 18181,101703,20220202,-9999,    9
 18181,101703,20220203,-9999,    9
 18181,101703,20220204,-9999,    9
 18181,101703,20220205,-9999,    9
 18181,101703,20220206,-9999,    9
 18181,101703,20220207,-9999,    9
 18181,101703,20220208,-9999,    9
 18181,101703,20220209,-9999,    9
 18181,101703,20220210,-9999,    9
 18181,101703,20220211,-9999,    9
 18181,101703,20220212,-9999,    9
 18181,101703,20220213,-9999,    9
 18181,101703,20220214,-9999,    9
 18181,101703,20220215,-9999,    9
 18181,101703,20220216,-9999,    9
 18181,101703,20220217,-9999,    9
 18181,101703,20220218,-9999,    9
 18181,101703,20220219,-9999,    9
 18181,101703,20220220,-9999,    9
 18181,101703,20220221,-9999,    9
 18181,101703,20220222,-9999,    9
 18181,101703,20220223,-9999,    9
 18181,101703,20220224,-9999,    9
 18181,101703,20220225,-9999,    9
 18181,101703,20220226,-9999,    9
 18181,101703,20220227,-9999,    9
 18181,101703,20220228,-9999,    9
 18181,101703,20220301,-9999,    9
 18181,101703,20220302,-9999,    9
 18181,101703,20220303,-9999,    9
 18181,101703,20220304,-9999,    9
 18181,101703,20220305,-9999,    9
 18181,101703,20220306,-9999,    9
 18181,101703,20220307,-9999,    9
 18181,101703,20220308,-9999,    9
 18181,101703,20220309,-9999,    9
 18181,101703,20220310,-9999,    9
 18181,101703,20220311,-9999,    9
 18181,101703,20220312,-9999,    9
 18181,101703,20220313,-9999,    9
 18181,101703,20220314,-9999,    9
 18181,101703,20220315,-9999,    9
 18181,101703,20220316,-9999,    9
 18181,101703,20220317,-9999,    9
 18181,101703,20220318,-9999,    9
 18181,101703,20220319,-9999,    9
 18181,101703,20220320,-9999,    9
 18181,101703,20220321,-9999,    9
 18181,101703,20220322,-9999,    9
 18181,101703,20220323,-9999,    9
 18181,101703,20220324,-9999,    9
 18181,101703,20220325,-9999,    9
 18181,101703,20220326,-9999,    9
 18181,101703,20220327,-9999,    9
 18181,101703,20220328,-9999,    9
 18181,101703,20220329,-9999,    9
 18181,101703,20220330,-9999,    9
 18181,101703,20220331,-9999,    9
 18181,101703,20220401,-9999,    9
 18181,101703,20220402,-9999,    9
 18181,101703,20220403,-9999,    9
 18181,101703,20220404,-9999,    9
 18181,101703,20220405,-9999,    9
 18181,101703,20220406,-9999,    9
 18181,101703,20220407,-9999,    9
 18181,101703,20220408,-9999,    9
 18181,101703,20220409,-9999,    9
 18181,101703,20220410,-9999,    9
 18181,101703,20220411,-9999,    9
 18181,101703,20220412,-9999,    9
 18181,101703,20220413,-9999,    9
 18181,101703,20220414,-9999,    9
 18181,101703,20220415,-9999,    9
 18181,101703,20220416,-9999,    9
 18181,101703,20220417,-9999,    9
 18181,101703,20220418,-9999,    9
 18181,101703,20220419,-9999,    9
 18181,101703,20220420,-9999,    9
 18181,101703,20220421,-9999,    9
 18181,101703,20220422,-9999,    9
 18181,101703,20220423,-9999,    9
 18181,101703,20220424,-9999,    9
 18181,101703,20220425,-9999,    9
 18181,101703,20220426,-9999,    9
 18181,101703,20220427,-9999,    9
 18181,101703,20220428,-9999,    9
 18181,101703,20220429,-9999,    9
 18181,101703,20220430,-9999,    9
 18181,101703,20220501,-9999,    9
 18181,101703,20220502,-9999,    9
 18181,101703,20220503,-9999,    9
 18181,101703,20220504,-9999,    9
 18181,101703,20220505,-9999,    9
 18181,101703,20220506,-9999,    9
 18181,101703,20220507,-9999,    9
 18181,101703,20220508,-9999,    9
 18181,101703,20220509,-9999,    9
 18181,101703,20220510,-9999,    9
 18181,101703,20220511,-9999,    9
 18181,101703,20220512,-9999,    9
 18181,101703,20220513,-9999,    9
 18181,101703,20220514,-9999,    9
 18181,101703,20220515,-9999,    9
 18181,101703,20220516,-9999,    9
 18181,101703,20220517,-9999,    9
 18181,101703,20220518,-9999,    9
 18181,101703,20220519,-9999,    9
 18181,101703,20220520,-9999,    9
 18181,101703,20220521,-9999,    9
 18181,101703,20220522,-9999,    9
 18181,101703,20220523,-9999,    9
 18181,101703,20220524,-9999,    9
 18181,101703,20220525,-9999,    9
 18181,101703,20220526,-9999,    9
 18181,101703,20220527,-9999,    9
 18181,101703,20220528,-9999,    9
 18181,101703,20220529,-9999,    9
 18181,101703,20220530,-9999,    9
 18181,101703,20220531,-9999,    9
 18181,101703,20220601,-9999,    9
 18181,101703,20220602,-9999,    9
 18181,101703,20220603,-9999,    9
 18181,101703,20220604,-9999,    9
 18181,101703,20220605,-9999,    9
 18181,101703,20220606,-9999,    9
 18181,101703,20220607,-9999,    9
 18181,101703,20220608,-9999,    9
 18181,101703,20220609,-9999,    9
 18181,101703,20220610,-9999,    9
 18181,101703,20220611,-9999,    9
 18181,101703,20220612,-9999,    9
 18181,101703,20220613,-9999,    9
 18181,101703,20220614,-9999,    9
 18181,101703,20220615,-9999,    9
 18181,101703,20220616,-9999,    9
 18181,101703,20220617,-9999,    9
 18181,101703,20220618,-9999,    9
 18181,101703,20220619,-9999,    9
 18181,101703,20220620,-9999,    9
 18181,101703,20220621,-9999,    9
 18181,101703,20220622,-9999,    9
 18181,101703,20220623,-9999,    9
 18181,101703,20220624,-9999,    9
 18181,101703,20220625,-9999,    9
 18181,101703,20220626,-9999,    9
 18181,101703,20220627,-9999,    9
 18181,101703,20220628,-9999,    9
 18181,101703,20220629,-9999,    9
 18181,101703,20220630,-9999,    9
 18181,101703,20220701,-9999,    9
 18181,101703,20220702,-9999,    9
 18181,101703,20220703,-9999,    9
 18181,101703,20220704,-9999,    9
 18181,101703,20220705,-9999,    9
 18181,101703,20220706,-9999,    9
 18181,101703,20220707,-9999,    9
 18181,101703,20220708,-9999,    9
 18181,101703,20220709,-9999,    9
 18181,101703,20220710,-9999,    9
 18181,101703,20220711,-9999,    9
 18181,101703,20220712,-9999,    9
 18181,101703,20220713,-9999,    9
 18181,101703,20220714,-9999,    9
 18181,101703,20220715,-9999,    9
 18181,101703,20220716,-9999,    9
 18181,101703,20220717,-9999,    9
 18181,101703,20220718,-9999,    9
 18181,101703,20220719,-9999,    9
 18181,101703,20220720,-9999,    9
 18181,101703,20220721,-9999,    9
 18181,101703,20220722,-9999,    9
 18181,101703,20220723,-9999,    9
 18181,101703,20220724,-9999,    9
 18181,101703,20220725,-9999,    9
 18181,101703,20220726,-9999,    9
 18181,101703,20220727,-9999,    9
 18181,101703,20220728,-9999,    9
 18181,101703,20220729,-9999,    9
 18181,101703,20220730,-9999,    9
 18181,101703,20220731,-9999,    9
 18181,101703,20220801,-9999,    9
 18181,101703,20220802,-9999,    9
 18181,101703,20220803,-9999,    9
 18181,101703,20220804,-9999,    9
 18181,101703,20220805,-9999,    9
 18181,101703,20220806,-9999,    9
 18181,101703,20220807,-9999,    9
 18181,101703,20220808,-9999,    9
 18181,101703,20220809,-9999,    9
 18181,101703,20220810,-9999,    9
 18181,101703,20220811,-9999,    9
 18181,101703,20220812,-9999,    9
 18181,101703,20220813,-9999,    9
 18181,101703,20220814,-9999,    9
 18181,101703,20220815,-9999,    9
 18181,101703,20220816,-9999,    9
 18181,101703,20220817,-9999,    9
 18181,101703,20220818,-9999,    9
 18181,101703,20220819,-9999,    9
 18181,101703,20220820,-9999,    9
 18181,101703,20220821,-9999,    9
 18181,101703,20220822,-9999,    9
 18181,101703,20220823,-9999,    9
 18181,101703,20220824,-9999,    9
 18181,101703,20220825,-9999,    9
 18181,101703,20220826,-9999,    9
 18181,101703,20220827,-9999,    9
 18181,101703,20220828,-9999,    9
 18181,101703,20220829,-9999,    9
 18181,101703,20220830,-9999,    9
 18181,101703,20220831,-9999,    9
 18181,101703,20220901,-9999,    9
 18181,101703,20220902,-9999,    9
 18181,101703,20220903,-9999,    9
 18181,101703,20220904,-9999,    9
 18181,101703,20220905,-9999,    9
 18181,101703,20220906,-9999,    9
 18181,101703,20220907,-9999,    9
 18181,101703,20220908,-9999,    9
 18181,101703,20220909,-9999,    9
 18181,101703,20220910,-9999,    9
 18181,101703,20220911,-9999,    9
 18181,101703,20220912,-9999,    9
 18181,101703,20220913,-9999,    9
 18181,101703,20220914,-9999,    9
 18181,101703,20220915,-9999,    9
 18181,101703,20220916,-9999,    9
 18181,101703,20220917,-9999,    9
 18181,101703,20220918,-9999,    9
 18181,101703,20220919,-9999,    9
 18181,101703,20220920,-9999,    9
 18181,101703,20220921,-9999,    9
 18181,101703,20220922,-9999,    9
 18181,101703,20220923,-9999,    9
 18181,101703,20220924,-9999,    9
 18181,101703,20220925,-9999,    9
 18181,101703,20220926,-9999,    9
 18181,101703,20220927,-9999,    9
 18181,101703,20220928,-9999,    9
 18181,101703,20220929,-9999,    9
 18181,101703,20220930,-9999,    9
 18181,101703,20221001,-9999,    9
 18181,101703,20221002,-9999,    9
 18181,101703,20221003,-9999,    9
 18181,101703,20221004,-9999,    9
 18181,101703,20221005,-9999,    9
 18181,101703,20221006,-9999,    9
 18181,101703,20221007,-9999,    9
 18181,101703,20221008,-9999,    9
 18181,101703,20221009,-9999,    9
 18181,101703,20221010,-9999,    9
 18181,101703,20221011,-9999,    9
 18181,101703,20221012,-9999,    9
 18181,101703,20221013,-9999,    9
 18181,101703,20221014,-9999,    9
 18181,101703,20221015,-9999,    9
 18181,101703,20221016,-9999,    9
 18181,101703,20221017,-9999,    9
 18181,101703,20221018,-9999,    9
 18181,101703,20221019,-9999,    9
 18181,101703,20221020,-9999,    9
 18181,101703,20221021,-9999,    9
 18181,101703,20221022,-9999,    9
 18181,101703,20221023,-9999,    9
 18181,101703,20221024,-9999,    9
 18181,101703,20221025,-9999,    9
 18181,101703,20221026,-9999,    9
 18181,101703,20221027,-9999,    9
 18181,101703,20221028,-9999,    9
 18181,101703,20221029,-9999,    9
 18181,101703,20221030,-9999,    9
 18181,101703,20221031,-9999,    9
