EUROPEAN CLIMATE ASSESSMENT & DATASET (ECA&D), file created on: 16-11-2022
THESE DATA CAN BE USED FOR NON-COMMERCIAL RESEARCH AND EDUCATION PROVIDED THAT THE FOLLOWING SOURCE IS ACKNOWLEDGED: 

Klein Tank, A.M.G. and Coauthors, 2002. Daily dataset of 20th-century surface
air temperature and precipitation series for the European Climate Assessment.
Int. J. of Climatol., 22, 1441-1453.
Data and metadata available at http://www.ecad.eu

FILE FORMAT (MISSING VALUE CODE = -9999):

01-06 STAID: Station identifier
08-13 SOUID: Source identifier
15-22 DATE : Date YYYYMMDD
24-28 RR   : Precipitation amount in 0.1 mm
30-34 Q_RR : quality code for RR (0='valid'; 1='suspect'; 9='missing')

This is the blended series of station LILLEHAMMER - BJOERNERUD, NORWAY (STAID: 18248)
Blended and updated with sources:102076 
See files sources.txt and stations.txt for more info.

STAID, SOUID,    DATE,   RR, Q_RR
 18248,102076,20170501,-9999,    9
 18248,102076,20170502,-9999,    9
 18248,102076,20170503,-9999,    9
 18248,102076,20170504,-9999,    9
 18248,102076,20170505,-9999,    9
 18248,102076,20170506,-9999,    9
 18248,102076,20170507,-9999,    9
 18248,102076,20170508,-9999,    9
 18248,102076,20170509,-9999,    9
 18248,102076,20170510,-9999,    9
 18248,102076,20170511,-9999,    9
 18248,102076,20170512,-9999,    9
 18248,102076,20170513,-9999,    9
 18248,102076,20170514,-9999,    9
 18248,102076,20170515,-9999,    9
 18248,102076,20170516,-9999,    9
 18248,102076,20170517,-9999,    9
 18248,102076,20170518,-9999,    9
 18248,102076,20170519,-9999,    9
 18248,102076,20170520,-9999,    9
 18248,102076,20170521,-9999,    9
 18248,102076,20170522,-9999,    9
 18248,102076,20170523,-9999,    9
 18248,102076,20170524,-9999,    9
 18248,102076,20170525,-9999,    9
 18248,102076,20170526,-9999,    9
 18248,102076,20170527,-9999,    9
 18248,102076,20170528,-9999,    9
 18248,102076,20170529,-9999,    9
 18248,102076,20170530,-9999,    9
 18248,102076,20170531,-9999,    9
 18248,102076,20170601,-9999,    9
 18248,102076,20170602,-9999,    9
 18248,102076,20170603,-9999,    9
 18248,102076,20170604,-9999,    9
 18248,102076,20170605,-9999,    9
 18248,102076,20170606,-9999,    9
 18248,102076,20170607,-9999,    9
 18248,102076,20170608,-9999,    9
 18248,102076,20170609,-9999,    9
 18248,102076,20170610,-9999,    9
 18248,102076,20170611,-9999,    9
 18248,102076,20170612,-9999,    9
 18248,102076,20170613,-9999,    9
 18248,102076,20170614,-9999,    9
 18248,102076,20170615,-9999,    9
 18248,102076,20170616,-9999,    9
 18248,102076,20170617,-9999,    9
 18248,102076,20170618,-9999,    9
 18248,102076,20170619,-9999,    9
 18248,102076,20170620,    0,    0
 18248,102076,20170621,    0,    0
 18248,102076,20170622,    0,    0
 18248,102076,20170623,    0,    0
 18248,102076,20170624,    0,    0
 18248,102076,20170625,    0,    0
 18248,102076,20170626,    0,    0
 18248,102076,20170627,    0,    0
 18248,102076,20170628,    0,    0
 18248,102076,20170629,    0,    0
 18248,102076,20170630,    0,    0
 18248,102076,20170701,    0,    0
 18248,102076,20170702,    0,    0
 18248,102076,20170703,    0,    0
 18248,102076,20170704,    0,    0
 18248,102076,20170705,    0,    0
 18248,102076,20170706,    0,    0
 18248,102076,20170707,    0,    0
 18248,102076,20170708,    0,    0
 18248,102076,20170709,    0,    0
 18248,102076,20170710,    0,    0
 18248,102076,20170711,    0,    0
 18248,102076,20170712,    0,    0
 18248,102076,20170713,    0,    0
 18248,102076,20170714,    0,    0
 18248,102076,20170715,    0,    0
 18248,102076,20170716,    0,    0
 18248,102076,20170717,    0,    0
 18248,102076,20170718,    0,    0
 18248,102076,20170719,    0,    0
 18248,102076,20170720,    0,    0
 18248,102076,20170721,    0,    0
 18248,102076,20170722,    0,    0
 18248,102076,20170723,    0,    0
 18248,102076,20170724,    0,    0
 18248,102076,20170725,    0,    0
 18248,102076,20170726,    0,    0
 18248,102076,20170727,    0,    0
 18248,102076,20170728,    0,    0
 18248,102076,20170729,    0,    0
 18248,102076,20170730,    0,    0
 18248,102076,20170731,    0,    0
 18248,102076,20170801,    0,    0
 18248,102076,20170802,    0,    0
 18248,102076,20170803,    0,    0
 18248,102076,20170804,    0,    0
 18248,102076,20170805,    0,    0
 18248,102076,20170806,    0,    0
 18248,102076,20170807,    0,    0
 18248,102076,20170808,-9999,    9
 18248,102076,20170809,    0,    0
 18248,102076,20170810,    0,    0
 18248,102076,20170811,    0,    0
 18248,102076,20170812,    0,    0
 18248,102076,20170813,    0,    0
 18248,102076,20170814,    0,    0
 18248,102076,20170815,    0,    0
 18248,102076,20170816,    0,    0
 18248,102076,20170817,    0,    0
 18248,102076,20170818,    0,    0
 18248,102076,20170819,    0,    0
 18248,102076,20170820,    0,    0
 18248,102076,20170821,    0,    0
 18248,102076,20170822,    0,    0
 18248,102076,20170823,    0,    0
 18248,102076,20170824,    0,    0
 18248,102076,20170825,    0,    0
 18248,102076,20170826,    0,    0
 18248,102076,20170827,    0,    0
 18248,102076,20170828,    0,    0
 18248,102076,20170829,    0,    0
 18248,102076,20170830,    0,    0
 18248,102076,20170831,    0,    0
 18248,102076,20170901,    0,    0
 18248,102076,20170902,    0,    0
 18248,102076,20170903,    0,    0
 18248,102076,20170904,    0,    0
 18248,102076,20170905,    0,    0
 18248,102076,20170906,    0,    0
 18248,102076,20170907,    0,    0
 18248,102076,20170908,    0,    0
 18248,102076,20170909,    0,    0
 18248,102076,20170910,    0,    0
 18248,102076,20170911,    0,    0
 18248,102076,20170912,    0,    0
 18248,102076,20170913,    0,    0
 18248,102076,20170914,    0,    0
 18248,102076,20170915,    0,    0
 18248,102076,20170916,    0,    0
 18248,102076,20170917,    0,    0
 18248,102076,20170918,    0,    0
 18248,102076,20170919,    0,    0
 18248,102076,20170920,    0,    0
 18248,102076,20170921,    0,    0
 18248,102076,20170922,    0,    0
 18248,102076,20170923,    0,    0
 18248,102076,20170924,    0,    0
 18248,102076,20170925,    0,    0
 18248,102076,20170926,    0,    0
 18248,102076,20170927,    0,    0
 18248,102076,20170928,    0,    0
 18248,102076,20170929,    0,    0
 18248,102076,20170930,    0,    0
 18248,102076,20171001,    0,    0
 18248,102076,20171002,    0,    0
 18248,102076,20171003,    0,    0
 18248,102076,20171004,    0,    0
 18248,102076,20171005,    0,    0
 18248,102076,20171006,    0,    0
 18248,102076,20171007,    0,    0
 18248,102076,20171008,    0,    0
 18248,102076,20171009,    0,    0
 18248,102076,20171010,    0,    0
 18248,102076,20171011,    0,    0
 18248,102076,20171012,    0,    0
 18248,102076,20171013,    0,    0
 18248,102076,20171014,    0,    0
 18248,102076,20171015,    0,    0
 18248,102076,20171016,    0,    0
 18248,102076,20171017,    0,    0
 18248,102076,20171018,    0,    0
 18248,102076,20171019,    0,    0
 18248,102076,20171020,    0,    0
 18248,102076,20171021,    0,    0
 18248,102076,20171022,    0,    0
 18248,102076,20171023,    0,    0
 18248,102076,20171024,    0,    0
 18248,102076,20171025,    0,    0
 18248,102076,20171026,    0,    0
 18248,102076,20171027,    0,    0
 18248,102076,20171028,    0,    0
 18248,102076,20171029,    0,    0
 18248,102076,20171030,    0,    0
 18248,102076,20171031,    0,    0
 18248,102076,20171101,-9999,    9
 18248,102076,20171102,-9999,    9
 18248,102076,20171103,-9999,    9
 18248,102076,20171104,    0,    0
 18248,102076,20171105,    0,    0
 18248,102076,20171106,    0,    0
 18248,102076,20171107,    0,    0
 18248,102076,20171108,    0,    0
 18248,102076,20171109,    0,    0
 18248,102076,20171110,    0,    0
 18248,102076,20171111,    0,    0
 18248,102076,20171112,    0,    0
 18248,102076,20171113,    0,    0
 18248,102076,20171114,    0,    0
 18248,102076,20171115,    0,    0
 18248,102076,20171116,    0,    0
 18248,102076,20171117,    0,    0
 18248,102076,20171118,    0,    0
 18248,102076,20171119,    0,    0
 18248,102076,20171120,    0,    0
 18248,102076,20171121,    0,    0
 18248,102076,20171122,    0,    0
 18248,102076,20171123,    0,    0
 18248,102076,20171124,    0,    0
 18248,102076,20171125,    0,    0
 18248,102076,20171126,    0,    0
 18248,102076,20171127,    0,    0
 18248,102076,20171128,    0,    0
 18248,102076,20171129,    0,    0
 18248,102076,20171130,    0,    0
 18248,102076,20171201,    0,    0
 18248,102076,20171202,    0,    0
 18248,102076,20171203,    0,    0
 18248,102076,20171204,    0,    0
 18248,102076,20171205,    0,    0
 18248,102076,20171206,    0,    0
 18248,102076,20171207,    0,    0
 18248,102076,20171208,    0,    0
 18248,102076,20171209,    0,    0
 18248,102076,20171210,    0,    0
 18248,102076,20171211,    0,    0
 18248,102076,20171212,    0,    0
 18248,102076,20171213,    0,    0
 18248,102076,20171214,    0,    0
 18248,102076,20171215,    0,    0
 18248,102076,20171216,    0,    0
 18248,102076,20171217,    0,    0
 18248,102076,20171218,    0,    0
 18248,102076,20171219,    0,    0
 18248,102076,20171220,    0,    0
 18248,102076,20171221,    0,    0
 18248,102076,20171222,    0,    0
 18248,102076,20171223,    0,    0
 18248,102076,20171224,    0,    0
 18248,102076,20171225,    0,    0
 18248,102076,20171226,    0,    0
 18248,102076,20171227,    0,    0
 18248,102076,20171228,    0,    0
 18248,102076,20171229,    0,    0
 18248,102076,20171230,    0,    0
 18248,102076,20171231,    0,    0
 18248,102076,20180101,    0,    0
 18248,102076,20180102,    0,    0
 18248,102076,20180103,    0,    0
 18248,102076,20180104,    0,    0
 18248,102076,20180105,    0,    0
 18248,102076,20180106,    0,    0
 18248,102076,20180107,    0,    0
 18248,102076,20180108,    0,    0
 18248,102076,20180109,    0,    0
 18248,102076,20180110,    0,    0
 18248,102076,20180111,    0,    0
 18248,102076,20180112,    0,    0
 18248,102076,20180113,    0,    0
 18248,102076,20180114,    0,    0
 18248,102076,20180115,    0,    0
 18248,102076,20180116,    0,    0
 18248,102076,20180117,    0,    0
 18248,102076,20180118,    0,    0
 18248,102076,20180119,    0,    0
 18248,102076,20180120,    0,    0
 18248,102076,20180121,    0,    0
 18248,102076,20180122,    0,    0
 18248,102076,20180123,    0,    0
 18248,102076,20180124,    0,    0
 18248,102076,20180125,    0,    0
 18248,102076,20180126,    0,    0
 18248,102076,20180127,    0,    0
 18248,102076,20180128,    0,    0
 18248,102076,20180129,    0,    0
 18248,102076,20180130,    0,    0
 18248,102076,20180131,    0,    0
 18248,102076,20180201,    0,    0
 18248,102076,20180202,    0,    0
 18248,102076,20180203,    0,    0
 18248,102076,20180204,    0,    0
 18248,102076,20180205,    0,    0
 18248,102076,20180206,    0,    0
 18248,102076,20180207,    0,    0
 18248,102076,20180208,    0,    0
 18248,102076,20180209,    0,    0
 18248,102076,20180210,    0,    0
 18248,102076,20180211,    0,    0
 18248,102076,20180212,    0,    0
 18248,102076,20180213,    0,    0
 18248,102076,20180214,    0,    0
 18248,102076,20180215,    0,    0
 18248,102076,20180216,    0,    0
 18248,102076,20180217,    0,    0
 18248,102076,20180218,    0,    0
 18248,102076,20180219,    0,    0
 18248,102076,20180220,    0,    0
 18248,102076,20180221,    0,    0
 18248,102076,20180222,    0,    0
 18248,102076,20180223,    0,    0
 18248,102076,20180224,    0,    0
 18248,102076,20180225,    0,    0
 18248,102076,20180226,    0,    0
 18248,102076,20180227,    0,    0
 18248,102076,20180228,    0,    0
 18248,102076,20180301,    0,    0
 18248,102076,20180302,    0,    0
 18248,102076,20180303,    0,    0
 18248,102076,20180304,    0,    0
 18248,102076,20180305,    0,    0
 18248,102076,20180306,    0,    0
 18248,102076,20180307,    0,    0
 18248,102076,20180308,    0,    0
 18248,102076,20180309,    0,    0
 18248,102076,20180310,    0,    0
 18248,102076,20180311,    0,    0
 18248,102076,20180312,    0,    0
 18248,102076,20180313,    0,    0
 18248,102076,20180314,    0,    0
 18248,102076,20180315,    0,    0
 18248,102076,20180316,    0,    0
 18248,102076,20180317,    0,    0
 18248,102076,20180318,    0,    0
 18248,102076,20180319,    0,    0
 18248,102076,20180320,    0,    0
 18248,102076,20180321,    0,    0
 18248,102076,20180322,    0,    0
 18248,102076,20180323,    0,    0
 18248,102076,20180324,    0,    0
 18248,102076,20180325,    0,    0
 18248,102076,20180326,    0,    0
 18248,102076,20180327,    0,    0
 18248,102076,20180328,    0,    0
 18248,102076,20180329,    0,    0
 18248,102076,20180330,    0,    0
 18248,102076,20180331,    0,    0
 18248,102076,20180401,    0,    0
 18248,102076,20180402,    0,    0
 18248,102076,20180403,    0,    0
 18248,102076,20180404,    0,    0
 18248,102076,20180405,    0,    0
 18248,102076,20180406,    0,    0
 18248,102076,20180407,    0,    0
 18248,102076,20180408,    0,    0
 18248,102076,20180409,    0,    0
 18248,102076,20180410,    0,    0
 18248,102076,20180411,    0,    0
 18248,102076,20180412,    0,    0
 18248,102076,20180413,    0,    0
 18248,102076,20180414,    0,    0
 18248,102076,20180415,    0,    0
 18248,102076,20180416,    0,    0
 18248,102076,20180417,    0,    0
 18248,102076,20180418,    0,    0
 18248,102076,20180419,    0,    0
 18248,102076,20180420,    0,    0
 18248,102076,20180421,    0,    0
 18248,102076,20180422,    0,    0
 18248,102076,20180423,    0,    0
 18248,102076,20180424,    0,    0
 18248,102076,20180425,    0,    0
 18248,102076,20180426,    0,    0
 18248,102076,20180427,    0,    0
 18248,102076,20180428,    0,    0
 18248,102076,20180429,    0,    0
 18248,102076,20180430,    0,    0
 18248,102076,20180501,    0,    0
 18248,102076,20180502,    0,    0
 18248,102076,20180503,    0,    0
 18248,102076,20180504,    0,    0
 18248,102076,20180505,    0,    0
 18248,102076,20180506,    0,    0
 18248,102076,20180507,    0,    0
 18248,102076,20180508,    0,    0
 18248,102076,20180509,    0,    0
 18248,102076,20180510,   70,    0
 18248,102076,20180511,   68,    0
 18248,102076,20180512,    0,    0
 18248,102076,20180513,    2,    0
 18248,102076,20180514,    0,    0
 18248,102076,20180515,    0,    0
 18248,102076,20180516,    8,    0
 18248,102076,20180517,    0,    0
 18248,102076,20180518,    0,    0
 18248,102076,20180519,    0,    0
 18248,102076,20180520,    0,    0
 18248,102076,20180521,    0,    0
 18248,102076,20180522,    0,    0
 18248,102076,20180523,    0,    0
 18248,102076,20180524,    0,    0
 18248,102076,20180525,    0,    0
 18248,102076,20180526,    0,    0
 18248,102076,20180527,    0,    0
 18248,102076,20180528,    0,    0
 18248,102076,20180529,    0,    0
 18248,102076,20180530,    0,    0
 18248,102076,20180531,    0,    0
 18248,102076,20180601,    0,    0
 18248,102076,20180602,    0,    0
 18248,102076,20180603,    0,    0
 18248,102076,20180604,    0,    0
 18248,102076,20180605,    0,    0
 18248,102076,20180606,    0,    0
 18248,102076,20180607,    0,    0
 18248,102076,20180608,    0,    0
 18248,102076,20180609,    0,    0
 18248,102076,20180610,  159,    0
 18248,102076,20180611,   61,    0
 18248,102076,20180612,    0,    0
 18248,102076,20180613,    6,    0
 18248,102076,20180614,  120,    0
 18248,102076,20180615,    1,    0
 18248,102076,20180616,   33,    0
 18248,102076,20180617,   32,    0
 18248,102076,20180618,    0,    0
 18248,102076,20180619,    0,    0
 18248,102076,20180620,    0,    0
 18248,102076,20180621,   30,    0
 18248,102076,20180622,    0,    0
 18248,102076,20180623,    0,    0
 18248,102076,20180624,    0,    0
 18248,102076,20180625,    0,    0
 18248,102076,20180626,    0,    0
 18248,102076,20180627,    0,    0
 18248,102076,20180628,   12,    0
 18248,102076,20180629,    0,    0
 18248,102076,20180630,    0,    0
 18248,102076,20180701,    0,    0
 18248,102076,20180702,    0,    0
 18248,102076,20180703,    0,    0
 18248,102076,20180704,    0,    0
 18248,102076,20180705,    0,    0
 18248,102076,20180706,    0,    0
 18248,102076,20180707,    0,    0
 18248,102076,20180708,    0,    0
 18248,102076,20180709,   36,    0
 18248,102076,20180710,    0,    0
 18248,102076,20180711,    6,    0
 18248,102076,20180712,   17,    0
 18248,102076,20180713,    0,    0
 18248,102076,20180714,    0,    0
 18248,102076,20180715,    0,    0
 18248,102076,20180716,    0,    0
 18248,102076,20180717,    9,    0
 18248,102076,20180718,   32,    0
 18248,102076,20180719,    0,    0
 18248,102076,20180720,    0,    0
 18248,102076,20180721,    0,    0
 18248,102076,20180722,    0,    0
 18248,102076,20180723,    0,    0
 18248,102076,20180724,    0,    0
 18248,102076,20180725,    0,    0
 18248,102076,20180726,    0,    0
 18248,102076,20180727,    5,    0
 18248,102076,20180728,  259,    0
 18248,102076,20180729,  194,    0
 18248,102076,20180730,    0,    0
 18248,102076,20180731,  335,    0
 18248,102076,20180801,    0,    0
 18248,102076,20180802,    3,    0
 18248,102076,20180803,   28,    0
 18248,102076,20180804,    0,    0
 18248,102076,20180805,    0,    0
 18248,102076,20180806,    0,    0
 18248,102076,20180807,    0,    0
 18248,102076,20180808,   78,    0
 18248,102076,20180809,   54,    0
 18248,102076,20180810,  316,    0
 18248,102076,20180811,   71,    0
 18248,102076,20180812,    1,    0
 18248,102076,20180813,    0,    0
 18248,102076,20180814,    0,    0
 18248,102076,20180815,    0,    0
 18248,102076,20180816,  387,    0
 18248,102076,20180817,   20,    0
 18248,102076,20180818,   29,    0
 18248,102076,20180819,    0,    0
 18248,102076,20180820,    6,    0
 18248,102076,20180821,    0,    0
 18248,102076,20180822,   40,    0
 18248,102076,20180823,   13,    0
 18248,102076,20180824,   72,    0
 18248,102076,20180825,    0,    0
 18248,102076,20180826,    5,    0
 18248,102076,20180827,    2,    0
 18248,102076,20180828,    0,    0
 18248,102076,20180829,   82,    0
 18248,102076,20180830,    2,    0
 18248,102076,20180831,    0,    0
 18248,102076,20180901,    0,    0
 18248,102076,20180902,    0,    0
 18248,102076,20180903,    2,    0
 18248,102076,20180904,    0,    0
 18248,102076,20180905,    1,    0
 18248,102076,20180906,    0,    0
 18248,102076,20180907,    0,    0
 18248,102076,20180908,   49,    0
 18248,102076,20180909,  445,    0
 18248,102076,20180910,   38,    0
 18248,102076,20180911,   56,    0
 18248,102076,20180912,    0,    0
 18248,102076,20180913,    0,    0
 18248,102076,20180914,   20,    0
 18248,102076,20180915,    0,    0
 18248,102076,20180916,   23,    0
 18248,102076,20180917,    7,    0
 18248,102076,20180918,    8,    0
 18248,102076,20180919,    2,    0
 18248,102076,20180920,    1,    0
 18248,102076,20180921,  189,    0
 18248,102076,20180922,    0,    0
 18248,102076,20180923,    0,    0
 18248,102076,20180924,    0,    0
 18248,102076,20180925,    0,    0
 18248,102076,20180926,    0,    0
 18248,102076,20180927,   61,    0
 18248,102076,20180928,    0,    0
 18248,102076,20180929,    0,    0
 18248,102076,20180930,    0,    0
 18248,102076,20181001,    1,    0
 18248,102076,20181002,   12,    0
 18248,102076,20181003,    0,    0
 18248,102076,20181004,    9,    0
 18248,102076,20181005,    0,    0
 18248,102076,20181006,    0,    0
 18248,102076,20181007,   17,    0
 18248,102076,20181008,    0,    0
 18248,102076,20181009,    0,    0
 18248,102076,20181010,    5,    0
 18248,102076,20181011,    2,    0
 18248,102076,20181012,    5,    0
 18248,102076,20181013,    0,    0
 18248,102076,20181014,   22,    0
 18248,102076,20181015,   14,    0
 18248,102076,20181016,    0,    0
 18248,102076,20181017,    1,    0
 18248,102076,20181018,    0,    0
 18248,102076,20181019,    0,    0
 18248,102076,20181020,    0,    0
 18248,102076,20181021,    4,    0
 18248,102076,20181022,    1,    0
 18248,102076,20181023,    1,    0
 18248,102076,20181024,    0,    0
 18248,102076,20181025,    0,    0
 18248,102076,20181026,    0,    0
 18248,102076,20181027,    0,    0
 18248,102076,20181028,    0,    0
 18248,102076,20181029,    9,    0
 18248,102076,20181030,  161,    0
 18248,102076,20181031,   43,    0
 18248,102076,20181101,   41,    0
 18248,102076,20181102,   52,    0
 18248,102076,20181103,    5,    0
 18248,102076,20181104,    0,    0
 18248,102076,20181105,    6,    0
 18248,102076,20181106,   13,    0
 18248,102076,20181107,    3,    0
 18248,102076,20181108,    5,    0
 18248,102076,20181109,   27,    0
 18248,102076,20181110,  110,    0
 18248,102076,20181111,  147,    0
 18248,102076,20181112,   30,    0
 18248,102076,20181113,    0,    0
 18248,102076,20181114,    0,    0
 18248,102076,20181115,    3,    0
 18248,102076,20181116,    0,    0
 18248,102076,20181117,    0,    0
 18248,102076,20181118,    0,    0
 18248,102076,20181119,    0,    0
 18248,102076,20181120,    0,    0
 18248,102076,20181121,    0,    0
 18248,102076,20181122,    0,    0
 18248,102076,20181123,    0,    0
 18248,102076,20181124,    0,    0
 18248,102076,20181125,    0,    0
 18248,102076,20181126,    0,    0
 18248,102076,20181127,    0,    0
 18248,102076,20181128,    8,    0
 18248,102076,20181129,   40,    0
 18248,102076,20181130,   57,    0
 18248,102076,20181201,    1,    0
 18248,102076,20181202,   82,    0
 18248,102076,20181203,   99,    0
 18248,102076,20181204,    0,    0
 18248,102076,20181205,    0,    0
 18248,102076,20181206,   23,    0
 18248,102076,20181207,   62,    0
 18248,102076,20181208,   42,    0
 18248,102076,20181209,    0,    0
 18248,102076,20181210,    0,    0
 18248,102076,20181211,    0,    0
 18248,102076,20181212,    0,    0
 18248,102076,20181213,    0,    0
 18248,102076,20181214,    0,    0
 18248,102076,20181215,    8,    0
 18248,102076,20181216,   30,    0
 18248,102076,20181217,    5,    0
 18248,102076,20181218,    0,    0
 18248,102076,20181219,   73,    0
 18248,102076,20181220,    8,    0
 18248,102076,20181221,    5,    0
 18248,102076,20181222,   10,    0
 18248,102076,20181223,    0,    0
 18248,102076,20181224,    0,    0
 18248,102076,20181225,    1,    0
 18248,102076,20181226,    0,    0
 18248,102076,20181227,    0,    0
 18248,102076,20181228,    0,    0
 18248,102076,20181229,    0,    0
 18248,102076,20181230,   17,    0
 18248,102076,20181231,    0,    0
 18248,102076,20190101,    2,    0
 18248,102076,20190102,    0,    0
 18248,102076,20190103,    0,    0
 18248,102076,20190104,    0,    0
 18248,102076,20190105,    0,    0
 18248,102076,20190106,    0,    0
 18248,102076,20190107,   53,    0
 18248,102076,20190108,    1,    0
 18248,102076,20190109,    0,    0
 18248,102076,20190110,    0,    0
 18248,102076,20190111,    0,    0
 18248,102076,20190112,    4,    0
 18248,102076,20190113,    0,    0
 18248,102076,20190114,   48,    0
 18248,102076,20190115,   30,    0
 18248,102076,20190116,   65,    0
 18248,102076,20190117,    4,    0
 18248,102076,20190118,    1,    0
 18248,102076,20190119,    1,    0
 18248,102076,20190120,    8,    0
 18248,102076,20190121,    0,    0
 18248,102076,20190122,    0,    0
 18248,102076,20190123,    0,    0
 18248,102076,20190124,    0,    0
 18248,102076,20190125,   29,    0
 18248,102076,20190126,   29,    0
 18248,102076,20190127,   45,    0
 18248,102076,20190128,    9,    0
 18248,102076,20190129,    0,    0
 18248,102076,20190130,    1,    0
 18248,102076,20190131,   28,    0
 18248,102076,20190201,   24,    0
 18248,102076,20190202,    5,    0
 18248,102076,20190203,    0,    0
 18248,102076,20190204,   24,    0
 18248,102076,20190205,    5,    0
 18248,102076,20190206,   22,    0
 18248,102076,20190207,   73,    0
 18248,102076,20190208,   96,    0
 18248,102076,20190209,   57,    0
 18248,102076,20190210,    4,    0
 18248,102076,20190211,    0,    0
 18248,102076,20190212,    0,    0
 18248,102076,20190213,    4,    0
 18248,102076,20190214,    0,    0
 18248,102076,20190215,    0,    0
 18248,102076,20190216,    0,    0
 18248,102076,20190217,    0,    0
 18248,102076,20190218,    0,    0
 18248,102076,20190219,    0,    0
 18248,102076,20190220,   67,    0
 18248,102076,20190221,    4,    0
 18248,102076,20190222,   13,    0
 18248,102076,20190223,    0,    0
 18248,102076,20190224,    0,    0
 18248,102076,20190225,    0,    0
 18248,102076,20190226,    0,    0
 18248,102076,20190227,    0,    0
 18248,102076,20190228,    0,    0
 18248,102076,20190301,    0,    0
 18248,102076,20190302,    9,    0
 18248,102076,20190303,   60,    0
 18248,102076,20190304,   14,    0
 18248,102076,20190305,    1,    0
 18248,102076,20190306,   60,    0
 18248,102076,20190307,   42,    0
 18248,102076,20190308,    0,    0
 18248,102076,20190309,    0,    0
 18248,102076,20190310,    0,    0
 18248,102076,20190311,    0,    0
 18248,102076,20190312,  103,    0
 18248,102076,20190313,   58,    0
 18248,102076,20190314,    0,    0
 18248,102076,20190315,    0,    0
 18248,102076,20190316,   30,    0
 18248,102076,20190317,   71,    0
 18248,102076,20190318,    1,    0
 18248,102076,20190319,    0,    0
 18248,102076,20190320,    0,    0
 18248,102076,20190321,    0,    0
 18248,102076,20190322,    4,    0
 18248,102076,20190323,    1,    0
 18248,102076,20190324,    0,    0
 18248,102076,20190325,    0,    0
 18248,102076,20190326,    0,    0
 18248,102076,20190327,    0,    0
 18248,102076,20190328,    0,    0
 18248,102076,20190329,    0,    0
 18248,102076,20190330,    0,    0
 18248,102076,20190331,    0,    0
 18248,102076,20190401,    0,    0
 18248,102076,20190402,    0,    0
 18248,102076,20190403,    0,    0
 18248,102076,20190404,    0,    0
 18248,102076,20190405,    0,    0
 18248,102076,20190406,    0,    0
 18248,102076,20190407,    0,    0
 18248,102076,20190408,    0,    0
 18248,102076,20190409,    0,    0
 18248,102076,20190410,    0,    0
 18248,102076,20190411,    0,    0
 18248,102076,20190412,    0,    0
 18248,102076,20190413,    0,    0
 18248,102076,20190414,    0,    0
 18248,102076,20190415,    0,    0
 18248,102076,20190416,    0,    0
 18248,102076,20190417,    0,    0
 18248,102076,20190418,    0,    0
 18248,102076,20190419,    0,    0
 18248,102076,20190420,    0,    0
 18248,102076,20190421,    6,    0
 18248,102076,20190422,    0,    0
 18248,102076,20190423,    0,    0
 18248,102076,20190424,    0,    0
 18248,102076,20190425,    0,    0
 18248,102076,20190426,    8,    0
 18248,102076,20190427,    3,    0
 18248,102076,20190428,    0,    0
 18248,102076,20190429,    2,    0
 18248,102076,20190430,   11,    0
 18248,102076,20190501,   17,    0
 18248,102076,20190502,    0,    0
 18248,102076,20190503,    0,    0
 18248,102076,20190504,    2,    0
 18248,102076,20190505,    0,    0
 18248,102076,20190506,    0,    0
 18248,102076,20190507,    0,    0
 18248,102076,20190508,   22,    0
 18248,102076,20190509,  263,    0
 18248,102076,20190510,  156,    0
 18248,102076,20190511,   27,    0
 18248,102076,20190512,    0,    0
 18248,102076,20190513,    0,    0
 18248,102076,20190514,    0,    0
 18248,102076,20190515,    0,    0
 18248,102076,20190516,    0,    0
 18248,102076,20190517,    0,    0
 18248,102076,20190518,  121,    0
 18248,102076,20190519,   53,    0
 18248,102076,20190520,   67,    0
 18248,102076,20190521,  120,    0
 18248,102076,20190522,  148,    0
 18248,102076,20190523,   45,    0
 18248,102076,20190524,   34,    0
 18248,102076,20190525,   27,    0
 18248,102076,20190526,   48,    0
 18248,102076,20190527,   36,    0
 18248,102076,20190528,   24,    0
 18248,102076,20190529,    0,    0
 18248,102076,20190530,   44,    0
 18248,102076,20190531,   38,    0
 18248,102076,20190601,  108,    0
 18248,102076,20190602,  179,    0
 18248,102076,20190603,    9,    0
 18248,102076,20190604,    0,    0
 18248,102076,20190605,    3,    0
 18248,102076,20190606,  198,    0
 18248,102076,20190607,   22,    0
 18248,102076,20190608,  124,    0
 18248,102076,20190609,   56,    0
 18248,102076,20190610,    0,    0
 18248,102076,20190611,   14,    0
 18248,102076,20190612,  155,    0
 18248,102076,20190613,   55,    0
 18248,102076,20190614,    0,    0
 18248,102076,20190615,    0,    0
 18248,102076,20190616,   13,    0
 18248,102076,20190617,    0,    0
 18248,102076,20190618,    1,    0
 18248,102076,20190619,  142,    0
 18248,102076,20190620,    5,    0
 18248,102076,20190621,    5,    0
 18248,102076,20190622,    0,    0
 18248,102076,20190623,    0,    0
 18248,102076,20190624,   12,    0
 18248,102076,20190625,   31,    0
 18248,102076,20190626,    1,    0
 18248,102076,20190627,    0,    0
 18248,102076,20190628,    0,    0
 18248,102076,20190629,    0,    0
 18248,102076,20190630,   58,    0
 18248,102076,20190701,   41,    0
 18248,102076,20190702,    0,    0
 18248,102076,20190703,    0,    0
 18248,102076,20190704,   14,    0
 18248,102076,20190705,    0,    0
 18248,102076,20190706,   28,    0
 18248,102076,20190707,    0,    0
 18248,102076,20190708,    0,    0
 18248,102076,20190709,    0,    0
 18248,102076,20190710,    0,    0
 18248,102076,20190711,    0,    0
 18248,102076,20190712,   43,    0
 18248,102076,20190713,    0,    0
 18248,102076,20190714,    4,    0
 18248,102076,20190715,    0,    0
 18248,102076,20190716,    0,    0
 18248,102076,20190717,    0,    0
 18248,102076,20190718,    0,    0
 18248,102076,20190719,   67,    0
 18248,102076,20190720,   46,    0
 18248,102076,20190721,  203,    0
 18248,102076,20190722,   12,    0
 18248,102076,20190723,    0,    0
 18248,102076,20190724,    0,    0
 18248,102076,20190725,    0,    0
 18248,102076,20190726,    0,    0
 18248,102076,20190727,    0,    0
 18248,102076,20190728,    0,    0
 18248,102076,20190729,  152,    0
 18248,102076,20190730,   58,    0
 18248,102076,20190731,    2,    0
 18248,102076,20190801,    0,    0
 18248,102076,20190802,    0,    0
 18248,102076,20190803,    0,    0
 18248,102076,20190804,    3,    0
 18248,102076,20190805,   13,    0
 18248,102076,20190806,    0,    0
 18248,102076,20190807,  154,    0
 18248,102076,20190808,    0,    0
 18248,102076,20190809,   39,    0
 18248,102076,20190810,  110,    0
 18248,102076,20190811,   23,    0
 18248,102076,20190812,  204,    0
 18248,102076,20190813,  219,    0
 18248,102076,20190814,    5,    0
 18248,102076,20190815,   41,    0
 18248,102076,20190816,    6,    0
 18248,102076,20190817,  135,    0
 18248,102076,20190818,    0,    0
 18248,102076,20190819,    2,    0
 18248,102076,20190820,    3,    0
 18248,102076,20190821,    0,    0
 18248,102076,20190822,   94,    0
 18248,102076,20190823,    1,    0
 18248,102076,20190824,    0,    0
 18248,102076,20190825,    0,    0
 18248,102076,20190826,    0,    0
 18248,102076,20190827,    0,    0
 18248,102076,20190828,  127,    0
 18248,102076,20190829,   44,    0
 18248,102076,20190830,    1,    0
 18248,102076,20190831,  157,    0
 18248,102076,20190901,   34,    0
 18248,102076,20190902,   53,    0
 18248,102076,20190903,    9,    0
 18248,102076,20190904,  189,    0
 18248,102076,20190905,    1,    0
 18248,102076,20190906,   64,    0
 18248,102076,20190907,    1,    0
 18248,102076,20190908,    0,    0
 18248,102076,20190909,   21,    0
 18248,102076,20190910,   20,    0
 18248,102076,20190911,    7,    0
 18248,102076,20190912,    2,    0
 18248,102076,20190913,    0,    0
 18248,102076,20190914,    6,    0
 18248,102076,20190915,    0,    0
 18248,102076,20190916,    0,    0
 18248,102076,20190917,    0,    0
 18248,102076,20190918,    0,    0
 18248,102076,20190919,    5,    0
 18248,102076,20190920,    0,    0
 18248,102076,20190921,    0,    0
 18248,102076,20190922,    8,    0
 18248,102076,20190923,    0,    0
 18248,102076,20190924,    2,    0
 18248,102076,20190925,    1,    0
 18248,102076,20190926,    0,    0
 18248,102076,20190927,  327,    0
 18248,102076,20190928,   94,    0
 18248,102076,20190929,   74,    0
 18248,102076,20190930,   23,    0
 18248,102076,20191001,  127,    0
 18248,102076,20191002,    0,    0
 18248,102076,20191003,   57,    0
 18248,102076,20191004,    0,    0
 18248,102076,20191005,    0,    0
 18248,102076,20191006,    0,    0
 18248,102076,20191007,    0,    0
 18248,102076,20191008,   14,    0
 18248,102076,20191009,    0,    0
 18248,102076,20191010,    0,    0
 18248,102076,20191011,    0,    0
 18248,102076,20191012,    0,    0
 18248,102076,20191013,    0,    0
 18248,102076,20191014,    0,    0
 18248,102076,20191015,-9999,    9
 18248,102076,20191016,    0,    0
 18248,102076,20191017,    0,    0
 18248,102076,20191018,-9999,    9
 18248,102076,20191019,-9999,    9
 18248,102076,20191020,-9999,    9
 18248,102076,20191021,    0,    0
 18248,102076,20191022,-9999,    9
 18248,102076,20191023,-9999,    9
 18248,102076,20191024,-9999,    9
 18248,102076,20191025,-9999,    9
 18248,102076,20191026,-9999,    9
 18248,102076,20191027,-9999,    9
 18248,102076,20191028,-9999,    9
 18248,102076,20191029,-9999,    9
 18248,102076,20191030,-9999,    9
 18248,102076,20191031,-9999,    9
 18248,102076,20191101,-9999,    9
 18248,102076,20191102,-9999,    9
 18248,102076,20191103,-9999,    9
 18248,102076,20191104,-9999,    9
 18248,102076,20191105,-9999,    9
 18248,102076,20191106,-9999,    9
 18248,102076,20191107,-9999,    9
 18248,102076,20191108,-9999,    9
 18248,102076,20191109,-9999,    9
 18248,102076,20191110,-9999,    9
 18248,102076,20191111,-9999,    9
 18248,102076,20191112,-9999,    9
 18248,102076,20191113,-9999,    9
 18248,102076,20191114,-9999,    9
 18248,102076,20191115,-9999,    9
 18248,102076,20191116,-9999,    9
 18248,102076,20191117,-9999,    9
 18248,102076,20191118,-9999,    9
 18248,102076,20191119,-9999,    9
 18248,102076,20191120,-9999,    9
 18248,102076,20191121,-9999,    9
 18248,102076,20191122,-9999,    9
 18248,102076,20191123,-9999,    9
 18248,102076,20191124,-9999,    9
 18248,102076,20191125,-9999,    9
 18248,102076,20191126,-9999,    9
 18248,102076,20191127,-9999,    9
 18248,102076,20191128,-9999,    9
 18248,102076,20191129,-9999,    9
 18248,102076,20191130,-9999,    9
 18248,102076,20191201,-9999,    9
 18248,102076,20191202,-9999,    9
 18248,102076,20191203,-9999,    9
 18248,102076,20191204,-9999,    9
 18248,102076,20191205,-9999,    9
 18248,102076,20191206,-9999,    9
 18248,102076,20191207,-9999,    9
 18248,102076,20191208,-9999,    9
 18248,102076,20191209,-9999,    9
 18248,102076,20191210,-9999,    9
 18248,102076,20191211,-9999,    9
 18248,102076,20191212,-9999,    9
 18248,102076,20191213,-9999,    9
 18248,102076,20191214,-9999,    9
 18248,102076,20191215,-9999,    9
 18248,102076,20191216,-9999,    9
 18248,102076,20191217,-9999,    9
 18248,102076,20191218,-9999,    9
 18248,102076,20191219,-9999,    9
 18248,102076,20191220,-9999,    9
 18248,102076,20191221,-9999,    9
 18248,102076,20191222,-9999,    9
 18248,102076,20191223,-9999,    9
 18248,102076,20191224,-9999,    9
 18248,102076,20191225,-9999,    9
 18248,102076,20191226,-9999,    9
 18248,102076,20191227,-9999,    9
 18248,102076,20191228,-9999,    9
 18248,102076,20191229,-9999,    9
 18248,102076,20191230,-9999,    9
 18248,102076,20191231,    0,    0
 18248,102076,20200101,   29,    0
 18248,102076,20200102,    5,    0
 18248,102076,20200103,    1,    0
 18248,102076,20200104,    0,    0
 18248,102076,20200105,    0,    0
 18248,102076,20200106,   14,    0
 18248,102076,20200107,   22,    0
 18248,102076,20200108,    3,    0
 18248,102076,20200109,    0,    0
 18248,102076,20200110,    0,    0
 18248,102076,20200111,    6,    0
 18248,102076,20200112,    0,    0
 18248,102076,20200113,   31,    0
 18248,102076,20200114,   34,    0
 18248,102076,20200115,   20,    0
 18248,102076,20200116,   36,    0
 18248,102076,20200117,   23,    0
 18248,102076,20200118,   11,    0
 18248,102076,20200119,    0,    0
 18248,102076,20200120,    0,    0
 18248,102076,20200121,    0,    0
 18248,102076,20200122,    0,    0
 18248,102076,20200123,    0,    0
 18248,102076,20200124,    0,    0
 18248,102076,20200125,    0,    0
 18248,102076,20200126,   16,    0
 18248,102076,20200127,   64,    0
 18248,102076,20200128,    5,    0
 18248,102076,20200129,    6,    0
 18248,102076,20200130,    0,    0
 18248,102076,20200131,   15,    0
 18248,102076,20200201,   76,    0
 18248,102076,20200202,    6,    0
 18248,102076,20200203,    0,    0
 18248,102076,20200204,    0,    0
 18248,102076,20200205,    1,    0
 18248,102076,20200206,   38,    0
 18248,102076,20200207,    0,    0
 18248,102076,20200208,   37,    0
 18248,102076,20200209,  148,    0
 18248,102076,20200210,    0,    0
 18248,102076,20200211,    0,    0
 18248,102076,20200212,    0,    0
 18248,102076,20200213,    0,    0
 18248,102076,20200214,    0,    0
 18248,102076,20200215,  110,    0
 18248,102076,20200216,   39,    0
 18248,102076,20200217,    0,    0
 18248,102076,20200218,    0,    0
 18248,102076,20200219,    0,    0
 18248,102076,20200220,   45,    0
 18248,102076,20200221,   73,    0
 18248,102076,20200222,   87,    0
 18248,102076,20200223,    1,    0
 18248,102076,20200224,    0,    0
 18248,102076,20200225,    0,    0
 18248,102076,20200226,    0,    0
 18248,102076,20200227,    0,    0
 18248,102076,20200228,    0,    0
 18248,102076,20200229,    0,    0
 18248,102076,20200301,    2,    0
 18248,102076,20200302,  103,    0
 18248,102076,20200303,   27,    0
 18248,102076,20200304,    9,    0
 18248,102076,20200305,    0,    0
 18248,102076,20200306,    7,    0
 18248,102076,20200307,    0,    0
 18248,102076,20200308,  139,    0
 18248,102076,20200309,    1,    0
 18248,102076,20200310,   11,    0
 18248,102076,20200311,   16,    0
 18248,102076,20200312,    0,    0
 18248,102076,20200313,    0,    0
 18248,102076,20200314,    0,    0
 18248,102076,20200315,   54,    0
 18248,102076,20200316,    0,    0
 18248,102076,20200317,    0,    0
 18248,102076,20200318,    0,    0
 18248,102076,20200319,    0,    0
 18248,102076,20200320,    0,    0
 18248,102076,20200321,    0,    0
 18248,102076,20200322,    0,    0
 18248,102076,20200323,    0,    0
 18248,102076,20200324,    0,    0
 18248,102076,20200325,    0,    0
 18248,102076,20200326,    0,    0
 18248,102076,20200327,    0,    0
 18248,102076,20200328,    0,    0
 18248,102076,20200329,    0,    0
 18248,102076,20200330,    0,    0
 18248,102076,20200331,    0,    0
 18248,102076,20200401,    0,    0
 18248,102076,20200402,   11,    0
 18248,102076,20200403,    0,    0
 18248,102076,20200404,    0,    0
 18248,102076,20200405,    0,    0
 18248,102076,20200406,    0,    0
 18248,102076,20200407,    0,    0
 18248,102076,20200408,    0,    0
 18248,102076,20200409,    0,    0
 18248,102076,20200410,    0,    0
 18248,102076,20200411,   34,    0
 18248,102076,20200412,    0,    0
 18248,102076,20200413,    2,    0
 18248,102076,20200414,    0,    0
 18248,102076,20200415,    2,    0
 18248,102076,20200416,    0,    0
 18248,102076,20200417,    0,    0
 18248,102076,20200418,    0,    0
 18248,102076,20200419,    0,    0
 18248,102076,20200420,    0,    0
 18248,102076,20200421,    0,    0
 18248,102076,20200422,    0,    0
 18248,102076,20200423,    0,    0
 18248,102076,20200424,    0,    0
 18248,102076,20200425,    0,    0
 18248,102076,20200426,    0,    0
 18248,102076,20200427,   52,    0
 18248,102076,20200428,    0,    0
 18248,102076,20200429,    0,    0
 18248,102076,20200430,    8,    0
 18248,102076,20200501,   94,    0
 18248,102076,20200502,    1,    0
 18248,102076,20200503,   18,    0
 18248,102076,20200504,    1,    0
 18248,102076,20200505,    0,    0
 18248,102076,20200506,    0,    0
 18248,102076,20200507,    0,    0
 18248,102076,20200508,    0,    0
 18248,102076,20200509,    8,    0
 18248,102076,20200510,   24,    0
 18248,102076,20200511,    0,    0
 18248,102076,20200512,    3,    0
 18248,102076,20200513,    0,    0
 18248,102076,20200514,    0,    0
 18248,102076,20200515,    0,    0
 18248,102076,20200516,    0,    0
 18248,102076,20200517,    0,    0
 18248,102076,20200518,    0,    0
 18248,102076,20200519,    0,    0
 18248,102076,20200520,    0,    0
 18248,102076,20200521,    0,    0
 18248,102076,20200522,   84,    0
 18248,102076,20200523,   39,    0
 18248,102076,20200524,   51,    0
 18248,102076,20200525,    0,    0
 18248,102076,20200526,    1,    0
 18248,102076,20200527,    0,    0
 18248,102076,20200528,    0,    0
 18248,102076,20200529,    0,    0
 18248,102076,20200530,    0,    0
 18248,102076,20200531,    0,    0
 18248,102076,20200601,    0,    0
 18248,102076,20200602,    0,    0
 18248,102076,20200603,   27,    0
 18248,102076,20200604,    2,    0
 18248,102076,20200605,  172,    0
 18248,102076,20200606,   74,    0
 18248,102076,20200607,  111,    0
 18248,102076,20200608,    0,    0
 18248,102076,20200609,    0,    0
 18248,102076,20200610,    0,    0
 18248,102076,20200611,    0,    0
 18248,102076,20200612,    0,    0
 18248,102076,20200613,    0,    0
 18248,102076,20200614,    0,    0
 18248,102076,20200615,    0,    0
 18248,102076,20200616,   13,    0
 18248,102076,20200617,    0,    0
 18248,102076,20200618,    0,    0
 18248,102076,20200619,    0,    0
 18248,102076,20200620,    0,    0
 18248,102076,20200621,  327,    0
 18248,102076,20200622,   44,    0
 18248,102076,20200623,    0,    0
 18248,102076,20200624,    0,    0
 18248,102076,20200625,    0,    0
 18248,102076,20200626,    0,    0
 18248,102076,20200627,   30,    0
 18248,102076,20200628,  228,    0
 18248,102076,20200629,    0,    0
 18248,102076,20200630,   20,    0
 18248,102076,20200701,    0,    0
 18248,102076,20200702,   28,    0
 18248,102076,20200703,    1,    0
 18248,102076,20200704,    0,    0
 18248,102076,20200705,  213,    0
 18248,102076,20200706,    9,    0
 18248,102076,20200707,   49,    0
 18248,102076,20200708,    0,    0
 18248,102076,20200709,    0,    0
 18248,102076,20200710,    0,    0
 18248,102076,20200711,   14,    0
 18248,102076,20200712,   16,    0
 18248,102076,20200713,    6,    0
 18248,102076,20200714,   20,    0
 18248,102076,20200715,  117,    0
 18248,102076,20200716,    2,    0
 18248,102076,20200717,   10,    0
 18248,102076,20200718,   55,    0
 18248,102076,20200719,   16,    0
 18248,102076,20200720,    2,    0
 18248,102076,20200721,    1,    0
 18248,102076,20200722,    0,    0
 18248,102076,20200723,    0,    0
 18248,102076,20200724,    0,    0
 18248,102076,20200725,   12,    0
 18248,102076,20200726,  281,    0
 18248,102076,20200727,   14,    0
 18248,102076,20200728,  100,    0
 18248,102076,20200729,    8,    0
 18248,102076,20200730,    1,    0
 18248,102076,20200731,    0,    0
 18248,102076,20200801,    0,    0
 18248,102076,20200802,   94,    0
 18248,102076,20200803,    1,    0
 18248,102076,20200804,    1,    0
 18248,102076,20200805,   78,    0
 18248,102076,20200806,    0,    0
 18248,102076,20200807,    0,    0
 18248,102076,20200808,    0,    0
 18248,102076,20200809,    0,    0
 18248,102076,20200810,    0,    0
 18248,102076,20200811,    0,    0
 18248,102076,20200812,    0,    0
 18248,102076,20200813,   52,    0
 18248,102076,20200814,    0,    0
 18248,102076,20200815,    0,    0
 18248,102076,20200816,    0,    0
 18248,102076,20200817,    0,    0
 18248,102076,20200818,    0,    0
 18248,102076,20200819,    0,    0
 18248,102076,20200820,    0,    0
 18248,102076,20200821,  140,    0
 18248,102076,20200822,    1,    0
 18248,102076,20200823,   16,    0
 18248,102076,20200824,    0,    0
 18248,102076,20200825,    0,    0
 18248,102076,20200826,    0,    0
 18248,102076,20200827,   42,    0
 18248,102076,20200828,    0,    0
 18248,102076,20200829,    0,    0
 18248,102076,20200830,    0,    0
 18248,102076,20200831,    0,    0
 18248,102076,20200901,    0,    0
 18248,102076,20200902,    0,    0
 18248,102076,20200903,   64,    0
 18248,102076,20200904,   70,    0
 18248,102076,20200905,   64,    0
 18248,102076,20200906,    6,    0
 18248,102076,20200907,   25,    0
 18248,102076,20200908,    7,    0
 18248,102076,20200909,   36,    0
 18248,102076,20200910,    0,    0
 18248,102076,20200911,    6,    0
 18248,102076,20200912,    0,    0
 18248,102076,20200913,    0,    0
 18248,102076,20200914,    0,    0
 18248,102076,20200915,   31,    0
 18248,102076,20200916,    1,    0
 18248,102076,20200917,    0,    0
 18248,102076,20200918,    0,    0
 18248,102076,20200919,    0,    0
 18248,102076,20200920,    0,    0
 18248,102076,20200921,    0,    0
 18248,102076,20200922,    0,    0
 18248,102076,20200923,  262,    0
 18248,102076,20200924,   56,    0
 18248,102076,20200925,  122,    0
 18248,102076,20200926,  103,    0
 18248,102076,20200927,   14,    0
 18248,102076,20200928,    8,    0
 18248,102076,20200929,   42,    0
 18248,102076,20200930,    7,    0
 18248,102076,20201001,    0,    0
 18248,102076,20201002,    3,    0
 18248,102076,20201003,    5,    0
 18248,102076,20201004,  294,    0
 18248,102076,20201005,    8,    0
 18248,102076,20201006,    0,    0
 18248,102076,20201007,    0,    0
 18248,102076,20201008,  124,    0
 18248,102076,20201009,    1,    0
 18248,102076,20201010,   11,    0
 18248,102076,20201011,    0,    0
 18248,102076,20201012,    0,    0
 18248,102076,20201013,    0,    0
 18248,102076,20201014,    0,    0
 18248,102076,20201015,    0,    0
 18248,102076,20201016,    0,    0
 18248,102076,20201017,    0,    0
 18248,102076,20201018,    0,    0
 18248,102076,20201019,    0,    0
 18248,102076,20201020,   10,    0
 18248,102076,20201021,  256,    0
 18248,102076,20201022,   93,    0
 18248,102076,20201023,    2,    0
 18248,102076,20201024,   53,    0
 18248,102076,20201025,  198,    0
 18248,102076,20201026,   46,    0
 18248,102076,20201027,   98,    0
 18248,102076,20201028,   27,    0
 18248,102076,20201029,    0,    0
 18248,102076,20201030,    0,    0
 18248,102076,20201031,-9999,    9
 18248,102076,20201101,-9999,    9
 18248,102076,20201102,-9999,    9
 18248,102076,20201103,-9999,    9
 18248,102076,20201104,-9999,    9
 18248,102076,20201105,-9999,    9
 18248,102076,20201106,-9999,    9
 18248,102076,20201107,-9999,    9
 18248,102076,20201108,-9999,    9
 18248,102076,20201109,-9999,    9
 18248,102076,20201110,-9999,    9
 18248,102076,20201111,    3,    0
 18248,102076,20201112,-9999,    9
 18248,102076,20201113,-9999,    9
 18248,102076,20201114,-9999,    9
 18248,102076,20201115,-9999,    9
 18248,102076,20201116,-9999,    9
 18248,102076,20201117,    0,    0
 18248,102076,20201118,-9999,    9
 18248,102076,20201119,-9999,    9
 18248,102076,20201120,-9999,    9
 18248,102076,20201121,-9999,    9
 18248,102076,20201122,-9999,    9
 18248,102076,20201123,-9999,    9
 18248,102076,20201124,-9999,    9
 18248,102076,20201125,-9999,    9
 18248,102076,20201126,-9999,    9
 18248,102076,20201127,-9999,    9
 18248,102076,20201128,-9999,    9
 18248,102076,20201129,-9999,    9
 18248,102076,20201130,-9999,    9
 18248,102076,20201201,-9999,    9
 18248,102076,20201202,-9999,    9
 18248,102076,20201203,-9999,    9
 18248,102076,20201204,-9999,    9
 18248,102076,20201205,-9999,    9
 18248,102076,20201206,-9999,    9
 18248,102076,20201207,-9999,    9
 18248,102076,20201208,-9999,    9
 18248,102076,20201209,-9999,    9
 18248,102076,20201210,-9999,    9
 18248,102076,20201211,-9999,    9
 18248,102076,20201212,-9999,    9
 18248,102076,20201213,-9999,    9
 18248,102076,20201214,-9999,    9
 18248,102076,20201215,-9999,    9
 18248,102076,20201216,-9999,    9
 18248,102076,20201217,-9999,    9
 18248,102076,20201218,-9999,    9
 18248,102076,20201219,-9999,    9
 18248,102076,20201220,-9999,    9
 18248,102076,20201221,-9999,    9
 18248,102076,20201222,-9999,    9
 18248,102076,20201223,-9999,    9
 18248,102076,20201224,-9999,    9
 18248,102076,20201225,-9999,    9
 18248,102076,20201226,-9999,    9
 18248,102076,20201227,-9999,    9
 18248,102076,20201228,-9999,    9
 18248,102076,20201229,-9999,    9
 18248,102076,20201230,-9999,    9
 18248,102076,20201231,-9999,    9
 18248,102076,20210101,-9999,    9
 18248,102076,20210102,-9999,    9
 18248,102076,20210103,-9999,    9
 18248,102076,20210104,-9999,    9
 18248,102076,20210105,-9999,    9
 18248,102076,20210106,-9999,    9
 18248,102076,20210107,-9999,    9
 18248,102076,20210108,-9999,    9
 18248,102076,20210109,-9999,    9
 18248,102076,20210110,-9999,    9
 18248,102076,20210111,-9999,    9
 18248,102076,20210112,-9999,    9
 18248,102076,20210113,-9999,    9
 18248,102076,20210114,-9999,    9
 18248,102076,20210115,-9999,    9
 18248,102076,20210116,-9999,    9
 18248,102076,20210117,-9999,    9
 18248,102076,20210118,-9999,    9
 18248,102076,20210119,-9999,    9
 18248,102076,20210120,-9999,    9
 18248,102076,20210121,-9999,    9
 18248,102076,20210122,-9999,    9
 18248,102076,20210123,-9999,    9
 18248,102076,20210124,-9999,    9
 18248,102076,20210125,-9999,    9
 18248,102076,20210126,-9999,    9
 18248,102076,20210127,-9999,    9
 18248,102076,20210128,-9999,    9
 18248,102076,20210129,-9999,    9
 18248,102076,20210130,-9999,    9
 18248,102076,20210131,-9999,    9
 18248,102076,20210201,-9999,    9
 18248,102076,20210202,-9999,    9
 18248,102076,20210203,-9999,    9
 18248,102076,20210204,-9999,    9
 18248,102076,20210205,-9999,    9
 18248,102076,20210206,-9999,    9
 18248,102076,20210207,-9999,    9
 18248,102076,20210208,-9999,    9
 18248,102076,20210209,-9999,    9
 18248,102076,20210210,-9999,    9
 18248,102076,20210211,-9999,    9
 18248,102076,20210212,-9999,    9
 18248,102076,20210213,-9999,    9
 18248,102076,20210214,-9999,    9
 18248,102076,20210215,-9999,    9
 18248,102076,20210216,-9999,    9
 18248,102076,20210217,-9999,    9
 18248,102076,20210218,-9999,    9
 18248,102076,20210219,-9999,    9
 18248,102076,20210220,-9999,    9
 18248,102076,20210221,-9999,    9
 18248,102076,20210222,-9999,    9
 18248,102076,20210223,-9999,    9
 18248,102076,20210224,-9999,    9
 18248,102076,20210225,-9999,    9
 18248,102076,20210226,-9999,    9
 18248,102076,20210227,-9999,    9
 18248,102076,20210228,-9999,    9
 18248,102076,20210301,-9999,    9
 18248,102076,20210302,-9999,    9
 18248,102076,20210303,-9999,    9
 18248,102076,20210304,-9999,    9
 18248,102076,20210305,-9999,    9
 18248,102076,20210306,-9999,    9
 18248,102076,20210307,-9999,    9
 18248,102076,20210308,-9999,    9
 18248,102076,20210309,-9999,    9
 18248,102076,20210310,-9999,    9
 18248,102076,20210311,-9999,    9
 18248,102076,20210312,-9999,    9
 18248,102076,20210313,-9999,    9
 18248,102076,20210314,-9999,    9
 18248,102076,20210315,-9999,    9
 18248,102076,20210316,-9999,    9
 18248,102076,20210317,-9999,    9
 18248,102076,20210318,-9999,    9
 18248,102076,20210319,-9999,    9
 18248,102076,20210320,-9999,    9
 18248,102076,20210321,-9999,    9
 18248,102076,20210322,-9999,    9
 18248,102076,20210323,-9999,    9
 18248,102076,20210324,-9999,    9
 18248,102076,20210325,-9999,    9
 18248,102076,20210326,-9999,    9
 18248,102076,20210327,-9999,    9
 18248,102076,20210328,-9999,    9
 18248,102076,20210329,-9999,    9
 18248,102076,20210330,-9999,    9
 18248,102076,20210331,-9999,    9
 18248,102076,20210401,-9999,    9
 18248,102076,20210402,-9999,    9
 18248,102076,20210403,-9999,    9
 18248,102076,20210404,-9999,    9
 18248,102076,20210405,-9999,    9
 18248,102076,20210406,-9999,    9
 18248,102076,20210407,-9999,    9
 18248,102076,20210408,-9999,    9
 18248,102076,20210409,-9999,    9
 18248,102076,20210410,-9999,    9
 18248,102076,20210411,-9999,    9
 18248,102076,20210412,-9999,    9
 18248,102076,20210413,-9999,    9
 18248,102076,20210414,-9999,    9
 18248,102076,20210415,-9999,    9
 18248,102076,20210416,-9999,    9
 18248,102076,20210417,-9999,    9
 18248,102076,20210418,-9999,    9
 18248,102076,20210419,-9999,    9
 18248,102076,20210420,-9999,    9
 18248,102076,20210421,-9999,    9
 18248,102076,20210422,-9999,    9
 18248,102076,20210423,-9999,    9
 18248,102076,20210424,-9999,    9
 18248,102076,20210425,-9999,    9
 18248,102076,20210426,-9999,    9
 18248,102076,20210427,-9999,    9
 18248,102076,20210428,-9999,    9
 18248,102076,20210429,-9999,    9
 18248,102076,20210430,-9999,    9
 18248,102076,20210501,-9999,    9
 18248,102076,20210502,-9999,    9
 18248,102076,20210503,-9999,    9
 18248,102076,20210504,-9999,    9
 18248,102076,20210505,-9999,    9
 18248,102076,20210506,-9999,    9
 18248,102076,20210507,-9999,    9
 18248,102076,20210508,-9999,    9
 18248,102076,20210509,-9999,    9
 18248,102076,20210510,-9999,    9
 18248,102076,20210511,-9999,    9
 18248,102076,20210512,-9999,    9
 18248,102076,20210513,-9999,    9
 18248,102076,20210514,-9999,    9
 18248,102076,20210515,-9999,    9
 18248,102076,20210516,-9999,    9
 18248,102076,20210517,-9999,    9
 18248,102076,20210518,-9999,    9
 18248,102076,20210519,-9999,    9
 18248,102076,20210520,-9999,    9
 18248,102076,20210521,-9999,    9
 18248,102076,20210522,-9999,    9
 18248,102076,20210523,-9999,    9
 18248,102076,20210524,-9999,    9
 18248,102076,20210525,-9999,    9
 18248,102076,20210526,-9999,    9
 18248,102076,20210527,-9999,    9
 18248,102076,20210528,-9999,    9
 18248,102076,20210529,-9999,    9
 18248,102076,20210530,-9999,    9
 18248,102076,20210531,-9999,    9
 18248,102076,20210601,-9999,    9
 18248,102076,20210602,-9999,    9
 18248,102076,20210603,-9999,    9
 18248,102076,20210604,-9999,    9
 18248,102076,20210605,-9999,    9
 18248,102076,20210606,-9999,    9
 18248,102076,20210607,-9999,    9
 18248,102076,20210608,-9999,    9
 18248,102076,20210609,-9999,    9
 18248,102076,20210610,-9999,    9
 18248,102076,20210611,-9999,    9
 18248,102076,20210612,-9999,    9
 18248,102076,20210613,-9999,    9
 18248,102076,20210614,-9999,    9
 18248,102076,20210615,-9999,    9
 18248,102076,20210616,-9999,    9
 18248,102076,20210617,-9999,    9
 18248,102076,20210618,-9999,    9
 18248,102076,20210619,-9999,    9
 18248,102076,20210620,-9999,    9
 18248,102076,20210621,-9999,    9
 18248,102076,20210622,-9999,    9
 18248,102076,20210623,-9999,    9
 18248,102076,20210624,-9999,    9
 18248,102076,20210625,-9999,    9
 18248,102076,20210626,-9999,    9
 18248,102076,20210627,-9999,    9
 18248,102076,20210628,-9999,    9
 18248,102076,20210629,-9999,    9
 18248,102076,20210630,-9999,    9
 18248,102076,20210701,-9999,    9
 18248,102076,20210702,-9999,    9
 18248,102076,20210703,-9999,    9
 18248,102076,20210704,-9999,    9
 18248,102076,20210705,-9999,    9
 18248,102076,20210706,-9999,    9
 18248,102076,20210707,-9999,    9
 18248,102076,20210708,-9999,    9
 18248,102076,20210709,-9999,    9
 18248,102076,20210710,-9999,    9
 18248,102076,20210711,-9999,    9
 18248,102076,20210712,-9999,    9
 18248,102076,20210713,-9999,    9
 18248,102076,20210714,-9999,    9
 18248,102076,20210715,-9999,    9
 18248,102076,20210716,-9999,    9
 18248,102076,20210717,-9999,    9
 18248,102076,20210718,-9999,    9
 18248,102076,20210719,-9999,    9
 18248,102076,20210720,-9999,    9
 18248,102076,20210721,-9999,    9
 18248,102076,20210722,-9999,    9
 18248,102076,20210723,-9999,    9
 18248,102076,20210724,-9999,    9
 18248,102076,20210725,-9999,    9
 18248,102076,20210726,-9999,    9
 18248,102076,20210727,-9999,    9
 18248,102076,20210728,-9999,    9
 18248,102076,20210729,-9999,    9
 18248,102076,20210730,-9999,    9
 18248,102076,20210731,  309,    0
 18248,102076,20210801,    4,    0
 18248,102076,20210802,    1,    0
 18248,102076,20210803,    0,    0
 18248,102076,20210804,    0,    0
 18248,102076,20210805,    0,    0
 18248,102076,20210806,    0,    0
 18248,102076,20210807,   18,    0
 18248,102076,20210808,    0,    0
 18248,102076,20210809,    0,    0
 18248,102076,20210810,    0,    0
 18248,102076,20210811,    0,    0
 18248,102076,20210812,    0,    0
 18248,102076,20210813,    4,    0
 18248,102076,20210814,   19,    0
 18248,102076,20210815,   37,    0
 18248,102076,20210816,   58,    0
 18248,102076,20210817,    0,    0
 18248,102076,20210818,    0,    0
 18248,102076,20210819,    0,    0
 18248,102076,20210820,    0,    0
 18248,102076,20210821,    0,    0
 18248,102076,20210822,    0,    0
 18248,102076,20210823,    0,    0
 18248,102076,20210824,   11,    0
 18248,102076,20210825,    0,    0
 18248,102076,20210826,    0,    0
 18248,102076,20210827,    0,    0
 18248,102076,20210828,    0,    0
 18248,102076,20210829,    0,    0
 18248,102076,20210830,    0,    0
 18248,102076,20210831,    0,    0
 18248,102076,20210901,    0,    0
 18248,102076,20210902,    0,    0
 18248,102076,20210903,    0,    0
 18248,102076,20210904,    0,    0
 18248,102076,20210905,    0,    0
 18248,102076,20210906,   10,    0
 18248,102076,20210907,    3,    0
 18248,102076,20210908,    0,    0
 18248,102076,20210909,    1,    0
 18248,102076,20210910,    0,    0
 18248,102076,20210911,   33,    0
 18248,102076,20210912,    1,    0
 18248,102076,20210913,    0,    0
 18248,102076,20210914,    0,    0
 18248,102076,20210915,    0,    0
 18248,102076,20210916,   10,    0
 18248,102076,20210917,    4,    0
 18248,102076,20210918,    0,    0
 18248,102076,20210919,    0,    0
 18248,102076,20210920,   22,    0
 18248,102076,20210921,    0,    0
 18248,102076,20210922,    0,    0
 18248,102076,20210923,    0,    0
 18248,102076,20210924,   10,    0
 18248,102076,20210925,    0,    0
 18248,102076,20210926,    0,    0
 18248,102076,20210927,  221,    0
 18248,102076,20210928,   30,    0
 18248,102076,20210929,   92,    0
 18248,102076,20210930,   95,    0
 18248,102076,20211001,  176,    0
 18248,102076,20211002,   11,    0
 18248,102076,20211003,  205,    0
 18248,102076,20211004,   16,    0
 18248,102076,20211005,    7,    0
 18248,102076,20211006,    4,    0
 18248,102076,20211007,    0,    0
 18248,102076,20211008,    0,    0
 18248,102076,20211009,    0,    0
 18248,102076,20211010,    1,    0
 18248,102076,20211011,    0,    0
 18248,102076,20211012,    0,    0
 18248,102076,20211013,   15,    0
 18248,102076,20211014,    0,    0
 18248,102076,20211015,    0,    0
 18248,102076,20211016,    0,    0
 18248,102076,20211017,    0,    0
 18248,102076,20211018,    0,    0
 18248,102076,20211019,  104,    0
 18248,102076,20211020,    9,    0
 18248,102076,20211021,    1,    0
 18248,102076,20211022,    0,    0
 18248,102076,20211023,    2,    0
 18248,102076,20211024,    7,    0
 18248,102076,20211025,    0,    0
 18248,102076,20211026,   35,    0
 18248,102076,20211027,    5,    0
 18248,102076,20211028,   17,    0
 18248,102076,20211029,   48,    0
 18248,102076,20211030,   53,    0
 18248,102076,20211031,   80,    0
 18248,102076,20211101,   54,    0
 18248,102076,20211102,   19,    0
 18248,102076,20211103,   14,    0
 18248,102076,20211104,    2,    0
 18248,102076,20211105,    0,    0
 18248,102076,20211106,    0,    0
 18248,102076,20211107,   16,    0
 18248,102076,20211108,   49,    0
 18248,102076,20211109,   23,    0
 18248,102076,20211110,    0,    0
 18248,102076,20211111,    0,    0
 18248,102076,20211112,    0,    0
 18248,102076,20211113,    1,    0
 18248,102076,20211114,    0,    0
 18248,102076,20211115,    3,    0
 18248,102076,20211116,    0,    0
 18248,102076,20211117,    1,    0
 18248,102076,20211118,    0,    0
 18248,102076,20211119,    3,    0
 18248,102076,20211120,    0,    0
 18248,102076,20211121,    0,    0
 18248,102076,20211122,    0,    0
 18248,102076,20211123,    0,    0
 18248,102076,20211124,    0,    0
 18248,102076,20211125,    0,    0
 18248,102076,20211126,    0,    0
 18248,102076,20211127,    0,    0
 18248,102076,20211128,    0,    0
 18248,102076,20211129,    0,    0
 18248,102076,20211130,-9999,    9
 18248,102076,20211201,-9999,    9
 18248,102076,20211202,-9999,    9
 18248,102076,20211203,-9999,    9
 18248,102076,20211204,-9999,    9
 18248,102076,20211205,-9999,    9
 18248,102076,20211206,-9999,    9
 18248,102076,20211207,-9999,    9
 18248,102076,20211208,-9999,    9
 18248,102076,20211209,-9999,    9
 18248,102076,20211210,-9999,    9
 18248,102076,20211211,-9999,    9
 18248,102076,20211212,-9999,    9
 18248,102076,20211213,-9999,    9
 18248,102076,20211214,-9999,    9
 18248,102076,20211215,-9999,    9
 18248,102076,20211216,-9999,    9
 18248,102076,20211217,-9999,    9
 18248,102076,20211218,-9999,    9
 18248,102076,20211219,-9999,    9
 18248,102076,20211220,-9999,    9
 18248,102076,20211221,-9999,    9
 18248,102076,20211222,-9999,    9
 18248,102076,20211223,-9999,    9
 18248,102076,20211224,-9999,    9
 18248,102076,20211225,-9999,    9
 18248,102076,20211226,-9999,    9
 18248,102076,20211227,-9999,    9
 18248,102076,20211228,-9999,    9
 18248,102076,20211229,-9999,    9
 18248,102076,20211230,-9999,    9
 18248,102076,20211231,-9999,    9
 18248,102076,20220101,-9999,    9
 18248,102076,20220102,-9999,    9
 18248,102076,20220103,-9999,    9
 18248,102076,20220104,-9999,    9
 18248,102076,20220105,-9999,    9
 18248,102076,20220106,-9999,    9
 18248,102076,20220107,-9999,    9
 18248,102076,20220108,-9999,    9
 18248,102076,20220109,-9999,    9
 18248,102076,20220110,-9999,    9
 18248,102076,20220111,-9999,    9
 18248,102076,20220112,-9999,    9
 18248,102076,20220113,-9999,    9
 18248,102076,20220114,-9999,    9
 18248,102076,20220115,-9999,    9
 18248,102076,20220116,-9999,    9
 18248,102076,20220117,-9999,    9
 18248,102076,20220118,    0,    0
 18248,102076,20220119,    2,    0
 18248,102076,20220120,    0,    0
 18248,102076,20220121,-9999,    9
 18248,102076,20220122,    0,    0
 18248,102076,20220123,-9999,    9
 18248,102076,20220124,   17,    0
 18248,102076,20220125,    0,    0
 18248,102076,20220126,    1,    0
 18248,102076,20220127,   10,    0
 18248,102076,20220128,    0,    0
 18248,102076,20220129,    8,    0
 18248,102076,20220130,    0,    0
 18248,102076,20220131,-9999,    9
 18248,102076,20220201,-9999,    9
 18248,102076,20220202,-9999,    9
 18248,102076,20220203,-9999,    9
 18248,102076,20220204,-9999,    9
 18248,102076,20220205,-9999,    9
 18248,102076,20220206,-9999,    9
 18248,102076,20220207,-9999,    9
 18248,102076,20220208,-9999,    9
 18248,102076,20220209,-9999,    9
 18248,102076,20220210,    4,    0
 18248,102076,20220211,-9999,    9
 18248,102076,20220212,-9999,    9
 18248,102076,20220213,-9999,    9
 18248,102076,20220214,-9999,    9
 18248,102076,20220215,-9999,    9
 18248,102076,20220216,-9999,    9
 18248,102076,20220217,    4,    0
 18248,102076,20220218,-9999,    9
 18248,102076,20220219,-9999,    9
 18248,102076,20220220,-9999,    9
 18248,102076,20220221,-9999,    9
 18248,102076,20220222,-9999,    9
 18248,102076,20220223,-9999,    9
 18248,102076,20220224,-9999,    9
 18248,102076,20220225,-9999,    9
 18248,102076,20220226,-9999,    9
 18248,102076,20220227,-9999,    9
 18248,102076,20220228,-9999,    9
 18248,102076,20220301,-9999,    9
 18248,102076,20220302,-9999,    9
 18248,102076,20220303,-9999,    9
 18248,102076,20220304,-9999,    9
 18248,102076,20220305,-9999,    9
 18248,102076,20220306,-9999,    9
 18248,102076,20220307,-9999,    9
 18248,102076,20220308,-9999,    9
 18248,102076,20220309,-9999,    9
 18248,102076,20220310,-9999,    9
 18248,102076,20220311,-9999,    9
 18248,102076,20220312,-9999,    9
 18248,102076,20220313,-9999,    9
 18248,102076,20220314,-9999,    9
 18248,102076,20220315,-9999,    9
 18248,102076,20220316,-9999,    9
 18248,102076,20220317,-9999,    9
 18248,102076,20220318,-9999,    9
 18248,102076,20220319,-9999,    9
 18248,102076,20220320,-9999,    9
 18248,102076,20220321,-9999,    9
 18248,102076,20220322,-9999,    9
 18248,102076,20220323,-9999,    9
 18248,102076,20220324,-9999,    9
 18248,102076,20220325,-9999,    9
 18248,102076,20220326,-9999,    9
 18248,102076,20220327,-9999,    9
 18248,102076,20220328,-9999,    9
 18248,102076,20220329,-9999,    9
 18248,102076,20220330,-9999,    9
 18248,102076,20220331,-9999,    9
 18248,102076,20220401,-9999,    9
 18248,102076,20220402,-9999,    9
 18248,102076,20220403,-9999,    9
 18248,102076,20220404,-9999,    9
 18248,102076,20220405,-9999,    9
 18248,102076,20220406,-9999,    9
 18248,102076,20220407,-9999,    9
 18248,102076,20220408,-9999,    9
 18248,102076,20220409,-9999,    9
 18248,102076,20220410,-9999,    9
 18248,102076,20220411,-9999,    9
 18248,102076,20220412,-9999,    9
 18248,102076,20220413,-9999,    9
 18248,102076,20220414,-9999,    9
 18248,102076,20220415,-9999,    9
 18248,102076,20220416,-9999,    9
 18248,102076,20220417,-9999,    9
 18248,102076,20220418,-9999,    9
 18248,102076,20220419,-9999,    9
 18248,102076,20220420,-9999,    9
 18248,102076,20220421,-9999,    9
 18248,102076,20220422,-9999,    9
 18248,102076,20220423,-9999,    9
 18248,102076,20220424,-9999,    9
 18248,102076,20220425,-9999,    9
 18248,102076,20220426,-9999,    9
 18248,102076,20220427,    0,    0
 18248,102076,20220428,    0,    0
 18248,102076,20220429,    0,    0
 18248,102076,20220430,    0,    0
 18248,102076,20220501,    0,    0
 18248,102076,20220502,    0,    0
 18248,102076,20220503,    0,    0
 18248,102076,20220504,    0,    0
 18248,102076,20220505,    0,    0
 18248,102076,20220506,    0,    0
 18248,102076,20220507,    0,    0
 18248,102076,20220508,    0,    0
 18248,102076,20220509,    0,    0
 18248,102076,20220510,   71,    0
 18248,102076,20220511,    1,    0
 18248,102076,20220512,    0,    0
 18248,102076,20220513,    4,    0
 18248,102076,20220514,    0,    0
 18248,102076,20220515,    0,    0
 18248,102076,20220516,    0,    0
 18248,102076,20220517,    0,    0
 18248,102076,20220518,    0,    0
 18248,102076,20220519,    0,    0
 18248,102076,20220520,   18,    0
 18248,102076,20220521,   16,    0
 18248,102076,20220522,    4,    0
 18248,102076,20220523,    0,    0
 18248,102076,20220524,   54,    0
 18248,102076,20220525,    9,    0
 18248,102076,20220526,   27,    0
 18248,102076,20220527,   41,    0
 18248,102076,20220528,    2,    0
 18248,102076,20220529,   78,    0
 18248,102076,20220530,    0,    0
 18248,102076,20220531,   74,    0
 18248,102076,20220601,   32,    0
 18248,102076,20220602,  102,    0
 18248,102076,20220603,   25,    0
 18248,102076,20220604,    0,    0
 18248,102076,20220605,    0,    0
 18248,102076,20220606,    0,    0
 18248,102076,20220607,  131,    0
 18248,102076,20220608,  107,    0
 18248,102076,20220609,    0,    0
 18248,102076,20220610,    0,    0
 18248,102076,20220611,    9,    0
 18248,102076,20220612,    1,    0
 18248,102076,20220613,    3,    0
 18248,102076,20220614,    0,    0
 18248,102076,20220615,   33,    0
 18248,102076,20220616,   12,    0
 18248,102076,20220617,   19,    0
 18248,102076,20220618,    0,    0
 18248,102076,20220619,    0,    0
 18248,102076,20220620,    0,    0
 18248,102076,20220621,    0,    0
 18248,102076,20220622,   12,    0
 18248,102076,20220623,    0,    0
 18248,102076,20220624,    0,    0
 18248,102076,20220625,    7,    0
 18248,102076,20220626,  127,    0
 18248,102076,20220627,  387,    0
 18248,102076,20220628,  240,    0
 18248,102076,20220629,    0,    0
 18248,102076,20220630,    4,    0
 18248,102076,20220701,   84,    0
 18248,102076,20220702,  102,    0
 18248,102076,20220703,   95,    0
 18248,102076,20220704,  171,    0
 18248,102076,20220705,    1,    0
 18248,102076,20220706,   80,    0
 18248,102076,20220707,    0,    0
 18248,102076,20220708,    0,    0
 18248,102076,20220709,    0,    0
 18248,102076,20220710,    0,    0
 18248,102076,20220711,    0,    0
 18248,102076,20220712,    0,    0
 18248,102076,20220713,    0,    0
 18248,102076,20220714,    0,    0
 18248,102076,20220715,    0,    0
 18248,102076,20220716,    0,    0
 18248,102076,20220717,   28,    0
 18248,102076,20220718,    0,    0
 18248,102076,20220719,    0,    0
 18248,102076,20220720,    8,    0
 18248,102076,20220721,    0,    0
 18248,102076,20220722,    0,    0
 18248,102076,20220723,    0,    0
 18248,102076,20220724,   21,    0
 18248,102076,20220725,   79,    0
 18248,102076,20220726,    1,    0
 18248,102076,20220727,    0,    0
 18248,102076,20220728,    0,    0
 18248,102076,20220729,    0,    0
 18248,102076,20220730,    0,    0
 18248,102076,20220731,   71,    0
 18248,102076,20220801,   36,    0
 18248,102076,20220802,   55,    0
 18248,102076,20220803,  150,    0
 18248,102076,20220804,   15,    0
 18248,102076,20220805,    0,    0
 18248,102076,20220806,    4,    0
 18248,102076,20220807,    0,    0
 18248,102076,20220808,    0,    0
 18248,102076,20220809,    8,    0
 18248,102076,20220810,    0,    0
 18248,102076,20220811,    0,    0
 18248,102076,20220812,    0,    0
 18248,102076,20220813,    0,    0
 18248,102076,20220814,    0,    0
 18248,102076,20220815,   60,    0
 18248,102076,20220816,  212,    0
 18248,102076,20220817,   32,    0
 18248,102076,20220818,  169,    0
 18248,102076,20220819,    0,    0
 18248,102076,20220820,    0,    0
 18248,102076,20220821,   32,    0
 18248,102076,20220822,    0,    0
 18248,102076,20220823,    0,    0
 18248,102076,20220824,    0,    0
 18248,102076,20220825,    0,    0
 18248,102076,20220826,  150,    0
 18248,102076,20220827,    0,    0
 18248,102076,20220828,    0,    0
 18248,102076,20220829,    0,    0
 18248,102076,20220830,    0,    0
 18248,102076,20220831,    0,    0
 18248,102076,20220901,    0,    0
 18248,102076,20220902,   18,    0
 18248,102076,20220903,   10,    0
 18248,102076,20220904,   16,    0
 18248,102076,20220905,    0,    0
 18248,102076,20220906,    0,    0
 18248,102076,20220907,    0,    0
 18248,102076,20220908,    2,    0
 18248,102076,20220909,    0,    0
 18248,102076,20220910,    0,    0
 18248,102076,20220911,    0,    0
 18248,102076,20220912,  269,    0
 18248,102076,20220913,  119,    0
 18248,102076,20220914,    0,    0
 18248,102076,20220915,    0,    0
 18248,102076,20220916,    0,    0
 18248,102076,20220917,    0,    0
 18248,102076,20220918,    0,    0
 18248,102076,20220919,    0,    0
 18248,102076,20220920,    0,    0
 18248,102076,20220921,    0,    0
 18248,102076,20220922,   48,    0
 18248,102076,20220923,   77,    0
 18248,102076,20220924,    0,    0
 18248,102076,20220925,   56,    0
 18248,102076,20220926,  203,    0
 18248,102076,20220927,  117,    0
 18248,102076,20220928,   14,    0
 18248,102076,20220929,    8,    0
 18248,102076,20220930,    8,    0
 18248,102076,20221001,   83,    0
 18248,102076,20221002,    2,    0
 18248,102076,20221003,    0,    0
 18248,102076,20221004,   37,    0
 18248,102076,20221005,   67,    0
 18248,102076,20221006,    0,    0
 18248,102076,20221007,    1,    0
 18248,102076,20221008,    0,    0
 18248,102076,20221009,    0,    0
 18248,102076,20221010,   16,    0
 18248,102076,20221011,    0,    0
 18248,102076,20221012,   19,    0
 18248,102076,20221013,   41,    0
 18248,102076,20221014,  152,    0
 18248,102076,20221015,   26,    0
 18248,102076,20221016,   26,    0
 18248,102076,20221017,    0,    0
 18248,102076,20221018,    0,    0
 18248,102076,20221019,    0,    0
 18248,102076,20221020,    1,    0
 18248,102076,20221021,    0,    0
 18248,102076,20221022,    0,    0
 18248,102076,20221023,   14,    0
 18248,102076,20221024,   71,    0
 18248,102076,20221025,    9,    0
 18248,102076,20221026,    9,    0
 18248,102076,20221027,    0,    0
 18248,102076,20221028,   39,    0
 18248,102076,20221029,    0,    0
 18248,102076,20221030,    1,    0
 18248,102076,20221031,-9999,    9
