EUROPEAN CLIMATE ASSESSMENT & DATASET (ECA&D), file created on: 16-11-2022
THESE DATA CAN BE USED FOR NON-COMMERCIAL RESEARCH AND EDUCATION PROVIDED THAT THE FOLLOWING SOURCE IS ACKNOWLEDGED: 

Klein Tank, A.M.G. and Coauthors, 2002. Daily dataset of 20th-century surface
air temperature and precipitation series for the European Climate Assessment.
Int. J. of Climatol., 22, 1441-1453.
Data and metadata available at http://www.ecad.eu

FILE FORMAT (MISSING VALUE CODE = -9999):

01-06 STAID: Station identifier
08-13 SOUID: Source identifier
15-22 DATE : Date YYYYMMDD
24-28 RR   : Precipitation amount in 0.1 mm
30-34 Q_RR : quality code for RR (0='valid'; 1='suspect'; 9='missing')

This is the blended series of station BAERUMS VERK, NORWAY (STAID: 19235)
Blended and updated with sources:101082 
See files sources.txt and stations.txt for more info.

STAID, SOUID,    DATE,   RR, Q_RR
 19235,101082,20170531,-9999,    9
 19235,101082,20170601,-9999,    9
 19235,101082,20170602,-9999,    9
 19235,101082,20170603,-9999,    9
 19235,101082,20170604,-9999,    9
 19235,101082,20170605,-9999,    9
 19235,101082,20170606,-9999,    9
 19235,101082,20170607,-9999,    9
 19235,101082,20170608,-9999,    9
 19235,101082,20170609,-9999,    9
 19235,101082,20170610,-9999,    9
 19235,101082,20170611,-9999,    9
 19235,101082,20170612,-9999,    9
 19235,101082,20170613,-9999,    9
 19235,101082,20170614,-9999,    9
 19235,101082,20170615,-9999,    9
 19235,101082,20170616,-9999,    9
 19235,101082,20170617,-9999,    9
 19235,101082,20170618,-9999,    9
 19235,101082,20170619,-9999,    9
 19235,101082,20170620,-9999,    9
 19235,101082,20170621,-9999,    9
 19235,101082,20170622,-9999,    9
 19235,101082,20170623,-9999,    9
 19235,101082,20170624,-9999,    9
 19235,101082,20170625,-9999,    9
 19235,101082,20170626,    0,    0
 19235,101082,20170627,    0,    0
 19235,101082,20170628,    0,    0
 19235,101082,20170629,   14,    0
 19235,101082,20170630,    0,    0
 19235,101082,20170701,    0,    0
 19235,101082,20170702,    0,    0
 19235,101082,20170703,  196,    0
 19235,101082,20170704,    1,    0
 19235,101082,20170705,    1,    0
 19235,101082,20170706,    0,    0
 19235,101082,20170707,  186,    0
 19235,101082,20170708,   74,    0
 19235,101082,20170709,    1,    0
 19235,101082,20170710,   24,    0
 19235,101082,20170711,   15,    0
 19235,101082,20170712,    0,    0
 19235,101082,20170713,    0,    0
 19235,101082,20170714,    0,    0
 19235,101082,20170715,  121,    0
 19235,101082,20170716,   16,    0
 19235,101082,20170717,    0,    0
 19235,101082,20170718,    0,    0
 19235,101082,20170719,    0,    0
 19235,101082,20170720,    0,    0
 19235,101082,20170721,    1,    0
 19235,101082,20170722,    0,    0
 19235,101082,20170723,    0,    0
 19235,101082,20170724,    0,    0
 19235,101082,20170725,    4,    0
 19235,101082,20170726,    1,    0
 19235,101082,20170727,  153,    0
 19235,101082,20170728,    0,    0
 19235,101082,20170729,    5,    0
 19235,101082,20170730,  175,    0
 19235,101082,20170731,    5,    0
 19235,101082,20170801,    4,    0
 19235,101082,20170802,    2,    0
 19235,101082,20170803,  190,    0
 19235,101082,20170804,  128,    0
 19235,101082,20170805,   34,    0
 19235,101082,20170806,   55,    0
 19235,101082,20170807,  109,    0
 19235,101082,20170808,  105,    0
 19235,101082,20170809,  367,    0
 19235,101082,20170810,    0,    0
 19235,101082,20170811,    3,    0
 19235,101082,20170812,   77,    0
 19235,101082,20170813,    0,    0
 19235,101082,20170814,    0,    0
 19235,101082,20170815,  283,    0
 19235,101082,20170816,    0,    0
 19235,101082,20170817,  276,    0
 19235,101082,20170818,  182,    0
 19235,101082,20170819,    3,    0
 19235,101082,20170820,    2,    0
 19235,101082,20170821,   22,    0
 19235,101082,20170822,    0,    0
 19235,101082,20170823,    0,    0
 19235,101082,20170824,    0,    0
 19235,101082,20170825,    0,    0
 19235,101082,20170826,    0,    0
 19235,101082,20170827,    0,    0
 19235,101082,20170828,   62,    0
 19235,101082,20170829,    3,    0
 19235,101082,20170830,    0,    0
 19235,101082,20170831,   10,    0
 19235,101082,20170901,    0,    0
 19235,101082,20170902,    0,    0
 19235,101082,20170903,    0,    0
 19235,101082,20170904,   30,    0
 19235,101082,20170905,  176,    0
 19235,101082,20170906,  248,    0
 19235,101082,20170907,    3,    0
 19235,101082,20170908,  114,    0
 19235,101082,20170909,   35,    0
 19235,101082,20170910,  112,    0
 19235,101082,20170911,  302,    0
 19235,101082,20170912,   54,    0
 19235,101082,20170913,   13,    0
 19235,101082,20170914,   23,    0
 19235,101082,20170915,    1,    0
 19235,101082,20170916,    1,    0
 19235,101082,20170917,    0,    0
 19235,101082,20170918,    8,    0
 19235,101082,20170919,    4,    0
 19235,101082,20170920,   71,    0
 19235,101082,20170921,    0,    0
 19235,101082,20170922,   45,    0
 19235,101082,20170923,    5,    0
 19235,101082,20170924,    7,    0
 19235,101082,20170925,    0,    0
 19235,101082,20170926,    8,    0
 19235,101082,20170927,    0,    0
 19235,101082,20170928,    0,    0
 19235,101082,20170929,    0,    0
 19235,101082,20170930,    0,    0
 19235,101082,20171001,  226,    0
 19235,101082,20171002,  243,    0
 19235,101082,20171003,    0,    0
 19235,101082,20171004,   27,    0
 19235,101082,20171005,    0,    0
 19235,101082,20171006,    0,    0
 19235,101082,20171007,    0,    0
 19235,101082,20171008,    0,    0
 19235,101082,20171009,    0,    0
 19235,101082,20171010,   28,    0
 19235,101082,20171011,  211,    0
 19235,101082,20171012,    0,    0
 19235,101082,20171013,   86,    0
 19235,101082,20171014,    0,    0
 19235,101082,20171015,    5,    0
 19235,101082,20171016,   57,    0
 19235,101082,20171017,   31,    0
 19235,101082,20171018,    1,    0
 19235,101082,20171019,    8,    0
 19235,101082,20171020,   35,    0
 19235,101082,20171021,   49,    0
 19235,101082,20171022,  123,    0
 19235,101082,20171023,   12,    0
 19235,101082,20171024,  453,    0
 19235,101082,20171025,    0,    0
 19235,101082,20171026,    6,    0
 19235,101082,20171027,    6,    0
 19235,101082,20171028,    4,    0
 19235,101082,20171029,    0,    0
 19235,101082,20171030,    2,    0
 19235,101082,20171031,    0,    0
 19235,101082,20171101,-9999,    9
 19235,101082,20171102,-9999,    9
 19235,101082,20171103,-9999,    9
 19235,101082,20171104,  183,    0
 19235,101082,20171105,   95,    0
 19235,101082,20171106,    0,    0
 19235,101082,20171107,    2,    0
 19235,101082,20171108,    3,    0
 19235,101082,20171109,    1,    0
 19235,101082,20171110,   18,    0
 19235,101082,20171111,    0,    0
 19235,101082,20171112,    0,    0
 19235,101082,20171113,    0,    0
 19235,101082,20171114,   39,    0
 19235,101082,20171115,    0,    0
 19235,101082,20171116,   46,    0
 19235,101082,20171117,    0,    0
 19235,101082,20171118,    3,    0
 19235,101082,20171119,    0,    0
 19235,101082,20171120,    0,    0
 19235,101082,20171121,    9,    0
 19235,101082,20171122,  216,    0
 19235,101082,20171123,   32,    0
 19235,101082,20171124,    0,    0
 19235,101082,20171125,   13,    0
 19235,101082,20171126,   27,    0
 19235,101082,20171127,    5,    0
 19235,101082,20171128,    9,    0
 19235,101082,20171129,    1,    0
 19235,101082,20171130,    0,    0
 19235,101082,20171201,    0,    0
 19235,101082,20171202,    2,    0
 19235,101082,20171203,    0,    0
 19235,101082,20171204,    0,    0
 19235,101082,20171205,   30,    0
 19235,101082,20171206,    9,    0
 19235,101082,20171207,    3,    0
 19235,101082,20171208,    0,    0
 19235,101082,20171209,    0,    0
 19235,101082,20171210,    1,    0
 19235,101082,20171211,    0,    0
 19235,101082,20171212,    0,    0
 19235,101082,20171213,   52,    0
 19235,101082,20171214,   17,    0
 19235,101082,20171215,    0,    0
 19235,101082,20171216,    0,    0
 19235,101082,20171217,    2,    0
 19235,101082,20171218,    0,    0
 19235,101082,20171219,    1,    0
 19235,101082,20171220,    1,    0
 19235,101082,20171221,    0,    0
 19235,101082,20171222,    0,    0
 19235,101082,20171223,   12,    0
 19235,101082,20171224,    0,    0
 19235,101082,20171225,   51,    0
 19235,101082,20171226,  242,    0
 19235,101082,20171227,   86,    0
 19235,101082,20171228,  116,    0
 19235,101082,20171229,   32,    0
 19235,101082,20171230,    0,    0
 19235,101082,20171231,   71,    0
 19235,101082,20180101,    0,    0
 19235,101082,20180102,   14,    0
 19235,101082,20180103,   19,    0
 19235,101082,20180104,    0,    0
 19235,101082,20180105,    0,    0
 19235,101082,20180106,    0,    0
 19235,101082,20180107,    0,    0
 19235,101082,20180108,    0,    0
 19235,101082,20180109,    0,    0
 19235,101082,20180110,   65,    0
 19235,101082,20180111,   90,    0
 19235,101082,20180112,   11,    0
 19235,101082,20180113,    1,    0
 19235,101082,20180114,-9999,    9
 19235,101082,20180115,-9999,    9
 19235,101082,20180116,-9999,    9
 19235,101082,20180117,    0,    0
 19235,101082,20180118,    0,    0
 19235,101082,20180119,    4,    0
 19235,101082,20180120,    0,    0
 19235,101082,20180121,    0,    0
 19235,101082,20180122,    2,    0
 19235,101082,20180123,  176,    0
 19235,101082,20180124,   74,    0
 19235,101082,20180125,   16,    0
 19235,101082,20180126,    0,    0
 19235,101082,20180127,  110,    0
 19235,101082,20180128,-9999,    9
 19235,101082,20180129,-9999,    9
 19235,101082,20180130,   17,    0
 19235,101082,20180131,  226,    0
 19235,101082,20180201,  203,    0
 19235,101082,20180202,    0,    0
 19235,101082,20180203,    0,    0
 19235,101082,20180204,    0,    0
 19235,101082,20180205,    0,    0
 19235,101082,20180206,    0,    0
 19235,101082,20180207,    0,    0
 19235,101082,20180208,   42,    0
 19235,101082,20180209,   46,    0
 19235,101082,20180210,   50,    0
 19235,101082,20180211,   37,    0
 19235,101082,20180212,   36,    0
 19235,101082,20180213,    1,    0
 19235,101082,20180214,-9999,    9
 19235,101082,20180215,   43,    0
 19235,101082,20180216,   21,    0
 19235,101082,20180217,   11,    0
 19235,101082,20180218,   46,    0
 19235,101082,20180219,    0,    0
 19235,101082,20180220,    0,    0
 19235,101082,20180221,-9999,    9
 19235,101082,20180222,   65,    0
 19235,101082,20180223,  133,    0
 19235,101082,20180224,  102,    0
 19235,101082,20180225,   22,    0
 19235,101082,20180226,    0,    0
 19235,101082,20180227,    0,    0
 19235,101082,20180228,    0,    0
 19235,101082,20180301,    0,    0
 19235,101082,20180302,    0,    0
 19235,101082,20180303,    0,    0
 19235,101082,20180304,   59,    0
 19235,101082,20180305,   13,    0
 19235,101082,20180306,    3,    0
 19235,101082,20180307,    0,    0
 19235,101082,20180308,    9,    0
 19235,101082,20180309,    0,    0
 19235,101082,20180310,    0,    0
 19235,101082,20180311,   82,    0
 19235,101082,20180312,  450,    0
 19235,101082,20180313,    0,    0
 19235,101082,20180314,    0,    0
 19235,101082,20180315,    0,    0
 19235,101082,20180316,    0,    0
 19235,101082,20180317,    0,    0
 19235,101082,20180318,   10,    0
 19235,101082,20180319,    5,    0
 19235,101082,20180320,    0,    0
 19235,101082,20180321,    0,    0
 19235,101082,20180322,    0,    0
 19235,101082,20180323,   10,    0
 19235,101082,20180324,    0,    0
 19235,101082,20180325,    0,    0
 19235,101082,20180326,    1,    0
 19235,101082,20180327,    0,    0
 19235,101082,20180328,    0,    0
 19235,101082,20180329,    0,    0
 19235,101082,20180330,    0,    0
 19235,101082,20180331,    0,    0
 19235,101082,20180401,    0,    0
 19235,101082,20180402,    0,    0
 19235,101082,20180403,   63,    0
 19235,101082,20180404,   47,    0
 19235,101082,20180405,   72,    0
 19235,101082,20180406,    0,    0
 19235,101082,20180407,    0,    0
 19235,101082,20180408,   72,    0
 19235,101082,20180409,   24,    0
 19235,101082,20180410,    0,    0
 19235,101082,20180411,    0,    0
 19235,101082,20180412,    0,    0
 19235,101082,20180413,    0,    0
 19235,101082,20180414,    0,    0
 19235,101082,20180415,    0,    0
 19235,101082,20180416,    3,    0
 19235,101082,20180417,   11,    0
 19235,101082,20180418,    1,    0
 19235,101082,20180419,    2,    0
 19235,101082,20180420,    0,    0
 19235,101082,20180421,    0,    0
 19235,101082,20180422,    2,    0
 19235,101082,20180423,   62,    0
 19235,101082,20180424,    1,    0
 19235,101082,20180425,    0,    0
 19235,101082,20180426,    1,    0
 19235,101082,20180427,    9,    0
 19235,101082,20180428,    0,    0
 19235,101082,20180429,    0,    0
 19235,101082,20180430,   52,    0
 19235,101082,20180501,   70,    0
 19235,101082,20180502,    0,    0
 19235,101082,20180503,   30,    0
 19235,101082,20180504,    0,    0
 19235,101082,20180505,    0,    0
 19235,101082,20180506,    0,    0
 19235,101082,20180507,    0,    0
 19235,101082,20180508,    0,    0
 19235,101082,20180509,    0,    0
 19235,101082,20180510,   31,    0
 19235,101082,20180511,    3,    0
 19235,101082,20180512,    0,    0
 19235,101082,20180513,    0,    0
 19235,101082,20180514,    0,    0
 19235,101082,20180515,    0,    0
 19235,101082,20180516,    3,    0
 19235,101082,20180517,    0,    0
 19235,101082,20180518,    0,    0
 19235,101082,20180519,    0,    0
 19235,101082,20180520,    0,    0
 19235,101082,20180521,    0,    0
 19235,101082,20180522,    0,    0
 19235,101082,20180523,    0,    0
 19235,101082,20180524,    0,    0
 19235,101082,20180525,    0,    0
 19235,101082,20180526,    0,    0
 19235,101082,20180527,    0,    0
 19235,101082,20180528,    4,    0
 19235,101082,20180529,    0,    0
 19235,101082,20180530,    0,    0
 19235,101082,20180531,    0,    0
 19235,101082,20180601,    0,    0
 19235,101082,20180602,    0,    0
 19235,101082,20180603,    0,    0
 19235,101082,20180604,    0,    0
 19235,101082,20180605,    0,    0
 19235,101082,20180606,    0,    0
 19235,101082,20180607,    0,    0
 19235,101082,20180608,    0,    0
 19235,101082,20180609,    0,    0
 19235,101082,20180610,  136,    0
 19235,101082,20180611,    4,    0
 19235,101082,20180612,    5,    0
 19235,101082,20180613,    0,    0
 19235,101082,20180614,   80,    0
 19235,101082,20180615,    0,    0
 19235,101082,20180616,   74,    0
 19235,101082,20180617,  211,    0
 19235,101082,20180618,    1,    0
 19235,101082,20180619,    0,    0
 19235,101082,20180620,    0,    0
 19235,101082,20180621,    0,    0
 19235,101082,20180622,    0,    0
 19235,101082,20180623,    0,    0
 19235,101082,20180624,    0,    0
 19235,101082,20180625,    0,    0
 19235,101082,20180626,    0,    0
 19235,101082,20180627,    0,    0
 19235,101082,20180628,    0,    0
 19235,101082,20180629,    0,    0
 19235,101082,20180630,    0,    0
 19235,101082,20180701,    0,    0
 19235,101082,20180702,    0,    0
 19235,101082,20180703,    0,    0
 19235,101082,20180704,    0,    0
 19235,101082,20180705,    0,    0
 19235,101082,20180706,    0,    0
 19235,101082,20180707,    0,    0
 19235,101082,20180708,    0,    0
 19235,101082,20180709,    5,    0
 19235,101082,20180710,    0,    0
 19235,101082,20180711,   33,    0
 19235,101082,20180712,  284,    0
 19235,101082,20180713,    4,    0
 19235,101082,20180714,    0,    0
 19235,101082,20180715,    0,    0
 19235,101082,20180716,   41,    0
 19235,101082,20180717,    0,    0
 19235,101082,20180718,    0,    0
 19235,101082,20180719,    0,    0
 19235,101082,20180720,    0,    0
 19235,101082,20180721,    0,    0
 19235,101082,20180722,    0,    0
 19235,101082,20180723,    0,    0
 19235,101082,20180724,    0,    0
 19235,101082,20180725,    0,    0
 19235,101082,20180726,    0,    0
 19235,101082,20180727,    0,    0
 19235,101082,20180728,  267,    0
 19235,101082,20180729,    0,    0
 19235,101082,20180730,    7,    0
 19235,101082,20180731,  169,    0
 19235,101082,20180801,    0,    0
 19235,101082,20180802,    1,    0
 19235,101082,20180803,    0,    0
 19235,101082,20180804,    0,    0
 19235,101082,20180805,    0,    0
 19235,101082,20180806,    0,    0
 19235,101082,20180807,   14,    0
 19235,101082,20180808,   64,    0
 19235,101082,20180809,  109,    0
 19235,101082,20180810,  101,    0
 19235,101082,20180811,    2,    0
 19235,101082,20180812,   27,    0
 19235,101082,20180813,    0,    0
 19235,101082,20180814,    0,    0
 19235,101082,20180815,    2,    0
 19235,101082,20180816,   55,    0
 19235,101082,20180817,   50,    0
 19235,101082,20180818,    6,    0
 19235,101082,20180819,    0,    0
 19235,101082,20180820,    0,    0
 19235,101082,20180821,    0,    0
 19235,101082,20180822,   10,    0
 19235,101082,20180823,    9,    0
 19235,101082,20180824,    0,    0
 19235,101082,20180825,    0,    0
 19235,101082,20180826,    0,    0
 19235,101082,20180827,   30,    0
 19235,101082,20180828,    0,    0
 19235,101082,20180829,   45,    0
 19235,101082,20180830,    1,    0
 19235,101082,20180831,    0,    0
 19235,101082,20180901,    0,    0
 19235,101082,20180902,    0,    0
 19235,101082,20180903,    0,    0
 19235,101082,20180904,    0,    0
 19235,101082,20180905,    3,    0
 19235,101082,20180906,   30,    0
 19235,101082,20180907,  119,    0
 19235,101082,20180908,  150,    0
 19235,101082,20180909,  442,    0
 19235,101082,20180910,    2,    0
 19235,101082,20180911,  213,    0
 19235,101082,20180912,    1,    0
 19235,101082,20180913,    0,    0
 19235,101082,20180914,    0,    0
 19235,101082,20180915,    0,    0
 19235,101082,20180916,   60,    0
 19235,101082,20180917,    1,    0
 19235,101082,20180918,    0,    0
 19235,101082,20180919,    4,    0
 19235,101082,20180920,   34,    0
 19235,101082,20180921,  126,    0
 19235,101082,20180922,    0,    0
 19235,101082,20180923,    0,    0
 19235,101082,20180924,    0,    0
 19235,101082,20180925,    0,    0
 19235,101082,20180926,    0,    0
 19235,101082,20180927,   49,    0
 19235,101082,20180928,    0,    0
 19235,101082,20180929,    0,    0
 19235,101082,20180930,    0,    0
 19235,101082,20181001,    0,    0
 19235,101082,20181002,   46,    0
 19235,101082,20181003,    0,    0
 19235,101082,20181004,    1,    0
 19235,101082,20181005,    0,    0
 19235,101082,20181006,    0,    0
 19235,101082,20181007,   21,    0
 19235,101082,20181008,    0,    0
 19235,101082,20181009,    0,    0
 19235,101082,20181010,    3,    0
 19235,101082,20181011,    0,    0
 19235,101082,20181012,    0,    0
 19235,101082,20181013,    0,    0
 19235,101082,20181014,    1,    0
 19235,101082,20181015,   38,    0
 19235,101082,20181016,    9,    0
 19235,101082,20181017,    1,    0
 19235,101082,20181018,    0,    0
 19235,101082,20181019,    0,    0
 19235,101082,20181020,    0,    0
 19235,101082,20181021,   17,    0
 19235,101082,20181022,    0,    0
 19235,101082,20181023,    0,    0
 19235,101082,20181024,    0,    0
 19235,101082,20181025,    1,    0
 19235,101082,20181026,    0,    0
 19235,101082,20181027,    0,    0
 19235,101082,20181028,    0,    0
 19235,101082,20181029,    0,    0
 19235,101082,20181030,  246,    0
 19235,101082,20181031,   64,    0
 19235,101082,20181101,   16,    0
 19235,101082,20181102,   75,    0
 19235,101082,20181103,   12,    0
 19235,101082,20181104,    1,    0
 19235,101082,20181105,    1,    0
 19235,101082,20181106,    5,    0
 19235,101082,20181107,    8,    0
 19235,101082,20181108,   17,    0
 19235,101082,20181109,  106,    0
 19235,101082,20181110,  430,    0
 19235,101082,20181111,  445,    0
 19235,101082,20181112,   66,    0
 19235,101082,20181113,   19,    0
 19235,101082,20181114,    0,    0
 19235,101082,20181115,    0,    0
 19235,101082,20181116,    0,    0
 19235,101082,20181117,    0,    0
 19235,101082,20181118,    1,    0
 19235,101082,20181119,    0,    0
 19235,101082,20181120,    0,    0
 19235,101082,20181121,    0,    0
 19235,101082,20181122,    0,    0
 19235,101082,20181123,    0,    0
 19235,101082,20181124,    0,    0
 19235,101082,20181125,    0,    0
 19235,101082,20181126,    0,    0
 19235,101082,20181127,    0,    0
 19235,101082,20181128,    0,    0
 19235,101082,20181129,  352,    0
 19235,101082,20181130,  118,    0
 19235,101082,20181201,    4,    0
 19235,101082,20181202,  204,    0
 19235,101082,20181203,   97,    0
 19235,101082,20181204,    3,    0
 19235,101082,20181205,    0,    0
 19235,101082,20181206,    0,    0
 19235,101082,20181207,    0,    0
 19235,101082,20181208,    0,    0
 19235,101082,20181209,    0,    0
 19235,101082,20181210,   62,    0
 19235,101082,20181211,   13,    0
 19235,101082,20181212,    0,    0
 19235,101082,20181213,    0,    0
 19235,101082,20181214,    0,    0
 19235,101082,20181215,    0,    0
 19235,101082,20181216,    0,    0
 19235,101082,20181217,    0,    0
 19235,101082,20181218,    0,    0
 19235,101082,20181219,   13,    0
 19235,101082,20181220,   20,    0
 19235,101082,20181221,    0,    0
 19235,101082,20181222,    0,    0
 19235,101082,20181223,    0,    0
 19235,101082,20181224,    0,    0
 19235,101082,20181225,   78,    0
 19235,101082,20181226,   51,    0
 19235,101082,20181227,   49,    0
 19235,101082,20181228,    0,    0
 19235,101082,20181229,    0,    0
 19235,101082,20181230,    0,    0
 19235,101082,20181231,  103,    0
 19235,101082,20190101,   24,    0
 19235,101082,20190102,    0,    0
 19235,101082,20190103,    0,    0
 19235,101082,20190104,    0,    0
 19235,101082,20190105,    0,    0
 19235,101082,20190106,    0,    0
 19235,101082,20190107,    0,    0
 19235,101082,20190108,   12,    0
 19235,101082,20190109,    0,    0
 19235,101082,20190110,    2,    0
 19235,101082,20190111,    2,    0
 19235,101082,20190112,    1,    0
 19235,101082,20190113,    0,    0
 19235,101082,20190114,    0,    0
 19235,101082,20190115,-9999,    9
 19235,101082,20190116,-9999,    9
 19235,101082,20190117,-9999,    9
 19235,101082,20190118,-9999,    9
 19235,101082,20190119,-9999,    9
 19235,101082,20190120,-9999,    9
 19235,101082,20190121,-9999,    9
 19235,101082,20190122,-9999,    9
 19235,101082,20190123,-9999,    9
 19235,101082,20190124,-9999,    9
 19235,101082,20190125,-9999,    9
 19235,101082,20190126,-9999,    9
 19235,101082,20190127,-9999,    9
 19235,101082,20190128,-9999,    9
 19235,101082,20190129,-9999,    9
 19235,101082,20190130,-9999,    9
 19235,101082,20190131,-9999,    9
 19235,101082,20190201,-9999,    9
 19235,101082,20190202,-9999,    9
 19235,101082,20190203,-9999,    9
 19235,101082,20190204,-9999,    9
 19235,101082,20190205,-9999,    9
 19235,101082,20190206,-9999,    9
 19235,101082,20190207,-9999,    9
 19235,101082,20190208,-9999,    9
 19235,101082,20190209,-9999,    9
 19235,101082,20190210,-9999,    9
 19235,101082,20190211,-9999,    9
 19235,101082,20190212,-9999,    9
 19235,101082,20190213,-9999,    9
 19235,101082,20190214,-9999,    9
 19235,101082,20190215,-9999,    9
 19235,101082,20190216,-9999,    9
 19235,101082,20190217,-9999,    9
 19235,101082,20190218,-9999,    9
 19235,101082,20190219,-9999,    9
 19235,101082,20190220,-9999,    9
 19235,101082,20190221,-9999,    9
 19235,101082,20190222,   37,    0
 19235,101082,20190223,-9999,    9
 19235,101082,20190224,    0,    0
 19235,101082,20190225,    0,    0
 19235,101082,20190226,    0,    0
 19235,101082,20190227,    0,    0
 19235,101082,20190228,    0,    0
 19235,101082,20190301,    0,    0
 19235,101082,20190302,   48,    0
 19235,101082,20190303,   57,    0
 19235,101082,20190304,   31,    0
 19235,101082,20190305,    0,    0
 19235,101082,20190306,    1,    0
 19235,101082,20190307,  129,    0
 19235,101082,20190308,    9,    0
 19235,101082,20190309,   12,    0
 19235,101082,20190310,   22,    0
 19235,101082,20190311,   14,    0
 19235,101082,20190312,    0,    0
 19235,101082,20190313,  127,    0
 19235,101082,20190314,   10,    0
 19235,101082,20190315,   15,    0
 19235,101082,20190316,   42,    0
 19235,101082,20190317,  181,    0
 19235,101082,20190318,    0,    0
 19235,101082,20190319,    0,    0
 19235,101082,20190320,    0,    0
 19235,101082,20190321,    0,    0
 19235,101082,20190322,    0,    0
 19235,101082,20190323,    0,    0
 19235,101082,20190324,    0,    0
 19235,101082,20190325,    0,    0
 19235,101082,20190326,    0,    0
 19235,101082,20190327,    0,    0
 19235,101082,20190328,    0,    0
 19235,101082,20190329,    0,    0
 19235,101082,20190330,    7,    0
 19235,101082,20190331,    0,    0
 19235,101082,20190401,    0,    0
 19235,101082,20190402,    0,    0
 19235,101082,20190403,    1,    0
 19235,101082,20190404,    0,    0
 19235,101082,20190405,    0,    0
 19235,101082,20190406,    0,    0
 19235,101082,20190407,    0,    0
 19235,101082,20190408,    0,    0
 19235,101082,20190409,    0,    0
 19235,101082,20190410,    0,    0
 19235,101082,20190411,    0,    0
 19235,101082,20190412,    0,    0
 19235,101082,20190413,    0,    0
 19235,101082,20190414,    0,    0
 19235,101082,20190415,    0,    0
 19235,101082,20190416,    0,    0
 19235,101082,20190417,    0,    0
 19235,101082,20190418,    0,    0
 19235,101082,20190419,    0,    0
 19235,101082,20190420,    0,    0
 19235,101082,20190421,    0,    0
 19235,101082,20190422,    0,    0
 19235,101082,20190423,    0,    0
 19235,101082,20190424,    0,    0
 19235,101082,20190425,   12,    0
 19235,101082,20190426,   12,    0
 19235,101082,20190427,  200,    0
 19235,101082,20190428,    0,    0
 19235,101082,20190429,    0,    0
 19235,101082,20190430,    0,    0
 19235,101082,20190501,    0,    0
 19235,101082,20190502,    0,    0
 19235,101082,20190503,    7,    0
 19235,101082,20190504,    0,    0
 19235,101082,20190505,    0,    0
 19235,101082,20190506,    0,    0
 19235,101082,20190507,    0,    0
 19235,101082,20190508,   18,    0
 19235,101082,20190509,  223,    0
 19235,101082,20190510,  167,    0
 19235,101082,20190511,    3,    0
 19235,101082,20190512,    0,    0
 19235,101082,20190513,    0,    0
 19235,101082,20190514,    0,    0
 19235,101082,20190515,    0,    0
 19235,101082,20190516,    0,    0
 19235,101082,20190517,   96,    0
 19235,101082,20190518,  174,    0
 19235,101082,20190519,    0,    0
 19235,101082,20190520,   35,    0
 19235,101082,20190521,   93,    0
 19235,101082,20190522,    1,    0
 19235,101082,20190523,  175,    0
 19235,101082,20190524,   75,    0
 19235,101082,20190525,   11,    0
 19235,101082,20190526,    0,    0
 19235,101082,20190527,    0,    0
 19235,101082,20190528,   50,    0
 19235,101082,20190529,   23,    0
 19235,101082,20190530,   56,    0
 19235,101082,20190531,   26,    0
 19235,101082,20190601,   12,    0
 19235,101082,20190602,   84,    0
 19235,101082,20190603,    0,    0
 19235,101082,20190604,    0,    0
 19235,101082,20190605,   69,    0
 19235,101082,20190606,  291,    0
 19235,101082,20190607,    3,    0
 19235,101082,20190608,   90,    0
 19235,101082,20190609,   20,    0
 19235,101082,20190610,    0,    0
 19235,101082,20190611,  166,    0
 19235,101082,20190612,  166,    0
 19235,101082,20190613,   14,    0
 19235,101082,20190614,    8,    0
 19235,101082,20190615,    0,    0
 19235,101082,20190616,    2,    0
 19235,101082,20190617,    0,    0
 19235,101082,20190618,    0,    0
 19235,101082,20190619,  128,    0
 19235,101082,20190620,    0,    0
 19235,101082,20190621,    2,    0
 19235,101082,20190622,    0,    0
 19235,101082,20190623,    0,    0
 19235,101082,20190624,    0,    0
 19235,101082,20190625,   49,    0
 19235,101082,20190626,    0,    0
 19235,101082,20190627,    0,    0
 19235,101082,20190628,    0,    0
 19235,101082,20190629,    0,    0
 19235,101082,20190630,   11,    0
 19235,101082,20190701,   13,    0
 19235,101082,20190702,    0,    0
 19235,101082,20190703,    0,    0
 19235,101082,20190704,    1,    0
 19235,101082,20190705,    0,    0
 19235,101082,20190706,   51,    0
 19235,101082,20190707,   15,    0
 19235,101082,20190708,    0,    0
 19235,101082,20190709,    0,    0
 19235,101082,20190710,    0,    0
 19235,101082,20190711,    0,    0
 19235,101082,20190712,    0,    0
 19235,101082,20190713,    0,    0
 19235,101082,20190714,    0,    0
 19235,101082,20190715,   73,    0
 19235,101082,20190716,    0,    0
 19235,101082,20190717,    0,    0
 19235,101082,20190718,   58,    0
 19235,101082,20190719,   19,    0
 19235,101082,20190720,   83,    0
 19235,101082,20190721,  113,    0
 19235,101082,20190722,   42,    0
 19235,101082,20190723,    2,    0
 19235,101082,20190724,    0,    0
 19235,101082,20190725,    0,    0
 19235,101082,20190726,    0,    0
 19235,101082,20190727,    0,    0
 19235,101082,20190728,   13,    0
 19235,101082,20190729,    0,    0
 19235,101082,20190730,   45,    0
 19235,101082,20190731,    0,    0
 19235,101082,20190801,    0,    0
 19235,101082,20190802,    0,    0
 19235,101082,20190803,    1,    0
 19235,101082,20190804,    1,    0
 19235,101082,20190805,    0,    0
 19235,101082,20190806,    7,    0
 19235,101082,20190807,  104,    0
 19235,101082,20190808,    2,    0
 19235,101082,20190809,   33,    0
 19235,101082,20190810,  460,    0
 19235,101082,20190811,   49,    0
 19235,101082,20190812,    6,    0
 19235,101082,20190813,    3,    0
 19235,101082,20190814,    0,    0
 19235,101082,20190815,   15,    0
 19235,101082,20190816,   48,    0
 19235,101082,20190817,  274,    0
 19235,101082,20190818,    7,    0
 19235,101082,20190819,   43,    0
 19235,101082,20190820,    0,    0
 19235,101082,20190821,    0,    0
 19235,101082,20190822,  185,    0
 19235,101082,20190823,    0,    0
 19235,101082,20190824,    0,    0
 19235,101082,20190825,    0,    0
 19235,101082,20190826,    1,    0
 19235,101082,20190827,    0,    0
 19235,101082,20190828,  453,    0
 19235,101082,20190829,   37,    0
 19235,101082,20190830,    0,    0
 19235,101082,20190831,  220,    0
 19235,101082,20190901,    1,    0
 19235,101082,20190902,   17,    0
 19235,101082,20190903,   43,    0
 19235,101082,20190904,  320,    0
 19235,101082,20190905,    1,    0
 19235,101082,20190906,  109,    0
 19235,101082,20190907,   20,    0
 19235,101082,20190908,    2,    0
 19235,101082,20190909,   17,    0
 19235,101082,20190910,   75,    0
 19235,101082,20190911,   40,    0
 19235,101082,20190912,    0,    0
 19235,101082,20190913,    0,    0
 19235,101082,20190914,    2,    0
 19235,101082,20190915,    0,    0
 19235,101082,20190916,    0,    0
 19235,101082,20190917,    0,    0
 19235,101082,20190918,    0,    0
 19235,101082,20190919,    0,    0
 19235,101082,20190920,    1,    0
 19235,101082,20190921,    0,    0
 19235,101082,20190922,    0,    0
 19235,101082,20190923,    0,    0
 19235,101082,20190924,    0,    0
 19235,101082,20190925,    0,    0
 19235,101082,20190926,   39,    0
 19235,101082,20190927,  441,    0
 19235,101082,20190928,  162,    0
 19235,101082,20190929,   15,    0
 19235,101082,20190930,   33,    0
 19235,101082,20191001,   33,    0
 19235,101082,20191002,    0,    0
 19235,101082,20191003,   68,    0
 19235,101082,20191004,    0,    0
 19235,101082,20191005,    0,    0
 19235,101082,20191006,    0,    0
 19235,101082,20191007,   16,    0
 19235,101082,20191008,   74,    0
 19235,101082,20191009,  104,    0
 19235,101082,20191010,    5,    0
 19235,101082,20191011,   41,    0
 19235,101082,20191012,    2,    0
 19235,101082,20191013,   80,    0
 19235,101082,20191014,    3,    0
 19235,101082,20191015,  350,    0
 19235,101082,20191016,   99,    0
 19235,101082,20191017,   50,    0
 19235,101082,20191018,  162,    0
 19235,101082,20191019,   77,    0
 19235,101082,20191020,  123,    0
 19235,101082,20191021,    1,    0
 19235,101082,20191022,    2,    0
 19235,101082,20191023,    0,    0
 19235,101082,20191024,  106,    0
 19235,101082,20191025,   18,    0
 19235,101082,20191026,    2,    0
 19235,101082,20191027,    0,    0
 19235,101082,20191028,    0,    0
 19235,101082,20191029,    0,    0
 19235,101082,20191030,    0,    0
 19235,101082,20191031,    0,    0
 19235,101082,20191101,    0,    0
 19235,101082,20191102,    1,    0
 19235,101082,20191103,    0,    0
 19235,101082,20191104,    0,    0
 19235,101082,20191105,    0,    0
 19235,101082,20191106,    0,    0
 19235,101082,20191107,    0,    0
 19235,101082,20191108,    0,    0
 19235,101082,20191109,    4,    0
 19235,101082,20191110,    0,    0
 19235,101082,20191111,    0,    0
 19235,101082,20191112,  231,    0
 19235,101082,20191113,   61,    0
 19235,101082,20191114,    2,    0
 19235,101082,20191115,    6,    0
 19235,101082,20191116,  132,    0
 19235,101082,20191117,    2,    0
 19235,101082,20191118,  357,    0
 19235,101082,20191119,  121,    0
 19235,101082,20191120,   21,    0
 19235,101082,20191121,  199,    0
 19235,101082,20191122,  170,    0
 19235,101082,20191123,   35,    0
 19235,101082,20191124,   11,    0
 19235,101082,20191125,   14,    0
 19235,101082,20191126,   33,    0
 19235,101082,20191127,   41,    0
 19235,101082,20191128,    4,    0
 19235,101082,20191129,    0,    0
 19235,101082,20191130,    0,    0
 19235,101082,20191201,    0,    0
 19235,101082,20191202,    0,    0
 19235,101082,20191203,   66,    0
 19235,101082,20191204,   13,    0
 19235,101082,20191205,  202,    0
 19235,101082,20191206,    8,    0
 19235,101082,20191207,    1,    0
 19235,101082,20191208,    0,    0
 19235,101082,20191209,    0,    0
 19235,101082,20191210,  161,    0
 19235,101082,20191211,    0,    0
 19235,101082,20191212,   99,    0
 19235,101082,20191213,   50,    0
 19235,101082,20191214,   36,    0
 19235,101082,20191215,   26,    0
 19235,101082,20191216,    0,    0
 19235,101082,20191217,    0,    0
 19235,101082,20191218,    0,    0
 19235,101082,20191219,   23,    0
 19235,101082,20191220,  130,    0
 19235,101082,20191221,   49,    0
 19235,101082,20191222,    2,    0
 19235,101082,20191223,   23,    0
 19235,101082,20191224,   29,    0
 19235,101082,20191225,    2,    0
 19235,101082,20191226,    0,    0
 19235,101082,20191227,    0,    0
 19235,101082,20191228,   65,    0
 19235,101082,20191229,   16,    0
 19235,101082,20191230,    1,    0
 19235,101082,20191231,    0,    0
 19235,101082,20200101,    0,    0
 19235,101082,20200102,    0,    0
 19235,101082,20200103,    0,    0
 19235,101082,20200104,    0,    0
 19235,101082,20200105,    1,    0
 19235,101082,20200106,    3,    0
 19235,101082,20200107,    6,    0
 19235,101082,20200108,    0,    0
 19235,101082,20200109,    0,    0
 19235,101082,20200110,    0,    0
 19235,101082,20200111,   11,    0
 19235,101082,20200112,    0,    0
 19235,101082,20200113,   97,    0
 19235,101082,20200114,  106,    0
 19235,101082,20200115,    0,    0
 19235,101082,20200116,   37,    0
 19235,101082,20200117,  213,    0
 19235,101082,20200118,    6,    0
 19235,101082,20200119,    0,    0
 19235,101082,20200120,    0,    0
 19235,101082,20200121,    0,    0
 19235,101082,20200122,    0,    0
 19235,101082,20200123,    0,    0
 19235,101082,20200124,    0,    0
 19235,101082,20200125,    0,    0
 19235,101082,20200126,   42,    0
 19235,101082,20200127,   81,    0
 19235,101082,20200128,   19,    0
 19235,101082,20200129,   40,    0
 19235,101082,20200130,    0,    0
 19235,101082,20200131,   40,    0
 19235,101082,20200201,   67,    0
 19235,101082,20200202,    0,    0
 19235,101082,20200203,    0,    0
 19235,101082,20200204,    0,    0
 19235,101082,20200205,   51,    0
 19235,101082,20200206,    0,    0
 19235,101082,20200207,    3,    0
 19235,101082,20200208,   21,    0
 19235,101082,20200209,   97,    0
 19235,101082,20200210,    0,    0
 19235,101082,20200211,    0,    0
 19235,101082,20200212,    0,    0
 19235,101082,20200213,    0,    0
 19235,101082,20200214,   18,    0
 19235,101082,20200215,  179,    0
 19235,101082,20200216,   47,    0
 19235,101082,20200217,    0,    0
 19235,101082,20200218,    0,    0
 19235,101082,20200219,    0,    0
 19235,101082,20200220,  167,    0
 19235,101082,20200221,    1,    0
 19235,101082,20200222,   16,    0
 19235,101082,20200223,    0,    0
 19235,101082,20200224,    0,    0
 19235,101082,20200225,    0,    0
 19235,101082,20200226,    0,    0
 19235,101082,20200227,    0,    0
 19235,101082,20200228,    0,    0
 19235,101082,20200229,    0,    0
 19235,101082,20200301,  127,    0
 19235,101082,20200302,    8,    0
 19235,101082,20200303,   91,    0
 19235,101082,20200304,   61,    0
 19235,101082,20200305,   41,    0
 19235,101082,20200306,    3,    0
 19235,101082,20200307,   51,    0
 19235,101082,20200308,   67,    0
 19235,101082,20200309,    0,    0
 19235,101082,20200310,  184,    0
 19235,101082,20200311,    0,    0
 19235,101082,20200312,    0,    0
 19235,101082,20200313,    3,    0
 19235,101082,20200314,   23,    0
 19235,101082,20200315,   24,    0
 19235,101082,20200316,    0,    0
 19235,101082,20200317,    0,    0
 19235,101082,20200318,    0,    0
 19235,101082,20200319,    0,    0
 19235,101082,20200320,    0,    0
 19235,101082,20200321,    0,    0
 19235,101082,20200322,    0,    0
 19235,101082,20200323,    0,    0
 19235,101082,20200324,    0,    0
 19235,101082,20200325,    0,    0
 19235,101082,20200326,    0,    0
 19235,101082,20200327,    0,    0
 19235,101082,20200328,    0,    0
 19235,101082,20200329,    0,    0
 19235,101082,20200330,    0,    0
 19235,101082,20200331,    0,    0
 19235,101082,20200401,    0,    0
 19235,101082,20200402,    4,    0
 19235,101082,20200403,    0,    0
 19235,101082,20200404,    3,    0
 19235,101082,20200405,   14,    0
 19235,101082,20200406,    2,    0
 19235,101082,20200407,    0,    0
 19235,101082,20200408,    0,    0
 19235,101082,20200409,    0,    0
 19235,101082,20200410,    0,    0
 19235,101082,20200411,  102,    0
 19235,101082,20200412,    0,    0
 19235,101082,20200413,    0,    0
 19235,101082,20200414,    0,    0
 19235,101082,20200415,    0,    0
 19235,101082,20200416,    0,    0
 19235,101082,20200417,    0,    0
 19235,101082,20200418,    0,    0
 19235,101082,20200419,    0,    0
 19235,101082,20200420,    0,    0
 19235,101082,20200421,    0,    0
 19235,101082,20200422,    0,    0
 19235,101082,20200423,    0,    0
 19235,101082,20200424,    0,    0
 19235,101082,20200425,    0,    0
 19235,101082,20200426,   12,    0
 19235,101082,20200427,  267,    0
 19235,101082,20200428,    0,    0
 19235,101082,20200429,    0,    0
 19235,101082,20200430,  123,    0
 19235,101082,20200501,   23,    0
 19235,101082,20200502,   16,    0
 19235,101082,20200503,   34,    0
 19235,101082,20200504,    0,    0
 19235,101082,20200505,    0,    0
 19235,101082,20200506,    0,    0
 19235,101082,20200507,    0,    0
 19235,101082,20200508,    0,    0
 19235,101082,20200509,  101,    0
 19235,101082,20200510,    5,    0
 19235,101082,20200511,    0,    0
 19235,101082,20200512,    7,    0
 19235,101082,20200513,    1,    0
 19235,101082,20200514,    0,    0
 19235,101082,20200515,    0,    0
 19235,101082,20200516,    0,    0
 19235,101082,20200517,    2,    0
 19235,101082,20200518,    0,    0
 19235,101082,20200519,    0,    0
 19235,101082,20200520,    0,    0
 19235,101082,20200521,    0,    0
 19235,101082,20200522,  120,    0
 19235,101082,20200523,   62,    0
 19235,101082,20200524,   40,    0
 19235,101082,20200525,    0,    0
 19235,101082,20200526,    0,    0
 19235,101082,20200527,    0,    0
 19235,101082,20200528,    0,    0
 19235,101082,20200529,    0,    0
 19235,101082,20200530,    0,    0
 19235,101082,20200531,    0,    0
 19235,101082,20200601,    0,    0
 19235,101082,20200602,    0,    0
 19235,101082,20200603,    8,    0
 19235,101082,20200604,   60,    0
 19235,101082,20200605,  132,    0
 19235,101082,20200606,  209,    0
 19235,101082,20200607,   19,    0
 19235,101082,20200608,    0,    0
 19235,101082,20200609,    0,    0
 19235,101082,20200610,    0,    0
 19235,101082,20200611,    0,    0
 19235,101082,20200612,    0,    0
 19235,101082,20200613,    0,    0
 19235,101082,20200614,    0,    0
 19235,101082,20200615,    0,    0
 19235,101082,20200616,   12,    0
 19235,101082,20200617,    4,    0
 19235,101082,20200618,    0,    0
 19235,101082,20200619,    0,    0
 19235,101082,20200620,   20,    0
 19235,101082,20200621,  455,    0
 19235,101082,20200622,    0,    0
 19235,101082,20200623,    0,    0
 19235,101082,20200624,    0,    0
 19235,101082,20200625,    0,    0
 19235,101082,20200626,    0,    0
 19235,101082,20200627,   53,    0
 19235,101082,20200628,  297,    0
 19235,101082,20200629,   87,    0
 19235,101082,20200630,   37,    0
 19235,101082,20200701,   12,    0
 19235,101082,20200702,    0,    0
 19235,101082,20200703,   62,    0
 19235,101082,20200704,    0,    0
 19235,101082,20200705,  367,    0
 19235,101082,20200706,   15,    0
 19235,101082,20200707,  119,    0
 19235,101082,20200708,    0,    0
 19235,101082,20200709,    8,    0
 19235,101082,20200710,    0,    0
 19235,101082,20200711,    0,    0
 19235,101082,20200712,    2,    0
 19235,101082,20200713,    6,    0
 19235,101082,20200714,  292,    0
 19235,101082,20200715,    0,    0
 19235,101082,20200716,    0,    0
 19235,101082,20200717,   19,    0
 19235,101082,20200718,  123,    0
 19235,101082,20200719,   64,    0
 19235,101082,20200720,    0,    0
 19235,101082,20200721,    0,    0
 19235,101082,20200722,   13,    0
 19235,101082,20200723,    0,    0
 19235,101082,20200724,    0,    0
 19235,101082,20200725,   95,    0
 19235,101082,20200726,  158,    0
 19235,101082,20200727,   50,    0
 19235,101082,20200728,  251,    0
 19235,101082,20200729,   82,    0
 19235,101082,20200730,    0,    0
 19235,101082,20200731,    0,    0
 19235,101082,20200801,    2,    0
 19235,101082,20200802,   44,    0
 19235,101082,20200803,    1,    0
 19235,101082,20200804,    7,    0
 19235,101082,20200805,  121,    0
 19235,101082,20200806,    2,    0
 19235,101082,20200807,    0,    0
 19235,101082,20200808,    0,    0
 19235,101082,20200809,    0,    0
 19235,101082,20200810,    0,    0
 19235,101082,20200811,    0,    0
 19235,101082,20200812,    0,    0
 19235,101082,20200813,  194,    0
 19235,101082,20200814,    0,    0
 19235,101082,20200815,    0,    0
 19235,101082,20200816,    0,    0
 19235,101082,20200817,    0,    0
 19235,101082,20200818,    0,    0
 19235,101082,20200819,    0,    0
 19235,101082,20200820,   27,    0
 19235,101082,20200821,  136,    0
 19235,101082,20200822,   12,    0
 19235,101082,20200823,   30,    0
 19235,101082,20200824,    0,    0
 19235,101082,20200825,    4,    0
 19235,101082,20200826,    0,    0
 19235,101082,20200827,    0,    0
 19235,101082,20200828,    0,    0
 19235,101082,20200829,    0,    0
 19235,101082,20200830,    0,    0
 19235,101082,20200831,    0,    0
 19235,101082,20200901,    0,    0
 19235,101082,20200902,    0,    0
 19235,101082,20200903,   29,    0
 19235,101082,20200904,    0,    0
 19235,101082,20200905,   21,    0
 19235,101082,20200906,    1,    0
 19235,101082,20200907,   30,    0
 19235,101082,20200908,   44,    0
 19235,101082,20200909,   36,    0
 19235,101082,20200910,    0,    0
 19235,101082,20200911,    5,    0
 19235,101082,20200912,    1,    0
 19235,101082,20200913,    0,    0
 19235,101082,20200914,    0,    0
 19235,101082,20200915,    0,    0
 19235,101082,20200916,    0,    0
 19235,101082,20200917,    0,    0
 19235,101082,20200918,    0,    0
 19235,101082,20200919,    0,    0
 19235,101082,20200920,    0,    0
 19235,101082,20200921,    0,    0
 19235,101082,20200922,    0,    0
 19235,101082,20200923,   97,    0
 19235,101082,20200924,  124,    0
 19235,101082,20200925,  301,    0
 19235,101082,20200926,   28,    0
 19235,101082,20200927,    8,    0
 19235,101082,20200928,    9,    0
 19235,101082,20200929,   40,    0
 19235,101082,20200930,   17,    0
 19235,101082,20201001,    7,    0
 19235,101082,20201002,    0,    0
 19235,101082,20201003,    1,    0
 19235,101082,20201004,  267,    0
 19235,101082,20201005,   16,    0
 19235,101082,20201006,  150,    0
 19235,101082,20201007,   23,    0
 19235,101082,20201008,   49,    0
 19235,101082,20201009,   26,    0
 19235,101082,20201010,  308,    0
 19235,101082,20201011,    0,    0
 19235,101082,20201012,    0,    0
 19235,101082,20201013,    0,    0
 19235,101082,20201014,    0,    0
 19235,101082,20201015,    0,    0
 19235,101082,20201016,    0,    0
 19235,101082,20201017,    0,    0
 19235,101082,20201018,    0,    0
 19235,101082,20201019,   23,    0
 19235,101082,20201020,  309,    0
 19235,101082,20201021,  104,    0
 19235,101082,20201022,  130,    0
 19235,101082,20201023,   20,    0
 19235,101082,20201024,  158,    0
 19235,101082,20201025,  108,    0
 19235,101082,20201026,  107,    0
 19235,101082,20201027,  181,    0
 19235,101082,20201028,   63,    0
 19235,101082,20201029,    2,    0
 19235,101082,20201030,  114,    0
 19235,101082,20201031,  124,    0
 19235,101082,20201101,  259,    0
 19235,101082,20201102,    4,    0
 19235,101082,20201103,    0,    0
 19235,101082,20201104,    1,    0
 19235,101082,20201105,    1,    0
 19235,101082,20201106,    0,    0
 19235,101082,20201107,    1,    0
 19235,101082,20201108,    0,    0
 19235,101082,20201109,    4,    0
 19235,101082,20201110,    8,    0
 19235,101082,20201111,   80,    0
 19235,101082,20201112,   51,    0
 19235,101082,20201113,  161,    0
 19235,101082,20201114,   69,    0
 19235,101082,20201115,  412,    0
 19235,101082,20201116,   65,    0
 19235,101082,20201117,   23,    0
 19235,101082,20201118,    0,    0
 19235,101082,20201119,    1,    0
 19235,101082,20201120,   28,    0
 19235,101082,20201121,   28,    0
 19235,101082,20201122,    0,    0
 19235,101082,20201123,    0,    0
 19235,101082,20201124,    0,    0
 19235,101082,20201125,    1,    0
 19235,101082,20201126,    0,    0
 19235,101082,20201127,    0,    0
 19235,101082,20201128,    0,    0
 19235,101082,20201129,    0,    0
 19235,101082,20201130,   73,    0
 19235,101082,20201201,    0,    0
 19235,101082,20201202,   45,    0
 19235,101082,20201203,   64,    0
 19235,101082,20201204,   18,    0
 19235,101082,20201205,   61,    0
 19235,101082,20201206,   45,    0
 19235,101082,20201207,   61,    0
 19235,101082,20201208,  156,    0
 19235,101082,20201209,   68,    0
 19235,101082,20201210,   63,    0
 19235,101082,20201211,    5,    0
 19235,101082,20201212,   33,    0
 19235,101082,20201213,  110,    0
 19235,101082,20201214,   91,    0
 19235,101082,20201215,  168,    0
 19235,101082,20201216,    5,    0
 19235,101082,20201217,  258,    0
 19235,101082,20201218,   37,    0
 19235,101082,20201219,   64,    0
 19235,101082,20201220,   27,    0
 19235,101082,20201221,   38,    0
 19235,101082,20201222,  109,    0
 19235,101082,20201223,    0,    0
 19235,101082,20201224,    0,    0
 19235,101082,20201225,    0,    0
 19235,101082,20201226,  270,    0
 19235,101082,20201227,  122,    0
 19235,101082,20201228,    0,    0
 19235,101082,20201229,    0,    0
 19235,101082,20201230,    0,    0
 19235,101082,20201231,    1,    0
 19235,101082,20210101,    0,    0
 19235,101082,20210102,    1,    0
 19235,101082,20210103,    0,    0
 19235,101082,20210104,   12,    0
 19235,101082,20210105,    0,    0
 19235,101082,20210106,    0,    0
 19235,101082,20210107,    0,    0
 19235,101082,20210108,    0,    0
 19235,101082,20210109,    0,    0
 19235,101082,20210110,    0,    0
 19235,101082,20210111,    6,    0
 19235,101082,20210112,    5,    0
 19235,101082,20210113,    1,    0
 19235,101082,20210114,    0,    0
 19235,101082,20210115,    0,    0
 19235,101082,20210116,    0,    0
 19235,101082,20210117,    0,    0
 19235,101082,20210118,   34,    0
 19235,101082,20210119,   96,    0
 19235,101082,20210120,  129,    0
 19235,101082,20210121,  279,    0
 19235,101082,20210122,  109,    0
 19235,101082,20210123,    0,    0
 19235,101082,20210124,    0,    0
 19235,101082,20210125,    0,    0
 19235,101082,20210126,    0,    0
 19235,101082,20210127,    0,    0
 19235,101082,20210128,    0,    0
 19235,101082,20210129,    0,    0
 19235,101082,20210130,    0,    0
 19235,101082,20210131,    0,    0
 19235,101082,20210201,    0,    0
 19235,101082,20210202,    0,    0
 19235,101082,20210203,    0,    0
 19235,101082,20210204,    0,    0
 19235,101082,20210205,    0,    0
 19235,101082,20210206,    0,    0
 19235,101082,20210207,    0,    0
 19235,101082,20210208,    0,    0
 19235,101082,20210209,    0,    0
 19235,101082,20210210,    0,    0
 19235,101082,20210211,    0,    0
 19235,101082,20210212,    0,    0
 19235,101082,20210213,    0,    0
 19235,101082,20210214,    0,    0
 19235,101082,20210215,    4,    0
 19235,101082,20210216,   13,    0
 19235,101082,20210217,   23,    0
 19235,101082,20210218,   37,    0
 19235,101082,20210219,    7,    0
 19235,101082,20210220,    1,    0
 19235,101082,20210221,    0,    0
 19235,101082,20210222,    0,    0
 19235,101082,20210223,    0,    0
 19235,101082,20210224,    0,    0
 19235,101082,20210225,    0,    0
 19235,101082,20210226,    0,    0
 19235,101082,20210227,    0,    0
 19235,101082,20210228,    0,    0
 19235,101082,20210301,    0,    0
 19235,101082,20210302,    0,    0
 19235,101082,20210303,    0,    0
 19235,101082,20210304,    0,    0
 19235,101082,20210305,    0,    0
 19235,101082,20210306,    0,    0
 19235,101082,20210307,    0,    0
 19235,101082,20210308,    0,    0
 19235,101082,20210309,    0,    0
 19235,101082,20210310,  110,    0
 19235,101082,20210311,   92,    0
 19235,101082,20210312,    0,    0
 19235,101082,20210313,    0,    0
 19235,101082,20210314,    0,    0
 19235,101082,20210315,    0,    0
 19235,101082,20210316,    0,    0
 19235,101082,20210317,    0,    0
 19235,101082,20210318,    0,    0
 19235,101082,20210319,    0,    0
 19235,101082,20210320,    0,    0
 19235,101082,20210321,    0,    0
 19235,101082,20210322,    0,    0
 19235,101082,20210323,    0,    0
 19235,101082,20210324,    0,    0
 19235,101082,20210325,    0,    0
 19235,101082,20210326,    3,    0
 19235,101082,20210327,    2,    0
 19235,101082,20210328,    3,    0
 19235,101082,20210329,    0,    0
 19235,101082,20210330,    0,    0
 19235,101082,20210331,    0,    0
 19235,101082,20210401,    0,    0
 19235,101082,20210402,    0,    0
 19235,101082,20210403,    0,    0
 19235,101082,20210404,    1,    0
 19235,101082,20210405,    0,    0
 19235,101082,20210406,    0,    0
 19235,101082,20210407,    0,    0
 19235,101082,20210408,    0,    0
 19235,101082,20210409,    0,    0
 19235,101082,20210410,    0,    0
 19235,101082,20210411,   11,    0
 19235,101082,20210412,   17,    0
 19235,101082,20210413,    0,    0
 19235,101082,20210414,    0,    0
 19235,101082,20210415,    0,    0
 19235,101082,20210416,    0,    0
 19235,101082,20210417,    0,    0
 19235,101082,20210418,    0,    0
 19235,101082,20210419,    0,    0
 19235,101082,20210420,    0,    0
 19235,101082,20210421,    8,    0
 19235,101082,20210422,    0,    0
 19235,101082,20210423,    0,    0
 19235,101082,20210424,    0,    0
 19235,101082,20210425,    0,    0
 19235,101082,20210426,    0,    0
 19235,101082,20210427,    0,    0
 19235,101082,20210428,    0,    0
 19235,101082,20210429,    0,    0
 19235,101082,20210430,    0,    0
 19235,101082,20210501,    0,    0
 19235,101082,20210502,   13,    0
 19235,101082,20210503,   86,    0
 19235,101082,20210504,   11,    0
 19235,101082,20210505,   34,    0
 19235,101082,20210506,    0,    0
 19235,101082,20210507,    0,    0
 19235,101082,20210508,   12,    0
 19235,101082,20210509,  106,    0
 19235,101082,20210510,  148,    0
 19235,101082,20210511,   31,    0
 19235,101082,20210512,  170,    0
 19235,101082,20210513,    4,    0
 19235,101082,20210514,   12,    0
 19235,101082,20210515,  128,    0
 19235,101082,20210516,   11,    0
 19235,101082,20210517,  148,    0
 19235,101082,20210518,   25,    0
 19235,101082,20210519,    3,    0
 19235,101082,20210520,    9,    0
 19235,101082,20210521,    0,    0
 19235,101082,20210522,   60,    0
 19235,101082,20210523,   54,    0
 19235,101082,20210524,   30,    0
 19235,101082,20210525,   25,    0
 19235,101082,20210526,   21,    0
 19235,101082,20210527,    0,    0
 19235,101082,20210528,    0,    0
 19235,101082,20210529,    0,    0
 19235,101082,20210530,    0,    0
 19235,101082,20210531,    0,    0
 19235,101082,20210601,    0,    0
 19235,101082,20210602,    0,    0
 19235,101082,20210603,    0,    0
 19235,101082,20210604,    0,    0
 19235,101082,20210605,    0,    0
 19235,101082,20210606,    3,    0
 19235,101082,20210607,    0,    0
 19235,101082,20210608,    0,    0
 19235,101082,20210609,    2,    0
 19235,101082,20210610,    1,    0
 19235,101082,20210611,    1,    0
 19235,101082,20210612,    0,    0
 19235,101082,20210613,    3,    0
 19235,101082,20210614,   75,    0
 19235,101082,20210615,    0,    0
 19235,101082,20210616,    0,    0
 19235,101082,20210617,  364,    0
 19235,101082,20210618,   11,    0
 19235,101082,20210619,   14,    0
 19235,101082,20210620,  124,    0
 19235,101082,20210621,   92,    0
 19235,101082,20210622,    0,    0
 19235,101082,20210623,    0,    0
 19235,101082,20210624,    0,    0
 19235,101082,20210625,    0,    0
 19235,101082,20210626,    0,    0
 19235,101082,20210627,    1,    0
 19235,101082,20210628,    0,    0
 19235,101082,20210629,   13,    0
 19235,101082,20210630,    0,    0
 19235,101082,20210701,    0,    0
 19235,101082,20210702,    0,    0
 19235,101082,20210703,    0,    0
 19235,101082,20210704,   42,    0
 19235,101082,20210705,  175,    0
 19235,101082,20210706,  120,    0
 19235,101082,20210707,   35,    0
 19235,101082,20210708,   18,    0
 19235,101082,20210709,    6,    0
 19235,101082,20210710,   59,    0
 19235,101082,20210711,    0,    0
 19235,101082,20210712,    0,    0
 19235,101082,20210713,    0,    0
 19235,101082,20210714,    4,    0
 19235,101082,20210715,    0,    0
 19235,101082,20210716,    0,    0
 19235,101082,20210717,    0,    0
 19235,101082,20210718,    0,    0
 19235,101082,20210719,    0,    0
 19235,101082,20210720,    0,    0
 19235,101082,20210721,    0,    0
 19235,101082,20210722,    0,    0
 19235,101082,20210723,    0,    0
 19235,101082,20210724,    0,    0
 19235,101082,20210725,    0,    0
 19235,101082,20210726,  104,    0
 19235,101082,20210727,  297,    0
 19235,101082,20210728,   56,    0
 19235,101082,20210729,  259,    0
 19235,101082,20210730,   11,    0
 19235,101082,20210731,   38,    0
 19235,101082,20210801,   24,    0
 19235,101082,20210802,    0,    0
 19235,101082,20210803,    0,    0
 19235,101082,20210804,    3,    0
 19235,101082,20210805,    0,    0
 19235,101082,20210806,  103,    0
 19235,101082,20210807,    0,    0
 19235,101082,20210808,    0,    0
 19235,101082,20210809,    0,    0
 19235,101082,20210810,    0,    0
 19235,101082,20210811,    0,    0
 19235,101082,20210812,    0,    0
 19235,101082,20210813,   43,    0
 19235,101082,20210814,    0,    0
 19235,101082,20210815,    7,    0
 19235,101082,20210816,   79,    0
 19235,101082,20210817,    0,    0
 19235,101082,20210818,    0,    0
 19235,101082,20210819,    0,    0
 19235,101082,20210820,    0,    0
 19235,101082,20210821,    0,    0
 19235,101082,20210822,    0,    0
 19235,101082,20210823,    0,    0
 19235,101082,20210824,    0,    0
 19235,101082,20210825,    0,    0
 19235,101082,20210826,    0,    0
 19235,101082,20210827,    0,    0
 19235,101082,20210828,    0,    0
 19235,101082,20210829,    0,    0
 19235,101082,20210830,    0,    0
 19235,101082,20210831,    0,    0
 19235,101082,20210901,    0,    0
 19235,101082,20210902,    0,    0
 19235,101082,20210903,    1,    0
 19235,101082,20210904,    0,    0
 19235,101082,20210905,    0,    0
 19235,101082,20210906,    0,    0
 19235,101082,20210907,    0,    0
 19235,101082,20210908,    0,    0
 19235,101082,20210909,    0,    0
 19235,101082,20210910,    0,    0
 19235,101082,20210911,   80,    0
 19235,101082,20210912,   56,    0
 19235,101082,20210913,    0,    0
 19235,101082,20210914,    0,    0
 19235,101082,20210915,   35,    0
 19235,101082,20210916,   18,    0
 19235,101082,20210917,    0,    0
 19235,101082,20210918,    0,    0
 19235,101082,20210919,    0,    0
 19235,101082,20210920,   14,    0
 19235,101082,20210921,    0,    0
 19235,101082,20210922,   19,    0
 19235,101082,20210923,    3,    0
 19235,101082,20210924,    8,    0
 19235,101082,20210925,    0,    0
 19235,101082,20210926,    4,    0
 19235,101082,20210927,  409,    0
 19235,101082,20210928,    0,    0
 19235,101082,20210929,  258,    0
 19235,101082,20210930,  132,    0
 19235,101082,20211001,  319,    0
 19235,101082,20211002,   56,    0
 19235,101082,20211003,  318,    0
 19235,101082,20211004,   87,    0
 19235,101082,20211005,  100,    0
 19235,101082,20211006,    0,    0
 19235,101082,20211007,    0,    0
 19235,101082,20211008,   70,    0
 19235,101082,20211009,    0,    0
 19235,101082,20211010,   29,    0
 19235,101082,20211011,    0,    0
 19235,101082,20211012,    0,    0
 19235,101082,20211013,    2,    0
 19235,101082,20211014,    0,    0
 19235,101082,20211015,    0,    0
 19235,101082,20211016,    0,    0
 19235,101082,20211017,    0,    0
 19235,101082,20211018,   90,    0
 19235,101082,20211019,   64,    0
 19235,101082,20211020,    1,    0
 19235,101082,20211021,    0,    0
 19235,101082,20211022,    0,    0
 19235,101082,20211023,    0,    0
 19235,101082,20211024,    0,    0
 19235,101082,20211025,    2,    0
 19235,101082,20211026,   61,    0
 19235,101082,20211027,    6,    0
 19235,101082,20211028,    3,    0
 19235,101082,20211029,   12,    0
 19235,101082,20211030,  163,    0
 19235,101082,20211031,  224,    0
 19235,101082,20211101,   59,    0
 19235,101082,20211102,   17,    0
 19235,101082,20211103,    0,    0
 19235,101082,20211104,    0,    0
 19235,101082,20211105,    0,    0
 19235,101082,20211106,   93,    0
 19235,101082,20211107,   12,    0
 19235,101082,20211108,   49,    0
 19235,101082,20211109,   25,    0
 19235,101082,20211110,    0,    0
 19235,101082,20211111,    1,    0
 19235,101082,20211112,   13,    0
 19235,101082,20211113,    0,    0
 19235,101082,20211114,    1,    0
 19235,101082,20211115,    4,    0
 19235,101082,20211116,   16,    0
 19235,101082,20211117,    8,    0
 19235,101082,20211118,    0,    0
 19235,101082,20211119,    0,    0
 19235,101082,20211120,    0,    0
 19235,101082,20211121,    0,    0
 19235,101082,20211122,    0,    0
 19235,101082,20211123,    0,    0
 19235,101082,20211124,    0,    0
 19235,101082,20211125,    0,    0
 19235,101082,20211126,    0,    0
 19235,101082,20211127,    0,    0
 19235,101082,20211128,    0,    0
 19235,101082,20211129,    0,    0
 19235,101082,20211130,    2,    0
 19235,101082,20211201,    1,    0
 19235,101082,20211202,    0,    0
 19235,101082,20211203,    5,    0
 19235,101082,20211204,    0,    0
 19235,101082,20211205,    1,    0
 19235,101082,20211206,    1,    0
 19235,101082,20211207,    0,    0
 19235,101082,20211208,    0,    0
 19235,101082,20211209,    0,    0
 19235,101082,20211210,    0,    0
 19235,101082,20211211,   85,    0
 19235,101082,20211212,    7,    0
 19235,101082,20211213,   76,    0
 19235,101082,20211214,    6,    0
 19235,101082,20211215,   25,    0
 19235,101082,20211216,    1,    0
 19235,101082,20211217,    0,    0
 19235,101082,20211218,    0,    0
 19235,101082,20211219,    0,    0
 19235,101082,20211220,    0,    0
 19235,101082,20211221,    0,    0
 19235,101082,20211222,    0,    0
 19235,101082,20211223,    0,    0
 19235,101082,20211224,    0,    0
 19235,101082,20211225,    0,    0
 19235,101082,20211226,    0,    0
 19235,101082,20211227,    0,    0
 19235,101082,20211228,    0,    0
 19235,101082,20211229,    0,    0
 19235,101082,20211230,    0,    0
 19235,101082,20211231,    0,    0
 19235,101082,20220101,    0,    0
 19235,101082,20220102,    0,    0
 19235,101082,20220103,   24,    0
 19235,101082,20220104,    0,    0
 19235,101082,20220105,    0,    0
 19235,101082,20220106,    0,    0
 19235,101082,20220107,    0,    0
 19235,101082,20220108,    0,    0
 19235,101082,20220109,    0,    0
 19235,101082,20220110,    0,    0
 19235,101082,20220111,   85,    0
 19235,101082,20220112,    0,    0
 19235,101082,20220113,  286,    0
 19235,101082,20220114,    0,    0
 19235,101082,20220115,    0,    0
 19235,101082,20220116,    0,    0
 19235,101082,20220117,    0,    0
 19235,101082,20220118,    0,    0
 19235,101082,20220119,    1,    0
 19235,101082,20220120,    0,    0
 19235,101082,20220121,    0,    0
 19235,101082,20220122,    0,    0
 19235,101082,20220123,    0,    0
 19235,101082,20220124,    0,    0
 19235,101082,20220125,    4,    0
 19235,101082,20220126,    1,    0
 19235,101082,20220127,    0,    0
 19235,101082,20220128,    1,    0
 19235,101082,20220129,    0,    0
 19235,101082,20220130,    0,    0
 19235,101082,20220131,    0,    0
 19235,101082,20220201,    0,    0
 19235,101082,20220202,    0,    0
 19235,101082,20220203,    7,    0
 19235,101082,20220204,   63,    0
 19235,101082,20220205,   31,    0
 19235,101082,20220206,    0,    0
 19235,101082,20220207,    2,    0
 19235,101082,20220208,    0,    0
 19235,101082,20220209,   11,    0
 19235,101082,20220210,    3,    0
 19235,101082,20220211,    0,    0
 19235,101082,20220212,    1,    0
 19235,101082,20220213,  114,    0
 19235,101082,20220214,  267,    0
 19235,101082,20220215,   83,    0
 19235,101082,20220216,    1,    0
 19235,101082,20220217,   10,    0
 19235,101082,20220218,    0,    0
 19235,101082,20220219,    1,    0
 19235,101082,20220220,    1,    0
 19235,101082,20220221,    1,    0
 19235,101082,20220222,    1,    0
 19235,101082,20220223,  152,    0
 19235,101082,20220224,    5,    0
 19235,101082,20220225,    0,    0
 19235,101082,20220226,    0,    0
 19235,101082,20220227,    0,    0
 19235,101082,20220228,   10,    0
 19235,101082,20220301,    0,    0
 19235,101082,20220302,    0,    0
 19235,101082,20220303,    0,    0
 19235,101082,20220304,    0,    0
 19235,101082,20220305,    0,    0
 19235,101082,20220306,    0,    0
 19235,101082,20220307,    0,    0
 19235,101082,20220308,    0,    0
 19235,101082,20220309,    0,    0
 19235,101082,20220310,    2,    0
 19235,101082,20220311,    0,    0
 19235,101082,20220312,    0,    0
 19235,101082,20220313,    0,    0
 19235,101082,20220314,    0,    0
 19235,101082,20220315,    0,    0
 19235,101082,20220316,    0,    0
 19235,101082,20220317,   49,    0
 19235,101082,20220318,    0,    0
 19235,101082,20220319,    0,    0
 19235,101082,20220320,    0,    0
 19235,101082,20220321,    0,    0
 19235,101082,20220322,    0,    0
 19235,101082,20220323,    0,    0
 19235,101082,20220324,    0,    0
 19235,101082,20220325,    0,    0
 19235,101082,20220326,    0,    0
 19235,101082,20220327,    0,    0
 19235,101082,20220328,    0,    0
 19235,101082,20220329,    0,    0
 19235,101082,20220330,    0,    0
 19235,101082,20220331,    0,    0
 19235,101082,20220401,    0,    0
 19235,101082,20220402,    0,    0
 19235,101082,20220403,    1,    0
 19235,101082,20220404,   43,    0
 19235,101082,20220405,    0,    0
 19235,101082,20220406,    0,    0
 19235,101082,20220407,    0,    0
 19235,101082,20220408,    0,    0
 19235,101082,20220409,    0,    0
 19235,101082,20220410,    0,    0
 19235,101082,20220411,    0,    0
 19235,101082,20220412,    0,    0
 19235,101082,20220413,   73,    0
 19235,101082,20220414,    0,    0
 19235,101082,20220415,    0,    0
 19235,101082,20220416,    0,    0
 19235,101082,20220417,    0,    0
 19235,101082,20220418,    0,    0
 19235,101082,20220419,    0,    0
 19235,101082,20220420,    0,    0
 19235,101082,20220421,    0,    0
 19235,101082,20220422,    0,    0
 19235,101082,20220423,    0,    0
 19235,101082,20220424,    0,    0
 19235,101082,20220425,    0,    0
 19235,101082,20220426,    0,    0
 19235,101082,20220427,    0,    0
 19235,101082,20220428,    0,    0
 19235,101082,20220429,    0,    0
 19235,101082,20220430,    0,    0
 19235,101082,20220501,    0,    0
 19235,101082,20220502,    0,    0
 19235,101082,20220503,    0,    0
 19235,101082,20220504,    0,    0
 19235,101082,20220505,    0,    0
 19235,101082,20220506,    8,    0
 19235,101082,20220507,    0,    0
 19235,101082,20220508,    0,    0
 19235,101082,20220509,    5,    0
 19235,101082,20220510,   64,    0
 19235,101082,20220511,    7,    0
 19235,101082,20220512,    0,    0
 19235,101082,20220513,   15,    0
 19235,101082,20220514,    0,    0
 19235,101082,20220515,    0,    0
 19235,101082,20220516,    0,    0
 19235,101082,20220517,    0,    0
 19235,101082,20220518,   16,    0
 19235,101082,20220519,    0,    0
 19235,101082,20220520,   72,    0
 19235,101082,20220521,  138,    0
 19235,101082,20220522,    0,    0
 19235,101082,20220523,    0,    0
 19235,101082,20220524,   60,    0
 19235,101082,20220525,  193,    0
 19235,101082,20220526,    5,    0
 19235,101082,20220527,    2,    0
 19235,101082,20220528,    0,    0
 19235,101082,20220529,   10,    0
 19235,101082,20220530,   36,    0
 19235,101082,20220531,    0,    0
 19235,101082,20220601,  191,    0
 19235,101082,20220602,    6,    0
 19235,101082,20220603,    8,    0
 19235,101082,20220604,    0,    0
 19235,101082,20220605,    0,    0
 19235,101082,20220606,    0,    0
 19235,101082,20220607,  181,    0
 19235,101082,20220608,   71,    0
 19235,101082,20220609,    3,    0
 19235,101082,20220610,    0,    0
 19235,101082,20220611,   38,    0
 19235,101082,20220612,    2,    0
 19235,101082,20220613,    8,    0
 19235,101082,20220614,    0,    0
 19235,101082,20220615,    9,    0
 19235,101082,20220616,   27,    0
 19235,101082,20220617,   45,    0
 19235,101082,20220618,    0,    0
 19235,101082,20220619,    0,    0
 19235,101082,20220620,    0,    0
 19235,101082,20220621,    0,    0
 19235,101082,20220622,    0,    0
 19235,101082,20220623,    0,    0
 19235,101082,20220624,    0,    0
 19235,101082,20220625,    2,    0
 19235,101082,20220626,   56,    0
 19235,101082,20220627,  283,    0
 19235,101082,20220628,    6,    0
 19235,101082,20220629,    0,    0
 19235,101082,20220630,    0,    0
 19235,101082,20220701,  172,    0
 19235,101082,20220702,    0,    0
 19235,101082,20220703,   95,    0
 19235,101082,20220704,   13,    0
 19235,101082,20220705,    0,    0
 19235,101082,20220706,  121,    0
 19235,101082,20220707,    0,    0
 19235,101082,20220708,    0,    0
 19235,101082,20220709,    0,    0
 19235,101082,20220710,    0,    0
 19235,101082,20220711,    0,    0
 19235,101082,20220712,    0,    0
 19235,101082,20220713,    2,    0
 19235,101082,20220714,    1,    0
 19235,101082,20220715,    0,    0
 19235,101082,20220716,    0,    0
 19235,101082,20220717,   19,    0
 19235,101082,20220718,    0,    0
 19235,101082,20220719,    0,    0
 19235,101082,20220720,    1,    0
 19235,101082,20220721,    2,    0
 19235,101082,20220722,   86,    0
 19235,101082,20220723,    0,    0
 19235,101082,20220724,   32,    0
 19235,101082,20220725,   23,    0
 19235,101082,20220726,    0,    0
 19235,101082,20220727,    0,    0
 19235,101082,20220728,    0,    0
 19235,101082,20220729,    0,    0
 19235,101082,20220730,    0,    0
 19235,101082,20220731,  215,    0
 19235,101082,20220801,    0,    0
 19235,101082,20220802,  101,    0
 19235,101082,20220803,    0,    0
 19235,101082,20220804,   23,    0
 19235,101082,20220805,    0,    0
 19235,101082,20220806,    0,    0
 19235,101082,20220807,    0,    0
 19235,101082,20220808,    0,    0
 19235,101082,20220809,    0,    0
 19235,101082,20220810,    0,    0
 19235,101082,20220811,    0,    0
 19235,101082,20220812,    0,    0
 19235,101082,20220813,    0,    0
 19235,101082,20220814,    0,    0
 19235,101082,20220815,  123,    0
 19235,101082,20220816,  198,    0
 19235,101082,20220817,    8,    0
 19235,101082,20220818,   34,    0
 19235,101082,20220819,    0,    0
 19235,101082,20220820,    0,    0
 19235,101082,20220821,   56,    0
 19235,101082,20220822,    0,    0
 19235,101082,20220823,    0,    0
 19235,101082,20220824,    0,    0
 19235,101082,20220825,    0,    0
 19235,101082,20220826,   67,    0
 19235,101082,20220827,    0,    0
 19235,101082,20220828,    0,    0
 19235,101082,20220829,    0,    0
 19235,101082,20220830,    0,    0
 19235,101082,20220831,    0,    0
 19235,101082,20220901,    0,    0
 19235,101082,20220902,   37,    0
 19235,101082,20220903,    9,    0
 19235,101082,20220904,    0,    0
 19235,101082,20220905,    0,    0
 19235,101082,20220906,    0,    0
 19235,101082,20220907,    0,    0
 19235,101082,20220908,    0,    0
 19235,101082,20220909,   13,    0
 19235,101082,20220910,    8,    0
 19235,101082,20220911,    0,    0
 19235,101082,20220912,  415,    0
 19235,101082,20220913,    5,    0
 19235,101082,20220914,   65,    0
 19235,101082,20220915,    0,    0
 19235,101082,20220916,    0,    0
 19235,101082,20220917,    0,    0
 19235,101082,20220918,    0,    0
 19235,101082,20220919,    0,    0
 19235,101082,20220920,    0,    0
 19235,101082,20220921,    0,    0
 19235,101082,20220922,   30,    0
 19235,101082,20220923,  105,    0
 19235,101082,20220924,    0,    0
 19235,101082,20220925,   62,    0
 19235,101082,20220926,  403,    0
 19235,101082,20220927,   33,    0
 19235,101082,20220928,    2,    0
 19235,101082,20220929,    0,    0
 19235,101082,20220930,   80,    0
 19235,101082,20221001,  183,    0
 19235,101082,20221002,    0,    0
 19235,101082,20221003,    1,    0
 19235,101082,20221004,    3,    0
 19235,101082,20221005,   45,    0
 19235,101082,20221006,    0,    0
 19235,101082,20221007,   11,    0
 19235,101082,20221008,    0,    0
 19235,101082,20221009,    1,    0
 19235,101082,20221010,   68,    0
 19235,101082,20221011,    1,    0
 19235,101082,20221012,   36,    0
 19235,101082,20221013,   66,    0
 19235,101082,20221014,   85,    0
 19235,101082,20221015,  129,    0
 19235,101082,20221016,   37,    0
 19235,101082,20221017,   50,    0
 19235,101082,20221018,    1,    0
 19235,101082,20221019,    1,    0
 19235,101082,20221020,    1,    0
 19235,101082,20221021,    0,    0
 19235,101082,20221022,    0,    0
 19235,101082,20221023,   15,    0
 19235,101082,20221024,  172,    0
 19235,101082,20221025,   35,    0
 19235,101082,20221026,   30,    0
 19235,101082,20221027,    1,    0
 19235,101082,20221028,   46,    0
 19235,101082,20221029,    0,    0
 19235,101082,20221030,   12,    0
 19235,101082,20221031,-9999,    9
