EUROPEAN CLIMATE ASSESSMENT & DATASET (ECA&D), file created on: 16-11-2022
THESE DATA CAN BE USED FOR NON-COMMERCIAL RESEARCH AND EDUCATION PROVIDED THAT THE FOLLOWING SOURCE IS ACKNOWLEDGED: 

Klein Tank, A.M.G. and Coauthors, 2002. Daily dataset of 20th-century surface
air temperature and precipitation series for the European Climate Assessment.
Int. J. of Climatol., 22, 1441-1453.
Data and metadata available at http://www.ecad.eu

FILE FORMAT (MISSING VALUE CODE = -9999):

01-06 STAID: Station identifier
08-13 SOUID: Source identifier
15-22 DATE : Date YYYYMMDD
24-28 RR   : Precipitation amount in 0.1 mm
30-34 Q_RR : quality code for RR (0='valid'; 1='suspect'; 9='missing')

This is the blended series of station BUSNES, NORWAY (STAID: 19074)
Blended and updated with sources:102291 
See files sources.txt and stations.txt for more info.

STAID, SOUID,    DATE,   RR, Q_RR
 19074,102291,20150331,-9999,    9
 19074,102291,20150401,-9999,    9
 19074,102291,20150402,-9999,    9
 19074,102291,20150403,-9999,    9
 19074,102291,20150404,-9999,    9
 19074,102291,20150405,-9999,    9
 19074,102291,20150406,-9999,    9
 19074,102291,20150407,-9999,    9
 19074,102291,20150408,-9999,    9
 19074,102291,20150409,-9999,    9
 19074,102291,20150410,-9999,    9
 19074,102291,20150411,-9999,    9
 19074,102291,20150412,-9999,    9
 19074,102291,20150413,-9999,    9
 19074,102291,20150414,-9999,    9
 19074,102291,20150415,    0,    0
 19074,102291,20150416,-9999,    9
 19074,102291,20150417,-9999,    9
 19074,102291,20150418,-9999,    9
 19074,102291,20150419,-9999,    9
 19074,102291,20150420,-9999,    9
 19074,102291,20150421,-9999,    9
 19074,102291,20150422,-9999,    9
 19074,102291,20150423,-9999,    9
 19074,102291,20150424,-9999,    9
 19074,102291,20150425,-9999,    9
 19074,102291,20150426,-9999,    9
 19074,102291,20150427,-9999,    9
 19074,102291,20150428,-9999,    9
 19074,102291,20150429,-9999,    9
 19074,102291,20150430,-9999,    9
 19074,102291,20150501,-9999,    9
 19074,102291,20150502,-9999,    9
 19074,102291,20150503,-9999,    9
 19074,102291,20150504,-9999,    9
 19074,102291,20150505,-9999,    9
 19074,102291,20150506,-9999,    9
 19074,102291,20150507,-9999,    9
 19074,102291,20150508,-9999,    9
 19074,102291,20150509,-9999,    9
 19074,102291,20150510,-9999,    9
 19074,102291,20150511,-9999,    9
 19074,102291,20150512,-9999,    9
 19074,102291,20150513,-9999,    9
 19074,102291,20150514,-9999,    9
 19074,102291,20150515,    0,    0
 19074,102291,20150516,-9999,    9
 19074,102291,20150517,-9999,    9
 19074,102291,20150518,-9999,    9
 19074,102291,20150519,-9999,    9
 19074,102291,20150520,-9999,    9
 19074,102291,20150521,-9999,    9
 19074,102291,20150522,-9999,    9
 19074,102291,20150523,-9999,    9
 19074,102291,20150524,-9999,    9
 19074,102291,20150525,-9999,    9
 19074,102291,20150526,-9999,    9
 19074,102291,20150527,-9999,    9
 19074,102291,20150528,-9999,    9
 19074,102291,20150529,-9999,    9
 19074,102291,20150530,-9999,    9
 19074,102291,20150531,-9999,    9
 19074,102291,20150601,-9999,    9
 19074,102291,20150602,-9999,    9
 19074,102291,20150603,-9999,    9
 19074,102291,20150604,-9999,    9
 19074,102291,20150605,-9999,    9
 19074,102291,20150606,-9999,    9
 19074,102291,20150607,-9999,    9
 19074,102291,20150608,-9999,    9
 19074,102291,20150609,-9999,    9
 19074,102291,20150610,-9999,    9
 19074,102291,20150611,-9999,    9
 19074,102291,20150612,-9999,    9
 19074,102291,20150613,-9999,    9
 19074,102291,20150614,-9999,    9
 19074,102291,20150615,    0,    0
 19074,102291,20150616,-9999,    9
 19074,102291,20150617,-9999,    9
 19074,102291,20150618,-9999,    9
 19074,102291,20150619,-9999,    9
 19074,102291,20150620,-9999,    9
 19074,102291,20150621,-9999,    9
 19074,102291,20150622,-9999,    9
 19074,102291,20150623,-9999,    9
 19074,102291,20150624,-9999,    9
 19074,102291,20150625,-9999,    9
 19074,102291,20150626,-9999,    9
 19074,102291,20150627,-9999,    9
 19074,102291,20150628,-9999,    9
 19074,102291,20150629,-9999,    9
 19074,102291,20150630,-9999,    9
 19074,102291,20150701,-9999,    9
 19074,102291,20150702,-9999,    9
 19074,102291,20150703,-9999,    9
 19074,102291,20150704,-9999,    9
 19074,102291,20150705,-9999,    9
 19074,102291,20150706,-9999,    9
 19074,102291,20150707,-9999,    9
 19074,102291,20150708,-9999,    9
 19074,102291,20150709,-9999,    9
 19074,102291,20150710,-9999,    9
 19074,102291,20150711,-9999,    9
 19074,102291,20150712,-9999,    9
 19074,102291,20150713,-9999,    9
 19074,102291,20150714,-9999,    9
 19074,102291,20150715,-9999,    9
 19074,102291,20150716,-9999,    9
 19074,102291,20150717,-9999,    9
 19074,102291,20150718,-9999,    9
 19074,102291,20150719,-9999,    9
 19074,102291,20150720,-9999,    9
 19074,102291,20150721,-9999,    9
 19074,102291,20150722,-9999,    9
 19074,102291,20150723,-9999,    9
 19074,102291,20150724,-9999,    9
 19074,102291,20150725,-9999,    9
 19074,102291,20150726,-9999,    9
 19074,102291,20150727,-9999,    9
 19074,102291,20150728,-9999,    9
 19074,102291,20150729,-9999,    9
 19074,102291,20150730,-9999,    9
 19074,102291,20150731,-9999,    9
 19074,102291,20150801,-9999,    9
 19074,102291,20150802,-9999,    9
 19074,102291,20150803,-9999,    9
 19074,102291,20150804,-9999,    9
 19074,102291,20150805,-9999,    9
 19074,102291,20150806,-9999,    9
 19074,102291,20150807,-9999,    9
 19074,102291,20150808,-9999,    9
 19074,102291,20150809,-9999,    9
 19074,102291,20150810,-9999,    9
 19074,102291,20150811,-9999,    9
 19074,102291,20150812,-9999,    9
 19074,102291,20150813,-9999,    9
 19074,102291,20150814,-9999,    9
 19074,102291,20150815,-9999,    9
 19074,102291,20150816,-9999,    9
 19074,102291,20150817,-9999,    9
 19074,102291,20150818,-9999,    9
 19074,102291,20150819,-9999,    9
 19074,102291,20150820,-9999,    9
 19074,102291,20150821,-9999,    9
 19074,102291,20150822,-9999,    9
 19074,102291,20150823,-9999,    9
 19074,102291,20150824,-9999,    9
 19074,102291,20150825,-9999,    9
 19074,102291,20150826,-9999,    9
 19074,102291,20150827,-9999,    9
 19074,102291,20150828,-9999,    9
 19074,102291,20150829,-9999,    9
 19074,102291,20150830,-9999,    9
 19074,102291,20150831,-9999,    9
 19074,102291,20150901,-9999,    9
 19074,102291,20150902,-9999,    9
 19074,102291,20150903,-9999,    9
 19074,102291,20150904,-9999,    9
 19074,102291,20150905,-9999,    9
 19074,102291,20150906,-9999,    9
 19074,102291,20150907,-9999,    9
 19074,102291,20150908,-9999,    9
 19074,102291,20150909,-9999,    9
 19074,102291,20150910,-9999,    9
 19074,102291,20150911,-9999,    9
 19074,102291,20150912,-9999,    9
 19074,102291,20150913,-9999,    9
 19074,102291,20150914,-9999,    9
 19074,102291,20150915,-9999,    9
 19074,102291,20150916,-9999,    9
 19074,102291,20150917,-9999,    9
 19074,102291,20150918,-9999,    9
 19074,102291,20150919,-9999,    9
 19074,102291,20150920,-9999,    9
 19074,102291,20150921,-9999,    9
 19074,102291,20150922,-9999,    9
 19074,102291,20150923,-9999,    9
 19074,102291,20150924,-9999,    9
 19074,102291,20150925,-9999,    9
 19074,102291,20150926,-9999,    9
 19074,102291,20150927,-9999,    9
 19074,102291,20150928,-9999,    9
 19074,102291,20150929,-9999,    9
 19074,102291,20150930,-9999,    9
 19074,102291,20151001,-9999,    9
 19074,102291,20151002,-9999,    9
 19074,102291,20151003,-9999,    9
 19074,102291,20151004,    1,    0
 19074,102291,20151005,-9999,    9
 19074,102291,20151006,-9999,    9
 19074,102291,20151007,-9999,    9
 19074,102291,20151008,-9999,    9
 19074,102291,20151009,-9999,    9
 19074,102291,20151010,-9999,    9
 19074,102291,20151011,-9999,    9
 19074,102291,20151012,-9999,    9
 19074,102291,20151013,-9999,    9
 19074,102291,20151014,-9999,    9
 19074,102291,20151015,-9999,    9
 19074,102291,20151016,-9999,    9
 19074,102291,20151017,-9999,    9
 19074,102291,20151018,-9999,    9
 19074,102291,20151019,-9999,    9
 19074,102291,20151020,-9999,    9
 19074,102291,20151021,-9999,    9
 19074,102291,20151022,-9999,    9
 19074,102291,20151023,-9999,    9
 19074,102291,20151024,-9999,    9
 19074,102291,20151025,-9999,    9
 19074,102291,20151026,-9999,    9
 19074,102291,20151027,-9999,    9
 19074,102291,20151028,-9999,    9
 19074,102291,20151029,-9999,    9
 19074,102291,20151030,-9999,    9
 19074,102291,20151031,-9999,    9
 19074,102291,20151101,-9999,    9
 19074,102291,20151102,-9999,    9
 19074,102291,20151103,-9999,    9
 19074,102291,20151104,    3,    0
 19074,102291,20151105,-9999,    9
 19074,102291,20151106,-9999,    9
 19074,102291,20151107,-9999,    9
 19074,102291,20151108,-9999,    9
 19074,102291,20151109,-9999,    9
 19074,102291,20151110,    1,    0
 19074,102291,20151111,    0,    0
 19074,102291,20151112,   91,    0
 19074,102291,20151113,   50,    0
 19074,102291,20151114,    0,    0
 19074,102291,20151115,   13,    0
 19074,102291,20151116,   97,    0
 19074,102291,20151117,    4,    0
 19074,102291,20151118,    7,    0
 19074,102291,20151119,    2,    0
 19074,102291,20151120,    0,    0
 19074,102291,20151121,    0,    0
 19074,102291,20151122,    1,    0
 19074,102291,20151123,    5,    0
 19074,102291,20151124,    0,    0
 19074,102291,20151125,    0,    0
 19074,102291,20151126,    0,    0
 19074,102291,20151127,   45,    0
 19074,102291,20151128,   25,    0
 19074,102291,20151129,    0,    0
 19074,102291,20151130,    0,    0
 19074,102291,20151201,    4,    0
 19074,102291,20151202,    9,    0
 19074,102291,20151203,  169,    0
 19074,102291,20151204,   54,    0
 19074,102291,20151205,  116,    0
 19074,102291,20151206,   22,    0
 19074,102291,20151207,    0,    0
 19074,102291,20151208,   33,    0
 19074,102291,20151209,    4,    0
 19074,102291,20151210,   11,    0
 19074,102291,20151211,    0,    0
 19074,102291,20151212,    3,    0
 19074,102291,20151213,    1,    0
 19074,102291,20151214,    3,    0
 19074,102291,20151215,    0,    0
 19074,102291,20151216,   17,    0
 19074,102291,20151217,   10,    0
 19074,102291,20151218,    1,    0
 19074,102291,20151219,   12,    0
 19074,102291,20151220,    2,    0
 19074,102291,20151221,    2,    0
 19074,102291,20151222,-9999,    9
 19074,102291,20151223,   20,    0
 19074,102291,20151224,-9999,    9
 19074,102291,20151225,-9999,    9
 19074,102291,20151226,-9999,    9
 19074,102291,20151227,-9999,    9
 19074,102291,20151228,    0,    0
 19074,102291,20151229,   29,    0
 19074,102291,20151230,   93,    0
 19074,102291,20151231,   63,    0
 19074,102291,20160101,  128,    0
 19074,102291,20160102,    6,    0
 19074,102291,20160103,    0,    0
 19074,102291,20160104,    8,    0
 19074,102291,20160105,    2,    0
 19074,102291,20160106,    3,    0
 19074,102291,20160107,    1,    0
 19074,102291,20160108,    5,    0
 19074,102291,20160109,   47,    0
 19074,102291,20160110,   86,    0
 19074,102291,20160111,    7,    0
 19074,102291,20160112,    9,    0
 19074,102291,20160113,   22,    0
 19074,102291,20160114,    3,    0
 19074,102291,20160115,   15,    0
 19074,102291,20160116,    4,    0
 19074,102291,20160117,    0,    0
 19074,102291,20160118,    0,    0
 19074,102291,20160119,    0,    0
 19074,102291,20160120,    1,    0
 19074,102291,20160121,    1,    0
 19074,102291,20160122,   18,    0
 19074,102291,20160123,    0,    0
 19074,102291,20160124,    0,    0
 19074,102291,20160125,    5,    0
 19074,102291,20160126,   30,    0
 19074,102291,20160127,  109,    0
 19074,102291,20160128,    0,    0
 19074,102291,20160129,   76,    0
 19074,102291,20160130,    5,    0
 19074,102291,20160131,    0,    0
 19074,102291,20160201,   46,    0
 19074,102291,20160202,    5,    0
 19074,102291,20160203,    0,    0
 19074,102291,20160204,    0,    0
 19074,102291,20160205,   15,    0
 19074,102291,20160206,   74,    0
 19074,102291,20160207,   92,    0
 19074,102291,20160208,  119,    0
 19074,102291,20160209,    0,    0
 19074,102291,20160210,    3,    0
 19074,102291,20160211,    0,    0
 19074,102291,20160212,    0,    0
 19074,102291,20160213,    0,    0
 19074,102291,20160214,    2,    0
 19074,102291,20160215,    3,    0
 19074,102291,20160216,    0,    0
 19074,102291,20160217,    0,    0
 19074,102291,20160218,    4,    0
 19074,102291,20160219,   25,    0
 19074,102291,20160220,   20,    0
 19074,102291,20160221,    0,    0
 19074,102291,20160222,    0,    0
 19074,102291,20160223,    2,    0
 19074,102291,20160224,    1,    0
 19074,102291,20160225,    0,    0
 19074,102291,20160226,    0,    0
 19074,102291,20160227,    4,    0
 19074,102291,20160228,    0,    0
 19074,102291,20160229,    0,    0
 19074,102291,20160301,   55,    0
 19074,102291,20160302,   51,    0
 19074,102291,20160303,   88,    0
 19074,102291,20160304,   23,    0
 19074,102291,20160305,   13,    0
 19074,102291,20160306,   24,    0
 19074,102291,20160307,    0,    0
 19074,102291,20160308,    6,    0
 19074,102291,20160309,    0,    0
 19074,102291,20160310,    2,    0
 19074,102291,20160311,    1,    0
 19074,102291,20160312,    3,    0
 19074,102291,20160313,   14,    0
 19074,102291,20160314,    0,    0
 19074,102291,20160315,    0,    0
 19074,102291,20160316,    3,    0
 19074,102291,20160317,    0,    0
 19074,102291,20160318,    0,    0
 19074,102291,20160319,    0,    0
 19074,102291,20160320,    0,    0
 19074,102291,20160321,    0,    0
 19074,102291,20160322,    0,    0
 19074,102291,20160323,    0,    0
 19074,102291,20160324,    2,    0
 19074,102291,20160325,    0,    0
 19074,102291,20160326,   45,    0
 19074,102291,20160327,   74,    0
 19074,102291,20160328,  207,    0
 19074,102291,20160329,    1,    0
 19074,102291,20160330,    0,    0
 19074,102291,20160331,-9999,    9
 19074,102291,20160401,-9999,    9
 19074,102291,20160402,-9999,    9
 19074,102291,20160403,-9999,    9
 19074,102291,20160404,-9999,    9
 19074,102291,20160405,-9999,    9
 19074,102291,20160406,-9999,    9
 19074,102291,20160407,-9999,    9
 19074,102291,20160408,-9999,    9
 19074,102291,20160409,-9999,    9
 19074,102291,20160410,-9999,    9
 19074,102291,20160411,-9999,    9
 19074,102291,20160412,-9999,    9
 19074,102291,20160413,-9999,    9
 19074,102291,20160414,-9999,    9
 19074,102291,20160415,-9999,    9
 19074,102291,20160416,-9999,    9
 19074,102291,20160417,-9999,    9
 19074,102291,20160418,-9999,    9
 19074,102291,20160419,-9999,    9
 19074,102291,20160420,-9999,    9
 19074,102291,20160421,-9999,    9
 19074,102291,20160422,-9999,    9
 19074,102291,20160423,-9999,    9
 19074,102291,20160424,-9999,    9
 19074,102291,20160425,-9999,    9
 19074,102291,20160426,-9999,    9
 19074,102291,20160427,-9999,    9
 19074,102291,20160428,-9999,    9
 19074,102291,20160429,-9999,    9
 19074,102291,20160430,-9999,    9
 19074,102291,20160501,-9999,    9
 19074,102291,20160502,-9999,    9
 19074,102291,20160503,-9999,    9
 19074,102291,20160504,-9999,    9
 19074,102291,20160505,-9999,    9
 19074,102291,20160506,-9999,    9
 19074,102291,20160507,-9999,    9
 19074,102291,20160508,-9999,    9
 19074,102291,20160509,-9999,    9
 19074,102291,20160510,-9999,    9
 19074,102291,20160511,-9999,    9
 19074,102291,20160512,-9999,    9
 19074,102291,20160513,-9999,    9
 19074,102291,20160514,-9999,    9
 19074,102291,20160515,-9999,    9
 19074,102291,20160516,-9999,    9
 19074,102291,20160517,-9999,    9
 19074,102291,20160518,-9999,    9
 19074,102291,20160519,-9999,    9
 19074,102291,20160520,-9999,    9
 19074,102291,20160521,-9999,    9
 19074,102291,20160522,-9999,    9
 19074,102291,20160523,-9999,    9
 19074,102291,20160524,-9999,    9
 19074,102291,20160525,-9999,    9
 19074,102291,20160526,-9999,    9
 19074,102291,20160527,-9999,    9
 19074,102291,20160528,-9999,    9
 19074,102291,20160529,-9999,    9
 19074,102291,20160530,-9999,    9
 19074,102291,20160531,-9999,    9
 19074,102291,20160601,-9999,    9
 19074,102291,20160602,-9999,    9
 19074,102291,20160603,-9999,    9
 19074,102291,20160604,-9999,    9
 19074,102291,20160605,-9999,    9
 19074,102291,20160606,-9999,    9
 19074,102291,20160607,-9999,    9
 19074,102291,20160608,-9999,    9
 19074,102291,20160609,-9999,    9
 19074,102291,20160610,-9999,    9
 19074,102291,20160611,-9999,    9
 19074,102291,20160612,-9999,    9
 19074,102291,20160613,-9999,    9
 19074,102291,20160614,-9999,    9
 19074,102291,20160615,-9999,    9
 19074,102291,20160616,-9999,    9
 19074,102291,20160617,-9999,    9
 19074,102291,20160618,-9999,    9
 19074,102291,20160619,-9999,    9
 19074,102291,20160620,-9999,    9
 19074,102291,20160621,-9999,    9
 19074,102291,20160622,-9999,    9
 19074,102291,20160623,-9999,    9
 19074,102291,20160624,-9999,    9
 19074,102291,20160625,-9999,    9
 19074,102291,20160626,-9999,    9
 19074,102291,20160627,-9999,    9
 19074,102291,20160628,-9999,    9
 19074,102291,20160629,-9999,    9
 19074,102291,20160630,-9999,    9
 19074,102291,20160701,-9999,    9
 19074,102291,20160702,-9999,    9
 19074,102291,20160703,-9999,    9
 19074,102291,20160704,-9999,    9
 19074,102291,20160705,-9999,    9
 19074,102291,20160706,-9999,    9
 19074,102291,20160707,-9999,    9
 19074,102291,20160708,-9999,    9
 19074,102291,20160709,-9999,    9
 19074,102291,20160710,-9999,    9
 19074,102291,20160711,-9999,    9
 19074,102291,20160712,-9999,    9
 19074,102291,20160713,-9999,    9
 19074,102291,20160714,-9999,    9
 19074,102291,20160715,-9999,    9
 19074,102291,20160716,-9999,    9
 19074,102291,20160717,-9999,    9
 19074,102291,20160718,-9999,    9
 19074,102291,20160719,-9999,    9
 19074,102291,20160720,-9999,    9
 19074,102291,20160721,-9999,    9
 19074,102291,20160722,-9999,    9
 19074,102291,20160723,-9999,    9
 19074,102291,20160724,-9999,    9
 19074,102291,20160725,-9999,    9
 19074,102291,20160726,-9999,    9
 19074,102291,20160727,-9999,    9
 19074,102291,20160728,-9999,    9
 19074,102291,20160729,-9999,    9
 19074,102291,20160730,-9999,    9
 19074,102291,20160731,-9999,    9
 19074,102291,20160801,-9999,    9
 19074,102291,20160802,-9999,    9
 19074,102291,20160803,-9999,    9
 19074,102291,20160804,-9999,    9
 19074,102291,20160805,-9999,    9
 19074,102291,20160806,-9999,    9
 19074,102291,20160807,-9999,    9
 19074,102291,20160808,-9999,    9
 19074,102291,20160809,-9999,    9
 19074,102291,20160810,-9999,    9
 19074,102291,20160811,-9999,    9
 19074,102291,20160812,-9999,    9
 19074,102291,20160813,-9999,    9
 19074,102291,20160814,-9999,    9
 19074,102291,20160815,-9999,    9
 19074,102291,20160816,-9999,    9
 19074,102291,20160817,-9999,    9
 19074,102291,20160818,-9999,    9
 19074,102291,20160819,-9999,    9
 19074,102291,20160820,-9999,    9
 19074,102291,20160821,-9999,    9
 19074,102291,20160822,-9999,    9
 19074,102291,20160823,-9999,    9
 19074,102291,20160824,-9999,    9
 19074,102291,20160825,-9999,    9
 19074,102291,20160826,-9999,    9
 19074,102291,20160827,-9999,    9
 19074,102291,20160828,-9999,    9
 19074,102291,20160829,-9999,    9
 19074,102291,20160830,-9999,    9
 19074,102291,20160831,    1,    0
 19074,102291,20160901,    0,    0
 19074,102291,20160902,    1,    0
 19074,102291,20160903,    0,    0
 19074,102291,20160904,    0,    0
 19074,102291,20160905,    0,    0
 19074,102291,20160906,    0,    0
 19074,102291,20160907,    0,    0
 19074,102291,20160908,   20,    0
 19074,102291,20160909,    0,    0
 19074,102291,20160910,  196,    0
 19074,102291,20160911,    3,    0
 19074,102291,20160912,    0,    0
 19074,102291,20160913,    0,    0
 19074,102291,20160914,    1,    0
 19074,102291,20160915,    0,    0
 19074,102291,20160916,  220,    0
 19074,102291,20160917,    0,    0
 19074,102291,20160918,    0,    0
 19074,102291,20160919,    0,    0
 19074,102291,20160920,    1,    0
 19074,102291,20160921,   62,    0
 19074,102291,20160922,    0,    0
 19074,102291,20160923,   30,    0
 19074,102291,20160924,    2,    0
 19074,102291,20160925,   18,    0
 19074,102291,20160926,    0,    0
 19074,102291,20160927,  147,    0
 19074,102291,20160928,   14,    0
 19074,102291,20160929,   27,    0
 19074,102291,20160930,    0,    0
 19074,102291,20161001,    0,    0
 19074,102291,20161002,    0,    0
 19074,102291,20161003,    2,    0
 19074,102291,20161004,    0,    0
 19074,102291,20161005,    1,    0
 19074,102291,20161006,    0,    0
 19074,102291,20161007,    0,    0
 19074,102291,20161008,    3,    0
 19074,102291,20161009,    5,    0
 19074,102291,20161010,    2,    0
 19074,102291,20161011,    0,    0
 19074,102291,20161012,    2,    0
 19074,102291,20161013,    0,    0
 19074,102291,20161014,    0,    0
 19074,102291,20161015,    0,    0
 19074,102291,20161016,   21,    0
 19074,102291,20161017,  101,    0
 19074,102291,20161018,   37,    0
 19074,102291,20161019,   12,    0
 19074,102291,20161020,   11,    0
 19074,102291,20161021,    1,    0
 19074,102291,20161022,    4,    0
 19074,102291,20161023,   35,    0
 19074,102291,20161024,    1,    0
 19074,102291,20161025,    0,    0
 19074,102291,20161026,    3,    0
 19074,102291,20161027,    2,    0
 19074,102291,20161028,    0,    0
 19074,102291,20161029,    0,    0
 19074,102291,20161030,    7,    0
 19074,102291,20161031,   98,    0
 19074,102291,20161101,    2,    0
 19074,102291,20161102,    0,    0
 19074,102291,20161103,    3,    0
 19074,102291,20161104,  127,    0
 19074,102291,20161105,  104,    0
 19074,102291,20161106,    0,    0
 19074,102291,20161107,    0,    0
 19074,102291,20161108,    3,    0
 19074,102291,20161109,    0,    0
 19074,102291,20161110,    0,    0
 19074,102291,20161111,    0,    0
 19074,102291,20161112,   21,    0
 19074,102291,20161113,    0,    0
 19074,102291,20161114,   53,    0
 19074,102291,20161115,    1,    0
 19074,102291,20161116,   35,    0
 19074,102291,20161117,   37,    0
 19074,102291,20161118,   62,    0
 19074,102291,20161119,   69,    0
 19074,102291,20161120,  123,    0
 19074,102291,20161121,   31,    0
 19074,102291,20161122,   74,    0
 19074,102291,20161123,    3,    0
 19074,102291,20161124,    0,    0
 19074,102291,20161125,    0,    0
 19074,102291,20161126,    0,    0
 19074,102291,20161127,    0,    0
 19074,102291,20161128,    0,    0
 19074,102291,20161129,    0,    0
 19074,102291,20161130,    0,    0
 19074,102291,20161201,    0,    0
 19074,102291,20161202,    0,    0
 19074,102291,20161203,    0,    0
 19074,102291,20161204,    0,    0
 19074,102291,20161205,    0,    0
 19074,102291,20161206,    0,    0
 19074,102291,20161207,   42,    0
 19074,102291,20161208,    1,    0
 19074,102291,20161209,   22,    0
 19074,102291,20161210,    1,    0
 19074,102291,20161211,    1,    0
 19074,102291,20161212,    2,    0
 19074,102291,20161213,    0,    0
 19074,102291,20161214,    0,    0
 19074,102291,20161215,    0,    0
 19074,102291,20161216,    0,    0
 19074,102291,20161217,    0,    0
 19074,102291,20161218,   10,    0
 19074,102291,20161219,    5,    0
 19074,102291,20161220,    1,    0
 19074,102291,20161221,   13,    0
 19074,102291,20161222,    7,    0
 19074,102291,20161223,   39,    0
 19074,102291,20161224,    7,    0
 19074,102291,20161225,   11,    0
 19074,102291,20161226,   16,    0
 19074,102291,20161227,    1,    0
 19074,102291,20161228,    0,    0
 19074,102291,20161229,    0,    0
 19074,102291,20161230,    4,    0
 19074,102291,20161231,    0,    0
 19074,102291,20170101,    0,    0
 19074,102291,20170102,    0,    0
 19074,102291,20170103,    0,    0
 19074,102291,20170104,    0,    0
 19074,102291,20170105,    1,    0
 19074,102291,20170106,   32,    0
 19074,102291,20170107,    0,    0
 19074,102291,20170108,    1,    0
 19074,102291,20170109,   59,    0
 19074,102291,20170110,   80,    0
 19074,102291,20170111,  129,    0
 19074,102291,20170112,    0,    0
 19074,102291,20170113,    7,    0
 19074,102291,20170114,    1,    0
 19074,102291,20170115,    0,    0
 19074,102291,20170116,    4,    0
 19074,102291,20170117,    0,    0
 19074,102291,20170118,    0,    0
 19074,102291,20170119,    0,    0
 19074,102291,20170120,    0,    0
 19074,102291,20170121,    0,    0
 19074,102291,20170122,    0,    0
 19074,102291,20170123,    0,    0
 19074,102291,20170124,    1,    0
 19074,102291,20170125,    2,    0
 19074,102291,20170126,    0,    0
 19074,102291,20170127,    0,    0
 19074,102291,20170128,    3,    0
 19074,102291,20170129,   29,    0
 19074,102291,20170130,    0,    0
 19074,102291,20170131,    0,    0
 19074,102291,20170201,    5,    0
 19074,102291,20170202,   17,    0
 19074,102291,20170203,    3,    0
 19074,102291,20170204,   33,    0
 19074,102291,20170205,   12,    0
 19074,102291,20170206,   11,    0
 19074,102291,20170207,    2,    0
 19074,102291,20170208,    2,    0
 19074,102291,20170209,    0,    0
 19074,102291,20170210,   23,    0
 19074,102291,20170211,    0,    0
 19074,102291,20170212,    0,    0
 19074,102291,20170213,    0,    0
 19074,102291,20170214,    0,    0
 19074,102291,20170215,    0,    0
 19074,102291,20170216,    0,    0
 19074,102291,20170217,    1,    0
 19074,102291,20170218,    2,    0
 19074,102291,20170219,    0,    0
 19074,102291,20170220,    0,    0
 19074,102291,20170221,   30,    0
 19074,102291,20170222,    6,    0
 19074,102291,20170223,    0,    0
 19074,102291,20170224,    2,    0
 19074,102291,20170225,   34,    0
 19074,102291,20170226,   19,    0
 19074,102291,20170227,  131,    0
 19074,102291,20170228,  137,    0
 19074,102291,20170301,    8,    0
 19074,102291,20170302,    4,    0
 19074,102291,20170303,   14,    0
 19074,102291,20170304,   25,    0
 19074,102291,20170305,  105,    0
 19074,102291,20170306,    0,    0
 19074,102291,20170307,    2,    0
 19074,102291,20170308,   32,    0
 19074,102291,20170309,    1,    0
 19074,102291,20170310,    0,    0
 19074,102291,20170311,   15,    0
 19074,102291,20170312,    3,    0
 19074,102291,20170313,    7,    0
 19074,102291,20170314,    1,    0
 19074,102291,20170315,    3,    0
 19074,102291,20170316,    7,    0
 19074,102291,20170317,    0,    0
 19074,102291,20170318,    0,    0
 19074,102291,20170319,    0,    0
 19074,102291,20170320,   78,    0
 19074,102291,20170321,    0,    0
 19074,102291,20170322,    0,    0
 19074,102291,20170323,    0,    0
 19074,102291,20170324,    0,    0
 19074,102291,20170325,    0,    0
 19074,102291,20170326,    0,    0
 19074,102291,20170327,    0,    0
 19074,102291,20170328,    0,    0
 19074,102291,20170329,    0,    0
 19074,102291,20170330,   30,    0
 19074,102291,20170331,  105,    0
 19074,102291,20170401,    5,    0
 19074,102291,20170402,    0,    0
 19074,102291,20170403,    1,    0
 19074,102291,20170404,    0,    0
 19074,102291,20170405,    4,    0
 19074,102291,20170406,    2,    0
 19074,102291,20170407,    0,    0
 19074,102291,20170408,    0,    0
 19074,102291,20170409,    1,    0
 19074,102291,20170410,    2,    0
 19074,102291,20170411,    0,    0
 19074,102291,20170412,    0,    0
 19074,102291,20170413,    6,    0
 19074,102291,20170414,    0,    0
 19074,102291,20170415,    3,    0
 19074,102291,20170416,    1,    0
 19074,102291,20170417,   13,    0
 19074,102291,20170418,    0,    0
 19074,102291,20170419,    2,    0
 19074,102291,20170420,    0,    0
 19074,102291,20170421,    0,    0
 19074,102291,20170422,    0,    0
 19074,102291,20170423,   40,    0
 19074,102291,20170424,   30,    0
 19074,102291,20170425,    3,    0
 19074,102291,20170426,    0,    0
 19074,102291,20170427,    9,    0
 19074,102291,20170428,  137,    0
 19074,102291,20170429,    4,    0
 19074,102291,20170430,    0,    0
 19074,102291,20170501,    3,    0
 19074,102291,20170502,    0,    0
 19074,102291,20170503,    2,    0
 19074,102291,20170504,    1,    0
 19074,102291,20170505,    0,    0
 19074,102291,20170506,    2,    0
 19074,102291,20170507,    0,    0
 19074,102291,20170508,    0,    0
 19074,102291,20170509,    5,    0
 19074,102291,20170510,   36,    0
 19074,102291,20170511,    0,    0
 19074,102291,20170512,    2,    0
 19074,102291,20170513,   37,    0
 19074,102291,20170514,   31,    0
 19074,102291,20170515,   70,    0
 19074,102291,20170516,  132,    0
 19074,102291,20170517,  193,    0
 19074,102291,20170518,  226,    0
 19074,102291,20170519,    3,    0
 19074,102291,20170520,   21,    0
 19074,102291,20170521,   11,    0
 19074,102291,20170522,    0,    0
 19074,102291,20170523,    1,    0
 19074,102291,20170524,    3,    0
 19074,102291,20170525,    0,    0
 19074,102291,20170526,    0,    0
 19074,102291,20170527,    2,    0
 19074,102291,20170528,   20,    0
 19074,102291,20170529,    7,    0
 19074,102291,20170530,   12,    0
 19074,102291,20170531,    0,    0
 19074,102291,20170601,    4,    0
 19074,102291,20170602,   47,    0
 19074,102291,20170603,    0,    0
 19074,102291,20170604,   57,    0
 19074,102291,20170605,   35,    0
 19074,102291,20170606,   91,    0
 19074,102291,20170607,  383,    0
 19074,102291,20170608,  106,    0
 19074,102291,20170609,  203,    0
 19074,102291,20170610,   91,    0
 19074,102291,20170611,    4,    0
 19074,102291,20170612,    1,    0
 19074,102291,20170613,    1,    0
 19074,102291,20170614,    0,    0
 19074,102291,20170615,   54,    0
 19074,102291,20170616,   52,    0
 19074,102291,20170617,    0,    0
 19074,102291,20170618,    0,    0
 19074,102291,20170619,   12,    0
 19074,102291,20170620,    2,    0
 19074,102291,20170621,    0,    0
 19074,102291,20170622,    3,    0
 19074,102291,20170623,   86,    0
 19074,102291,20170624,    0,    0
 19074,102291,20170625,    0,    0
 19074,102291,20170626,    0,    0
 19074,102291,20170627,    0,    0
 19074,102291,20170628,    0,    0
 19074,102291,20170629,    0,    0
 19074,102291,20170630,    0,    0
 19074,102291,20170701,    0,    0
 19074,102291,20170702,    0,    0
 19074,102291,20170703,    8,    0
 19074,102291,20170704,    7,    0
 19074,102291,20170705,    0,    0
 19074,102291,20170706,    0,    0
 19074,102291,20170707,   16,    0
 19074,102291,20170708,    4,    0
 19074,102291,20170709,    5,    0
 19074,102291,20170710,   30,    0
 19074,102291,20170711,   87,    0
 19074,102291,20170712,    0,    0
 19074,102291,20170713,    0,    0
 19074,102291,20170714,    3,    0
 19074,102291,20170715,   14,    0
 19074,102291,20170716,    3,    0
 19074,102291,20170717,    0,    0
 19074,102291,20170718,    0,    0
 19074,102291,20170719,    2,    0
 19074,102291,20170720,    1,    0
 19074,102291,20170721,    3,    0
 19074,102291,20170722,    0,    0
 19074,102291,20170723,    3,    0
 19074,102291,20170724,    1,    0
 19074,102291,20170725,    0,    0
 19074,102291,20170726,    0,    0
 19074,102291,20170727,  171,    0
 19074,102291,20170728,   20,    0
 19074,102291,20170729,   13,    0
 19074,102291,20170730,   90,    0
 19074,102291,20170731,   12,    0
 19074,102291,20170801,    8,    0
 19074,102291,20170802,    8,    0
 19074,102291,20170803,  245,    0
 19074,102291,20170804,   45,    0
 19074,102291,20170805,  175,    0
 19074,102291,20170806,    2,    0
 19074,102291,20170807,   34,    0
 19074,102291,20170808,   18,    0
 19074,102291,20170809,  149,    0
 19074,102291,20170810,    1,    0
 19074,102291,20170811,    2,    0
 19074,102291,20170812,   10,    0
 19074,102291,20170813,    0,    0
 19074,102291,20170814,    1,    0
 19074,102291,20170815,  303,    0
 19074,102291,20170816,    0,    0
 19074,102291,20170817,  206,    0
 19074,102291,20170818,    6,    0
 19074,102291,20170819,    5,    0
 19074,102291,20170820,    0,    0
 19074,102291,20170821,   58,    0
 19074,102291,20170822,    0,    0
 19074,102291,20170823,    0,    0
 19074,102291,20170824,   23,    0
 19074,102291,20170825,    2,    0
 19074,102291,20170826,    0,    0
 19074,102291,20170827,    0,    0
 19074,102291,20170828,    6,    0
 19074,102291,20170829,   21,    0
 19074,102291,20170830,    2,    0
 19074,102291,20170831,    2,    0
 19074,102291,20170901,    1,    0
 19074,102291,20170902,    0,    0
 19074,102291,20170903,    4,    0
 19074,102291,20170904,    5,    0
 19074,102291,20170905,  120,    0
 19074,102291,20170906,  212,    0
 19074,102291,20170907,   51,    0
 19074,102291,20170908,  206,    0
 19074,102291,20170909,    7,    0
 19074,102291,20170910,   65,    0
 19074,102291,20170911,  352,    0
 19074,102291,20170912,   96,    0
 19074,102291,20170913,    0,    0
 19074,102291,20170914,    3,    0
 19074,102291,20170915,    7,    0
 19074,102291,20170916,    0,    0
 19074,102291,20170917,    0,    0
 19074,102291,20170918,    4,    0
 19074,102291,20170919,   48,    0
 19074,102291,20170920,  127,    0
 19074,102291,20170921,    5,    0
 19074,102291,20170922,    4,    0
 19074,102291,20170923,    2,    0
 19074,102291,20170924,    1,    0
 19074,102291,20170925,    2,    0
 19074,102291,20170926,   54,    0
 19074,102291,20170927,    6,    0
 19074,102291,20170928,    4,    0
 19074,102291,20170929,   67,    0
 19074,102291,20170930,    1,    0
 19074,102291,20171001,  327,    0
 19074,102291,20171002,  179,    0
 19074,102291,20171003,    3,    0
 19074,102291,20171004,    0,    0
 19074,102291,20171005,    0,    0
 19074,102291,20171006,    0,    0
 19074,102291,20171007,    0,    0
 19074,102291,20171008,    0,    0
 19074,102291,20171009,    2,    0
 19074,102291,20171010,   19,    0
 19074,102291,20171011,  151,    0
 19074,102291,20171012,    7,    0
 19074,102291,20171013,    4,    0
 19074,102291,20171014,    1,    0
 19074,102291,20171015,    0,    0
 19074,102291,20171016,   62,    0
 19074,102291,20171017,   76,    0
 19074,102291,20171018,    0,    0
 19074,102291,20171019,   10,    0
 19074,102291,20171020,   69,    0
 19074,102291,20171021,  150,    0
 19074,102291,20171022,   82,    0
 19074,102291,20171023,   33,    0
 19074,102291,20171024,  216,    0
 19074,102291,20171025,    0,    0
 19074,102291,20171026,    1,    0
 19074,102291,20171027,    0,    0
 19074,102291,20171028,   69,    0
 19074,102291,20171029,    0,    0
 19074,102291,20171030,    0,    0
 19074,102291,20171031,    0,    0
 19074,102291,20171101,    2,    0
 19074,102291,20171102,    0,    0
 19074,102291,20171103,    1,    0
 19074,102291,20171104,  148,    0
 19074,102291,20171105,   15,    0
 19074,102291,20171106,    0,    0
 19074,102291,20171107,    3,    0
 19074,102291,20171108,    5,    0
 19074,102291,20171109,   15,    0
 19074,102291,20171110,    5,    0
 19074,102291,20171111,    0,    0
 19074,102291,20171112,    0,    0
 19074,102291,20171113,    1,    0
 19074,102291,20171114,   12,    0
 19074,102291,20171115,    0,    0
 19074,102291,20171116,   50,    0
 19074,102291,20171117,   15,    0
 19074,102291,20171118,   20,    0
 19074,102291,20171119,    0,    0
 19074,102291,20171120,    0,    0
 19074,102291,20171121,   65,    0
 19074,102291,20171122,  270,    0
 19074,102291,20171123,  220,    0
 19074,102291,20171124,    4,    0
 19074,102291,20171125,    1,    0
 19074,102291,20171126,   10,    0
 19074,102291,20171127,   21,    0
 19074,102291,20171128,   28,    0
 19074,102291,20171129,    2,    0
 19074,102291,20171130,    5,    0
 19074,102291,20171201,    1,    0
 19074,102291,20171202,    1,    0
 19074,102291,20171203,    0,    0
 19074,102291,20171204,    0,    0
 19074,102291,20171205,   30,    0
 19074,102291,20171206,    0,    0
 19074,102291,20171207,   21,    0
 19074,102291,20171208,    2,    0
 19074,102291,20171209,    0,    0
 19074,102291,20171210,    2,    0
 19074,102291,20171211,    0,    0
 19074,102291,20171212,    1,    0
 19074,102291,20171213,   24,    0
 19074,102291,20171214,    2,    0
 19074,102291,20171215,    2,    0
 19074,102291,20171216,    0,    0
 19074,102291,20171217,    0,    0
 19074,102291,20171218,    2,    0
 19074,102291,20171219,    3,    0
 19074,102291,20171220,    0,    0
 19074,102291,20171221,    1,    0
 19074,102291,20171222,    0,    0
 19074,102291,20171223,    4,    0
 19074,102291,20171224,    0,    0
 19074,102291,20171225,  103,    0
 19074,102291,20171226,  186,    0
 19074,102291,20171227,   19,    0
 19074,102291,20171228,   16,    0
 19074,102291,20171229,    2,    0
 19074,102291,20171230,    0,    0
 19074,102291,20171231,  161,    0
 19074,102291,20180101,    8,    0
 19074,102291,20180102,   26,    0
 19074,102291,20180103,   82,    0
 19074,102291,20180104,   13,    0
 19074,102291,20180105,    9,    0
 19074,102291,20180106,    2,    0
 19074,102291,20180107,    1,    0
 19074,102291,20180108,    0,    0
 19074,102291,20180109,    1,    0
 19074,102291,20180110,   33,    0
 19074,102291,20180111,   22,    0
 19074,102291,20180112,    0,    0
 19074,102291,20180113,    7,    0
 19074,102291,20180114,   49,    0
 19074,102291,20180115,  117,    0
 19074,102291,20180116,   72,    0
 19074,102291,20180117,    2,    0
 19074,102291,20180118,    0,    0
 19074,102291,20180119,   23,    0
 19074,102291,20180120,   79,    0
 19074,102291,20180121,    1,    0
 19074,102291,20180122,   46,    0
 19074,102291,20180123,   33,    0
 19074,102291,20180124,   93,    0
 19074,102291,20180125,    0,    0
 19074,102291,20180126,    0,    0
 19074,102291,20180127,   71,    0
 19074,102291,20180128,    5,    0
 19074,102291,20180129,   23,    0
 19074,102291,20180130,   10,    0
 19074,102291,20180131,   71,    0
 19074,102291,20180201,-9999,    9
 19074,102291,20180202,-9999,    9
 19074,102291,20180203,-9999,    9
 19074,102291,20180204,-9999,    9
 19074,102291,20180205,-9999,    9
 19074,102291,20180206,    0,    0
 19074,102291,20180207,    0,    0
 19074,102291,20180208,   26,    0
 19074,102291,20180209,   60,    0
 19074,102291,20180210,   60,    0
 19074,102291,20180211,   38,    0
 19074,102291,20180212,-9999,    9
 19074,102291,20180213,-9999,    9
 19074,102291,20180214,-9999,    9
 19074,102291,20180215,-9999,    9
 19074,102291,20180216,-9999,    9
 19074,102291,20180217,-9999,    9
 19074,102291,20180218,-9999,    9
 19074,102291,20180219,-9999,    9
 19074,102291,20180220,-9999,    9
 19074,102291,20180221,-9999,    9
 19074,102291,20180222,    1,    0
 19074,102291,20180223,    1,    0
 19074,102291,20180224,    0,    0
 19074,102291,20180225,    8,    0
 19074,102291,20180226,    2,    0
 19074,102291,20180227,    4,    0
 19074,102291,20180228,    0,    0
 19074,102291,20180301,    0,    0
 19074,102291,20180302,    0,    0
 19074,102291,20180303,    0,    0
 19074,102291,20180304,-9999,    9
 19074,102291,20180305,-9999,    9
 19074,102291,20180306,-9999,    9
 19074,102291,20180307,-9999,    9
 19074,102291,20180308,-9999,    9
 19074,102291,20180309,-9999,    9
 19074,102291,20180310,-9999,    9
 19074,102291,20180311,-9999,    9
 19074,102291,20180312,-9999,    9
 19074,102291,20180313,-9999,    9
 19074,102291,20180314,-9999,    9
 19074,102291,20180315,-9999,    9
 19074,102291,20180316,-9999,    9
 19074,102291,20180317,-9999,    9
 19074,102291,20180318,-9999,    9
 19074,102291,20180319,-9999,    9
 19074,102291,20180320,-9999,    9
 19074,102291,20180321,-9999,    9
 19074,102291,20180322,-9999,    9
 19074,102291,20180323,-9999,    9
 19074,102291,20180324,    0,    0
 19074,102291,20180325,    1,    0
 19074,102291,20180326,    4,    0
 19074,102291,20180327,    0,    0
 19074,102291,20180328,    0,    0
 19074,102291,20180329,    1,    0
 19074,102291,20180330,    0,    0
 19074,102291,20180331,    0,    0
 19074,102291,20180401,    3,    0
 19074,102291,20180402,    0,    0
 19074,102291,20180403,   52,    0
 19074,102291,20180404,   18,    0
 19074,102291,20180405,   87,    0
 19074,102291,20180406,    0,    0
 19074,102291,20180407,    4,    0
 19074,102291,20180408,   66,    0
 19074,102291,20180409,   23,    0
 19074,102291,20180410,    0,    0
 19074,102291,20180411,    0,    0
 19074,102291,20180412,    1,    0
 19074,102291,20180413,    3,    0
 19074,102291,20180414,    0,    0
 19074,102291,20180415,    3,    0
 19074,102291,20180416,    0,    0
 19074,102291,20180417,    4,    0
 19074,102291,20180418,    0,    0
 19074,102291,20180419,    3,    0
 19074,102291,20180420,    4,    0
 19074,102291,20180421,    0,    0
 19074,102291,20180422,    6,    0
 19074,102291,20180423,-9999,    9
 19074,102291,20180424,-9999,    9
 19074,102291,20180425,    0,    0
 19074,102291,20180426,    0,    0
 19074,102291,20180427,    1,    0
 19074,102291,20180428,    1,    0
 19074,102291,20180429,    0,    0
 19074,102291,20180430,   55,    0
 19074,102291,20180501,   26,    0
 19074,102291,20180502,    0,    0
 19074,102291,20180503,  109,    0
 19074,102291,20180504,    0,    0
 19074,102291,20180505,    5,    0
 19074,102291,20180506,    0,    0
 19074,102291,20180507,    0,    0
 19074,102291,20180508,    0,    0
 19074,102291,20180509,    0,    0
 19074,102291,20180510,   65,    0
 19074,102291,20180511,    2,    0
 19074,102291,20180512,    3,    0
 19074,102291,20180513,    0,    0
 19074,102291,20180514,    0,    0
 19074,102291,20180515,    0,    0
 19074,102291,20180516,    0,    0
 19074,102291,20180517,    0,    0
 19074,102291,20180518,    0,    0
 19074,102291,20180519,    0,    0
 19074,102291,20180520,    0,    0
 19074,102291,20180521,    0,    0
 19074,102291,20180522,    0,    0
 19074,102291,20180523,    0,    0
 19074,102291,20180524,    0,    0
 19074,102291,20180525,    0,    0
 19074,102291,20180526,    0,    0
 19074,102291,20180527,    0,    0
 19074,102291,20180528,   13,    0
 19074,102291,20180529,    0,    0
 19074,102291,20180530,    0,    0
 19074,102291,20180531,    0,    0
 19074,102291,20180601,    0,    0
 19074,102291,20180602,    0,    0
 19074,102291,20180603,    0,    0
 19074,102291,20180604,    0,    0
 19074,102291,20180605,    0,    0
 19074,102291,20180606,    0,    0
 19074,102291,20180607,    0,    0
 19074,102291,20180608,    0,    0
 19074,102291,20180609,    0,    0
 19074,102291,20180610,   50,    0
 19074,102291,20180611,   18,    0
 19074,102291,20180612,    0,    0
 19074,102291,20180613,    0,    0
 19074,102291,20180614,   34,    0
 19074,102291,20180615,    2,    0
 19074,102291,20180616,   42,    0
 19074,102291,20180617,   11,    0
 19074,102291,20180618,    1,    0
 19074,102291,20180619,    0,    0
 19074,102291,20180620,    0,    0
 19074,102291,20180621,   21,    0
 19074,102291,20180622,    0,    0
 19074,102291,20180623,    0,    0
 19074,102291,20180624,    0,    0
 19074,102291,20180625,    0,    0
 19074,102291,20180626,    0,    0
 19074,102291,20180627,    0,    0
 19074,102291,20180628,    0,    0
 19074,102291,20180629,    0,    0
 19074,102291,20180630,    0,    0
 19074,102291,20180701,    0,    0
 19074,102291,20180702,    0,    0
 19074,102291,20180703,    0,    0
 19074,102291,20180704,    0,    0
 19074,102291,20180705,    0,    0
 19074,102291,20180706,    0,    0
 19074,102291,20180707,    0,    0
 19074,102291,20180708,    0,    0
 19074,102291,20180709,    2,    0
 19074,102291,20180710,    0,    0
 19074,102291,20180711,    0,    0
 19074,102291,20180712,    3,    0
 19074,102291,20180713,  111,    0
 19074,102291,20180714,    0,    0
 19074,102291,20180715,    0,    0
 19074,102291,20180716,    0,    0
 19074,102291,20180717,  129,    0
 19074,102291,20180718,   43,    0
 19074,102291,20180719,    0,    0
 19074,102291,20180720,    0,    0
 19074,102291,20180721,    0,    0
 19074,102291,20180722,    0,    0
 19074,102291,20180723,    0,    0
 19074,102291,20180724,    0,    0
 19074,102291,20180725,    0,    0
 19074,102291,20180726,    0,    0
 19074,102291,20180727,    0,    0
 19074,102291,20180728,  155,    0
 19074,102291,20180729,    4,    0
 19074,102291,20180730,    3,    0
 19074,102291,20180731,   74,    0
 19074,102291,20180801,    2,    0
 19074,102291,20180802,    1,    0
 19074,102291,20180803,    7,    0
 19074,102291,20180804,   11,    0
 19074,102291,20180805,    0,    0
 19074,102291,20180806,    5,    0
 19074,102291,20180807,   10,    0
 19074,102291,20180808,   88,    0
 19074,102291,20180809,   43,    0
 19074,102291,20180810,  152,    0
 19074,102291,20180811,    0,    0
 19074,102291,20180812,    6,    0
 19074,102291,20180813,    0,    0
 19074,102291,20180814,    1,    0
 19074,102291,20180815,    2,    0
 19074,102291,20180816,  128,    0
 19074,102291,20180817,    5,    0
 19074,102291,20180818,   14,    0
 19074,102291,20180819,   26,    0
 19074,102291,20180820,    0,    0
 19074,102291,20180821,    0,    0
 19074,102291,20180822,    0,    0
 19074,102291,20180823,    2,    0
 19074,102291,20180824,    0,    0
 19074,102291,20180825,    1,    0
 19074,102291,20180826,    0,    0
 19074,102291,20180827,   58,    0
 19074,102291,20180828,    3,    0
 19074,102291,20180829,   45,    0
 19074,102291,20180830,    0,    0
 19074,102291,20180831,    0,    0
 19074,102291,20180901,    0,    0
 19074,102291,20180902,    0,    0
 19074,102291,20180903,    1,    0
 19074,102291,20180904,    5,    0
 19074,102291,20180905,   10,    0
 19074,102291,20180906,  222,    0
 19074,102291,20180907,  227,    0
 19074,102291,20180908,  272,    0
 19074,102291,20180909,  219,    0
 19074,102291,20180910,    1,    0
 19074,102291,20180911,   62,    0
 19074,102291,20180912,    0,    0
 19074,102291,20180913,    0,    0
 19074,102291,20180914,    5,    0
 19074,102291,20180915,    0,    0
 19074,102291,20180916,   46,    0
 19074,102291,20180917,    8,    0
 19074,102291,20180918,    0,    0
 19074,102291,20180919,   57,    0
 19074,102291,20180920,   16,    0
 19074,102291,20180921,  382,    0
 19074,102291,20180922,    1,    0
 19074,102291,20180923,    0,    0
 19074,102291,20180924,    3,    0
 19074,102291,20180925,    7,    0
 19074,102291,20180926,    0,    0
 19074,102291,20180927,   42,    0
 19074,102291,20180928,    0,    0
 19074,102291,20180929,    2,    0
 19074,102291,20180930,    1,    0
 19074,102291,20181001,    0,    0
 19074,102291,20181002,   24,    0
 19074,102291,20181003,    2,    0
 19074,102291,20181004,    0,    0
 19074,102291,20181005,    1,    0
 19074,102291,20181006,    0,    0
 19074,102291,20181007,    7,    0
 19074,102291,20181008,    1,    0
 19074,102291,20181009,    0,    0
 19074,102291,20181010,    2,    0
 19074,102291,20181011,    1,    0
 19074,102291,20181012,    2,    0
 19074,102291,20181013,    3,    0
 19074,102291,20181014,    3,    0
 19074,102291,20181015,    0,    0
 19074,102291,20181016,    2,    0
 19074,102291,20181017,    0,    0
 19074,102291,20181018,    0,    0
 19074,102291,20181019,    0,    0
 19074,102291,20181020,    0,    0
 19074,102291,20181021,    0,    0
 19074,102291,20181022,    4,    0
 19074,102291,20181023,    0,    0
 19074,102291,20181024,    1,    0
 19074,102291,20181025,    0,    0
 19074,102291,20181026,    0,    0
 19074,102291,20181027,    0,    0
 19074,102291,20181028,    0,    0
 19074,102291,20181029,   10,    0
 19074,102291,20181030,   87,    0
 19074,102291,20181031,   45,    0
 19074,102291,20181101,  112,    0
 19074,102291,20181102,   41,    0
 19074,102291,20181103,    0,    0
 19074,102291,20181104,    1,    0
 19074,102291,20181105,   20,    0
 19074,102291,20181106,    2,    0
 19074,102291,20181107,    0,    0
 19074,102291,20181108,   27,    0
 19074,102291,20181109,   51,    0
 19074,102291,20181110,  240,    0
 19074,102291,20181111,  247,    0
 19074,102291,20181112,   47,    0
 19074,102291,20181113,    5,    0
 19074,102291,20181114,    8,    0
 19074,102291,20181115,    4,    0
 19074,102291,20181116,    0,    0
 19074,102291,20181117,    2,    0
 19074,102291,20181118,    0,    0
 19074,102291,20181119,    2,    0
 19074,102291,20181120,    1,    0
 19074,102291,20181121,    0,    0
 19074,102291,20181122,    1,    0
 19074,102291,20181123,    4,    0
 19074,102291,20181124,    0,    0
 19074,102291,20181125,    0,    0
 19074,102291,20181126,    4,    0
 19074,102291,20181127,    0,    0
 19074,102291,20181128,   50,    0
 19074,102291,20181129,  133,    0
 19074,102291,20181130,   70,    0
 19074,102291,20181201,   10,    0
 19074,102291,20181202,  172,    0
 19074,102291,20181203,   78,    0
 19074,102291,20181204,    0,    0
 19074,102291,20181205,    0,    0
 19074,102291,20181206,   74,    0
 19074,102291,20181207,  115,    0
 19074,102291,20181208,    4,    0
 19074,102291,20181209,    0,    0
 19074,102291,20181210,    0,    0
 19074,102291,20181211,    0,    0
 19074,102291,20181212,    0,    0
 19074,102291,20181213,    0,    0
 19074,102291,20181214,    3,    0
 19074,102291,20181215,   24,    0
 19074,102291,20181216,   10,    0
 19074,102291,20181217,    1,    0
 19074,102291,20181218,   23,    0
 19074,102291,20181219,  114,    0
 19074,102291,20181220,   57,    0
 19074,102291,20181221,   95,    0
 19074,102291,20181222,    5,    0
 19074,102291,20181223,    2,    0
 19074,102291,20181224,    0,    0
 19074,102291,20181225,    0,    0
 19074,102291,20181226,    0,    0
 19074,102291,20181227,    5,    0
 19074,102291,20181228,    0,    0
 19074,102291,20181229,    0,    0
 19074,102291,20181230,   50,    0
 19074,102291,20181231,   11,    0
 19074,102291,20190101,    0,    0
 19074,102291,20190102,    0,    0
 19074,102291,20190103,    0,    0
 19074,102291,20190104,    0,    0
 19074,102291,20190105,    0,    0
 19074,102291,20190106,    0,    0
 19074,102291,20190107,   20,    0
 19074,102291,20190108,    0,    0
 19074,102291,20190109,    0,    0
 19074,102291,20190110,    0,    0
 19074,102291,20190111,    0,    0
 19074,102291,20190112,    0,    0
 19074,102291,20190113,    2,    0
 19074,102291,20190114,    0,    0
 19074,102291,20190115,   14,    0
 19074,102291,20190116,   29,    0
 19074,102291,20190117,    0,    0
 19074,102291,20190118,    0,    0
 19074,102291,20190119,    0,    0
 19074,102291,20190120,    9,    0
 19074,102291,20190121,    0,    0
 19074,102291,20190122,   32,    0
 19074,102291,20190123,   14,    0
 19074,102291,20190124,    0,    0
 19074,102291,20190125,   47,    0
 19074,102291,20190126,   29,    0
 19074,102291,20190127,   40,    0
 19074,102291,20190128,    7,    0
 19074,102291,20190129,    0,    0
 19074,102291,20190130,   45,    0
 19074,102291,20190131,   91,    0
 19074,102291,20190201,   49,    0
 19074,102291,20190202,   14,    0
 19074,102291,20190203,    0,    0
 19074,102291,20190204,  110,    0
 19074,102291,20190205,    0,    0
 19074,102291,20190206,   26,    0
 19074,102291,20190207,   59,    0
 19074,102291,20190208,  103,    0
 19074,102291,20190209,   56,    0
 19074,102291,20190210,   34,    0
 19074,102291,20190211,    0,    0
 19074,102291,20190212,    3,    0
 19074,102291,20190213,    0,    0
 19074,102291,20190214,    0,    0
 19074,102291,20190215,    0,    0
 19074,102291,20190216,    0,    0
 19074,102291,20190217,    4,    0
 19074,102291,20190218,    0,    0
 19074,102291,20190219,    6,    0
 19074,102291,20190220,   23,    0
 19074,102291,20190221,    7,    0
 19074,102291,20190222,    0,    0
 19074,102291,20190223,    0,    0
 19074,102291,20190224,    3,    0
 19074,102291,20190225,    0,    0
 19074,102291,20190226,    3,    0
 19074,102291,20190227,    0,    0
 19074,102291,20190228,    0,    0
 19074,102291,20190301,    0,    0
 19074,102291,20190302,   36,    0
 19074,102291,20190303,   18,    0
 19074,102291,20190304,   34,    0
 19074,102291,20190305,   29,    0
 19074,102291,20190306,  139,    0
 19074,102291,20190307,  105,    0
 19074,102291,20190308,    9,    0
 19074,102291,20190309,   20,    0
 19074,102291,20190310,    4,    0
 19074,102291,20190311,    0,    0
 19074,102291,20190312,  191,    0
 19074,102291,20190313,   41,    0
 19074,102291,20190314,    0,    0
 19074,102291,20190315,    7,    0
 19074,102291,20190316,   91,    0
 19074,102291,20190317,  231,    0
 19074,102291,20190318,   28,    0
 19074,102291,20190319,    0,    0
 19074,102291,20190320,    0,    0
 19074,102291,20190321,    0,    0
 19074,102291,20190322,    0,    0
 19074,102291,20190323,    0,    0
 19074,102291,20190324,    0,    0
 19074,102291,20190325,    0,    0
 19074,102291,20190326,    0,    0
 19074,102291,20190327,    0,    0
 19074,102291,20190328,    0,    0
 19074,102291,20190329,    0,    0
 19074,102291,20190330,    0,    0
 19074,102291,20190331,    0,    0
 19074,102291,20190401,    0,    0
 19074,102291,20190402,    0,    0
 19074,102291,20190403,   22,    0
 19074,102291,20190404,    0,    0
 19074,102291,20190405,    0,    0
 19074,102291,20190406,    0,    0
 19074,102291,20190407,    0,    0
 19074,102291,20190408,    0,    0
 19074,102291,20190409,    0,    0
 19074,102291,20190410,    0,    0
 19074,102291,20190411,    0,    0
 19074,102291,20190412,    0,    0
 19074,102291,20190413,    0,    0
 19074,102291,20190414,    0,    0
 19074,102291,20190415,    0,    0
 19074,102291,20190416,    0,    0
 19074,102291,20190417,    0,    0
 19074,102291,20190418,    0,    0
 19074,102291,20190419,    0,    0
 19074,102291,20190420,    0,    0
 19074,102291,20190421,    0,    0
 19074,102291,20190422,    0,    0
 19074,102291,20190423,    0,    0
 19074,102291,20190424,    0,    0
 19074,102291,20190425,   35,    0
 19074,102291,20190426,   30,    0
 19074,102291,20190427,  367,    0
 19074,102291,20190428,    0,    0
 19074,102291,20190429,    0,    0
 19074,102291,20190430,    0,    0
 19074,102291,20190501,    0,    0
 19074,102291,20190502,    3,    0
 19074,102291,20190503,    7,    0
 19074,102291,20190504,    0,    0
 19074,102291,20190505,   15,    0
 19074,102291,20190506,    0,    0
 19074,102291,20190507,    0,    0
 19074,102291,20190508,    8,    0
 19074,102291,20190509,  251,    0
 19074,102291,20190510,  110,    0
 19074,102291,20190511,   12,    0
 19074,102291,20190512,    0,    0
 19074,102291,20190513,    0,    0
 19074,102291,20190514,    0,    0
 19074,102291,20190515,    0,    0
 19074,102291,20190516,    0,    0
 19074,102291,20190517,   50,    0
 19074,102291,20190518,   70,    0
 19074,102291,20190519,    0,    0
 19074,102291,20190520,   15,    0
 19074,102291,20190521,  148,    0
 19074,102291,20190522,  128,    0
 19074,102291,20190523,   66,    0
 19074,102291,20190524,   50,    0
 19074,102291,20190525,    0,    0
 19074,102291,20190526,    0,    0
 19074,102291,20190527,    5,    0
 19074,102291,20190528,    0,    0
 19074,102291,20190529,    0,    0
 19074,102291,20190530,   45,    0
 19074,102291,20190531,   20,    0
 19074,102291,20190601,    0,    0
 19074,102291,20190602,  111,    0
 19074,102291,20190603,    7,    0
 19074,102291,20190604,    0,    0
 19074,102291,20190605,   32,    0
 19074,102291,20190606,   98,    0
 19074,102291,20190607,    0,    0
 19074,102291,20190608,  217,    0
 19074,102291,20190609,   23,    0
 19074,102291,20190610,    0,    0
 19074,102291,20190611,   93,    0
 19074,102291,20190612,  124,    0
 19074,102291,20190613,  130,    0
 19074,102291,20190614,   40,    0
 19074,102291,20190615,   21,    0
 19074,102291,20190616,   11,    0
 19074,102291,20190617,    0,    0
 19074,102291,20190618,   70,    0
 19074,102291,20190619,   80,    0
 19074,102291,20190620,   20,    0
 19074,102291,20190621,   15,    0
 19074,102291,20190622,    0,    0
 19074,102291,20190623,    0,    0
 19074,102291,20190624,    3,    0
 19074,102291,20190625,   51,    0
 19074,102291,20190626,-9999,    9
 19074,102291,20190627,-9999,    9
 19074,102291,20190628,-9999,    9
 19074,102291,20190629,-9999,    9
 19074,102291,20190630,-9999,    9
 19074,102291,20190701,-9999,    9
 19074,102291,20190702,-9999,    9
 19074,102291,20190703,-9999,    9
 19074,102291,20190704,-9999,    9
 19074,102291,20190705,-9999,    9
 19074,102291,20190706,   10,    0
 19074,102291,20190707,   63,    0
 19074,102291,20190708,   10,    0
 19074,102291,20190709,    1,    0
 19074,102291,20190710,    0,    0
 19074,102291,20190711,    0,    0
 19074,102291,20190712,    1,    0
 19074,102291,20190713,    2,    0
 19074,102291,20190714,   26,    0
 19074,102291,20190715,    0,    0
 19074,102291,20190716,    1,    0
 19074,102291,20190717,    0,    0
 19074,102291,20190718,   24,    0
 19074,102291,20190719,   31,    0
 19074,102291,20190720,  218,    0
 19074,102291,20190721,  260,    0
 19074,102291,20190722,    1,    0
 19074,102291,20190723,    0,    0
 19074,102291,20190724,    0,    0
 19074,102291,20190725,    0,    0
 19074,102291,20190726,    0,    0
 19074,102291,20190727,    0,    0
 19074,102291,20190728,   60,    0
 19074,102291,20190729,    1,    0
 19074,102291,20190730,    8,    0
 19074,102291,20190731,   13,    0
 19074,102291,20190801,    0,    0
 19074,102291,20190802,    0,    0
 19074,102291,20190803,    1,    0
 19074,102291,20190804,    1,    0
 19074,102291,20190805,    0,    0
 19074,102291,20190806,   67,    0
 19074,102291,20190807,   11,    0
 19074,102291,20190808,    8,    0
 19074,102291,20190809,   28,    0
 19074,102291,20190810,  390,    0
 19074,102291,20190811,   11,    0
 19074,102291,20190812,    0,    0
 19074,102291,20190813,    0,    0
 19074,102291,20190814,    0,    0
 19074,102291,20190815,   27,    0
 19074,102291,20190816,    5,    0
 19074,102291,20190817,  159,    0
 19074,102291,20190818,   40,    0
 19074,102291,20190819,   11,    0
 19074,102291,20190820,   22,    0
 19074,102291,20190821,    0,    0
 19074,102291,20190822,  147,    0
 19074,102291,20190823,    0,    0
 19074,102291,20190824,    0,    0
 19074,102291,20190825,    0,    0
 19074,102291,20190826,    0,    0
 19074,102291,20190827,    0,    0
 19074,102291,20190828,  123,    0
 19074,102291,20190829,   37,    0
 19074,102291,20190830,    3,    0
 19074,102291,20190831,   12,    0
 19074,102291,20190901,    0,    0
 19074,102291,20190902,    7,    0
 19074,102291,20190903,    0,    0
 19074,102291,20190904,  170,    0
 19074,102291,20190905,    8,    0
 19074,102291,20190906,   27,    0
 19074,102291,20190907,    0,    0
 19074,102291,20190908,    0,    0
 19074,102291,20190909,   10,    0
 19074,102291,20190910,   80,    0
 19074,102291,20190911,   10,    0
 19074,102291,20190912,    1,    0
 19074,102291,20190913,    4,    0
 19074,102291,20190914,   30,    0
 19074,102291,20190915,    0,    0
 19074,102291,20190916,    0,    0
 19074,102291,20190917,    0,    0
 19074,102291,20190918,    0,    0
 19074,102291,20190919,    0,    0
 19074,102291,20190920,    0,    0
 19074,102291,20190921,    0,    0
 19074,102291,20190922,    0,    0
 19074,102291,20190923,    1,    0
 19074,102291,20190924,    0,    0
 19074,102291,20190925,    0,    0
 19074,102291,20190926,   54,    0
 19074,102291,20190927,  233,    0
 19074,102291,20190928,   40,    0
 19074,102291,20190929,    0,    0
 19074,102291,20190930,    1,    0
 19074,102291,20191001,   52,    0
 19074,102291,20191002,   30,    0
 19074,102291,20191003,   88,    0
 19074,102291,20191004,    3,    0
 19074,102291,20191005,    0,    0
 19074,102291,20191006,    1,    0
 19074,102291,20191007,   21,    0
 19074,102291,20191008,   77,    0
 19074,102291,20191009,   77,    0
 19074,102291,20191010,    4,    0
 19074,102291,20191011,   50,    0
 19074,102291,20191012,    0,    0
 19074,102291,20191013,   65,    0
 19074,102291,20191014,    9,    0
 19074,102291,20191015,  247,    0
 19074,102291,20191016,   16,    0
 19074,102291,20191017,   49,    0
 19074,102291,20191018,   25,    0
 19074,102291,20191019,   38,    0
 19074,102291,20191020,   92,    0
 19074,102291,20191021,    2,    0
 19074,102291,20191022,    0,    0
 19074,102291,20191023,    0,    0
 19074,102291,20191024,   80,    0
 19074,102291,20191025,   37,    0
 19074,102291,20191026,    1,    0
 19074,102291,20191027,    0,    0
 19074,102291,20191028,    0,    0
 19074,102291,20191029,    0,    0
 19074,102291,20191030,    0,    0
 19074,102291,20191031,    0,    0
 19074,102291,20191101,    0,    0
 19074,102291,20191102,    0,    0
 19074,102291,20191103,    0,    0
 19074,102291,20191104,    0,    0
 19074,102291,20191105,    0,    0
 19074,102291,20191106,    0,    0
 19074,102291,20191107,    4,    0
 19074,102291,20191108,   19,    0
 19074,102291,20191109,    1,    0
 19074,102291,20191110,    7,    0
 19074,102291,20191111,   23,    0
 19074,102291,20191112,  167,    0
 19074,102291,20191113,   43,    0
 19074,102291,20191114,   12,    0
 19074,102291,20191115,    2,    0
 19074,102291,20191116,   46,    0
 19074,102291,20191117,    4,    0
 19074,102291,20191118,  311,    0
 19074,102291,20191119,   34,    0
 19074,102291,20191120,    0,    0
 19074,102291,20191121,  129,    0
 19074,102291,20191122,   82,    0
 19074,102291,20191123,    5,    0
 19074,102291,20191124,    0,    0
 19074,102291,20191125,   10,    0
 19074,102291,20191126,   70,    0
 19074,102291,20191127,   31,    0
 19074,102291,20191128,   38,    0
 19074,102291,20191129,    0,    0
 19074,102291,20191130,    3,    0
 19074,102291,20191201,    0,    0
 19074,102291,20191202,    3,    0
 19074,102291,20191203,    0,    0
 19074,102291,20191204,    2,    0
 19074,102291,20191205,    0,    0
 19074,102291,20191206,    3,    0
 19074,102291,20191207,   23,    0
 19074,102291,20191208,   50,    0
 19074,102291,20191209,   15,    0
 19074,102291,20191210,  130,    0
 19074,102291,20191211,    2,    0
 19074,102291,20191212,   21,    0
 19074,102291,20191213,   23,    0
 19074,102291,20191214,   40,    0
 19074,102291,20191215,   14,    0
 19074,102291,20191216,    2,    0
 19074,102291,20191217,    0,    0
 19074,102291,20191218,    0,    0
 19074,102291,20191219,  104,    0
 19074,102291,20191220,  102,    0
 19074,102291,20191221,   37,    0
 19074,102291,20191222,   27,    0
 19074,102291,20191223,  123,    0
 19074,102291,20191224,   15,    0
 19074,102291,20191225,    3,    0
 19074,102291,20191226,    0,    0
 19074,102291,20191227,    3,    0
 19074,102291,20191228,   17,    0
 19074,102291,20191229,    3,    0
 19074,102291,20191230,    2,    0
 19074,102291,20191231,    0,    0
 19074,102291,20200101,    0,    0
 19074,102291,20200102,    5,    0
 19074,102291,20200103,   12,    0
 19074,102291,20200104,    0,    0
 19074,102291,20200105,    5,    0
 19074,102291,20200106,    1,    0
 19074,102291,20200107,   31,    0
 19074,102291,20200108,    1,    0
 19074,102291,20200109,    1,    0
 19074,102291,20200110,    1,    0
 19074,102291,20200111,   58,    0
 19074,102291,20200112,    0,    0
 19074,102291,20200113,   67,    0
 19074,102291,20200114,   81,    0
 19074,102291,20200115,    8,    0
 19074,102291,20200116,   28,    0
 19074,102291,20200117,   67,    0
 19074,102291,20200118,   10,    0
 19074,102291,20200119,    0,    0
 19074,102291,20200120,    0,    0
 19074,102291,20200121,    0,    0
 19074,102291,20200122,    0,    0
 19074,102291,20200123,    0,    0
 19074,102291,20200124,    0,    0
 19074,102291,20200125,    1,    0
 19074,102291,20200126,   37,    0
 19074,102291,20200127,   78,    0
 19074,102291,20200128,   31,    0
 19074,102291,20200129,    1,    0
 19074,102291,20200130,   63,    0
 19074,102291,20200131,    5,    0
 19074,102291,20200201,    3,    0
 19074,102291,20200202,    3,    0
 19074,102291,20200203,   46,    0
 19074,102291,20200204,   11,    0
 19074,102291,20200205,    0,    0
 19074,102291,20200206,    0,    0
 19074,102291,20200207,    0,    0
 19074,102291,20200208,    5,    0
 19074,102291,20200209,  165,    0
 19074,102291,20200210,    0,    0
 19074,102291,20200211,    4,    0
 19074,102291,20200212,    0,    0
 19074,102291,20200213,    0,    0
 19074,102291,20200214,    4,    0
 19074,102291,20200215,  201,    0
 19074,102291,20200216,   78,    0
 19074,102291,20200217,   26,    0
 19074,102291,20200218,    2,    0
 19074,102291,20200219,    0,    0
 19074,102291,20200220,   83,    0
 19074,102291,20200221,   41,    0
 19074,102291,20200222,  149,    0
 19074,102291,20200223,   10,    0
 19074,102291,20200224,    1,    0
 19074,102291,20200225,    2,    0
 19074,102291,20200226,    0,    0
 19074,102291,20200227,    0,    0
 19074,102291,20200228,    0,    0
 19074,102291,20200229,  128,    0
 19074,102291,20200301,   60,    0
 19074,102291,20200302,   20,    0
 19074,102291,20200303,   54,    0
 19074,102291,20200304,   38,    0
 19074,102291,20200305,    0,    0
 19074,102291,20200306,    5,    0
 19074,102291,20200307,   17,    0
 19074,102291,20200308,   29,    0
 19074,102291,20200309,    1,    0
 19074,102291,20200310,  103,    0
 19074,102291,20200311,    6,    0
 19074,102291,20200312,   21,    0
 19074,102291,20200313,   23,    0
 19074,102291,20200314,   23,    0
 19074,102291,20200315,   72,    0
 19074,102291,20200316,    1,    0
 19074,102291,20200317,    0,    0
 19074,102291,20200318,    0,    0
 19074,102291,20200319,    1,    0
 19074,102291,20200320,    1,    0
 19074,102291,20200321,    1,    0
 19074,102291,20200322,    0,    0
 19074,102291,20200323,    1,    0
 19074,102291,20200324,    0,    0
 19074,102291,20200325,    0,    0
 19074,102291,20200326,    0,    0
 19074,102291,20200327,    0,    0
 19074,102291,20200328,    0,    0
 19074,102291,20200329,    0,    0
 19074,102291,20200330,    0,    0
 19074,102291,20200331,    0,    0
 19074,102291,20200401,    0,    0
 19074,102291,20200402,   17,    0
 19074,102291,20200403,    0,    0
 19074,102291,20200404,    0,    0
 19074,102291,20200405,    0,    0
 19074,102291,20200406,    3,    0
 19074,102291,20200407,    4,    0
 19074,102291,20200408,    2,    0
 19074,102291,20200409,    0,    0
 19074,102291,20200410,    1,    0
 19074,102291,20200411,   13,    0
 19074,102291,20200412,    0,    0
 19074,102291,20200413,    1,    0
 19074,102291,20200414,    0,    0
 19074,102291,20200415,    0,    0
 19074,102291,20200416,    0,    0
 19074,102291,20200417,    0,    0
 19074,102291,20200418,    2,    0
 19074,102291,20200419,    0,    0
 19074,102291,20200420,    3,    0
 19074,102291,20200421,    0,    0
 19074,102291,20200422,    0,    0
 19074,102291,20200423,    1,    0
 19074,102291,20200424,    0,    0
 19074,102291,20200425,    0,    0
 19074,102291,20200426,   26,    0
 19074,102291,20200427,  119,    0
 19074,102291,20200428,    0,    0
 19074,102291,20200429,    1,    0
 19074,102291,20200430,   49,    0
 19074,102291,20200501,    6,    0
 19074,102291,20200502,    2,    0
 19074,102291,20200503,    0,    0
 19074,102291,20200504,    3,    0
 19074,102291,20200505,    1,    0
 19074,102291,20200506,    0,    0
 19074,102291,20200507,    3,    0
 19074,102291,20200508,    2,    0
 19074,102291,20200509,  104,    0
 19074,102291,20200510,   35,    0
 19074,102291,20200511,    0,    0
 19074,102291,20200512,    0,    0
 19074,102291,20200513,    2,    0
 19074,102291,20200514,    1,    0
 19074,102291,20200515,    0,    0
 19074,102291,20200516,    1,    0
 19074,102291,20200517,    0,    0
 19074,102291,20200518,    3,    0
 19074,102291,20200519,    0,    0
 19074,102291,20200520,    0,    0
 19074,102291,20200521,    3,    0
 19074,102291,20200522,  150,    0
 19074,102291,20200523,   91,    0
 19074,102291,20200524,   10,    0
 19074,102291,20200525,    0,    0
 19074,102291,20200526,    2,    0
 19074,102291,20200527,    3,    0
 19074,102291,20200528,    0,    0
 19074,102291,20200529,    0,    0
 19074,102291,20200530,    1,    0
 19074,102291,20200531,    0,    0
 19074,102291,20200601,    0,    0
 19074,102291,20200602,    0,    0
 19074,102291,20200603,   22,    0
 19074,102291,20200604,   69,    0
 19074,102291,20200605,  136,    0
 19074,102291,20200606,  126,    0
 19074,102291,20200607,   44,    0
 19074,102291,20200608,    2,    0
 19074,102291,20200609,    0,    0
 19074,102291,20200610,    0,    0
 19074,102291,20200611,    0,    0
 19074,102291,20200612,    0,    0
 19074,102291,20200613,    1,    0
 19074,102291,20200614,    0,    0
 19074,102291,20200615,    0,    0
 19074,102291,20200616,    0,    0
 19074,102291,20200617,  175,    0
 19074,102291,20200618,    0,    0
 19074,102291,20200619,    0,    0
 19074,102291,20200620,  311,    0
 19074,102291,20200621,  539,    0
 19074,102291,20200622,    6,    0
 19074,102291,20200623,    1,    0
 19074,102291,20200624,    0,    0
 19074,102291,20200625,    1,    0
 19074,102291,20200626,    0,    0
 19074,102291,20200627,  560,    0
 19074,102291,20200628,  195,    0
 19074,102291,20200629,   81,    0
 19074,102291,20200630,   37,    0
 19074,102291,20200701,    0,    0
 19074,102291,20200702,    0,    0
 19074,102291,20200703,   48,    0
 19074,102291,20200704,    8,    0
 19074,102291,20200705,  241,    0
 19074,102291,20200706,    2,    0
 19074,102291,20200707,   36,    0
 19074,102291,20200708,    2,    0
 19074,102291,20200709,   57,    0
 19074,102291,20200710,    1,    0
 19074,102291,20200711,    2,    0
 19074,102291,20200712,    0,    0
 19074,102291,20200713,    4,    0
 19074,102291,20200714,  213,    0
 19074,102291,20200715,    7,    0
 19074,102291,20200716,    0,    0
 19074,102291,20200717,    8,    0
 19074,102291,20200718,   39,    0
 19074,102291,20200719,   31,    0
 19074,102291,20200720,    0,    0
 19074,102291,20200721,    0,    0
 19074,102291,20200722,    0,    0
 19074,102291,20200723,    2,    0
 19074,102291,20200724,    1,    0
 19074,102291,20200725,   10,    0
 19074,102291,20200726,  405,    0
 19074,102291,20200727,   76,    0
 19074,102291,20200728,  244,    0
 19074,102291,20200729,   13,    0
 19074,102291,20200730,    6,    0
 19074,102291,20200731,    0,    0
 19074,102291,20200801,    3,    0
 19074,102291,20200802,   93,    0
 19074,102291,20200803,    5,    0
 19074,102291,20200804,    8,    0
 19074,102291,20200805,   60,    0
 19074,102291,20200806,    0,    0
 19074,102291,20200807,    0,    0
 19074,102291,20200808,    2,    0
 19074,102291,20200809,    1,    0
 19074,102291,20200810,    0,    0
 19074,102291,20200811,    2,    0
 19074,102291,20200812,    0,    0
 19074,102291,20200813,    0,    0
 19074,102291,20200814,    0,    0
 19074,102291,20200815,    0,    0
 19074,102291,20200816,    0,    0
 19074,102291,20200817,    3,    0
 19074,102291,20200818,    0,    0
 19074,102291,20200819,    0,    0
 19074,102291,20200820,   21,    0
 19074,102291,20200821,  197,    0
 19074,102291,20200822,    0,    0
 19074,102291,20200823,    0,    0
 19074,102291,20200824,    1,    0
 19074,102291,20200825,    0,    0
 19074,102291,20200826,    0,    0
 19074,102291,20200827,   11,    0
 19074,102291,20200828,   25,    0
 19074,102291,20200829,    0,    0
 19074,102291,20200830,    0,    0
 19074,102291,20200831,    0,    0
 19074,102291,20200901,    0,    0
 19074,102291,20200902,    0,    0
 19074,102291,20200903,   46,    0
 19074,102291,20200904,    0,    0
 19074,102291,20200905,    0,    0
 19074,102291,20200906,    3,    0
 19074,102291,20200907,    4,    0
 19074,102291,20200908,   24,    0
 19074,102291,20200909,    9,    0
 19074,102291,20200910,    0,    0
 19074,102291,20200911,   15,    0
 19074,102291,20200912,    1,    0
 19074,102291,20200913,    0,    0
 19074,102291,20200914,    0,    0
 19074,102291,20200915,    1,    0
 19074,102291,20200916,    0,    0
 19074,102291,20200917,    0,    0
 19074,102291,20200918,    0,    0
 19074,102291,20200919,    0,    0
 19074,102291,20200920,    1,    0
 19074,102291,20200921,    0,    0
 19074,102291,20200922,    0,    0
 19074,102291,20200923,  206,    0
 19074,102291,20200924,  167,    0
 19074,102291,20200925,   80,    0
 19074,102291,20200926,    6,    0
 19074,102291,20200927,    0,    0
 19074,102291,20200928,    3,    0
 19074,102291,20200929,   89,    0
 19074,102291,20200930,  103,    0
 19074,102291,20201001,   85,    0
 19074,102291,20201002,    2,    0
 19074,102291,20201003,   16,    0
 19074,102291,20201004,  306,    0
 19074,102291,20201005,   12,    0
 19074,102291,20201006,   54,    0
 19074,102291,20201007,   15,    0
 19074,102291,20201008,   48,    0
 19074,102291,20201009,   58,    0
 19074,102291,20201010,  198,    0
 19074,102291,20201011,    0,    0
 19074,102291,20201012,    3,    0
 19074,102291,20201013,    2,    0
 19074,102291,20201014,    0,    0
 19074,102291,20201015,    0,    0
 19074,102291,20201016,    2,    0
 19074,102291,20201017,    0,    0
 19074,102291,20201018,    1,    0
 19074,102291,20201019,   54,    0
 19074,102291,20201020,  187,    0
 19074,102291,20201021,   87,    0
 19074,102291,20201022,   10,    0
 19074,102291,20201023,   13,    0
 19074,102291,20201024,  137,    0
 19074,102291,20201025,  118,    0
 19074,102291,20201026,   38,    0
 19074,102291,20201027,  108,    0
 19074,102291,20201028,   66,    0
 19074,102291,20201029,    0,    0
 19074,102291,20201030,   58,    0
 19074,102291,20201031,  100,    0
 19074,102291,20201101,  131,    0
 19074,102291,20201102,   21,    0
 19074,102291,20201103,    0,    0
 19074,102291,20201104,    0,    0
 19074,102291,20201105,    0,    0
 19074,102291,20201106,    0,    0
 19074,102291,20201107,    0,    0
 19074,102291,20201108,    0,    0
 19074,102291,20201109,    0,    0
 19074,102291,20201110,    0,    0
 19074,102291,20201111,   14,    0
 19074,102291,20201112,   36,    0
 19074,102291,20201113,  113,    0
 19074,102291,20201114,   89,    0
 19074,102291,20201115,  475,    0
 19074,102291,20201116,  120,    0
 19074,102291,20201117,    1,    0
 19074,102291,20201118,   36,    0
 19074,102291,20201119,    0,    0
 19074,102291,20201120,   22,    0
 19074,102291,20201121,   14,    0
 19074,102291,20201122,    5,    0
 19074,102291,20201123,    0,    0
 19074,102291,20201124,    0,    0
 19074,102291,20201125,    3,    0
 19074,102291,20201126,    1,    0
 19074,102291,20201127,    0,    0
 19074,102291,20201128,    0,    0
 19074,102291,20201129,    0,    0
 19074,102291,20201130,   39,    0
 19074,102291,20201201,    1,    0
 19074,102291,20201202,   73,    0
 19074,102291,20201203,   71,    0
 19074,102291,20201204,   38,    0
 19074,102291,20201205,   41,    0
 19074,102291,20201206,   30,    0
 19074,102291,20201207,   82,    0
 19074,102291,20201208,   88,    0
 19074,102291,20201209,   16,    0
 19074,102291,20201210,   43,    0
 19074,102291,20201211,   28,    0
 19074,102291,20201212,    2,    0
 19074,102291,20201213,   17,    0
 19074,102291,20201214,  125,    0
 19074,102291,20201215,   41,    0
 19074,102291,20201216,   25,    0
 19074,102291,20201217,  178,    0
 19074,102291,20201218,   38,    0
 19074,102291,20201219,   36,    0
 19074,102291,20201220,    7,    0
 19074,102291,20201221,   62,    0
 19074,102291,20201222,   67,    0
 19074,102291,20201223,    0,    0
 19074,102291,20201224,    4,    0
 19074,102291,20201225,    0,    0
 19074,102291,20201226,  113,    0
 19074,102291,20201227,  284,    0
 19074,102291,20201228,   73,    0
 19074,102291,20201229,   78,    0
 19074,102291,20201230,    2,    0
 19074,102291,20201231,   21,    0
 19074,102291,20210101,    8,    0
 19074,102291,20210102,    0,    0
 19074,102291,20210103,    1,    0
 19074,102291,20210104,    0,    0
 19074,102291,20210105,    0,    0
 19074,102291,20210106,    4,    0
 19074,102291,20210107,    0,    0
 19074,102291,20210108,    0,    0
 19074,102291,20210109,    3,    0
 19074,102291,20210110,    5,    0
 19074,102291,20210111,   17,    0
 19074,102291,20210112,   21,    0
 19074,102291,20210113,   20,    0
 19074,102291,20210114,    0,    0
 19074,102291,20210115,    0,    0
 19074,102291,20210116,    6,    0
 19074,102291,20210117,    0,    0
 19074,102291,20210118,   89,    0
 19074,102291,20210119,   17,    0
 19074,102291,20210120,  136,    0
 19074,102291,20210121,  268,    0
 19074,102291,20210122,   69,    0
 19074,102291,20210123,    0,    0
 19074,102291,20210124,    0,    0
 19074,102291,20210125,    1,    0
 19074,102291,20210126,    2,    0
 19074,102291,20210127,    0,    0
 19074,102291,20210128,    0,    0
 19074,102291,20210129,    2,    0
 19074,102291,20210130,    0,    0
 19074,102291,20210131,    0,    0
 19074,102291,20210201,    2,    0
 19074,102291,20210202,    0,    0
 19074,102291,20210203,    2,    0
 19074,102291,20210204,    1,    0
 19074,102291,20210205,    0,    0
 19074,102291,20210206,    4,    0
 19074,102291,20210207,    0,    0
 19074,102291,20210208,    0,    0
 19074,102291,20210209,    0,    0
 19074,102291,20210210,    1,    0
 19074,102291,20210211,    0,    0
 19074,102291,20210212,    1,    0
 19074,102291,20210213,    1,    0
 19074,102291,20210214,    0,    0
 19074,102291,20210215,   47,    0
 19074,102291,20210216,   76,    0
 19074,102291,20210217,   59,    0
 19074,102291,20210218,   88,    0
 19074,102291,20210219,   24,    0
 19074,102291,20210220,   36,    0
 19074,102291,20210221,    1,    0
 19074,102291,20210222,    6,    0
 19074,102291,20210223,    5,    0
 19074,102291,20210224,    3,    0
 19074,102291,20210225,    0,    0
 19074,102291,20210226,    0,    0
 19074,102291,20210227,    1,    0
 19074,102291,20210228,    0,    0
 19074,102291,20210301,    0,    0
 19074,102291,20210302,    0,    0
 19074,102291,20210303,    0,    0
 19074,102291,20210304,    0,    0
 19074,102291,20210305,    0,    0
 19074,102291,20210306,    1,    0
 19074,102291,20210307,    0,    0
 19074,102291,20210308,    0,    0
 19074,102291,20210309,    2,    0
 19074,102291,20210310,   89,    0
 19074,102291,20210311,  109,    0
 19074,102291,20210312,    0,    0
 19074,102291,20210313,    1,    0
 19074,102291,20210314,    0,    0
 19074,102291,20210315,    2,    0
 19074,102291,20210316,    0,    0
 19074,102291,20210317,    1,    0
 19074,102291,20210318,    2,    0
 19074,102291,20210319,    0,    0
 19074,102291,20210320,    0,    0
 19074,102291,20210321,    0,    0
 19074,102291,20210322,    0,    0
 19074,102291,20210323,    0,    0
 19074,102291,20210324,    0,    0
 19074,102291,20210325,    0,    0
 19074,102291,20210326,   55,    0
 19074,102291,20210327,    5,    0
 19074,102291,20210328,    2,    0
 19074,102291,20210329,    0,    0
 19074,102291,20210330,    0,    0
 19074,102291,20210331,    7,    0
 19074,102291,20210401,    2,    0
 19074,102291,20210402,    0,    0
 19074,102291,20210403,    1,    0
 19074,102291,20210404,    2,    0
 19074,102291,20210405,    0,    0
 19074,102291,20210406,    1,    0
 19074,102291,20210407,   33,    0
 19074,102291,20210408,    6,    0
 19074,102291,20210409,    1,    0
 19074,102291,20210410,    0,    0
 19074,102291,20210411,   29,    0
 19074,102291,20210412,   53,    0
 19074,102291,20210413,    1,    0
 19074,102291,20210414,    0,    0
 19074,102291,20210415,    0,    0
 19074,102291,20210416,    0,    0
 19074,102291,20210417,    0,    0
 19074,102291,20210418,    0,    0
 19074,102291,20210419,    0,    0
 19074,102291,20210420,    0,    0
 19074,102291,20210421,    0,    0
 19074,102291,20210422,    0,    0
 19074,102291,20210423,    0,    0
 19074,102291,20210424,    0,    0
 19074,102291,20210425,    0,    0
 19074,102291,20210426,    0,    0
 19074,102291,20210427,    0,    0
 19074,102291,20210428,    0,    0
 19074,102291,20210429,   25,    0
 19074,102291,20210430,    0,    0
 19074,102291,20210501,    0,    0
 19074,102291,20210502,   27,    0
 19074,102291,20210503,    8,    0
 19074,102291,20210504,   67,    0
 19074,102291,20210505,   36,    0
 19074,102291,20210506,    0,    0
 19074,102291,20210507,    1,    0
 19074,102291,20210508,    7,    0
 19074,102291,20210509,   92,    0
 19074,102291,20210510,   94,    0
 19074,102291,20210511,    1,    0
 19074,102291,20210512,   38,    0
 19074,102291,20210513,   48,    0
 19074,102291,20210514,   41,    0
 19074,102291,20210515,   32,    0
 19074,102291,20210516,   12,    0
 19074,102291,20210517,   24,    0
 19074,102291,20210518,    2,    0
 19074,102291,20210519,    3,    0
 19074,102291,20210520,    3,    0
 19074,102291,20210521,    9,    0
 19074,102291,20210522,   77,    0
 19074,102291,20210523,   72,    0
 19074,102291,20210524,   63,    0
 19074,102291,20210525,-9999,    9
 19074,102291,20210526,-9999,    9
 19074,102291,20210527,-9999,    9
 19074,102291,20210528,-9999,    9
 19074,102291,20210529,-9999,    9
 19074,102291,20210530,-9999,    9
 19074,102291,20210531,-9999,    9
 19074,102291,20210601,-9999,    9
 19074,102291,20210602,-9999,    9
 19074,102291,20210603,-9999,    9
 19074,102291,20210604,-9999,    9
 19074,102291,20210605,-9999,    9
 19074,102291,20210606,-9999,    9
 19074,102291,20210607,    2,    0
 19074,102291,20210608,    0,    0
 19074,102291,20210609,    4,    0
 19074,102291,20210610,    6,    0
 19074,102291,20210611,    0,    0
 19074,102291,20210612,    4,    0
 19074,102291,20210613,    0,    0
 19074,102291,20210614,   29,    0
 19074,102291,20210615,    1,    0
 19074,102291,20210616,    2,    0
 19074,102291,20210617,   52,    0
 19074,102291,20210618,    9,    0
 19074,102291,20210619,   30,    0
 19074,102291,20210620,  129,    0
 19074,102291,20210621,   33,    0
 19074,102291,20210622,    5,    0
 19074,102291,20210623,    0,    0
 19074,102291,20210624,    0,    0
 19074,102291,20210625,    0,    0
 19074,102291,20210626,   37,    0
 19074,102291,20210627,    0,    0
 19074,102291,20210628,    0,    0
 19074,102291,20210629,  249,    0
 19074,102291,20210630,    0,    0
 19074,102291,20210701,   11,    0
 19074,102291,20210702,    3,    0
 19074,102291,20210703,    0,    0
 19074,102291,20210704,  106,    0
 19074,102291,20210705,  231,    0
 19074,102291,20210706,  255,    0
 19074,102291,20210707,   69,    0
 19074,102291,20210708,   19,    0
 19074,102291,20210709,    8,    0
 19074,102291,20210710,   14,    0
 19074,102291,20210711,    1,    0
 19074,102291,20210712,    2,    0
 19074,102291,20210713,    0,    0
 19074,102291,20210714,   15,    0
 19074,102291,20210715,    0,    0
 19074,102291,20210716,    4,    0
 19074,102291,20210717,    5,    0
 19074,102291,20210718,    0,    0
 19074,102291,20210719,    5,    0
 19074,102291,20210720,    0,    0
 19074,102291,20210721,    0,    0
 19074,102291,20210722,    5,    0
 19074,102291,20210723,    0,    0
 19074,102291,20210724,    0,    0
 19074,102291,20210725,    0,    0
 19074,102291,20210726,  132,    0
 19074,102291,20210727,   74,    0
 19074,102291,20210728,   78,    0
 19074,102291,20210729,  172,    0
 19074,102291,20210730,   47,    0
 19074,102291,20210731,   53,    0
 19074,102291,20210801,   11,    0
 19074,102291,20210802,   15,    0
 19074,102291,20210803,    5,    0
 19074,102291,20210804,    0,    0
 19074,102291,20210805,    0,    0
 19074,102291,20210806,   16,    0
 19074,102291,20210807,   76,    0
 19074,102291,20210808,    3,    0
 19074,102291,20210809,   29,    0
 19074,102291,20210810,    0,    0
 19074,102291,20210811,    0,    0
 19074,102291,20210812,   20,    0
 19074,102291,20210813,   77,    0
 19074,102291,20210814,   14,    0
 19074,102291,20210815,    1,    0
 19074,102291,20210816,    2,    0
 19074,102291,20210817,    0,    0
 19074,102291,20210818,    0,    0
 19074,102291,20210819,    0,    0
 19074,102291,20210820,    0,    0
 19074,102291,20210821,    0,    0
 19074,102291,20210822,    0,    0
 19074,102291,20210823,    0,    0
 19074,102291,20210824,    0,    0
 19074,102291,20210825,    0,    0
 19074,102291,20210826,    0,    0
 19074,102291,20210827,    0,    0
 19074,102291,20210828,    0,    0
 19074,102291,20210829,    0,    0
 19074,102291,20210830,    0,    0
 19074,102291,20210831,    0,    0
 19074,102291,20210901,    0,    0
 19074,102291,20210902,    0,    0
 19074,102291,20210903,    5,    0
 19074,102291,20210904,    0,    0
 19074,102291,20210905,    0,    0
 19074,102291,20210906,    0,    0
 19074,102291,20210907,    0,    0
 19074,102291,20210908,    0,    0
 19074,102291,20210909,    0,    0
 19074,102291,20210910,    1,    0
 19074,102291,20210911,   67,    0
 19074,102291,20210912,   15,    0
 19074,102291,20210913,    1,    0
 19074,102291,20210914,    0,    0
 19074,102291,20210915,   87,    0
 19074,102291,20210916,    2,    0
 19074,102291,20210917,    1,    0
 19074,102291,20210918,    0,    0
 19074,102291,20210919,    2,    0
 19074,102291,20210920,    0,    0
 19074,102291,20210921,    2,    0
 19074,102291,20210922,    4,    0
 19074,102291,20210923,   24,    0
 19074,102291,20210924,    3,    0
 19074,102291,20210925,    0,    0
 19074,102291,20210926,   21,    0
 19074,102291,20210927,  573,    0
 19074,102291,20210928,   12,    0
 19074,102291,20210929,   94,    0
 19074,102291,20210930,  176,    0
 19074,102291,20211001,  266,    0
 19074,102291,20211002,  147,    0
 19074,102291,20211003,  346,    0
 19074,102291,20211004,   31,    0
 19074,102291,20211005,   21,    0
 19074,102291,20211006,    0,    0
 19074,102291,20211007,    6,    0
 19074,102291,20211008,   12,    0
 19074,102291,20211009,    3,    0
 19074,102291,20211010,   18,    0
 19074,102291,20211011,    0,    0
 19074,102291,20211012,    0,    0
 19074,102291,20211013,    2,    0
 19074,102291,20211014,    1,    0
 19074,102291,20211015,    0,    0
 19074,102291,20211016,    1,    0
 19074,102291,20211017,    1,    0
 19074,102291,20211018,   54,    0
 19074,102291,20211019,   34,    0
 19074,102291,20211020,    3,    0
 19074,102291,20211021,    0,    0
 19074,102291,20211022,    0,    0
 19074,102291,20211023,    0,    0
 19074,102291,20211024,    3,    0
 19074,102291,20211025,    4,    0
 19074,102291,20211026,   15,    0
 19074,102291,20211027,    6,    0
 19074,102291,20211028,    6,    0
 19074,102291,20211029,   73,    0
 19074,102291,20211030,  180,    0
 19074,102291,20211031,  149,    0
 19074,102291,20211101,  296,    0
 19074,102291,20211102,  244,    0
 19074,102291,20211103,    1,    0
 19074,102291,20211104,    5,    0
 19074,102291,20211105,    4,    0
 19074,102291,20211106,  106,    0
 19074,102291,20211107,    3,    0
 19074,102291,20211108,   20,    0
 19074,102291,20211109,    1,    0
 19074,102291,20211110,    1,    0
 19074,102291,20211111,    2,    0
 19074,102291,20211112,   33,    0
 19074,102291,20211113,    0,    0
 19074,102291,20211114,    3,    0
 19074,102291,20211115,    3,    0
 19074,102291,20211116,   15,    0
 19074,102291,20211117,    0,    0
 19074,102291,20211118,    2,    0
 19074,102291,20211119,    0,    0
 19074,102291,20211120,    2,    0
 19074,102291,20211121,    0,    0
 19074,102291,20211122,    2,    0
 19074,102291,20211123,    0,    0
 19074,102291,20211124,    0,    0
 19074,102291,20211125,    2,    0
 19074,102291,20211126,    3,    0
 19074,102291,20211127,   10,    0
 19074,102291,20211128,    0,    0
 19074,102291,20211129,   71,    0
 19074,102291,20211130,    5,    0
 19074,102291,20211201,    3,    0
 19074,102291,20211202,    0,    0
 19074,102291,20211203,   42,    0
 19074,102291,20211204,    2,    0
 19074,102291,20211205,    2,    0
 19074,102291,20211206,   26,    0
 19074,102291,20211207,   32,    0
 19074,102291,20211208,   38,    0
 19074,102291,20211209,   35,    0
 19074,102291,20211210,    9,    0
 19074,102291,20211211,   14,    0
 19074,102291,20211212,    3,    0
 19074,102291,20211213,    2,    0
 19074,102291,20211214,    3,    0
 19074,102291,20211215,    0,    0
 19074,102291,20211216,    0,    0
 19074,102291,20211217,    0,    0
 19074,102291,20211218,    1,    0
 19074,102291,20211219,    0,    0
 19074,102291,20211220,    0,    0
 19074,102291,20211221,    1,    0
 19074,102291,20211222,    0,    0
 19074,102291,20211223,    3,    0
 19074,102291,20211224,    0,    0
 19074,102291,20211225,    0,    0
 19074,102291,20211226,    0,    0
 19074,102291,20211227,   23,    0
 19074,102291,20211228,    4,    0
 19074,102291,20211229,   53,    0
 19074,102291,20211230,    4,    0
 19074,102291,20211231,    0,    0
 19074,102291,20220101,   30,    0
 19074,102291,20220102,    0,    0
 19074,102291,20220103,    2,    0
 19074,102291,20220104,    0,    0
 19074,102291,20220105,    1,    0
 19074,102291,20220106,   20,    0
 19074,102291,20220107,   37,    0
 19074,102291,20220108,    1,    0
 19074,102291,20220109,    6,    0
 19074,102291,20220110,   11,    0
 19074,102291,20220111,    9,    0
 19074,102291,20220112,    3,    0
 19074,102291,20220113,   12,    0
 19074,102291,20220114,    0,    0
 19074,102291,20220115,    0,    0
 19074,102291,20220116,    7,    0
 19074,102291,20220117,    0,    0
 19074,102291,20220118,    0,    0
 19074,102291,20220119,    1,    0
 19074,102291,20220120,    0,    0
 19074,102291,20220121,    0,    0
 19074,102291,20220122,    1,    0
 19074,102291,20220123,    0,    0
 19074,102291,20220124,    0,    0
 19074,102291,20220125,    1,    0
 19074,102291,20220126,    0,    0
 19074,102291,20220127,    0,    0
 19074,102291,20220128,    2,    0
 19074,102291,20220129,    8,    0
 19074,102291,20220130,    0,    0
 19074,102291,20220131,    2,    0
 19074,102291,20220201,   42,    0
 19074,102291,20220202,    6,    0
 19074,102291,20220203,   32,    0
 19074,102291,20220204,    6,    0
 19074,102291,20220205,    9,    0
 19074,102291,20220206,    0,    0
 19074,102291,20220207,    1,    0
 19074,102291,20220208,    0,    0
 19074,102291,20220209,    6,    0
 19074,102291,20220210,    2,    0
 19074,102291,20220211,    1,    0
 19074,102291,20220212,   34,    0
 19074,102291,20220213,   86,    0
 19074,102291,20220214,   62,    0
 19074,102291,20220215,   98,    0
 19074,102291,20220216,    4,    0
 19074,102291,20220217,    2,    0
 19074,102291,20220218,    0,    0
 19074,102291,20220219,    0,    0
 19074,102291,20220220,   90,    0
 19074,102291,20220221,    1,    0
 19074,102291,20220222,    2,    0
 19074,102291,20220223,   29,    0
 19074,102291,20220224,   24,    0
 19074,102291,20220225,    0,    0
 19074,102291,20220226,-9999,    9
 19074,102291,20220227,-9999,    9
 19074,102291,20220228,    0,    0
 19074,102291,20220301,    0,    0
 19074,102291,20220302,    0,    0
 19074,102291,20220303,    0,    0
 19074,102291,20220304,    0,    0
 19074,102291,20220305,    0,    0
 19074,102291,20220306,    0,    0
 19074,102291,20220307,    0,    0
 19074,102291,20220308,    0,    0
 19074,102291,20220309,    0,    0
 19074,102291,20220310,    0,    0
 19074,102291,20220311,    0,    0
 19074,102291,20220312,    0,    0
 19074,102291,20220313,    0,    0
 19074,102291,20220314,    0,    0
 19074,102291,20220315,    0,    0
 19074,102291,20220316,    0,    0
 19074,102291,20220317,   32,    0
 19074,102291,20220318,    0,    0
 19074,102291,20220319,    0,    0
 19074,102291,20220320,    0,    0
 19074,102291,20220321,    0,    0
 19074,102291,20220322,    0,    0
 19074,102291,20220323,    0,    0
 19074,102291,20220324,    0,    0
 19074,102291,20220325,    3,    0
 19074,102291,20220326,    0,    0
 19074,102291,20220327,    1,    0
 19074,102291,20220328,    1,    0
 19074,102291,20220329,    4,    0
 19074,102291,20220330,    0,    0
 19074,102291,20220331,    0,    0
 19074,102291,20220401,    4,    0
 19074,102291,20220402,    0,    0
 19074,102291,20220403,    6,    0
 19074,102291,20220404,   20,    0
 19074,102291,20220405,    0,    0
 19074,102291,20220406,    0,    0
 19074,102291,20220407,    1,    0
 19074,102291,20220408,    0,    0
 19074,102291,20220409,    0,    0
 19074,102291,20220410,    2,    0
 19074,102291,20220411,    0,    0
 19074,102291,20220412,    0,    0
 19074,102291,20220413,  130,    0
 19074,102291,20220414,    5,    0
 19074,102291,20220415,    0,    0
 19074,102291,20220416,    0,    0
 19074,102291,20220417,    0,    0
 19074,102291,20220418,    0,    0
 19074,102291,20220419,    0,    0
 19074,102291,20220420,    0,    0
 19074,102291,20220421,    0,    0
 19074,102291,20220422,    0,    0
 19074,102291,20220423,    0,    0
 19074,102291,20220424,    0,    0
 19074,102291,20220425,    0,    0
 19074,102291,20220426,    0,    0
 19074,102291,20220427,    0,    0
 19074,102291,20220428,    0,    0
 19074,102291,20220429,    1,    0
 19074,102291,20220430,    0,    0
 19074,102291,20220501,    0,    0
 19074,102291,20220502,    0,    0
 19074,102291,20220503,    2,    0
 19074,102291,20220504,    0,    0
 19074,102291,20220505,    2,    0
 19074,102291,20220506,    0,    0
 19074,102291,20220507,    4,    0
 19074,102291,20220508,    1,    0
 19074,102291,20220509,    0,    0
 19074,102291,20220510,   47,    0
 19074,102291,20220511,   26,    0
 19074,102291,20220512,    0,    0
 19074,102291,20220513,    0,    0
 19074,102291,20220514,    1,    0
 19074,102291,20220515,    0,    0
 19074,102291,20220516,    0,    0
 19074,102291,20220517,    2,    0
 19074,102291,20220518,   12,    0
 19074,102291,20220519,    1,    0
 19074,102291,20220520,    0,    0
 19074,102291,20220521,   16,    0
 19074,102291,20220522,    0,    0
 19074,102291,20220523,    0,    0
 19074,102291,20220524,   44,    0
 19074,102291,20220525,   52,    0
 19074,102291,20220526,    5,    0
 19074,102291,20220527,    0,    0
 19074,102291,20220528,    0,    0
 19074,102291,20220529,   27,    0
 19074,102291,20220530,   25,    0
 19074,102291,20220531,   75,    0
 19074,102291,20220601,   24,    0
 19074,102291,20220602,    7,    0
 19074,102291,20220603,    7,    0
 19074,102291,20220604,    1,    0
 19074,102291,20220605,    4,    0
 19074,102291,20220606,    0,    0
 19074,102291,20220607,  139,    0
 19074,102291,20220608,   18,    0
 19074,102291,20220609,    0,    0
 19074,102291,20220610,    0,    0
 19074,102291,20220611,   19,    0
 19074,102291,20220612,    0,    0
 19074,102291,20220613,    1,    0
 19074,102291,20220614,    1,    0
 19074,102291,20220615,    4,    0
 19074,102291,20220616,    3,    0
 19074,102291,20220617,   12,    0
 19074,102291,20220618,    2,    0
 19074,102291,20220619,    0,    0
 19074,102291,20220620,    0,    0
 19074,102291,20220621,    0,    0
 19074,102291,20220622,    2,    0
 19074,102291,20220623,    2,    0
 19074,102291,20220624,    1,    0
 19074,102291,20220625,    0,    0
 19074,102291,20220626,   23,    0
 19074,102291,20220627,  204,    0
 19074,102291,20220628,    1,    0
 19074,102291,20220629,    0,    0
 19074,102291,20220630,    0,    0
 19074,102291,20220701,   17,    0
 19074,102291,20220702,    4,    0
 19074,102291,20220703,   31,    0
 19074,102291,20220704,    1,    0
 19074,102291,20220705,    0,    0
 19074,102291,20220706,   13,    0
 19074,102291,20220707,    0,    0
 19074,102291,20220708,    0,    0
 19074,102291,20220709,    1,    0
 19074,102291,20220710,    1,    0
 19074,102291,20220711,    0,    0
 19074,102291,20220712,    0,    0
 19074,102291,20220713,   45,    0
 19074,102291,20220714,    0,    0
 19074,102291,20220715,    2,    0
 19074,102291,20220716,    0,    0
 19074,102291,20220717,    4,    0
 19074,102291,20220718,    2,    0
 19074,102291,20220719,    0,    0
 19074,102291,20220720,    0,    0
 19074,102291,20220721,    1,    0
 19074,102291,20220722,    3,    0
 19074,102291,20220723,   11,    0
 19074,102291,20220724,   46,    0
 19074,102291,20220725,   42,    0
 19074,102291,20220726,    0,    0
 19074,102291,20220727,    0,    0
 19074,102291,20220728,    0,    0
 19074,102291,20220729,    0,    0
 19074,102291,20220730,    0,    0
 19074,102291,20220731,   83,    0
 19074,102291,20220801,    5,    0
 19074,102291,20220802,   22,    0
 19074,102291,20220803,    0,    0
 19074,102291,20220804,   18,    0
 19074,102291,20220805,    1,    0
 19074,102291,20220806,    0,    0
 19074,102291,20220807,   10,    0
 19074,102291,20220808,    0,    0
 19074,102291,20220809,    0,    0
 19074,102291,20220810,    0,    0
 19074,102291,20220811,    0,    0
 19074,102291,20220812,    0,    0
 19074,102291,20220813,    0,    0
 19074,102291,20220814,    0,    0
 19074,102291,20220815,   77,    0
 19074,102291,20220816,  260,    0
 19074,102291,20220817,    2,    0
 19074,102291,20220818,   57,    0
 19074,102291,20220819,    6,    0
 19074,102291,20220820,    3,    0
 19074,102291,20220821,   54,    0
 19074,102291,20220822,    0,    0
 19074,102291,20220823,    0,    0
 19074,102291,20220824,    9,    0
 19074,102291,20220825,    2,    0
 19074,102291,20220826,  127,    0
 19074,102291,20220827,    4,    0
 19074,102291,20220828,    0,    0
 19074,102291,20220829,    0,    0
 19074,102291,20220830,    5,    0
 19074,102291,20220831,    0,    0
 19074,102291,20220901,    0,    0
 19074,102291,20220902,    0,    0
 19074,102291,20220903,   21,    0
 19074,102291,20220904,    2,    0
 19074,102291,20220905,    3,    0
 19074,102291,20220906,    0,    0
 19074,102291,20220907,    1,    0
 19074,102291,20220908,    6,    0
 19074,102291,20220909,    1,    0
 19074,102291,20220910,    0,    0
 19074,102291,20220911,    0,    0
 19074,102291,20220912,  352,    0
 19074,102291,20220913,   33,    0
 19074,102291,20220914,    0,    0
 19074,102291,20220915,    0,    0
 19074,102291,20220916,    0,    0
 19074,102291,20220917,    3,    0
 19074,102291,20220918,    2,    0
 19074,102291,20220919,    0,    0
 19074,102291,20220920,    0,    0
 19074,102291,20220921,    1,    0
 19074,102291,20220922,   34,    0
 19074,102291,20220923,   35,    0
 19074,102291,20220924,    0,    0
 19074,102291,20220925,   57,    0
 19074,102291,20220926,  624,    0
 19074,102291,20220927,   24,    0
 19074,102291,20220928,    8,    0
 19074,102291,20220929,    0,    0
 19074,102291,20220930,  173,    0
 19074,102291,20221001,  223,    0
 19074,102291,20221002,    0,    0
 19074,102291,20221003,    0,    0
 19074,102291,20221004,    7,    0
 19074,102291,20221005,   51,    0
 19074,102291,20221006,   19,    0
 19074,102291,20221007,    5,    0
 19074,102291,20221008,    0,    0
 19074,102291,20221009,    3,    0
 19074,102291,20221010,   44,    0
 19074,102291,20221011,    1,    0
 19074,102291,20221012,   20,    0
 19074,102291,20221013,    8,    0
 19074,102291,20221014,  179,    0
 19074,102291,20221015,  229,    0
 19074,102291,20221016,   44,    0
 19074,102291,20221017,   54,    0
 19074,102291,20221018,    4,    0
 19074,102291,20221019,    3,    0
 19074,102291,20221020,    0,    0
 19074,102291,20221021,    2,    0
 19074,102291,20221022,    3,    0
 19074,102291,20221023,   21,    0
 19074,102291,20221024,  106,    0
 19074,102291,20221025,   26,    0
 19074,102291,20221026,   11,    0
 19074,102291,20221027,    1,    0
 19074,102291,20221028,   40,    0
 19074,102291,20221029,    0,    0
 19074,102291,20221030,    8,    0
 19074,102291,20221031,-9999,    9
