EUROPEAN CLIMATE ASSESSMENT & DATASET (ECA&D), file created on: 16-11-2022
THESE DATA CAN BE USED FOR NON-COMMERCIAL RESEARCH AND EDUCATION PROVIDED THAT THE FOLLOWING SOURCE IS ACKNOWLEDGED: 

Klein Tank, A.M.G. and Coauthors, 2002. Daily dataset of 20th-century surface
air temperature and precipitation series for the European Climate Assessment.
Int. J. of Climatol., 22, 1441-1453.
Data and metadata available at http://www.ecad.eu

FILE FORMAT (MISSING VALUE CODE = -9999):

01-06 STAID: Station identifier
08-13 SOUID: Source identifier
15-22 DATE : Date YYYYMMDD
24-28 RR   : Precipitation amount in 0.1 mm
30-34 Q_RR : quality code for RR (0='valid'; 1='suspect'; 9='missing')

This is the blended series of station TIRVIA, SPAIN (STAID: 16320)
Blended and updated with sources:90626 
See files sources.txt and stations.txt for more info.

STAID, SOUID,    DATE,   RR, Q_RR
 16320, 90626,20180101,-9999,    9
 16320, 90626,20180102,-9999,    9
 16320, 90626,20180103,-9999,    9
 16320, 90626,20180104,-9999,    9
 16320, 90626,20180105,-9999,    9
 16320, 90626,20180106,-9999,    9
 16320, 90626,20180107,-9999,    9
 16320, 90626,20180108,-9999,    9
 16320, 90626,20180109,-9999,    9
 16320, 90626,20180110,-9999,    9
 16320, 90626,20180111,-9999,    9
 16320, 90626,20180112,    0,    0
 16320, 90626,20180113,    0,    0
 16320, 90626,20180114,    7,    0
 16320, 90626,20180115,    0,    0
 16320, 90626,20180116,    0,    0
 16320, 90626,20180117,    0,    0
 16320, 90626,20180118,    0,    0
 16320, 90626,20180119,    0,    0
 16320, 90626,20180120,    0,    0
 16320, 90626,20180121,   34,    0
 16320, 90626,20180122,    0,    0
 16320, 90626,20180123,    0,    0
 16320, 90626,20180124,    0,    0
 16320, 90626,20180125,    4,    0
 16320, 90626,20180126,   96,    0
 16320, 90626,20180127,    0,    0
 16320, 90626,20180128,    0,    0
 16320, 90626,20180129,    0,    0
 16320, 90626,20180130,    0,    0
 16320, 90626,20180131,    0,    0
 16320, 90626,20180201,    0,    0
 16320, 90626,20180202,    0,    0
 16320, 90626,20180203,    3,    0
 16320, 90626,20180204,  124,    0
 16320, 90626,20180205,  215,    0
 16320, 90626,20180206,   11,    0
 16320, 90626,20180207,    0,    0
 16320, 90626,20180208,    0,    0
 16320, 90626,20180209,    0,    0
 16320, 90626,20180210,    2,    0
 16320, 90626,20180211,   39,    0
 16320, 90626,20180212,    0,    0
 16320, 90626,20180213,    0,    0
 16320, 90626,20180214,   85,    0
 16320, 90626,20180215,    0,    0
 16320, 90626,20180216,    0,    0
 16320, 90626,20180217,    6,    0
 16320, 90626,20180218,   24,    0
 16320, 90626,20180219,   27,    0
 16320, 90626,20180220,   32,    0
 16320, 90626,20180221,   41,    0
 16320, 90626,20180222,    0,    0
 16320, 90626,20180223,    0,    0
 16320, 90626,20180224,    0,    0
 16320, 90626,20180225,    0,    0
 16320, 90626,20180226,    0,    0
 16320, 90626,20180227,    0,    0
 16320, 90626,20180228,  265,    0
 16320, 90626,20180301,  140,    0
 16320, 90626,20180302,   13,    0
 16320, 90626,20180303,   38,    0
 16320, 90626,20180304,    3,    0
 16320, 90626,20180305,    2,    0
 16320, 90626,20180306,    1,    0
 16320, 90626,20180307,    1,    0
 16320, 90626,20180308,    0,    0
 16320, 90626,20180309,   39,    0
 16320, 90626,20180310,  128,    0
 16320, 90626,20180311,    1,    0
 16320, 90626,20180312,    0,    0
 16320, 90626,20180313,    0,    0
 16320, 90626,20180314,   53,    0
 16320, 90626,20180315,  109,    0
 16320, 90626,20180316,    2,    0
 16320, 90626,20180317,    7,    0
 16320, 90626,20180318,    0,    0
 16320, 90626,20180319,   64,    0
 16320, 90626,20180320,    0,    0
 16320, 90626,20180321,    0,    0
 16320, 90626,20180322,    0,    0
 16320, 90626,20180323,    0,    0
 16320, 90626,20180324,   63,    0
 16320, 90626,20180325,    4,    0
 16320, 90626,20180326,    0,    0
 16320, 90626,20180327,    2,    0
 16320, 90626,20180328,    0,    0
 16320, 90626,20180329,    2,    0
 16320, 90626,20180330,    3,    0
 16320, 90626,20180331,   12,    0
 16320, 90626,20180401,    0,    0
 16320, 90626,20180402,    0,    0
 16320, 90626,20180403,   36,    0
 16320, 90626,20180404,   44,    0
 16320, 90626,20180405,    0,    0
 16320, 90626,20180406,   20,    0
 16320, 90626,20180407,   84,    0
 16320, 90626,20180408,  268,    0
 16320, 90626,20180409,    3,    0
 16320, 90626,20180410,  113,    0
 16320, 90626,20180411,  223,    0
 16320, 90626,20180412,    0,    0
 16320, 90626,20180413,  117,    0
 16320, 90626,20180414,    3,    0
 16320, 90626,20180415,    0,    0
 16320, 90626,20180416,    0,    0
 16320, 90626,20180417,    0,    0
 16320, 90626,20180418,    0,    0
 16320, 90626,20180419,    0,    0
 16320, 90626,20180420,    0,    0
 16320, 90626,20180421,    0,    0
 16320, 90626,20180422,    0,    0
 16320, 90626,20180423,   42,    0
 16320, 90626,20180424,    0,    0
 16320, 90626,20180425,    0,    0
 16320, 90626,20180426,    0,    0
 16320, 90626,20180427,   81,    0
 16320, 90626,20180428,    3,    0
 16320, 90626,20180429,  164,    0
 16320, 90626,20180430,    0,    0
 16320, 90626,20180501,    0,    0
 16320, 90626,20180502,    0,    0
 16320, 90626,20180503,   64,    0
 16320, 90626,20180504,    0,    0
 16320, 90626,20180505,    0,    0
 16320, 90626,20180506,    1,    0
 16320, 90626,20180507,  143,    0
 16320, 90626,20180508,   11,    0
 16320, 90626,20180509,    0,    0
 16320, 90626,20180510,    0,    0
 16320, 90626,20180511,    0,    0
 16320, 90626,20180512,  316,    0
 16320, 90626,20180513,   11,    0
 16320, 90626,20180514,    0,    0
 16320, 90626,20180515,    0,    0
 16320, 90626,20180516,    0,    0
 16320, 90626,20180517,    0,    0
 16320, 90626,20180518,    0,    0
 16320, 90626,20180519,    1,    0
 16320, 90626,20180520,   66,    0
 16320, 90626,20180521,    0,    0
 16320, 90626,20180522,    0,    0
 16320, 90626,20180523,   31,    0
 16320, 90626,20180524,    0,    0
 16320, 90626,20180525,    9,    0
 16320, 90626,20180526,    0,    0
 16320, 90626,20180527,   47,    0
 16320, 90626,20180528,  101,    0
 16320, 90626,20180529,  175,    0
 16320, 90626,20180530,   75,    0
 16320, 90626,20180531,   26,    0
 16320, 90626,20180601,    0,    0
 16320, 90626,20180602,    9,    0
 16320, 90626,20180603,    0,    0
 16320, 90626,20180604,    2,    0
 16320, 90626,20180605,  136,    0
 16320, 90626,20180606,  127,    0
 16320, 90626,20180607,    9,    0
 16320, 90626,20180608,    0,    0
 16320, 90626,20180609,    2,    0
 16320, 90626,20180610,  190,    0
 16320, 90626,20180611,    0,    0
 16320, 90626,20180612,   32,    0
 16320, 90626,20180613,    0,    0
 16320, 90626,20180614,    0,    0
 16320, 90626,20180615,    0,    0
 16320, 90626,20180616,    0,    0
 16320, 90626,20180617,    0,    0
 16320, 90626,20180618,    0,    0
 16320, 90626,20180619,    0,    0
 16320, 90626,20180620,    0,    0
 16320, 90626,20180621,    0,    0
 16320, 90626,20180622,    0,    0
 16320, 90626,20180623,    0,    0
 16320, 90626,20180624,    0,    0
 16320, 90626,20180625,    0,    0
 16320, 90626,20180626,    0,    0
 16320, 90626,20180627,    0,    0
 16320, 90626,20180628,   11,    0
 16320, 90626,20180629,    0,    0
 16320, 90626,20180630,    0,    0
 16320, 90626,20180701,    0,    0
 16320, 90626,20180702,    0,    0
 16320, 90626,20180703,    0,    0
 16320, 90626,20180704,    4,    0
 16320, 90626,20180705,    1,    0
 16320, 90626,20180706,    0,    0
 16320, 90626,20180707,   35,    0
 16320, 90626,20180708,   99,    0
 16320, 90626,20180709,  255,    0
 16320, 90626,20180710,    3,    0
 16320, 90626,20180711,  556,    0
 16320, 90626,20180712,    1,    0
 16320, 90626,20180713,    0,    0
 16320, 90626,20180714,    0,    0
 16320, 90626,20180715,    0,    0
 16320, 90626,20180716,   20,    0
 16320, 90626,20180717,    0,    0
 16320, 90626,20180718,    1,    0
 16320, 90626,20180719,    0,    0
 16320, 90626,20180720,  214,    0
 16320, 90626,20180721,   26,    0
 16320, 90626,20180722,    0,    0
 16320, 90626,20180723,    0,    0
 16320, 90626,20180724,   43,    0
 16320, 90626,20180725,   18,    0
 16320, 90626,20180726,    0,    0
 16320, 90626,20180727,    0,    0
 16320, 90626,20180728,    0,    0
 16320, 90626,20180729,    0,    0
 16320, 90626,20180730,    0,    0
 16320, 90626,20180731,    0,    0
 16320, 90626,20180801,    0,    0
 16320, 90626,20180802,    0,    0
 16320, 90626,20180803,    0,    0
 16320, 90626,20180804,    0,    0
 16320, 90626,20180805,   18,    0
 16320, 90626,20180806,   13,    0
 16320, 90626,20180807,  133,    0
 16320, 90626,20180808,   19,    0
 16320, 90626,20180809,   55,    0
 16320, 90626,20180810,    1,    0
 16320, 90626,20180811,    0,    0
 16320, 90626,20180812,  371,    0
 16320, 90626,20180813,    0,    0
 16320, 90626,20180814,    0,    0
 16320, 90626,20180815,    0,    0
 16320, 90626,20180816,  247,    0
 16320, 90626,20180817,   80,    0
 16320, 90626,20180818,    1,    0
 16320, 90626,20180819,    0,    0
 16320, 90626,20180820,    0,    0
 16320, 90626,20180821,    0,    0
 16320, 90626,20180822,   11,    0
 16320, 90626,20180823,    4,    0
 16320, 90626,20180824,    0,    0
 16320, 90626,20180825,    0,    0
 16320, 90626,20180826,    0,    0
 16320, 90626,20180827,    0,    0
 16320, 90626,20180828,  113,    0
 16320, 90626,20180829,    1,    0
 16320, 90626,20180830,    0,    0
 16320, 90626,20180831,    1,    0
 16320, 90626,20180901,    0,    0
 16320, 90626,20180902,    0,    0
 16320, 90626,20180903,  111,    0
 16320, 90626,20180904,    0,    0
 16320, 90626,20180905,  207,    0
 16320, 90626,20180906,   19,    0
 16320, 90626,20180907,    1,    0
 16320, 90626,20180908,    0,    0
 16320, 90626,20180909,    1,    0
 16320, 90626,20180910,    0,    0
 16320, 90626,20180911,    0,    0
 16320, 90626,20180912,  160,    0
 16320, 90626,20180913,    0,    0
 16320, 90626,20180914,    0,    0
 16320, 90626,20180915,    0,    0
 16320, 90626,20180916,    0,    0
 16320, 90626,20180917,    0,    0
 16320, 90626,20180918,  123,    0
 16320, 90626,20180919,    0,    0
 16320, 90626,20180920,    0,    0
 16320, 90626,20180921,    0,    0
 16320, 90626,20180922,    0,    0
 16320, 90626,20180923,    0,    0
 16320, 90626,20180924,    0,    0
 16320, 90626,20180925,    0,    0
 16320, 90626,20180926,    0,    0
 16320, 90626,20180927,    0,    0
 16320, 90626,20180928,    0,    0
 16320, 90626,20180929,   79,    0
 16320, 90626,20180930,    0,    0
 16320, 90626,20181001,    0,    0
 16320, 90626,20181002,    0,    0
 16320, 90626,20181003,    0,    0
 16320, 90626,20181004,    0,    0
 16320, 90626,20181005,    0,    0
 16320, 90626,20181006,   72,    0
 16320, 90626,20181007,   38,    0
 16320, 90626,20181008,    1,    0
 16320, 90626,20181009,  102,    0
 16320, 90626,20181010,   81,    0
 16320, 90626,20181011,    0,    0
 16320, 90626,20181012,    0,    0
 16320, 90626,20181013,    0,    0
 16320, 90626,20181014,  563,    0
 16320, 90626,20181015,  247,    0
 16320, 90626,20181016,    0,    0
 16320, 90626,20181017,    1,    0
 16320, 90626,20181018,    1,    0
 16320, 90626,20181019,    8,    0
 16320, 90626,20181020,    6,    0
 16320, 90626,20181021,    1,    0
 16320, 90626,20181022,    0,    0
 16320, 90626,20181023,    0,    0
 16320, 90626,20181024,    0,    0
 16320, 90626,20181025,    0,    0
 16320, 90626,20181026,    5,    0
 16320, 90626,20181027,   89,    0
 16320, 90626,20181028,   31,    0
 16320, 90626,20181029,    0,    0
 16320, 90626,20181030,    1,    0
 16320, 90626,20181031,  199,    0
 16320, 90626,20181101,   10,    0
 16320, 90626,20181102,    0,    0
 16320, 90626,20181103,    0,    0
 16320, 90626,20181104,    0,    0
 16320, 90626,20181105,  191,    0
 16320, 90626,20181106,   30,    0
 16320, 90626,20181107,    0,    0
 16320, 90626,20181108,    0,    0
 16320, 90626,20181109,  129,    0
 16320, 90626,20181110,    2,    0
 16320, 90626,20181111,    0,    0
 16320, 90626,20181112,    0,    0
 16320, 90626,20181113,    0,    0
 16320, 90626,20181114,    0,    0
 16320, 90626,20181115,    0,    0
 16320, 90626,20181116,    0,    0
 16320, 90626,20181117,    0,    0
 16320, 90626,20181118,    2,    0
 16320, 90626,20181119,    0,    0
 16320, 90626,20181120,   65,    0
 16320, 90626,20181121,    2,    0
 16320, 90626,20181122,    0,    0
 16320, 90626,20181123,   38,    0
 16320, 90626,20181124,    0,    0
 16320, 90626,20181125,    3,    0
 16320, 90626,20181126,    0,    0
 16320, 90626,20181127,    0,    0
 16320, 90626,20181128,    0,    0
 16320, 90626,20181129,    0,    0
 16320, 90626,20181130,    0,    0
 16320, 90626,20181201,    0,    0
 16320, 90626,20181202,    0,    0
 16320, 90626,20181203,    0,    0
 16320, 90626,20181204,    0,    0
 16320, 90626,20181205,    0,    0
 16320, 90626,20181206,    0,    0
 16320, 90626,20181207,    0,    0
 16320, 90626,20181208,    0,    0
 16320, 90626,20181209,    0,    0
 16320, 90626,20181210,    0,    0
 16320, 90626,20181211,    0,    0
 16320, 90626,20181212,    0,    0
 16320, 90626,20181213,   24,    0
 16320, 90626,20181214,    0,    0
 16320, 90626,20181215,    0,    0
 16320, 90626,20181216,   90,    0
 16320, 90626,20181217,    0,    0
 16320, 90626,20181218,    0,    0
 16320, 90626,20181219,    0,    0
 16320, 90626,20181220,    0,    0
 16320, 90626,20181221,    0,    0
 16320, 90626,20181222,    0,    0
 16320, 90626,20181223,    0,    0
 16320, 90626,20181224,    0,    0
 16320, 90626,20181225,    0,    0
 16320, 90626,20181226,    0,    0
 16320, 90626,20181227,    0,    0
 16320, 90626,20181228,    0,    0
 16320, 90626,20181229,    0,    0
 16320, 90626,20181230,    0,    0
 16320, 90626,20181231,    0,    0
 16320, 90626,20190101,    0,    0
 16320, 90626,20190102,  137,    0
 16320, 90626,20190103,    0,    0
 16320, 90626,20190104,   20,    0
 16320, 90626,20190105,   51,    0
 16320, 90626,20190106,    0,    0
 16320, 90626,20190107,-9999,    9
 16320, 90626,20190108,-9999,    9
 16320, 90626,20190109,-9999,    9
 16320, 90626,20190110,-9999,    9
 16320, 90626,20190111,-9999,    9
 16320, 90626,20190112,-9999,    9
 16320, 90626,20190113,-9999,    9
 16320, 90626,20190114,-9999,    9
 16320, 90626,20190115,-9999,    9
 16320, 90626,20190116,-9999,    9
 16320, 90626,20190117,-9999,    9
 16320, 90626,20190118,-9999,    9
 16320, 90626,20190119,-9999,    9
 16320, 90626,20190120,-9999,    9
 16320, 90626,20190121,-9999,    9
 16320, 90626,20190122,-9999,    9
 16320, 90626,20190123,-9999,    9
 16320, 90626,20190124,-9999,    9
 16320, 90626,20190125,-9999,    9
 16320, 90626,20190126,-9999,    9
 16320, 90626,20190127,-9999,    9
 16320, 90626,20190128,-9999,    9
 16320, 90626,20190129,-9999,    9
 16320, 90626,20190130,-9999,    9
 16320, 90626,20190131,-9999,    9
 16320, 90626,20190201,    0,    0
 16320, 90626,20190202,   38,    0
 16320, 90626,20190203,    0,    0
 16320, 90626,20190204,   42,    0
 16320, 90626,20190205,   52,    0
 16320, 90626,20190206,   67,    0
 16320, 90626,20190207,-9999,    9
 16320, 90626,20190208,-9999,    9
 16320, 90626,20190209,-9999,    9
 16320, 90626,20190210,-9999,    9
 16320, 90626,20190211,-9999,    9
 16320, 90626,20190212,-9999,    9
 16320, 90626,20190213,-9999,    9
 16320, 90626,20190214,-9999,    9
 16320, 90626,20190215,-9999,    9
 16320, 90626,20190216,-9999,    9
 16320, 90626,20190217,-9999,    9
 16320, 90626,20190218,-9999,    9
 16320, 90626,20190219,-9999,    9
 16320, 90626,20190220,-9999,    9
 16320, 90626,20190221,-9999,    9
 16320, 90626,20190222,-9999,    9
 16320, 90626,20190223,-9999,    9
 16320, 90626,20190224,-9999,    9
 16320, 90626,20190225,-9999,    9
 16320, 90626,20190226,-9999,    9
 16320, 90626,20190227,-9999,    9
 16320, 90626,20190228,-9999,    9
 16320, 90626,20190301,    0,    0
 16320, 90626,20190302,    0,    0
 16320, 90626,20190303,    0,    0
 16320, 90626,20190304,   67,    0
 16320, 90626,20190305,   13,    0
 16320, 90626,20190306,    0,    0
 16320, 90626,20190307,-9999,    9
 16320, 90626,20190308,-9999,    9
 16320, 90626,20190309,-9999,    9
 16320, 90626,20190310,-9999,    9
 16320, 90626,20190311,-9999,    9
 16320, 90626,20190312,-9999,    9
 16320, 90626,20190313,-9999,    9
 16320, 90626,20190314,-9999,    9
 16320, 90626,20190315,-9999,    9
 16320, 90626,20190316,-9999,    9
 16320, 90626,20190317,-9999,    9
 16320, 90626,20190318,-9999,    9
 16320, 90626,20190319,-9999,    9
 16320, 90626,20190320,-9999,    9
 16320, 90626,20190321,-9999,    9
 16320, 90626,20190322,-9999,    9
 16320, 90626,20190323,-9999,    9
 16320, 90626,20190324,-9999,    9
 16320, 90626,20190325,-9999,    9
 16320, 90626,20190326,-9999,    9
 16320, 90626,20190327,-9999,    9
 16320, 90626,20190328,-9999,    9
 16320, 90626,20190329,-9999,    9
 16320, 90626,20190330,-9999,    9
 16320, 90626,20190331,-9999,    9
 16320, 90626,20190401,    0,    0
 16320, 90626,20190402,    0,    0
 16320, 90626,20190403,    0,    0
 16320, 90626,20190404,    0,    0
 16320, 90626,20190405,    1,    0
 16320, 90626,20190406,    0,    0
 16320, 90626,20190407,-9999,    9
 16320, 90626,20190408,-9999,    9
 16320, 90626,20190409,-9999,    9
 16320, 90626,20190410,-9999,    9
 16320, 90626,20190411,-9999,    9
 16320, 90626,20190412,-9999,    9
 16320, 90626,20190413,-9999,    9
 16320, 90626,20190414,-9999,    9
 16320, 90626,20190415,-9999,    9
 16320, 90626,20190416,-9999,    9
 16320, 90626,20190417,-9999,    9
 16320, 90626,20190418,-9999,    9
 16320, 90626,20190419,-9999,    9
 16320, 90626,20190420,-9999,    9
 16320, 90626,20190421,-9999,    9
 16320, 90626,20190422,-9999,    9
 16320, 90626,20190423,-9999,    9
 16320, 90626,20190424,-9999,    9
 16320, 90626,20190425,-9999,    9
 16320, 90626,20190426,-9999,    9
 16320, 90626,20190427,-9999,    9
 16320, 90626,20190428,-9999,    9
 16320, 90626,20190429,-9999,    9
 16320, 90626,20190430,-9999,    9
 16320, 90626,20190501,    0,    0
 16320, 90626,20190502,    7,    0
 16320, 90626,20190503,    0,    0
 16320, 90626,20190504,   69,    0
 16320, 90626,20190505,    0,    0
 16320, 90626,20190506,   50,    0
 16320, 90626,20190507,-9999,    9
 16320, 90626,20190508,-9999,    9
 16320, 90626,20190509,-9999,    9
 16320, 90626,20190510,-9999,    9
 16320, 90626,20190511,-9999,    9
 16320, 90626,20190512,-9999,    9
 16320, 90626,20190513,-9999,    9
 16320, 90626,20190514,-9999,    9
 16320, 90626,20190515,-9999,    9
 16320, 90626,20190516,-9999,    9
 16320, 90626,20190517,-9999,    9
 16320, 90626,20190518,-9999,    9
 16320, 90626,20190519,-9999,    9
 16320, 90626,20190520,-9999,    9
 16320, 90626,20190521,-9999,    9
 16320, 90626,20190522,-9999,    9
 16320, 90626,20190523,-9999,    9
 16320, 90626,20190524,-9999,    9
 16320, 90626,20190525,-9999,    9
 16320, 90626,20190526,-9999,    9
 16320, 90626,20190527,-9999,    9
 16320, 90626,20190528,-9999,    9
 16320, 90626,20190529,-9999,    9
 16320, 90626,20190530,-9999,    9
 16320, 90626,20190531,-9999,    9
 16320, 90626,20190601,    0,    0
 16320, 90626,20190602,    0,    0
 16320, 90626,20190603,   79,    0
 16320, 90626,20190604,   32,    0
 16320, 90626,20190605,    0,    0
 16320, 90626,20190606,    0,    0
 16320, 90626,20190607,-9999,    9
 16320, 90626,20190608,-9999,    9
 16320, 90626,20190609,-9999,    9
 16320, 90626,20190610,-9999,    9
 16320, 90626,20190611,-9999,    9
 16320, 90626,20190612,-9999,    9
 16320, 90626,20190613,-9999,    9
 16320, 90626,20190614,-9999,    9
 16320, 90626,20190615,-9999,    9
 16320, 90626,20190616,-9999,    9
 16320, 90626,20190617,-9999,    9
 16320, 90626,20190618,-9999,    9
 16320, 90626,20190619,-9999,    9
 16320, 90626,20190620,-9999,    9
 16320, 90626,20190621,-9999,    9
 16320, 90626,20190622,-9999,    9
 16320, 90626,20190623,-9999,    9
 16320, 90626,20190624,-9999,    9
 16320, 90626,20190625,-9999,    9
 16320, 90626,20190626,-9999,    9
 16320, 90626,20190627,-9999,    9
 16320, 90626,20190628,-9999,    9
 16320, 90626,20190629,-9999,    9
 16320, 90626,20190630,-9999,    9
 16320, 90626,20190701,    0,    0
 16320, 90626,20190702,    0,    0
 16320, 90626,20190703,    0,    0
 16320, 90626,20190704,    0,    0
 16320, 90626,20190705,    0,    0
 16320, 90626,20190706,    0,    0
 16320, 90626,20190707,    0,    0
 16320, 90626,20190708,   32,    0
 16320, 90626,20190709,  175,    0
 16320, 90626,20190710,    0,    0
 16320, 90626,20190711,    0,    0
 16320, 90626,20190712,    0,    0
 16320, 90626,20190713,    0,    0
 16320, 90626,20190714,   13,    0
 16320, 90626,20190715,    0,    0
 16320, 90626,20190716,    0,    0
 16320, 90626,20190717,   11,    0
 16320, 90626,20190718,    0,    0
 16320, 90626,20190719,    0,    0
 16320, 90626,20190720,    1,    0
 16320, 90626,20190721,    0,    0
 16320, 90626,20190722,    0,    0
 16320, 90626,20190723,    0,    0
 16320, 90626,20190724,    0,    0
 16320, 90626,20190725,    0,    0
 16320, 90626,20190726,    2,    0
 16320, 90626,20190727,  353,    0
 16320, 90626,20190728,    0,    0
 16320, 90626,20190729,    0,    0
 16320, 90626,20190730,    0,    0
 16320, 90626,20190731,    0,    0
 16320, 90626,20190801,    0,    0
 16320, 90626,20190802,    0,    0
 16320, 90626,20190803,    0,    0
 16320, 90626,20190804,    0,    0
 16320, 90626,20190805,    0,    0
 16320, 90626,20190806,    0,    0
 16320, 90626,20190807,   16,    0
 16320, 90626,20190808,    0,    0
 16320, 90626,20190809,    0,    0
 16320, 90626,20190810,    0,    0
 16320, 90626,20190811,    1,    0
 16320, 90626,20190812,    0,    0
 16320, 90626,20190813,    0,    0
 16320, 90626,20190814,    0,    0
 16320, 90626,20190815,    0,    0
 16320, 90626,20190816,    0,    0
 16320, 90626,20190817,    0,    0
 16320, 90626,20190818,    0,    0
 16320, 90626,20190819,  284,    0
 16320, 90626,20190820,  522,    0
 16320, 90626,20190821,    0,    0
 16320, 90626,20190822,    0,    0
 16320, 90626,20190823,    0,    0
 16320, 90626,20190824,    0,    0
 16320, 90626,20190825,    0,    0
 16320, 90626,20190826,    0,    0
 16320, 90626,20190827,    9,    0
 16320, 90626,20190828,    0,    0
 16320, 90626,20190829,    3,    0
 16320, 90626,20190830,    6,    0
 16320, 90626,20190831,    0,    0
 16320, 90626,20190901,    0,    0
 16320, 90626,20190902,    0,    0
 16320, 90626,20190903,    0,    0
 16320, 90626,20190904,    0,    0
 16320, 90626,20190905,    0,    0
 16320, 90626,20190906,    0,    0
 16320, 90626,20190907,    0,    0
 16320, 90626,20190908,    0,    0
 16320, 90626,20190909,    0,    0
 16320, 90626,20190910,   32,    0
 16320, 90626,20190911,    0,    0
 16320, 90626,20190912,    0,    0
 16320, 90626,20190913,    0,    0
 16320, 90626,20190914,   10,    0
 16320, 90626,20190915,   15,    0
 16320, 90626,20190916,    0,    0
 16320, 90626,20190917,    0,    0
 16320, 90626,20190918,  163,    0
 16320, 90626,20190919,    3,    0
 16320, 90626,20190920,    0,    0
 16320, 90626,20190921,    3,    0
 16320, 90626,20190922,    0,    0
 16320, 90626,20190923,    0,    0
 16320, 90626,20190924,    0,    0
 16320, 90626,20190925,    0,    0
 16320, 90626,20190926,    0,    0
 16320, 90626,20190927,    0,    0
 16320, 90626,20190928,    0,    0
 16320, 90626,20190929,    0,    0
 16320, 90626,20190930,    0,    0
 16320, 90626,20191001,   12,    0
 16320, 90626,20191002,    0,    0
 16320, 90626,20191003,    0,    0
 16320, 90626,20191004,    0,    0
 16320, 90626,20191005,    0,    0
 16320, 90626,20191006,    0,    0
 16320, 90626,20191007,    0,    0
 16320, 90626,20191008,    0,    0
 16320, 90626,20191009,    0,    0
 16320, 90626,20191010,    0,    0
 16320, 90626,20191011,    0,    0
 16320, 90626,20191012,    0,    0
 16320, 90626,20191013,    0,    0
 16320, 90626,20191014,  104,    0
 16320, 90626,20191015,    7,    0
 16320, 90626,20191016,    0,    0
 16320, 90626,20191017,    0,    0
 16320, 90626,20191018,    0,    0
 16320, 90626,20191019,    0,    0
 16320, 90626,20191020,  223,    0
 16320, 90626,20191021,    0,    0
 16320, 90626,20191022,  470,    0
 16320, 90626,20191023,  220,    0
 16320, 90626,20191024,    1,    0
 16320, 90626,20191025,    0,    0
 16320, 90626,20191026,    0,    0
 16320, 90626,20191027,    0,    0
 16320, 90626,20191028,    0,    0
 16320, 90626,20191029,    0,    0
 16320, 90626,20191030,    0,    0
 16320, 90626,20191031,   14,    0
 16320, 90626,20191101,   35,    0
 16320, 90626,20191102,  116,    0
 16320, 90626,20191103,   73,    0
 16320, 90626,20191104,   25,    0
 16320, 90626,20191105,    3,    0
 16320, 90626,20191106,   12,    0
 16320, 90626,20191107,   49,    0
 16320, 90626,20191108,   23,    0
 16320, 90626,20191109,   10,    0
 16320, 90626,20191110,    0,    0
 16320, 90626,20191111,    2,    0
 16320, 90626,20191112,    0,    0
 16320, 90626,20191113,    0,    0
 16320, 90626,20191114,  182,    0
 16320, 90626,20191115,    0,    0
 16320, 90626,20191116,    0,    0
 16320, 90626,20191117,    0,    0
 16320, 90626,20191118,    0,    0
 16320, 90626,20191119,    0,    0
 16320, 90626,20191120,    0,    0
 16320, 90626,20191121,    0,    0
 16320, 90626,20191122,  160,    0
 16320, 90626,20191123,   70,    0
 16320, 90626,20191124,    0,    0
 16320, 90626,20191125,    0,    0
 16320, 90626,20191126,   21,    0
 16320, 90626,20191127,   17,    0
 16320, 90626,20191128,    8,    0
 16320, 90626,20191129,    0,    0
 16320, 90626,20191130,   23,    0
 16320, 90626,20191201,    8,    0
 16320, 90626,20191202,    0,    0
 16320, 90626,20191203,    0,    0
 16320, 90626,20191204,    0,    0
 16320, 90626,20191205,    0,    0
 16320, 90626,20191206,    0,    0
 16320, 90626,20191207,    0,    0
 16320, 90626,20191208,    0,    0
 16320, 90626,20191209,   20,    0
 16320, 90626,20191210,    0,    0
 16320, 90626,20191211,    0,    0
 16320, 90626,20191212,  201,    0
 16320, 90626,20191213,  371,    0
 16320, 90626,20191214,    0,    0
 16320, 90626,20191215,    0,    0
 16320, 90626,20191216,    0,    0
 16320, 90626,20191217,    6,    0
 16320, 90626,20191218,    9,    0
 16320, 90626,20191219,   42,    0
 16320, 90626,20191220,  480,    0
 16320, 90626,20191221,   90,    0
 16320, 90626,20191222,   35,    0
 16320, 90626,20191223,    0,    0
 16320, 90626,20191224,    0,    0
 16320, 90626,20191225,    0,    0
 16320, 90626,20191226,    0,    0
 16320, 90626,20191227,    0,    0
 16320, 90626,20191228,    0,    0
 16320, 90626,20191229,-9999,    9
 16320, 90626,20191230,-9999,    9
 16320, 90626,20191231,-9999,    9
 16320, 90626,20200101,    0,    0
 16320, 90626,20200102,    0,    0
 16320, 90626,20200103,    0,    0
 16320, 90626,20200104,    0,    0
 16320, 90626,20200105,    0,    0
 16320, 90626,20200106,    0,    0
 16320, 90626,20200107,    0,    0
 16320, 90626,20200108,    0,    0
 16320, 90626,20200109,    0,    0
 16320, 90626,20200110,    0,    0
 16320, 90626,20200111,    0,    0
 16320, 90626,20200112,    0,    0
 16320, 90626,20200113,    0,    0
 16320, 90626,20200114,    0,    0
 16320, 90626,20200115,    0,    0
 16320, 90626,20200116,    0,    0
 16320, 90626,20200117,    4,    0
 16320, 90626,20200118,    0,    0
 16320, 90626,20200119,    0,    0
 16320, 90626,20200120,    0,    0
 16320, 90626,20200121,    0,    0
 16320, 90626,20200122,  704,    0
 16320, 90626,20200123,  412,    0
 16320, 90626,20200124,    0,    0
 16320, 90626,20200125,    0,    0
 16320, 90626,20200126,    3,    0
 16320, 90626,20200127,    0,    0
 16320, 90626,20200128,    0,    0
 16320, 90626,20200129,    0,    0
 16320, 90626,20200130,    0,    0
 16320, 90626,20200131,    0,    0
 16320, 90626,20200201,    0,    0
 16320, 90626,20200202,    0,    0
 16320, 90626,20200203,    0,    0
 16320, 90626,20200204,    0,    0
 16320, 90626,20200205,    0,    0
 16320, 90626,20200206,    0,    0
 16320, 90626,20200207,    0,    0
 16320, 90626,20200208,    0,    0
 16320, 90626,20200209,    0,    0
 16320, 90626,20200210,    0,    0
 16320, 90626,20200211,    0,    0
 16320, 90626,20200212,    0,    0
 16320, 90626,20200213,    0,    0
 16320, 90626,20200214,    0,    0
 16320, 90626,20200215,    0,    0
 16320, 90626,20200216,    0,    0
 16320, 90626,20200217,    0,    0
 16320, 90626,20200218,    0,    0
 16320, 90626,20200219,    0,    0
 16320, 90626,20200220,    0,    0
 16320, 90626,20200221,    0,    0
 16320, 90626,20200222,    0,    0
 16320, 90626,20200223,    0,    0
 16320, 90626,20200224,    0,    0
 16320, 90626,20200225,    0,    0
 16320, 90626,20200226,    0,    0
 16320, 90626,20200227,    1,    0
 16320, 90626,20200228,    0,    0
 16320, 90626,20200229,    1,    0
 16320, 90626,20200301,   29,    0
 16320, 90626,20200302,  296,    0
 16320, 90626,20200303,   29,    0
 16320, 90626,20200304,    0,    0
 16320, 90626,20200305,    5,    0
 16320, 90626,20200306,   40,    0
 16320, 90626,20200307,   74,    0
 16320, 90626,20200308,    0,    0
 16320, 90626,20200309,    0,    0
 16320, 90626,20200310,    0,    0
 16320, 90626,20200311,    0,    0
 16320, 90626,20200312,   17,    0
 16320, 90626,20200313,   38,    0
 16320, 90626,20200314,    0,    0
 16320, 90626,20200315,   27,    0
 16320, 90626,20200316,  406,    0
 16320, 90626,20200317,    0,    0
 16320, 90626,20200318,    0,    0
 16320, 90626,20200319,    0,    0
 16320, 90626,20200320,    0,    0
 16320, 90626,20200321,    0,    0
 16320, 90626,20200322,   40,    0
 16320, 90626,20200323,   38,    0
 16320, 90626,20200324,    0,    0
 16320, 90626,20200325,    6,    0
 16320, 90626,20200326,   15,    0
 16320, 90626,20200327,    0,    0
 16320, 90626,20200328,    0,    0
 16320, 90626,20200329,   15,    0
 16320, 90626,20200330,   31,    0
 16320, 90626,20200331,   24,    0
 16320, 90626,20200401,   28,    0
 16320, 90626,20200402,   12,    0
 16320, 90626,20200403,    0,    0
 16320, 90626,20200404,    0,    0
 16320, 90626,20200405,    0,    0
 16320, 90626,20200406,    0,    0
 16320, 90626,20200407,   34,    0
 16320, 90626,20200408,  109,    0
 16320, 90626,20200409,    0,    0
 16320, 90626,20200410,    0,    0
 16320, 90626,20200411,    0,    0
 16320, 90626,20200412,    0,    0
 16320, 90626,20200413,   23,    0
 16320, 90626,20200414,   10,    0
 16320, 90626,20200415,   24,    0
 16320, 90626,20200416,    0,    0
 16320, 90626,20200417,    0,    0
 16320, 90626,20200418,    2,    0
 16320, 90626,20200419,   33,    0
 16320, 90626,20200420,   18,    0
 16320, 90626,20200421,   55,    0
 16320, 90626,20200422,    0,    0
 16320, 90626,20200423,    7,    0
 16320, 90626,20200424,    0,    0
 16320, 90626,20200425,   11,    0
 16320, 90626,20200426,   10,    0
 16320, 90626,20200427,   40,    0
 16320, 90626,20200428,   11,    0
 16320, 90626,20200429,    1,    0
 16320, 90626,20200430,    0,    0
 16320, 90626,20200501,   21,    0
 16320, 90626,20200502,    1,    0
 16320, 90626,20200503,    0,    0
 16320, 90626,20200504,    0,    0
 16320, 90626,20200505,    0,    0
 16320, 90626,20200506,    0,    0
 16320, 90626,20200507,    0,    0
 16320, 90626,20200508,    0,    0
 16320, 90626,20200509,    0,    0
 16320, 90626,20200510,  186,    0
 16320, 90626,20200511,   45,    0
 16320, 90626,20200512,   26,    0
 16320, 90626,20200513,   34,    0
 16320, 90626,20200514,  112,    0
 16320, 90626,20200515,   97,    0
 16320, 90626,20200516,    1,    0
 16320, 90626,20200517,    0,    0
 16320, 90626,20200518,    0,    0
 16320, 90626,20200519,    0,    0
 16320, 90626,20200520,    0,    0
 16320, 90626,20200521,    0,    0
 16320, 90626,20200522,    0,    0
 16320, 90626,20200523,  123,    0
 16320, 90626,20200524,    0,    0
 16320, 90626,20200525,    0,    0
 16320, 90626,20200526,    0,    0
 16320, 90626,20200527,    5,    0
 16320, 90626,20200528,    0,    0
 16320, 90626,20200529,    0,    0
 16320, 90626,20200530,    7,    0
 16320, 90626,20200531,   16,    0
 16320, 90626,20200601,  213,    0
 16320, 90626,20200602,    0,    0
 16320, 90626,20200603,   38,    0
 16320, 90626,20200604,   41,    0
 16320, 90626,20200605,    0,    0
 16320, 90626,20200606,  262,    0
 16320, 90626,20200607,  102,    0
 16320, 90626,20200608,    0,    0
 16320, 90626,20200609,    0,    0
 16320, 90626,20200610,   74,    0
 16320, 90626,20200611,  159,    0
 16320, 90626,20200612,  100,    0
 16320, 90626,20200613,    0,    0
 16320, 90626,20200614,    0,    0
 16320, 90626,20200615,    0,    0
 16320, 90626,20200616,   55,    0
 16320, 90626,20200617,   13,    0
 16320, 90626,20200618,    1,    0
 16320, 90626,20200619,    0,    0
 16320, 90626,20200620,    0,    0
 16320, 90626,20200621,    0,    0
 16320, 90626,20200622,    0,    0
 16320, 90626,20200623,    0,    0
 16320, 90626,20200624,  194,    0
 16320, 90626,20200625,   86,    0
 16320, 90626,20200626,    0,    0
 16320, 90626,20200627,    0,    0
 16320, 90626,20200628,    0,    0
 16320, 90626,20200629,    0,    0
 16320, 90626,20200630,   43,    0
 16320, 90626,20200701,    1,    0
 16320, 90626,20200702,   49,    0
 16320, 90626,20200703,   17,    0
 16320, 90626,20200704,    0,    0
 16320, 90626,20200705,    0,    0
 16320, 90626,20200706,    0,    0
 16320, 90626,20200707,    0,    0
 16320, 90626,20200708,    0,    0
 16320, 90626,20200709,    0,    0
 16320, 90626,20200710,   22,    0
 16320, 90626,20200711,    0,    0
 16320, 90626,20200712,   60,    0
 16320, 90626,20200713,    0,    0
 16320, 90626,20200714,    0,    0
 16320, 90626,20200715,    0,    0
 16320, 90626,20200716,    0,    0
 16320, 90626,20200717,    0,    0
 16320, 90626,20200718,    0,    0
 16320, 90626,20200719,    0,    0
 16320, 90626,20200720,    0,    0
 16320, 90626,20200721,    0,    0
 16320, 90626,20200722,    0,    0
 16320, 90626,20200723,    0,    0
 16320, 90626,20200724,   91,    0
 16320, 90626,20200725,    0,    0
 16320, 90626,20200726,    0,    0
 16320, 90626,20200727,    1,    0
 16320, 90626,20200728,    0,    0
 16320, 90626,20200729,    0,    0
 16320, 90626,20200730,    0,    0
 16320, 90626,20200731,    0,    0
 16320, 90626,20200801,    0,    0
 16320, 90626,20200802,    0,    0
 16320, 90626,20200803,    0,    0
 16320, 90626,20200804,    0,    0
 16320, 90626,20200805,    0,    0
 16320, 90626,20200806,    0,    0
 16320, 90626,20200807,    0,    0
 16320, 90626,20200808,    7,    0
 16320, 90626,20200809,   99,    0
 16320, 90626,20200810,    0,    0
 16320, 90626,20200811,    0,    0
 16320, 90626,20200812,  255,    0
 16320, 90626,20200813,    0,    0
 16320, 90626,20200814,    0,    0
 16320, 90626,20200815,    3,    0
 16320, 90626,20200816,    0,    0
 16320, 90626,20200817,    2,    0
 16320, 90626,20200818,    0,    0
 16320, 90626,20200819,    0,    0
 16320, 90626,20200820,    0,    0
 16320, 90626,20200821,    0,    0
 16320, 90626,20200822,    0,    0
 16320, 90626,20200823,    0,    0
 16320, 90626,20200824,    0,    0
 16320, 90626,20200825,    0,    0
 16320, 90626,20200826,    0,    0
 16320, 90626,20200827,    0,    0
 16320, 90626,20200828,  479,    0
 16320, 90626,20200829,   67,    0
 16320, 90626,20200830,    0,    0
 16320, 90626,20200831,    0,    0
 16320, 90626,20200901,    0,    0
 16320, 90626,20200902,    0,    0
 16320, 90626,20200903,    0,    0
 16320, 90626,20200904,    0,    0
 16320, 90626,20200905,    0,    0
 16320, 90626,20200906,  199,    0
 16320, 90626,20200907,    0,    0
 16320, 90626,20200908,   26,    0
 16320, 90626,20200909,   15,    0
 16320, 90626,20200910,    0,    0
 16320, 90626,20200911,    0,    0
 16320, 90626,20200912,    0,    0
 16320, 90626,20200913,    0,    0
 16320, 90626,20200914,    1,    0
 16320, 90626,20200915,    0,    0
 16320, 90626,20200916,   10,    0
 16320, 90626,20200917,    0,    0
 16320, 90626,20200918,   85,    0
 16320, 90626,20200919,   61,    0
 16320, 90626,20200920,    2,    0
 16320, 90626,20200921,   40,    0
 16320, 90626,20200922,   72,    0
 16320, 90626,20200923,    1,    0
 16320, 90626,20200924,    0,    0
 16320, 90626,20200925,  127,    0
 16320, 90626,20200926,  138,    0
 16320, 90626,20200927,    0,    0
 16320, 90626,20200928,    0,    0
 16320, 90626,20200929,    0,    0
 16320, 90626,20200930,    0,    0
 16320, 90626,20201001,    0,    0
 16320, 90626,20201002,  345,    0
 16320, 90626,20201003,   10,    0
 16320, 90626,20201004,   25,    0
 16320, 90626,20201005,    0,    0
 16320, 90626,20201006,    0,    0
 16320, 90626,20201007,    0,    0
 16320, 90626,20201008,    0,    0
 16320, 90626,20201009,    0,    0
 16320, 90626,20201010,    0,    0
 16320, 90626,20201011,   52,    0
 16320, 90626,20201012,   33,    0
 16320, 90626,20201013,   76,    0
 16320, 90626,20201014,    3,    0
 16320, 90626,20201015,    0,    0
 16320, 90626,20201016,    0,    0
 16320, 90626,20201017,    0,    0
 16320, 90626,20201018,    0,    0
 16320, 90626,20201019,    0,    0
 16320, 90626,20201020,    6,    0
 16320, 90626,20201021,    5,    0
 16320, 90626,20201022,  166,    0
 16320, 90626,20201023,    6,    0
 16320, 90626,20201024,    0,    0
 16320, 90626,20201025,   68,    0
 16320, 90626,20201026,   20,    0
 16320, 90626,20201027,    0,    0
 16320, 90626,20201028,    0,    0
 16320, 90626,20201029,    0,    0
 16320, 90626,20201030,    0,    0
 16320, 90626,20201031,    0,    0
 16320, 90626,20201101,    0,    0
 16320, 90626,20201102,    0,    0
 16320, 90626,20201103,   91,    0
 16320, 90626,20201104,   83,    0
 16320, 90626,20201105,    0,    0
 16320, 90626,20201106,    8,    0
 16320, 90626,20201107,  287,    0
 16320, 90626,20201108,    0,    0
 16320, 90626,20201109,    0,    0
 16320, 90626,20201110,    0,    0
 16320, 90626,20201111,    0,    0
 16320, 90626,20201112,    0,    0
 16320, 90626,20201113,    0,    0
 16320, 90626,20201114,    0,    0
 16320, 90626,20201115,    0,    0
 16320, 90626,20201116,    1,    0
 16320, 90626,20201117,    0,    0
 16320, 90626,20201118,    0,    0
 16320, 90626,20201119,    0,    0
 16320, 90626,20201120,    0,    0
 16320, 90626,20201121,    0,    0
 16320, 90626,20201122,    0,    0
 16320, 90626,20201123,    0,    0
 16320, 90626,20201124,    0,    0
 16320, 90626,20201125,    0,    0
 16320, 90626,20201126,   10,    0
 16320, 90626,20201127,    0,    0
 16320, 90626,20201128,    9,    0
 16320, 90626,20201129,    0,    0
 16320, 90626,20201130,    0,    0
 16320, 90626,20201201,    0,    0
 16320, 90626,20201202,    0,    0
 16320, 90626,20201203,    0,    0
 16320, 90626,20201204,    9,    0
 16320, 90626,20201205,    7,    0
 16320, 90626,20201206,    0,    0
 16320, 90626,20201207,   34,    0
 16320, 90626,20201208,    6,    0
 16320, 90626,20201209,    0,    0
 16320, 90626,20201210,   97,    0
 16320, 90626,20201211,   76,    0
 16320, 90626,20201212,  125,    0
 16320, 90626,20201213,    0,    0
 16320, 90626,20201214,    2,    0
 16320, 90626,20201215,   11,    0
 16320, 90626,20201216,    0,    0
 16320, 90626,20201217,    0,    0
 16320, 90626,20201218,    0,    0
 16320, 90626,20201219,    0,    0
 16320, 90626,20201220,   27,    0
 16320, 90626,20201221,    0,    0
 16320, 90626,20201222,    0,    0
 16320, 90626,20201223,    0,    0
 16320, 90626,20201224,    0,    0
 16320, 90626,20201225,   15,    0
 16320, 90626,20201226,    0,    0
 16320, 90626,20201227,    0,    0
 16320, 90626,20201228,   15,    0
 16320, 90626,20201229,    3,    0
 16320, 90626,20201230,    2,    0
 16320, 90626,20201231,    0,    0
 16320, 90626,20210101,    0,    0
 16320, 90626,20210102,    0,    0
 16320, 90626,20210103,    0,    0
 16320, 90626,20210104,    0,    0
 16320, 90626,20210105,    0,    0
 16320, 90626,20210106,    0,    0
 16320, 90626,20210107,    0,    0
 16320, 90626,20210108,    0,    0
 16320, 90626,20210109,  159,    0
 16320, 90626,20210110,   43,    0
 16320, 90626,20210111,    0,    0
 16320, 90626,20210112,    0,    0
 16320, 90626,20210113,    0,    0
 16320, 90626,20210114,    0,    0
 16320, 90626,20210115,    0,    0
 16320, 90626,20210116,    0,    0
 16320, 90626,20210117,    0,    0
 16320, 90626,20210118,    0,    0
 16320, 90626,20210119,    0,    0
 16320, 90626,20210120,    0,    0
 16320, 90626,20210121,    2,    0
 16320, 90626,20210122,  112,    0
 16320, 90626,20210123,   11,    0
 16320, 90626,20210124,   23,    0
 16320, 90626,20210125,    0,    0
 16320, 90626,20210126,    0,    0
 16320, 90626,20210127,   29,    0
 16320, 90626,20210128,    2,    0
 16320, 90626,20210129,    0,    0
 16320, 90626,20210130,    7,    0
 16320, 90626,20210131,   70,    0
 16320, 90626,20210201,   25,    0
 16320, 90626,20210202,    0,    0
 16320, 90626,20210203,    0,    0
 16320, 90626,20210204,    0,    0
 16320, 90626,20210205,    0,    0
 16320, 90626,20210206,   34,    0
 16320, 90626,20210207,    1,    0
 16320, 90626,20210208,   15,    0
 16320, 90626,20210209,   83,    0
 16320, 90626,20210210,    0,    0
 16320, 90626,20210211,    0,    0
 16320, 90626,20210212,   22,    0
 16320, 90626,20210213,    0,    0
 16320, 90626,20210214,    0,    0
 16320, 90626,20210215,    0,    0
 16320, 90626,20210216,    0,    0
 16320, 90626,20210217,    0,    0
 16320, 90626,20210218,    0,    0
 16320, 90626,20210219,    0,    0
 16320, 90626,20210220,    0,    0
 16320, 90626,20210221,   11,    0
 16320, 90626,20210222,  298,    0
 16320, 90626,20210223,    4,    0
 16320, 90626,20210224,    0,    0
 16320, 90626,20210225,    0,    0
 16320, 90626,20210226,    0,    0
 16320, 90626,20210227,    0,    0
 16320, 90626,20210228,   45,    0
 16320, 90626,20210301,    0,    0
 16320, 90626,20210302,    0,    0
 16320, 90626,20210303,    0,    0
 16320, 90626,20210304,    0,    0
 16320, 90626,20210305,    0,    0
 16320, 90626,20210306,   35,    0
 16320, 90626,20210307,    0,    0
 16320, 90626,20210308,    0,    0
 16320, 90626,20210309,    0,    0
 16320, 90626,20210310,    0,    0
 16320, 90626,20210311,    0,    0
 16320, 90626,20210312,    1,    0
 16320, 90626,20210313,    0,    0
 16320, 90626,20210314,    0,    0
 16320, 90626,20210315,    0,    0
 16320, 90626,20210316,    0,    0
 16320, 90626,20210317,    0,    0
 16320, 90626,20210318,    0,    0
 16320, 90626,20210319,    0,    0
 16320, 90626,20210320,    0,    0
 16320, 90626,20210321,    0,    0
 16320, 90626,20210322,    0,    0
 16320, 90626,20210323,    0,    0
 16320, 90626,20210324,    0,    0
 16320, 90626,20210325,    0,    0
 16320, 90626,20210326,    0,    0
 16320, 90626,20210327,    0,    0
 16320, 90626,20210328,    0,    0
 16320, 90626,20210329,    0,    0
 16320, 90626,20210330,    0,    0
 16320, 90626,20210331,    0,    0
 16320, 90626,20210401,    0,    0
 16320, 90626,20210402,    3,    0
 16320, 90626,20210403,    0,    0
 16320, 90626,20210404,    0,    0
 16320, 90626,20210405,    0,    0
 16320, 90626,20210406,    0,    0
 16320, 90626,20210407,    0,    0
 16320, 90626,20210408,    0,    0
 16320, 90626,20210409,   12,    0
 16320, 90626,20210410,    0,    0
 16320, 90626,20210411,   54,    0
 16320, 90626,20210412,    0,    0
 16320, 90626,20210413,    0,    0
 16320, 90626,20210414,    0,    0
 16320, 90626,20210415,    0,    0
 16320, 90626,20210416,    0,    0
 16320, 90626,20210417,    0,    0
 16320, 90626,20210418,    0,    0
 16320, 90626,20210419,    0,    0
 16320, 90626,20210420,   34,    0
 16320, 90626,20210421,    2,    0
 16320, 90626,20210422,   22,    0
 16320, 90626,20210423,    0,    0
 16320, 90626,20210424,    0,    0
 16320, 90626,20210425,   13,    0
 16320, 90626,20210426,  151,    0
 16320, 90626,20210427,    0,    0
 16320, 90626,20210428,   79,    0
 16320, 90626,20210429,  186,    0
 16320, 90626,20210430,   74,    0
 16320, 90626,20210501,  104,    0
 16320, 90626,20210502,   38,    0
 16320, 90626,20210503,    0,    0
 16320, 90626,20210504,    0,    0
 16320, 90626,20210505,    0,    0
 16320, 90626,20210506,    0,    0
 16320, 90626,20210507,    0,    0
 16320, 90626,20210508,    0,    0
 16320, 90626,20210509,  157,    0
 16320, 90626,20210510,    6,    0
 16320, 90626,20210511,   47,    0
 16320, 90626,20210512,    4,    0
 16320, 90626,20210513,    6,    0
 16320, 90626,20210514,    0,    0
 16320, 90626,20210515,    0,    0
 16320, 90626,20210516,    0,    0
 16320, 90626,20210517,    0,    0
 16320, 90626,20210518,    0,    0
 16320, 90626,20210519,    0,    0
 16320, 90626,20210520,    0,    0
 16320, 90626,20210521,   22,    0
 16320, 90626,20210522,    0,    0
 16320, 90626,20210523,    0,    0
 16320, 90626,20210524,    0,    0
 16320, 90626,20210525,    0,    0
 16320, 90626,20210526,   79,    0
 16320, 90626,20210527,    1,    0
 16320, 90626,20210528,    0,    0
 16320, 90626,20210529,    2,    0
 16320, 90626,20210530,   35,    0
 16320, 90626,20210531,    0,    0
 16320, 90626,20210601,   31,    0
 16320, 90626,20210602,    1,    0
 16320, 90626,20210603,    0,    0
 16320, 90626,20210604,   82,    0
 16320, 90626,20210605,    2,    0
 16320, 90626,20210606,    0,    0
 16320, 90626,20210607,    0,    0
 16320, 90626,20210608,    0,    0
 16320, 90626,20210609,    0,    0
 16320, 90626,20210610,   17,    0
 16320, 90626,20210611,   31,    0
 16320, 90626,20210612,    1,    0
 16320, 90626,20210613,    0,    0
 16320, 90626,20210614,    0,    0
 16320, 90626,20210615,    0,    0
 16320, 90626,20210616,    1,    0
 16320, 90626,20210617,  241,    0
 16320, 90626,20210618,    0,    0
 16320, 90626,20210619,   35,    0
 16320, 90626,20210620,   80,    0
 16320, 90626,20210621,    0,    0
 16320, 90626,20210622,    0,    0
 16320, 90626,20210623,   27,    0
 16320, 90626,20210624,    0,    0
 16320, 90626,20210625,    0,    0
 16320, 90626,20210626,   24,    0
 16320, 90626,20210627,    0,    0
 16320, 90626,20210628,    0,    0
 16320, 90626,20210629,    0,    0
 16320, 90626,20210630,    0,    0
 16320, 90626,20210701,    0,    0
 16320, 90626,20210702,    0,    0
 16320, 90626,20210703,    0,    0
 16320, 90626,20210704,   32,    0
 16320, 90626,20210705,    0,    0
 16320, 90626,20210706,   26,    0
 16320, 90626,20210707,    0,    0
 16320, 90626,20210708,    0,    0
 16320, 90626,20210709,    0,    0
 16320, 90626,20210710,    0,    0
 16320, 90626,20210711,   46,    0
 16320, 90626,20210712,    0,    0
 16320, 90626,20210713,    0,    0
 16320, 90626,20210714,    0,    0
 16320, 90626,20210715,    0,    0
 16320, 90626,20210716,    0,    0
 16320, 90626,20210717,    0,    0
 16320, 90626,20210718,    0,    0
 16320, 90626,20210719,    0,    0
 16320, 90626,20210720,   66,    0
 16320, 90626,20210721,    1,    0
 16320, 90626,20210722,    0,    0
 16320, 90626,20210723,    0,    0
 16320, 90626,20210724,    0,    0
 16320, 90626,20210725,    0,    0
 16320, 90626,20210726,    0,    0
 16320, 90626,20210727,   12,    0
 16320, 90626,20210728,   58,    0
 16320, 90626,20210729,    0,    0
 16320, 90626,20210730,    5,    0
 16320, 90626,20210731,  219,    0
 16320, 90626,20210801,    0,    0
 16320, 90626,20210802,    0,    0
 16320, 90626,20210803,    0,    0
 16320, 90626,20210804,   72,    0
 16320, 90626,20210805,    0,    0
 16320, 90626,20210806,    0,    0
 16320, 90626,20210807,    0,    0
 16320, 90626,20210808,    0,    0
 16320, 90626,20210809,    0,    0
 16320, 90626,20210810,    0,    0
 16320, 90626,20210811,    0,    0
 16320, 90626,20210812,    0,    0
 16320, 90626,20210813,    0,    0
 16320, 90626,20210814,    0,    0
 16320, 90626,20210815,    0,    0
 16320, 90626,20210816,    0,    0
 16320, 90626,20210817,    0,    0
 16320, 90626,20210818,    0,    0
 16320, 90626,20210819,    0,    0
 16320, 90626,20210820,    0,    0
 16320, 90626,20210821,    0,    0
 16320, 90626,20210822,    0,    0
 16320, 90626,20210823,  123,    0
 16320, 90626,20210824,    0,    0
 16320, 90626,20210825,    0,    0
 16320, 90626,20210826,    0,    0
 16320, 90626,20210827,    0,    0
 16320, 90626,20210828,    0,    0
 16320, 90626,20210829,    0,    0
 16320, 90626,20210830,    0,    0
 16320, 90626,20210831,   11,    0
 16320, 90626,20210901,   75,    0
 16320, 90626,20210902,  163,    0
 16320, 90626,20210903,   79,    0
 16320, 90626,20210904,    0,    0
 16320, 90626,20210905,    0,    0
 16320, 90626,20210906,    0,    0
 16320, 90626,20210907,    0,    0
 16320, 90626,20210908,    0,    0
 16320, 90626,20210909,   60,    0
 16320, 90626,20210910,   31,    0
 16320, 90626,20210911,    0,    0
 16320, 90626,20210912,    0,    0
 16320, 90626,20210913,    6,    0
 16320, 90626,20210914,   17,    0
 16320, 90626,20210915,    0,    0
 16320, 90626,20210916,    0,    0
 16320, 90626,20210917,    0,    0
 16320, 90626,20210918,  120,    0
 16320, 90626,20210919,    0,    0
 16320, 90626,20210920,    0,    0
 16320, 90626,20210921,    2,    0
 16320, 90626,20210922,    0,    0
 16320, 90626,20210923,    0,    0
 16320, 90626,20210924,    0,    0
 16320, 90626,20210925,   37,    0
 16320, 90626,20210926,    0,    0
 16320, 90626,20210927,    0,    0
 16320, 90626,20210928,    0,    0
 16320, 90626,20210929,    0,    0
 16320, 90626,20210930,    0,    0
 16320, 90626,20211001,    5,    0
 16320, 90626,20211002,    0,    0
 16320, 90626,20211003,  171,    0
 16320, 90626,20211004,   55,    0
 16320, 90626,20211005,    0,    0
 16320, 90626,20211006,    0,    0
 16320, 90626,20211007,    0,    0
 16320, 90626,20211008,    0,    0
 16320, 90626,20211009,    0,    0
 16320, 90626,20211010,    0,    0
 16320, 90626,20211011,    0,    0
 16320, 90626,20211012,    0,    0
 16320, 90626,20211013,    0,    0
 16320, 90626,20211014,    0,    0
 16320, 90626,20211015,    0,    0
 16320, 90626,20211016,    0,    0
 16320, 90626,20211017,    0,    0
 16320, 90626,20211018,    0,    0
 16320, 90626,20211019,    0,    0
 16320, 90626,20211020,    0,    0
 16320, 90626,20211021,    0,    0
 16320, 90626,20211022,    0,    0
 16320, 90626,20211023,    0,    0
 16320, 90626,20211024,    0,    0
 16320, 90626,20211025,    0,    0
 16320, 90626,20211026,    0,    0
 16320, 90626,20211027,    0,    0
 16320, 90626,20211028,    0,    0
 16320, 90626,20211029,   82,    0
 16320, 90626,20211030,   32,    0
 16320, 90626,20211031,   38,    0
 16320, 90626,20211101,   60,    0
 16320, 90626,20211102,    0,    0
 16320, 90626,20211103,    0,    0
 16320, 90626,20211104,    0,    0
 16320, 90626,20211105,    0,    0
 16320, 90626,20211106,    0,    0
 16320, 90626,20211107,    0,    0
 16320, 90626,20211108,    0,    0
 16320, 90626,20211109,    0,    0
 16320, 90626,20211110,    0,    0
 16320, 90626,20211111,    0,    0
 16320, 90626,20211112,    0,    0
 16320, 90626,20211113,    0,    0
 16320, 90626,20211114,    0,    0
 16320, 90626,20211115,   40,    0
 16320, 90626,20211116,    0,    0
 16320, 90626,20211117,    0,    0
 16320, 90626,20211118,    0,    0
 16320, 90626,20211119,    0,    0
 16320, 90626,20211120,    0,    0
 16320, 90626,20211121,    0,    0
 16320, 90626,20211122,    0,    0
 16320, 90626,20211123,  102,    0
 16320, 90626,20211124,   33,    0
 16320, 90626,20211125,    0,    0
 16320, 90626,20211126,    0,    0
 16320, 90626,20211127,    4,    0
 16320, 90626,20211128,   92,    0
 16320, 90626,20211129,    2,    0
 16320, 90626,20211130,    0,    0
 16320, 90626,20211201,    0,    0
 16320, 90626,20211202,   24,    0
 16320, 90626,20211203,    5,    0
 16320, 90626,20211204,    0,    0
 16320, 90626,20211205,  133,    0
 16320, 90626,20211206,   59,    0
 16320, 90626,20211207,    5,    0
 16320, 90626,20211208,   29,    0
 16320, 90626,20211209,  187,    0
 16320, 90626,20211210,  380,    0
 16320, 90626,20211211,   19,    0
 16320, 90626,20211212,    0,    0
 16320, 90626,20211213,    0,    0
 16320, 90626,20211214,    0,    0
 16320, 90626,20211215,    0,    0
 16320, 90626,20211216,    0,    0
 16320, 90626,20211217,    0,    0
 16320, 90626,20211218,    0,    0
 16320, 90626,20211219,    0,    0
 16320, 90626,20211220,    0,    0
 16320, 90626,20211221,    0,    0
 16320, 90626,20211222,    0,    0
 16320, 90626,20211223,    0,    0
 16320, 90626,20211224,    0,    0
 16320, 90626,20211225,    0,    0
 16320, 90626,20211226,    0,    0
 16320, 90626,20211227,    1,    0
 16320, 90626,20211228,   13,    0
 16320, 90626,20211229,    0,    0
 16320, 90626,20211230,    0,    0
 16320, 90626,20211231,    0,    0
 16320, 90626,20220101,-9999,    9
 16320, 90626,20220102,-9999,    9
 16320, 90626,20220103,-9999,    9
 16320, 90626,20220104,-9999,    9
 16320, 90626,20220105,-9999,    9
 16320, 90626,20220106,-9999,    9
 16320, 90626,20220107,-9999,    9
 16320, 90626,20220108,-9999,    9
 16320, 90626,20220109,-9999,    9
 16320, 90626,20220110,-9999,    9
 16320, 90626,20220111,-9999,    9
 16320, 90626,20220112,-9999,    9
 16320, 90626,20220113,-9999,    9
 16320, 90626,20220114,-9999,    9
 16320, 90626,20220115,-9999,    9
 16320, 90626,20220116,-9999,    9
 16320, 90626,20220117,-9999,    9
 16320, 90626,20220118,-9999,    9
 16320, 90626,20220119,-9999,    9
 16320, 90626,20220120,-9999,    9
 16320, 90626,20220121,-9999,    9
 16320, 90626,20220122,-9999,    9
 16320, 90626,20220123,-9999,    9
 16320, 90626,20220124,-9999,    9
 16320, 90626,20220125,-9999,    9
 16320, 90626,20220126,-9999,    9
 16320, 90626,20220127,-9999,    9
 16320, 90626,20220128,-9999,    9
 16320, 90626,20220129,-9999,    9
 16320, 90626,20220130,-9999,    9
 16320, 90626,20220131,-9999,    9
 16320, 90626,20220201,-9999,    9
 16320, 90626,20220202,-9999,    9
 16320, 90626,20220203,-9999,    9
 16320, 90626,20220204,-9999,    9
 16320, 90626,20220205,-9999,    9
 16320, 90626,20220206,-9999,    9
 16320, 90626,20220207,-9999,    9
 16320, 90626,20220208,-9999,    9
 16320, 90626,20220209,-9999,    9
 16320, 90626,20220210,-9999,    9
 16320, 90626,20220211,-9999,    9
 16320, 90626,20220212,-9999,    9
 16320, 90626,20220213,-9999,    9
 16320, 90626,20220214,-9999,    9
 16320, 90626,20220215,-9999,    9
 16320, 90626,20220216,-9999,    9
 16320, 90626,20220217,-9999,    9
 16320, 90626,20220218,-9999,    9
 16320, 90626,20220219,-9999,    9
 16320, 90626,20220220,-9999,    9
 16320, 90626,20220221,-9999,    9
 16320, 90626,20220222,-9999,    9
 16320, 90626,20220223,-9999,    9
 16320, 90626,20220224,-9999,    9
 16320, 90626,20220225,-9999,    9
 16320, 90626,20220226,-9999,    9
 16320, 90626,20220227,-9999,    9
 16320, 90626,20220228,-9999,    9
 16320, 90626,20220301,-9999,    9
 16320, 90626,20220302,-9999,    9
 16320, 90626,20220303,-9999,    9
 16320, 90626,20220304,-9999,    9
 16320, 90626,20220305,-9999,    9
 16320, 90626,20220306,-9999,    9
 16320, 90626,20220307,-9999,    9
 16320, 90626,20220308,-9999,    9
 16320, 90626,20220309,-9999,    9
 16320, 90626,20220310,-9999,    9
 16320, 90626,20220311,-9999,    9
 16320, 90626,20220312,-9999,    9
 16320, 90626,20220313,-9999,    9
 16320, 90626,20220314,-9999,    9
 16320, 90626,20220315,-9999,    9
 16320, 90626,20220316,-9999,    9
 16320, 90626,20220317,-9999,    9
 16320, 90626,20220318,-9999,    9
 16320, 90626,20220319,-9999,    9
 16320, 90626,20220320,-9999,    9
 16320, 90626,20220321,-9999,    9
 16320, 90626,20220322,-9999,    9
 16320, 90626,20220323,-9999,    9
 16320, 90626,20220324,-9999,    9
 16320, 90626,20220325,-9999,    9
 16320, 90626,20220326,-9999,    9
 16320, 90626,20220327,-9999,    9
 16320, 90626,20220328,-9999,    9
 16320, 90626,20220329,-9999,    9
 16320, 90626,20220330,-9999,    9
 16320, 90626,20220331,-9999,    9
 16320, 90626,20220401,-9999,    9
 16320, 90626,20220402,-9999,    9
 16320, 90626,20220403,-9999,    9
 16320, 90626,20220404,-9999,    9
 16320, 90626,20220405,-9999,    9
 16320, 90626,20220406,-9999,    9
 16320, 90626,20220407,-9999,    9
 16320, 90626,20220408,-9999,    9
 16320, 90626,20220409,-9999,    9
 16320, 90626,20220410,-9999,    9
 16320, 90626,20220411,-9999,    9
 16320, 90626,20220412,-9999,    9
 16320, 90626,20220413,-9999,    9
 16320, 90626,20220414,-9999,    9
 16320, 90626,20220415,-9999,    9
 16320, 90626,20220416,-9999,    9
 16320, 90626,20220417,-9999,    9
 16320, 90626,20220418,-9999,    9
 16320, 90626,20220419,-9999,    9
 16320, 90626,20220420,-9999,    9
 16320, 90626,20220421,-9999,    9
 16320, 90626,20220422,-9999,    9
 16320, 90626,20220423,-9999,    9
 16320, 90626,20220424,-9999,    9
 16320, 90626,20220425,-9999,    9
 16320, 90626,20220426,-9999,    9
 16320, 90626,20220427,-9999,    9
 16320, 90626,20220428,-9999,    9
 16320, 90626,20220429,-9999,    9
 16320, 90626,20220430,-9999,    9
 16320, 90626,20220501,-9999,    9
 16320, 90626,20220502,-9999,    9
 16320, 90626,20220503,-9999,    9
 16320, 90626,20220504,-9999,    9
 16320, 90626,20220505,-9999,    9
 16320, 90626,20220506,-9999,    9
 16320, 90626,20220507,-9999,    9
 16320, 90626,20220508,-9999,    9
 16320, 90626,20220509,-9999,    9
 16320, 90626,20220510,-9999,    9
 16320, 90626,20220511,-9999,    9
 16320, 90626,20220512,-9999,    9
 16320, 90626,20220513,-9999,    9
 16320, 90626,20220514,-9999,    9
 16320, 90626,20220515,-9999,    9
 16320, 90626,20220516,-9999,    9
 16320, 90626,20220517,-9999,    9
 16320, 90626,20220518,-9999,    9
 16320, 90626,20220519,-9999,    9
 16320, 90626,20220520,-9999,    9
 16320, 90626,20220521,-9999,    9
 16320, 90626,20220522,-9999,    9
 16320, 90626,20220523,-9999,    9
 16320, 90626,20220524,-9999,    9
 16320, 90626,20220525,-9999,    9
 16320, 90626,20220526,-9999,    9
 16320, 90626,20220527,-9999,    9
 16320, 90626,20220528,-9999,    9
 16320, 90626,20220529,-9999,    9
 16320, 90626,20220530,-9999,    9
 16320, 90626,20220531,-9999,    9
 16320, 90626,20220601,-9999,    9
 16320, 90626,20220602,-9999,    9
 16320, 90626,20220603,-9999,    9
 16320, 90626,20220604,-9999,    9
 16320, 90626,20220605,-9999,    9
 16320, 90626,20220606,-9999,    9
 16320, 90626,20220607,-9999,    9
 16320, 90626,20220608,-9999,    9
 16320, 90626,20220609,-9999,    9
 16320, 90626,20220610,-9999,    9
 16320, 90626,20220611,-9999,    9
 16320, 90626,20220612,-9999,    9
 16320, 90626,20220613,-9999,    9
 16320, 90626,20220614,-9999,    9
 16320, 90626,20220615,-9999,    9
 16320, 90626,20220616,-9999,    9
 16320, 90626,20220617,-9999,    9
 16320, 90626,20220618,-9999,    9
 16320, 90626,20220619,-9999,    9
 16320, 90626,20220620,-9999,    9
 16320, 90626,20220621,-9999,    9
 16320, 90626,20220622,-9999,    9
 16320, 90626,20220623,-9999,    9
 16320, 90626,20220624,-9999,    9
 16320, 90626,20220625,-9999,    9
 16320, 90626,20220626,-9999,    9
 16320, 90626,20220627,-9999,    9
 16320, 90626,20220628,-9999,    9
 16320, 90626,20220629,-9999,    9
 16320, 90626,20220630,-9999,    9
 16320, 90626,20220701,-9999,    9
 16320, 90626,20220702,-9999,    9
 16320, 90626,20220703,-9999,    9
 16320, 90626,20220704,-9999,    9
 16320, 90626,20220705,-9999,    9
 16320, 90626,20220706,-9999,    9
 16320, 90626,20220707,-9999,    9
 16320, 90626,20220708,-9999,    9
 16320, 90626,20220709,-9999,    9
 16320, 90626,20220710,-9999,    9
 16320, 90626,20220711,-9999,    9
 16320, 90626,20220712,-9999,    9
 16320, 90626,20220713,-9999,    9
 16320, 90626,20220714,-9999,    9
 16320, 90626,20220715,-9999,    9
 16320, 90626,20220716,-9999,    9
 16320, 90626,20220717,-9999,    9
 16320, 90626,20220718,-9999,    9
 16320, 90626,20220719,-9999,    9
 16320, 90626,20220720,-9999,    9
 16320, 90626,20220721,-9999,    9
 16320, 90626,20220722,-9999,    9
 16320, 90626,20220723,-9999,    9
 16320, 90626,20220724,-9999,    9
 16320, 90626,20220725,-9999,    9
 16320, 90626,20220726,-9999,    9
 16320, 90626,20220727,-9999,    9
 16320, 90626,20220728,-9999,    9
 16320, 90626,20220729,-9999,    9
 16320, 90626,20220730,-9999,    9
 16320, 90626,20220731,-9999,    9
 16320, 90626,20220801,-9999,    9
 16320, 90626,20220802,-9999,    9
 16320, 90626,20220803,-9999,    9
 16320, 90626,20220804,-9999,    9
 16320, 90626,20220805,-9999,    9
 16320, 90626,20220806,-9999,    9
 16320, 90626,20220807,-9999,    9
 16320, 90626,20220808,-9999,    9
 16320, 90626,20220809,-9999,    9
 16320, 90626,20220810,-9999,    9
 16320, 90626,20220811,-9999,    9
 16320, 90626,20220812,-9999,    9
 16320, 90626,20220813,-9999,    9
 16320, 90626,20220814,-9999,    9
 16320, 90626,20220815,-9999,    9
 16320, 90626,20220816,-9999,    9
 16320, 90626,20220817,-9999,    9
 16320, 90626,20220818,-9999,    9
 16320, 90626,20220819,-9999,    9
 16320, 90626,20220820,-9999,    9
 16320, 90626,20220821,-9999,    9
 16320, 90626,20220822,-9999,    9
 16320, 90626,20220823,-9999,    9
 16320, 90626,20220824,-9999,    9
 16320, 90626,20220825,-9999,    9
 16320, 90626,20220826,-9999,    9
 16320, 90626,20220827,-9999,    9
 16320, 90626,20220828,-9999,    9
 16320, 90626,20220829,-9999,    9
 16320, 90626,20220830,-9999,    9
 16320, 90626,20220831,-9999,    9
 16320, 90626,20220901,-9999,    9
 16320, 90626,20220902,-9999,    9
 16320, 90626,20220903,-9999,    9
 16320, 90626,20220904,-9999,    9
 16320, 90626,20220905,-9999,    9
 16320, 90626,20220906,-9999,    9
 16320, 90626,20220907,-9999,    9
 16320, 90626,20220908,-9999,    9
 16320, 90626,20220909,-9999,    9
 16320, 90626,20220910,-9999,    9
 16320, 90626,20220911,-9999,    9
 16320, 90626,20220912,-9999,    9
 16320, 90626,20220913,-9999,    9
 16320, 90626,20220914,-9999,    9
 16320, 90626,20220915,-9999,    9
 16320, 90626,20220916,-9999,    9
 16320, 90626,20220917,-9999,    9
 16320, 90626,20220918,-9999,    9
 16320, 90626,20220919,-9999,    9
 16320, 90626,20220920,-9999,    9
 16320, 90626,20220921,-9999,    9
 16320, 90626,20220922,-9999,    9
 16320, 90626,20220923,-9999,    9
 16320, 90626,20220924,-9999,    9
 16320, 90626,20220925,-9999,    9
 16320, 90626,20220926,-9999,    9
 16320, 90626,20220927,-9999,    9
 16320, 90626,20220928,-9999,    9
 16320, 90626,20220929,-9999,    9
 16320, 90626,20220930,-9999,    9
 16320, 90626,20221001,-9999,    9
 16320, 90626,20221002,-9999,    9
 16320, 90626,20221003,-9999,    9
 16320, 90626,20221004,-9999,    9
 16320, 90626,20221005,-9999,    9
 16320, 90626,20221006,-9999,    9
 16320, 90626,20221007,-9999,    9
 16320, 90626,20221008,-9999,    9
 16320, 90626,20221009,-9999,    9
 16320, 90626,20221010,-9999,    9
 16320, 90626,20221011,-9999,    9
 16320, 90626,20221012,-9999,    9
 16320, 90626,20221013,-9999,    9
 16320, 90626,20221014,-9999,    9
 16320, 90626,20221015,-9999,    9
 16320, 90626,20221016,-9999,    9
 16320, 90626,20221017,-9999,    9
 16320, 90626,20221018,-9999,    9
 16320, 90626,20221019,-9999,    9
 16320, 90626,20221020,-9999,    9
 16320, 90626,20221021,-9999,    9
 16320, 90626,20221022,-9999,    9
 16320, 90626,20221023,-9999,    9
 16320, 90626,20221024,-9999,    9
 16320, 90626,20221025,-9999,    9
 16320, 90626,20221026,-9999,    9
 16320, 90626,20221027,-9999,    9
 16320, 90626,20221028,-9999,    9
 16320, 90626,20221029,-9999,    9
 16320, 90626,20221030,-9999,    9
 16320, 90626,20221031,-9999,    9
