EUROPEAN CLIMATE ASSESSMENT & DATASET (ECA&D), file created on: 16-11-2022
THESE DATA CAN BE USED FOR NON-COMMERCIAL RESEARCH AND EDUCATION PROVIDED THAT THE FOLLOWING SOURCE IS ACKNOWLEDGED: 

Klein Tank, A.M.G. and Coauthors, 2002. Daily dataset of 20th-century surface
air temperature and precipitation series for the European Climate Assessment.
Int. J. of Climatol., 22, 1441-1453.
Data and metadata available at http://www.ecad.eu

FILE FORMAT (MISSING VALUE CODE = -9999):

01-06 STAID: Station identifier
08-13 SOUID: Source identifier
15-22 DATE : Date YYYYMMDD
24-28 RR   : Precipitation amount in 0.1 mm
30-34 Q_RR : quality code for RR (0='valid'; 1='suspect'; 9='missing')

This is the blended series of station CONCA_1, ITALY (STAID: 17598)
Blended and updated with sources:95027 
See files sources.txt and stations.txt for more info.

STAID, SOUID,    DATE,   RR, Q_RR
 17598, 95027,20161201,-9999,    9
 17598, 95027,20161202,-9999,    9
 17598, 95027,20161203,-9999,    9
 17598, 95027,20161204,-9999,    9
 17598, 95027,20161205,-9999,    9
 17598, 95027,20161206,-9999,    9
 17598, 95027,20161207,-9999,    9
 17598, 95027,20161208,-9999,    9
 17598, 95027,20161209,-9999,    9
 17598, 95027,20161210,-9999,    9
 17598, 95027,20161211,-9999,    9
 17598, 95027,20161212,-9999,    9
 17598, 95027,20161213,-9999,    9
 17598, 95027,20161214,-9999,    9
 17598, 95027,20161215,-9999,    9
 17598, 95027,20161216,-9999,    9
 17598, 95027,20161217,-9999,    9
 17598, 95027,20161218,-9999,    9
 17598, 95027,20161219,-9999,    9
 17598, 95027,20161220,-9999,    9
 17598, 95027,20161221,-9999,    9
 17598, 95027,20161222,-9999,    9
 17598, 95027,20161223,-9999,    9
 17598, 95027,20161224,-9999,    9
 17598, 95027,20161225,-9999,    9
 17598, 95027,20161226,-9999,    9
 17598, 95027,20161227,-9999,    9
 17598, 95027,20161228,-9999,    9
 17598, 95027,20161229,-9999,    9
 17598, 95027,20161230,-9999,    9
 17598, 95027,20161231,    0,    0
 17598, 95027,20170101,    0,    0
 17598, 95027,20170102,    2,    0
 17598, 95027,20170103,   56,    0
 17598, 95027,20170104,    0,    0
 17598, 95027,20170105,    6,    0
 17598, 95027,20170106,    0,    0
 17598, 95027,20170107,    2,    0
 17598, 95027,20170108,    8,    0
 17598, 95027,20170109,    0,    0
 17598, 95027,20170110,    0,    0
 17598, 95027,20170111,    0,    0
 17598, 95027,20170112,    2,    0
 17598, 95027,20170113,   26,    0
 17598, 95027,20170114,    6,    0
 17598, 95027,20170115,   12,    0
 17598, 95027,20170116,   20,    0
 17598, 95027,20170117,    2,    0
 17598, 95027,20170118,  108,    0
 17598, 95027,20170119,  108,    0
 17598, 95027,20170120,   66,    0
 17598, 95027,20170121,   82,    0
 17598, 95027,20170122,  126,    0
 17598, 95027,20170123,   40,    0
 17598, 95027,20170124,    0,    0
 17598, 95027,20170125,    0,    0
 17598, 95027,20170126,    2,    0
 17598, 95027,20170127,    0,    0
 17598, 95027,20170128,    2,    0
 17598, 95027,20170129,    0,    0
 17598, 95027,20170130,    0,    0
 17598, 95027,20170131,    2,    0
 17598, 95027,20170201,    0,    0
 17598, 95027,20170202,    8,    0
 17598, 95027,20170203,    0,    0
 17598, 95027,20170204,   46,    0
 17598, 95027,20170205,   78,    0
 17598, 95027,20170206,  234,    0
 17598, 95027,20170207,   10,    0
 17598, 95027,20170208,    0,    0
 17598, 95027,20170209,   48,    0
 17598, 95027,20170210,    6,    0
 17598, 95027,20170211,    6,    0
 17598, 95027,20170212,    2,    0
 17598, 95027,20170213,    0,    0
 17598, 95027,20170214,    0,    0
 17598, 95027,20170215,    2,    0
 17598, 95027,20170216,    0,    0
 17598, 95027,20170217,   26,    0
 17598, 95027,20170218,   14,    0
 17598, 95027,20170219,    2,    0
 17598, 95027,20170220,    0,    0
 17598, 95027,20170221,    2,    0
 17598, 95027,20170222,    0,    0
 17598, 95027,20170223,    0,    0
 17598, 95027,20170224,  228,    0
 17598, 95027,20170225,  150,    0
 17598, 95027,20170226,    0,    0
 17598, 95027,20170227,    0,    0
 17598, 95027,20170228,   20,    0
 17598, 95027,20170301,   24,    0
 17598, 95027,20170302,    0,    0
 17598, 95027,20170303,    0,    0
 17598, 95027,20170304,   26,    0
 17598, 95027,20170305,    0,    0
 17598, 95027,20170306,   46,    0
 17598, 95027,20170307,  256,    0
 17598, 95027,20170308,    0,    0
 17598, 95027,20170309,    0,    0
 17598, 95027,20170310,    0,    0
 17598, 95027,20170311,    0,    0
 17598, 95027,20170312,    0,    0
 17598, 95027,20170313,    0,    0
 17598, 95027,20170314,    0,    0
 17598, 95027,20170315,    0,    0
 17598, 95027,20170316,    0,    0
 17598, 95027,20170317,    0,    0
 17598, 95027,20170318,    0,    0
 17598, 95027,20170319,    0,    0
 17598, 95027,20170320,    0,    0
 17598, 95027,20170321,    0,    0
 17598, 95027,20170322,    2,    0
 17598, 95027,20170323,    0,    0
 17598, 95027,20170324,    0,    0
 17598, 95027,20170325,   14,    0
 17598, 95027,20170326,   54,    0
 17598, 95027,20170327,    0,    0
 17598, 95027,20170328,    0,    0
 17598, 95027,20170329,    0,    0
 17598, 95027,20170330,    0,    0
 17598, 95027,20170331,    0,    0
 17598, 95027,20170401,    0,    0
 17598, 95027,20170402,    0,    0
 17598, 95027,20170403,    0,    0
 17598, 95027,20170404,    0,    0
 17598, 95027,20170405,    0,    0
 17598, 95027,20170406,   22,    0
 17598, 95027,20170407,    2,    0
 17598, 95027,20170408,    0,    0
 17598, 95027,20170409,    0,    0
 17598, 95027,20170410,   20,    0
 17598, 95027,20170411,    2,    0
 17598, 95027,20170412,    0,    0
 17598, 95027,20170413,    0,    0
 17598, 95027,20170414,    0,    0
 17598, 95027,20170415,   34,    0
 17598, 95027,20170416,  126,    0
 17598, 95027,20170417,   22,    0
 17598, 95027,20170418,  220,    0
 17598, 95027,20170419,   64,    0
 17598, 95027,20170420,    0,    0
 17598, 95027,20170421,    2,    0
 17598, 95027,20170422,    0,    0
 17598, 95027,20170423,    2,    0
 17598, 95027,20170424,    0,    0
 17598, 95027,20170425,    0,    0
 17598, 95027,20170426,    0,    0
 17598, 95027,20170427,   98,    0
 17598, 95027,20170428,    6,    0
 17598, 95027,20170429,    0,    0
 17598, 95027,20170430,    2,    0
 17598, 95027,20170501,    4,    0
 17598, 95027,20170502,    2,    0
 17598, 95027,20170503,    2,    0
 17598, 95027,20170504,   30,    0
 17598, 95027,20170505,    2,    0
 17598, 95027,20170506,   72,    0
 17598, 95027,20170507,   10,    0
 17598, 95027,20170508,    0,    0
 17598, 95027,20170509,  112,    0
 17598, 95027,20170510,    2,    0
 17598, 95027,20170511,    0,    0
 17598, 95027,20170512,   36,    0
 17598, 95027,20170513,    0,    0
 17598, 95027,20170514,    0,    0
 17598, 95027,20170515,    0,    0
 17598, 95027,20170516,    0,    0
 17598, 95027,20170517,    0,    0
 17598, 95027,20170518,    0,    0
 17598, 95027,20170519,    2,    0
 17598, 95027,20170520,   16,    0
 17598, 95027,20170521,   14,    0
 17598, 95027,20170522,    2,    0
 17598, 95027,20170523,    0,    0
 17598, 95027,20170524,    0,    0
 17598, 95027,20170525,   26,    0
 17598, 95027,20170526,    0,    0
 17598, 95027,20170527,    0,    0
 17598, 95027,20170528,    0,    0
 17598, 95027,20170529,    0,    0
 17598, 95027,20170530,    0,    0
 17598, 95027,20170531,    0,    0
 17598, 95027,20170601,    0,    0
 17598, 95027,20170602,    0,    0
 17598, 95027,20170603,    0,    0
 17598, 95027,20170604,    0,    0
 17598, 95027,20170605,    0,    0
 17598, 95027,20170606,    0,    0
 17598, 95027,20170607,    0,    0
 17598, 95027,20170608,    0,    0
 17598, 95027,20170609,    0,    0
 17598, 95027,20170610,    0,    0
 17598, 95027,20170611,    0,    0
 17598, 95027,20170612,    0,    0
 17598, 95027,20170613,    0,    0
 17598, 95027,20170614,    4,    0
 17598, 95027,20170615,   10,    0
 17598, 95027,20170616,    2,    0
 17598, 95027,20170617,    0,    0
 17598, 95027,20170618,    0,    0
 17598, 95027,20170619,    0,    0
 17598, 95027,20170620,    0,    0
 17598, 95027,20170621,    0,    0
 17598, 95027,20170622,    0,    0
 17598, 95027,20170623,-9999,    9
 17598, 95027,20170624,-9999,    9
 17598, 95027,20170625,    0,    0
 17598, 95027,20170626,    0,    0
 17598, 95027,20170627,  266,    0
 17598, 95027,20170628,   50,    0
 17598, 95027,20170629,    0,    0
 17598, 95027,20170630,    8,    0
 17598, 95027,20170701,    0,    0
 17598, 95027,20170702,    0,    0
 17598, 95027,20170703,    0,    0
 17598, 95027,20170704,    0,    0
 17598, 95027,20170705,    0,    0
 17598, 95027,20170706,    0,    0
 17598, 95027,20170707,    0,    0
 17598, 95027,20170708,    0,    0
 17598, 95027,20170709,    0,    0
 17598, 95027,20170710,    0,    0
 17598, 95027,20170711,    0,    0
 17598, 95027,20170712,    0,    0
 17598, 95027,20170713,    0,    0
 17598, 95027,20170714,  156,    0
 17598, 95027,20170715,    2,    0
 17598, 95027,20170716,    0,    0
 17598, 95027,20170717,    0,    0
 17598, 95027,20170718,    0,    0
 17598, 95027,20170719,    0,    0
 17598, 95027,20170720,    0,    0
 17598, 95027,20170721,    0,    0
 17598, 95027,20170722,    0,    0
 17598, 95027,20170723,    0,    0
 17598, 95027,20170724,    0,    0
 17598, 95027,20170725,    2,    0
 17598, 95027,20170726,   26,    0
 17598, 95027,20170727,    2,    0
 17598, 95027,20170728,    0,    0
 17598, 95027,20170729,    0,    0
 17598, 95027,20170730,    2,    0
 17598, 95027,20170731,    0,    0
 17598, 95027,20170801,    0,    0
 17598, 95027,20170802,    0,    0
 17598, 95027,20170803,    0,    0
 17598, 95027,20170804,    0,    0
 17598, 95027,20170805,    0,    0
 17598, 95027,20170806,    0,    0
 17598, 95027,20170807,    0,    0
 17598, 95027,20170808,    0,    0
 17598, 95027,20170809,    0,    0
 17598, 95027,20170810,   26,    0
 17598, 95027,20170811,    0,    0
 17598, 95027,20170812,   54,    0
 17598, 95027,20170813,    0,    0
 17598, 95027,20170814,    0,    0
 17598, 95027,20170815,    0,    0
 17598, 95027,20170816,    0,    0
 17598, 95027,20170817,    0,    0
 17598, 95027,20170818,    0,    0
 17598, 95027,20170819,    6,    0
 17598, 95027,20170820,   66,    0
 17598, 95027,20170821,    2,    0
 17598, 95027,20170822,    0,    0
 17598, 95027,20170823,    0,    0
 17598, 95027,20170824,    0,    0
 17598, 95027,20170825,    0,    0
 17598, 95027,20170826,    0,    0
 17598, 95027,20170827,    0,    0
 17598, 95027,20170828,    0,    0
 17598, 95027,20170829,    0,    0
 17598, 95027,20170830,    0,    0
 17598, 95027,20170831,    0,    0
 17598, 95027,20170901,   92,    0
 17598, 95027,20170902,    2,    0
 17598, 95027,20170903,    8,    0
 17598, 95027,20170904,    0,    0
 17598, 95027,20170905,    0,    0
 17598, 95027,20170906,    0,    0
 17598, 95027,20170907,  192,    0
 17598, 95027,20170908,    6,    0
 17598, 95027,20170909,    2,    0
 17598, 95027,20170910,  130,    0
 17598, 95027,20170911,    8,    0
 17598, 95027,20170912,    2,    0
 17598, 95027,20170913,    0,    0
 17598, 95027,20170914,    2,    0
 17598, 95027,20170915,    8,    0
 17598, 95027,20170916,  270,    0
 17598, 95027,20170917,    0,    0
 17598, 95027,20170918,   96,    0
 17598, 95027,20170919,  138,    0
 17598, 95027,20170920,  172,    0
 17598, 95027,20170921,    0,    0
 17598, 95027,20170922,    2,    0
 17598, 95027,20170923,    2,    0
 17598, 95027,20170924,  336,    0
 17598, 95027,20170925,   30,    0
 17598, 95027,20170926,    0,    0
 17598, 95027,20170927,    2,    0
 17598, 95027,20170928,    2,    0
 17598, 95027,20170929,    2,    0
 17598, 95027,20170930,    2,    0
 17598, 95027,20171001,   24,    0
 17598, 95027,20171002,    0,    0
 17598, 95027,20171003,   18,    0
 17598, 95027,20171004,    2,    0
 17598, 95027,20171005,    2,    0
 17598, 95027,20171006,  106,    0
 17598, 95027,20171007,    2,    0
 17598, 95027,20171008,    0,    0
 17598, 95027,20171009,    2,    0
 17598, 95027,20171010,    2,    0
 17598, 95027,20171011,    2,    0
 17598, 95027,20171012,    2,    0
 17598, 95027,20171013,    2,    0
 17598, 95027,20171014,    2,    0
 17598, 95027,20171015,    0,    0
 17598, 95027,20171016,    2,    0
 17598, 95027,20171017,    2,    0
 17598, 95027,20171018,    2,    0
 17598, 95027,20171019,    2,    0
 17598, 95027,20171020,    0,    0
 17598, 95027,20171021,    2,    0
 17598, 95027,20171022,   46,    0
 17598, 95027,20171023,   84,    0
 17598, 95027,20171024,    0,    0
 17598, 95027,20171025,    0,    0
 17598, 95027,20171026,    2,    0
 17598, 95027,20171027,    0,    0
 17598, 95027,20171028,    2,    0
 17598, 95027,20171029,    0,    0
 17598, 95027,20171030,-9999,    9
 17598, 95027,20171031,-9999,    9
 17598, 95027,20171101,-9999,    9
 17598, 95027,20171102,    0,    0
 17598, 95027,20171103,    0,    0
 17598, 95027,20171104,    0,    0
 17598, 95027,20171105,   34,    0
 17598, 95027,20171106,  210,    0
 17598, 95027,20171107,   58,    0
 17598, 95027,20171108,    8,    0
 17598, 95027,20171109,    0,    0
 17598, 95027,20171110,    6,    0
 17598, 95027,20171111,    2,    0
 17598, 95027,20171112,    2,    0
 17598, 95027,20171113,  402,    0
 17598, 95027,20171114,-9999,    9
 17598, 95027,20171115,  106,    0
 17598, 95027,20171116,    2,    0
 17598, 95027,20171117,    0,    0
 17598, 95027,20171118,    0,    0
 17598, 95027,20171119,    2,    0
 17598, 95027,20171120,    0,    0
 17598, 95027,20171121,    0,    0
 17598, 95027,20171122,    2,    0
 17598, 95027,20171123,    0,    0
 17598, 95027,20171124,    2,    0
 17598, 95027,20171125,    2,    0
 17598, 95027,20171126,  270,    0
 17598, 95027,20171127,    0,    0
 17598, 95027,20171128,    2,    0
 17598, 95027,20171129,  190,    0
 17598, 95027,20171130,    6,    0
 17598, 95027,20171201,    4,    0
 17598, 95027,20171202,   66,    0
 17598, 95027,20171203,    4,    0
 17598, 95027,20171204,    0,    0
 17598, 95027,20171205,    2,    0
 17598, 95027,20171206,    0,    0
 17598, 95027,20171207,    2,    0
 17598, 95027,20171208,   20,    0
 17598, 95027,20171209,   34,    0
 17598, 95027,20171210,   92,    0
 17598, 95027,20171211,   16,    0
 17598, 95027,20171212,   28,    0
 17598, 95027,20171213,    0,    0
 17598, 95027,20171214,    0,    0
 17598, 95027,20171215,   80,    0
 17598, 95027,20171216,  284,    0
 17598, 95027,20171217,    0,    0
 17598, 95027,20171218,    0,    0
 17598, 95027,20171219,    4,    0
 17598, 95027,20171220,    6,    0
 17598, 95027,20171221,    0,    0
 17598, 95027,20171222,    0,    0
 17598, 95027,20171223,    2,    0
 17598, 95027,20171224,    2,    0
 17598, 95027,20171225,    0,    0
 17598, 95027,20171226,    2,    0
 17598, 95027,20171227,   82,    0
 17598, 95027,20171228,   80,    0
 17598, 95027,20171229,  156,    0
 17598, 95027,20171230,    2,    0
 17598, 95027,20171231,    2,    0
 17598, 95027,20180101,   14,    0
 17598, 95027,20180102,   40,    0
 17598, 95027,20180103,    2,    0
 17598, 95027,20180104,    0,    0
 17598, 95027,20180105,    0,    0
 17598, 95027,20180106,    0,    0
 17598, 95027,20180107,    2,    0
 17598, 95027,20180108,    0,    0
 17598, 95027,20180109,   50,    0
 17598, 95027,20180110,    2,    0
 17598, 95027,20180111,    4,    0
 17598, 95027,20180112,   20,    0
 17598, 95027,20180113,   22,    0
 17598, 95027,20180114,    2,    0
 17598, 95027,20180115,    4,    0
 17598, 95027,20180116,    0,    0
 17598, 95027,20180117,   36,    0
 17598, 95027,20180118,    0,    0
 17598, 95027,20180119,    0,    0
 17598, 95027,20180120,    0,    0
 17598, 95027,20180121,    0,    0
 17598, 95027,20180122,    0,    0
 17598, 95027,20180123,    2,    0
 17598, 95027,20180124,    0,    0
 17598, 95027,20180125,    2,    0
 17598, 95027,20180126,    2,    0
 17598, 95027,20180127,    0,    0
 17598, 95027,20180128,    0,    0
 17598, 95027,20180129,    2,    0
 17598, 95027,20180130,    0,    0
 17598, 95027,20180131,    2,    0
 17598, 95027,20180201,   36,    0
 17598, 95027,20180202,  296,    0
 17598, 95027,20180203,  252,    0
 17598, 95027,20180204,   18,    0
 17598, 95027,20180205,    0,    0
 17598, 95027,20180206,   10,    0
 17598, 95027,20180207,    2,    0
 17598, 95027,20180208,    2,    0
 17598, 95027,20180209,    0,    0
 17598, 95027,20180210,   10,    0
 17598, 95027,20180211,    0,    0
 17598, 95027,20180212,   24,    0
 17598, 95027,20180213,  108,    0
 17598, 95027,20180214,   34,    0
 17598, 95027,20180215,    0,    0
 17598, 95027,20180216,    2,    0
 17598, 95027,20180217,    8,    0
 17598, 95027,20180218,  228,    0
 17598, 95027,20180219,   46,    0
 17598, 95027,20180220,   18,    0
 17598, 95027,20180221,  166,    0
 17598, 95027,20180222,  254,    0
 17598, 95027,20180223,  256,    0
 17598, 95027,20180224,   10,    0
 17598, 95027,20180225,   38,    0
 17598, 95027,20180226,    2,    0
 17598, 95027,20180227,    8,    0
 17598, 95027,20180228,   76,    0
 17598, 95027,20180301,   12,    0
 17598, 95027,20180302,   58,    0
 17598, 95027,20180303,  310,    0
 17598, 95027,20180304,   94,    0
 17598, 95027,20180305,  222,    0
 17598, 95027,20180306,   22,    0
 17598, 95027,20180307,   42,    0
 17598, 95027,20180308,    2,    0
 17598, 95027,20180309,    0,    0
 17598, 95027,20180310,    0,    0
 17598, 95027,20180311,  106,    0
 17598, 95027,20180312,   22,    0
 17598, 95027,20180313,    0,    0
 17598, 95027,20180314,    0,    0
 17598, 95027,20180315,   24,    0
 17598, 95027,20180316,    4,    0
 17598, 95027,20180317,   12,    0
 17598, 95027,20180318,   52,    0
 17598, 95027,20180319,   90,    0
 17598, 95027,20180320,  166,    0
 17598, 95027,20180321,   86,    0
 17598, 95027,20180322,  174,    0
 17598, 95027,20180323,    0,    0
 17598, 95027,20180324,    0,    0
 17598, 95027,20180325,    2,    0
 17598, 95027,20180326,    0,    0
 17598, 95027,20180327,    0,    0
 17598, 95027,20180328,    0,    0
 17598, 95027,20180329,    0,    0
 17598, 95027,20180330,    0,    0
 17598, 95027,20180331,   56,    0
 17598, 95027,20180401,   30,    0
 17598, 95027,20180402,    0,    0
 17598, 95027,20180403,    0,    0
 17598, 95027,20180404,   94,    0
 17598, 95027,20180405,   90,    0
 17598, 95027,20180406,    2,    0
 17598, 95027,20180407,    0,    0
 17598, 95027,20180408,    0,    0
 17598, 95027,20180409,   76,    0
 17598, 95027,20180410,    0,    0
 17598, 95027,20180411,   14,    0
 17598, 95027,20180412,   64,    0
 17598, 95027,20180413,   20,    0
 17598, 95027,20180414,    2,    0
 17598, 95027,20180415,    0,    0
 17598, 95027,20180416,    0,    0
 17598, 95027,20180417,    0,    0
 17598, 95027,20180418,    0,    0
 17598, 95027,20180419,    2,    0
 17598, 95027,20180420,    0,    0
 17598, 95027,20180421,    0,    0
 17598, 95027,20180422,    0,    0
 17598, 95027,20180423,    0,    0
 17598, 95027,20180424,    0,    0
 17598, 95027,20180425,    0,    0
 17598, 95027,20180426,    0,    0
 17598, 95027,20180427,    0,    0
 17598, 95027,20180428,    0,    0
 17598, 95027,20180429,   10,    0
 17598, 95027,20180430,    0,    0
 17598, 95027,20180501,   38,    0
 17598, 95027,20180502,   14,    0
 17598, 95027,20180503,  214,    0
 17598, 95027,20180504,   60,    0
 17598, 95027,20180505,    0,    0
 17598, 95027,20180506,   26,    0
 17598, 95027,20180507,    2,    0
 17598, 95027,20180508,    0,    0
 17598, 95027,20180509,    8,    0
 17598, 95027,20180510,  158,    0
 17598, 95027,20180511,    2,    0
 17598, 95027,20180512,   12,    0
 17598, 95027,20180513,    2,    0
 17598, 95027,20180514,    4,    0
 17598, 95027,20180515,    2,    0
 17598, 95027,20180516,    6,    0
 17598, 95027,20180517,   62,    0
 17598, 95027,20180518,    2,    0
 17598, 95027,20180519,    0,    0
 17598, 95027,20180520,    2,    0
 17598, 95027,20180521,   28,    0
 17598, 95027,20180522,  164,    0
 17598, 95027,20180523,   32,    0
 17598, 95027,20180524,    0,    0
 17598, 95027,20180525,    2,    0
 17598, 95027,20180526,    2,    0
 17598, 95027,20180527,    0,    0
 17598, 95027,20180528,   22,    0
 17598, 95027,20180529,  148,    0
 17598, 95027,20180530,    2,    0
 17598, 95027,20180531,    0,    0
 17598, 95027,20180601,    2,    0
 17598, 95027,20180602,    0,    0
 17598, 95027,20180603,    0,    0
 17598, 95027,20180604,    2,    0
 17598, 95027,20180605,   40,    0
 17598, 95027,20180606,    0,    0
 17598, 95027,20180607,    2,    0
 17598, 95027,20180608,   80,    0
 17598, 95027,20180609,    0,    0
 17598, 95027,20180610,    2,    0
 17598, 95027,20180611,    0,    0
 17598, 95027,20180612,    2,    0
 17598, 95027,20180613,    0,    0
 17598, 95027,20180614,   22,    0
 17598, 95027,20180615,    0,    0
 17598, 95027,20180616,    2,    0
 17598, 95027,20180617,    0,    0
 17598, 95027,20180618,    0,    0
 17598, 95027,20180619,    0,    0
 17598, 95027,20180620,    0,    0
 17598, 95027,20180621,    0,    0
 17598, 95027,20180622,   58,    0
 17598, 95027,20180623,    0,    0
 17598, 95027,20180624,    2,    0
 17598, 95027,20180625,   36,    0
 17598, 95027,20180626,    0,    0
 17598, 95027,20180627,    0,    0
 17598, 95027,20180628,    0,    0
 17598, 95027,20180629,    0,    0
 17598, 95027,20180630,    0,    0
 17598, 95027,20180701,    0,    0
 17598, 95027,20180702,    0,    0
 17598, 95027,20180703,    0,    0
 17598, 95027,20180704,    0,    0
 17598, 95027,20180705,   62,    0
 17598, 95027,20180706,  182,    0
 17598, 95027,20180707,    2,    0
 17598, 95027,20180708,    0,    0
 17598, 95027,20180709,    0,    0
 17598, 95027,20180710,    0,    0
 17598, 95027,20180711,    8,    0
 17598, 95027,20180712,    2,    0
 17598, 95027,20180713,    0,    0
 17598, 95027,20180714,    0,    0
 17598, 95027,20180715,    4,    0
 17598, 95027,20180716,  252,    0
 17598, 95027,20180717,    0,    0
 17598, 95027,20180718,    0,    0
 17598, 95027,20180719,    0,    0
 17598, 95027,20180720,    0,    0
 17598, 95027,20180721,    0,    0
 17598, 95027,20180722,    0,    0
 17598, 95027,20180723,  108,    0
 17598, 95027,20180724,    0,    0
 17598, 95027,20180725,    0,    0
 17598, 95027,20180726,    0,    0
 17598, 95027,20180727,    0,    0
 17598, 95027,20180728,   20,    0
 17598, 95027,20180729,    0,    0
 17598, 95027,20180730,    2,    0
 17598, 95027,20180731,    0,    0
 17598, 95027,20180801,    0,    0
 17598, 95027,20180802,    0,    0
 17598, 95027,20180803,    0,    0
 17598, 95027,20180804,    0,    0
 17598, 95027,20180805,    0,    0
 17598, 95027,20180806,    0,    0
 17598, 95027,20180807,    0,    0
 17598, 95027,20180808,    0,    0
 17598, 95027,20180809,    0,    0
 17598, 95027,20180810,    0,    0
 17598, 95027,20180811,    0,    0
 17598, 95027,20180812,    0,    0
 17598, 95027,20180813,    0,    0
 17598, 95027,20180814,    2,    0
 17598, 95027,20180815,    6,    0
 17598, 95027,20180816,    0,    0
 17598, 95027,20180817,    0,    0
 17598, 95027,20180818,    0,    0
 17598, 95027,20180819,    0,    0
 17598, 95027,20180820,    0,    0
 17598, 95027,20180821,    0,    0
 17598, 95027,20180822,    0,    0
 17598, 95027,20180823,    0,    0
 17598, 95027,20180824,   16,    0
 17598, 95027,20180825,  130,    0
 17598, 95027,20180826,   44,    0
 17598, 95027,20180827,    0,    0
 17598, 95027,20180828,    0,    0
 17598, 95027,20180829,    0,    0
 17598, 95027,20180830,   20,    0
 17598, 95027,20180831,    2,    0
 17598, 95027,20180901,  262,    0
 17598, 95027,20180902,    8,    0
 17598, 95027,20180903,   20,    0
 17598, 95027,20180904,    2,    0
 17598, 95027,20180905,    2,    0
 17598, 95027,20180906,   42,    0
 17598, 95027,20180907,  222,    0
 17598, 95027,20180908,    2,    0
 17598, 95027,20180909,    2,    0
 17598, 95027,20180910,    0,    0
 17598, 95027,20180911,    2,    0
 17598, 95027,20180912,    0,    0
 17598, 95027,20180913,    0,    0
 17598, 95027,20180914,    0,    0
 17598, 95027,20180915,    2,    0
 17598, 95027,20180916,    0,    0
 17598, 95027,20180917,  188,    0
 17598, 95027,20180918,   18,    0
 17598, 95027,20180919,    2,    0
 17598, 95027,20180920,    0,    0
 17598, 95027,20180921,    2,    0
 17598, 95027,20180922,    2,    0
 17598, 95027,20180923,    0,    0
 17598, 95027,20180924,   16,    0
 17598, 95027,20180925,    2,    0
 17598, 95027,20180926,    0,    0
 17598, 95027,20180927,    2,    0
 17598, 95027,20180928,    0,    0
 17598, 95027,20180929,    0,    0
 17598, 95027,20180930,    0,    0
 17598, 95027,20181001,   66,    0
 17598, 95027,20181002,   64,    0
 17598, 95027,20181003,    2,    0
 17598, 95027,20181004,    2,    0
 17598, 95027,20181005,    2,    0
 17598, 95027,20181006,   18,    0
 17598, 95027,20181007,    0,    0
 17598, 95027,20181008,    2,    0
 17598, 95027,20181009,    2,    0
 17598, 95027,20181010,    2,    0
 17598, 95027,20181011,    0,    0
 17598, 95027,20181012,    2,    0
 17598, 95027,20181013,    2,    0
 17598, 95027,20181014,    2,    0
 17598, 95027,20181015,    2,    0
 17598, 95027,20181016,   14,    0
 17598, 95027,20181017,   10,    0
 17598, 95027,20181018,    0,    0
 17598, 95027,20181019,    2,    0
 17598, 95027,20181020,    2,    0
 17598, 95027,20181021,  188,    0
 17598, 95027,20181022,    0,    0
 17598, 95027,20181023,    2,    0
 17598, 95027,20181024,    0,    0
 17598, 95027,20181025,    0,    0
 17598, 95027,20181026,-9999,    9
 17598, 95027,20181027,-9999,    9
 17598, 95027,20181028,-9999,    9
 17598, 95027,20181029,   66,    0
 17598, 95027,20181030,    8,    0
 17598, 95027,20181031,    0,    0
 17598, 95027,20181101,  160,    0
 17598, 95027,20181102,   46,    0
 17598, 95027,20181103,    2,    0
 17598, 95027,20181104,  102,    0
 17598, 95027,20181105,    2,    0
 17598, 95027,20181106,    2,    0
 17598, 95027,20181107,    0,    0
 17598, 95027,20181108,    2,    0
 17598, 95027,20181109,    2,    0
 17598, 95027,20181110,    2,    0
 17598, 95027,20181111,    2,    0
 17598, 95027,20181112,    2,    0
 17598, 95027,20181113,    2,    0
 17598, 95027,20181114,    2,    0
 17598, 95027,20181115,    2,    0
 17598, 95027,20181116,    2,    0
 17598, 95027,20181117,   84,    0
 17598, 95027,20181118,   46,    0
 17598, 95027,20181119,   38,    0
 17598, 95027,20181120,  282,    0
 17598, 95027,20181121,    2,    0
 17598, 95027,20181122,    2,    0
 17598, 95027,20181123,    8,    0
 17598, 95027,20181124,    0,    0
 17598, 95027,20181125,  172,    0
 17598, 95027,20181126,   14,    0
 17598, 95027,20181127,   34,    0
 17598, 95027,20181128,    0,    0
 17598, 95027,20181129,    2,    0
 17598, 95027,20181130,    0,    0
 17598, 95027,20181201,    0,    0
 17598, 95027,20181202,    0,    0
 17598, 95027,20181203,    0,    0
 17598, 95027,20181204,    0,    0
 17598, 95027,20181205,    2,    0
 17598, 95027,20181206,    8,    0
 17598, 95027,20181207,    0,    0
 17598, 95027,20181208,   72,    0
 17598, 95027,20181209,    0,    0
 17598, 95027,20181210,    0,    0
 17598, 95027,20181211,    0,    0
 17598, 95027,20181212,    0,    0
 17598, 95027,20181213,   12,    0
 17598, 95027,20181214,  120,    0
 17598, 95027,20181215,    0,    0
 17598, 95027,20181216,   54,    0
 17598, 95027,20181217,  138,    0
 17598, 95027,20181218,   84,    0
 17598, 95027,20181219,   26,    0
 17598, 95027,20181220,   46,    0
 17598, 95027,20181221,    0,    0
 17598, 95027,20181222,    0,    0
 17598, 95027,20181223,    2,    0
 17598, 95027,20181224,    0,    0
 17598, 95027,20181225,    2,    0
 17598, 95027,20181226,    2,    0
 17598, 95027,20181227,    0,    0
 17598, 95027,20181228,    2,    0
 17598, 95027,20181229,    2,    0
 17598, 95027,20181230,    2,    0
 17598, 95027,20181231,    0,    0
 17598, 95027,20190101,    2,    0
 17598, 95027,20190102,    2,    0
 17598, 95027,20190103,    0,    0
 17598, 95027,20190104,    0,    0
 17598, 95027,20190105,    0,    0
 17598, 95027,20190106,    0,    0
 17598, 95027,20190107,    2,    0
 17598, 95027,20190108,    0,    0
 17598, 95027,20190109,    0,    0
 17598, 95027,20190110,    4,    0
 17598, 95027,20190111,    0,    0
 17598, 95027,20190112,    2,    0
 17598, 95027,20190113,    0,    0
 17598, 95027,20190114,    0,    0
 17598, 95027,20190115,    0,    0
 17598, 95027,20190116,    0,    0
 17598, 95027,20190117,    0,    0
 17598, 95027,20190118,  164,    0
 17598, 95027,20190119,   34,    0
 17598, 95027,20190120,    2,    0
 17598, 95027,20190121,  112,    0
 17598, 95027,20190122,   14,    0
 17598, 95027,20190123,   34,    0
 17598, 95027,20190124,   88,    0
 17598, 95027,20190125,    0,    0
 17598, 95027,20190126,    0,    0
 17598, 95027,20190127,   52,    0
 17598, 95027,20190128,    2,    0
 17598, 95027,20190129,   82,    0
 17598, 95027,20190130,   30,    0
 17598, 95027,20190131,   18,    0
 17598, 95027,20190201,   20,    0
 17598, 95027,20190202,  188,    0
 17598, 95027,20190203,   38,    0
 17598, 95027,20190204,   18,    0
 17598, 95027,20190205,    0,    0
 17598, 95027,20190206,    0,    0
 17598, 95027,20190207,    0,    0
 17598, 95027,20190208,    0,    0
 17598, 95027,20190209,    0,    0
 17598, 95027,20190210,    2,    0
 17598, 95027,20190211,   40,    0
 17598, 95027,20190212,    0,    0
 17598, 95027,20190213,    0,    0
 17598, 95027,20190214,    2,    0
 17598, 95027,20190215,    0,    0
 17598, 95027,20190216,    2,    0
 17598, 95027,20190217,    0,    0
 17598, 95027,20190218,    0,    0
 17598, 95027,20190219,    0,    0
 17598, 95027,20190220,    2,    0
 17598, 95027,20190221,    2,    0
 17598, 95027,20190222,    0,    0
 17598, 95027,20190223,    0,    0
 17598, 95027,20190224,    0,    0
 17598, 95027,20190225,    0,    0
 17598, 95027,20190226,    0,    0
 17598, 95027,20190227,    0,    0
 17598, 95027,20190228,    0,    0
 17598, 95027,20190301,    0,    0
 17598, 95027,20190302,    0,    0
 17598, 95027,20190303,    0,    0
 17598, 95027,20190304,    0,    0
 17598, 95027,20190305,    0,    0
 17598, 95027,20190306,    0,    0
 17598, 95027,20190307,    0,    0
 17598, 95027,20190308,    0,    0
 17598, 95027,20190309,    0,    0
 17598, 95027,20190310,    0,    0
 17598, 95027,20190311,   82,    0
 17598, 95027,20190312,    0,    0
 17598, 95027,20190313,    8,    0
 17598, 95027,20190314,    0,    0
 17598, 95027,20190315,    0,    0
 17598, 95027,20190316,    0,    0
 17598, 95027,20190317,    0,    0
 17598, 95027,20190318,-9999,    9
 17598, 95027,20190319,   56,    0
 17598, 95027,20190320,    2,    0
 17598, 95027,20190321,    0,    0
 17598, 95027,20190322,    0,    0
 17598, 95027,20190323,    0,    0
 17598, 95027,20190324,    0,    0
 17598, 95027,20190325,    2,    0
 17598, 95027,20190326,  222,    0
 17598, 95027,20190327,    2,    0
 17598, 95027,20190328,    0,    0
 17598, 95027,20190329,    0,    0
 17598, 95027,20190330,    0,    0
 17598, 95027,20190331,    0,    0
 17598, 95027,20190401,    0,    0
 17598, 95027,20190402,    0,    0
 17598, 95027,20190403,    0,    0
 17598, 95027,20190404,  332,    0
 17598, 95027,20190405,    2,    0
 17598, 95027,20190406,    0,    0
 17598, 95027,20190407,    0,    0
 17598, 95027,20190408,    0,    0
 17598, 95027,20190409,   10,    0
 17598, 95027,20190410,    2,    0
 17598, 95027,20190411,   80,    0
 17598, 95027,20190412,   84,    0
 17598, 95027,20190413,    8,    0
 17598, 95027,20190414,   44,    0
 17598, 95027,20190415,    8,    0
 17598, 95027,20190416,    0,    0
 17598, 95027,20190417,    0,    0
 17598, 95027,20190418,    0,    0
 17598, 95027,20190419,    0,    0
 17598, 95027,20190420,    0,    0
 17598, 95027,20190421,    0,    0
 17598, 95027,20190422,  146,    0
 17598, 95027,20190423,   94,    0
 17598, 95027,20190424,    0,    0
 17598, 95027,20190425,    2,    0
 17598, 95027,20190426,   36,    0
 17598, 95027,20190427,    2,    0
 17598, 95027,20190428,  156,    0
 17598, 95027,20190429,   44,    0
 17598, 95027,20190430,    0,    0
 17598, 95027,20190501,    2,    0
 17598, 95027,20190502,    0,    0
 17598, 95027,20190503,   18,    0
 17598, 95027,20190504,   32,    0
 17598, 95027,20190505,  196,    0
 17598, 95027,20190506,  178,    0
 17598, 95027,20190507,    0,    0
 17598, 95027,20190508,    0,    0
 17598, 95027,20190509,   72,    0
 17598, 95027,20190510,    2,    0
 17598, 95027,20190511,   50,    0
 17598, 95027,20190512,  820,    0
 17598, 95027,20190513,  452,    0
 17598, 95027,20190514,    2,    0
 17598, 95027,20190515,  134,    0
 17598, 95027,20190516,    0,    0
 17598, 95027,20190517,    6,    0
 17598, 95027,20190518,   38,    0
 17598, 95027,20190519,  116,    0
 17598, 95027,20190520,   14,    0
 17598, 95027,20190521,    6,    0
 17598, 95027,20190522,   28,    0
 17598, 95027,20190523,  128,    0
 17598, 95027,20190524,   26,    0
 17598, 95027,20190525,   80,    0
 17598, 95027,20190526,  218,    0
 17598, 95027,20190527,   56,    0
 17598, 95027,20190528,  118,    0
 17598, 95027,20190529,   70,    0
 17598, 95027,20190530,   48,    0
 17598, 95027,20190531,-9999,    9
 17598, 95027,20190601,-9999,    9
 17598, 95027,20190602,-9999,    9
 17598, 95027,20190603,-9999,    9
 17598, 95027,20190604,-9999,    9
 17598, 95027,20190605,-9999,    9
 17598, 95027,20190606,-9999,    9
 17598, 95027,20190607,-9999,    9
 17598, 95027,20190608,-9999,    9
 17598, 95027,20190609,-9999,    9
 17598, 95027,20190610,-9999,    9
 17598, 95027,20190611,-9999,    9
 17598, 95027,20190612,-9999,    9
 17598, 95027,20190613,-9999,    9
 17598, 95027,20190614,-9999,    9
 17598, 95027,20190615,-9999,    9
 17598, 95027,20190616,-9999,    9
 17598, 95027,20190617,-9999,    9
 17598, 95027,20190618,-9999,    9
 17598, 95027,20190619,-9999,    9
 17598, 95027,20190620,-9999,    9
 17598, 95027,20190621,-9999,    9
 17598, 95027,20190622,-9999,    9
 17598, 95027,20190623,-9999,    9
 17598, 95027,20190624,-9999,    9
 17598, 95027,20190625,-9999,    9
 17598, 95027,20190626,-9999,    9
 17598, 95027,20190627,-9999,    9
 17598, 95027,20190628,-9999,    9
 17598, 95027,20190629,-9999,    9
 17598, 95027,20190630,-9999,    9
 17598, 95027,20190701,-9999,    9
 17598, 95027,20190702,-9999,    9
 17598, 95027,20190703,-9999,    9
 17598, 95027,20190704,-9999,    9
 17598, 95027,20190705,-9999,    9
 17598, 95027,20190706,-9999,    9
 17598, 95027,20190707,-9999,    9
 17598, 95027,20190708,-9999,    9
 17598, 95027,20190709,-9999,    9
 17598, 95027,20190710,-9999,    9
 17598, 95027,20190711,-9999,    9
 17598, 95027,20190712,-9999,    9
 17598, 95027,20190713,-9999,    9
 17598, 95027,20190714,-9999,    9
 17598, 95027,20190715,-9999,    9
 17598, 95027,20190716,-9999,    9
 17598, 95027,20190717,-9999,    9
 17598, 95027,20190718,-9999,    9
 17598, 95027,20190719,-9999,    9
 17598, 95027,20190720,-9999,    9
 17598, 95027,20190721,-9999,    9
 17598, 95027,20190722,-9999,    9
 17598, 95027,20190723,-9999,    9
 17598, 95027,20190724,-9999,    9
 17598, 95027,20190725,-9999,    9
 17598, 95027,20190726,-9999,    9
 17598, 95027,20190727,-9999,    9
 17598, 95027,20190728,-9999,    9
 17598, 95027,20190729,-9999,    9
 17598, 95027,20190730,-9999,    9
 17598, 95027,20190731,-9999,    9
 17598, 95027,20190801,-9999,    9
 17598, 95027,20190802,-9999,    9
 17598, 95027,20190803,-9999,    9
 17598, 95027,20190804,-9999,    9
 17598, 95027,20190805,-9999,    9
 17598, 95027,20190806,-9999,    9
 17598, 95027,20190807,-9999,    9
 17598, 95027,20190808,-9999,    9
 17598, 95027,20190809,-9999,    9
 17598, 95027,20190810,-9999,    9
 17598, 95027,20190811,-9999,    9
 17598, 95027,20190812,-9999,    9
 17598, 95027,20190813,-9999,    9
 17598, 95027,20190814,-9999,    9
 17598, 95027,20190815,-9999,    9
 17598, 95027,20190816,-9999,    9
 17598, 95027,20190817,-9999,    9
 17598, 95027,20190818,-9999,    9
 17598, 95027,20190819,-9999,    9
 17598, 95027,20190820,-9999,    9
 17598, 95027,20190821,-9999,    9
 17598, 95027,20190822,-9999,    9
 17598, 95027,20190823,-9999,    9
 17598, 95027,20190824,-9999,    9
 17598, 95027,20190825,-9999,    9
 17598, 95027,20190826,-9999,    9
 17598, 95027,20190827,-9999,    9
 17598, 95027,20190828,-9999,    9
 17598, 95027,20190829,-9999,    9
 17598, 95027,20190830,-9999,    9
 17598, 95027,20190831,-9999,    9
 17598, 95027,20190901,-9999,    9
 17598, 95027,20190902,-9999,    9
 17598, 95027,20190903,-9999,    9
 17598, 95027,20190904,-9999,    9
 17598, 95027,20190905,-9999,    9
 17598, 95027,20190906,-9999,    9
 17598, 95027,20190907,-9999,    9
 17598, 95027,20190908,-9999,    9
 17598, 95027,20190909,-9999,    9
 17598, 95027,20190910,-9999,    9
 17598, 95027,20190911,-9999,    9
 17598, 95027,20190912,-9999,    9
 17598, 95027,20190913,-9999,    9
 17598, 95027,20190914,-9999,    9
 17598, 95027,20190915,-9999,    9
 17598, 95027,20190916,-9999,    9
 17598, 95027,20190917,-9999,    9
 17598, 95027,20190918,-9999,    9
 17598, 95027,20190919,-9999,    9
 17598, 95027,20190920,-9999,    9
 17598, 95027,20190921,-9999,    9
 17598, 95027,20190922,-9999,    9
 17598, 95027,20190923,-9999,    9
 17598, 95027,20190924,-9999,    9
 17598, 95027,20190925,-9999,    9
 17598, 95027,20190926,-9999,    9
 17598, 95027,20190927,-9999,    9
 17598, 95027,20190928,-9999,    9
 17598, 95027,20190929,-9999,    9
 17598, 95027,20190930,-9999,    9
 17598, 95027,20191001,-9999,    9
 17598, 95027,20191002,-9999,    9
 17598, 95027,20191003,-9999,    9
 17598, 95027,20191004,-9999,    9
 17598, 95027,20191005,-9999,    9
 17598, 95027,20191006,-9999,    9
 17598, 95027,20191007,-9999,    9
 17598, 95027,20191008,-9999,    9
 17598, 95027,20191009,-9999,    9
 17598, 95027,20191010,-9999,    9
 17598, 95027,20191011,-9999,    9
 17598, 95027,20191012,-9999,    9
 17598, 95027,20191013,-9999,    9
 17598, 95027,20191014,-9999,    9
 17598, 95027,20191015,-9999,    9
 17598, 95027,20191016,-9999,    9
 17598, 95027,20191017,-9999,    9
 17598, 95027,20191018,-9999,    9
 17598, 95027,20191019,-9999,    9
 17598, 95027,20191020,-9999,    9
 17598, 95027,20191021,-9999,    9
 17598, 95027,20191022,-9999,    9
 17598, 95027,20191023,-9999,    9
 17598, 95027,20191024,-9999,    9
 17598, 95027,20191025,-9999,    9
 17598, 95027,20191026,-9999,    9
 17598, 95027,20191027,-9999,    9
 17598, 95027,20191028,-9999,    9
 17598, 95027,20191029,-9999,    9
 17598, 95027,20191030,-9999,    9
 17598, 95027,20191031,-9999,    9
 17598, 95027,20191101,-9999,    9
 17598, 95027,20191102,-9999,    9
 17598, 95027,20191103,-9999,    9
 17598, 95027,20191104,-9999,    9
 17598, 95027,20191105,-9999,    9
 17598, 95027,20191106,-9999,    9
 17598, 95027,20191107,-9999,    9
 17598, 95027,20191108,-9999,    9
 17598, 95027,20191109,-9999,    9
 17598, 95027,20191110,-9999,    9
 17598, 95027,20191111,-9999,    9
 17598, 95027,20191112,-9999,    9
 17598, 95027,20191113,-9999,    9
 17598, 95027,20191114,-9999,    9
 17598, 95027,20191115,-9999,    9
 17598, 95027,20191116,-9999,    9
 17598, 95027,20191117,-9999,    9
 17598, 95027,20191118,-9999,    9
 17598, 95027,20191119,-9999,    9
 17598, 95027,20191120,-9999,    9
 17598, 95027,20191121,-9999,    9
 17598, 95027,20191122,-9999,    9
 17598, 95027,20191123,-9999,    9
 17598, 95027,20191124,-9999,    9
 17598, 95027,20191125,-9999,    9
 17598, 95027,20191126,-9999,    9
 17598, 95027,20191127,-9999,    9
 17598, 95027,20191128,-9999,    9
 17598, 95027,20191129,-9999,    9
 17598, 95027,20191130,-9999,    9
 17598, 95027,20191201,-9999,    9
 17598, 95027,20191202,-9999,    9
 17598, 95027,20191203,-9999,    9
 17598, 95027,20191204,-9999,    9
 17598, 95027,20191205,-9999,    9
 17598, 95027,20191206,-9999,    9
 17598, 95027,20191207,-9999,    9
 17598, 95027,20191208,-9999,    9
 17598, 95027,20191209,-9999,    9
 17598, 95027,20191210,-9999,    9
 17598, 95027,20191211,-9999,    9
 17598, 95027,20191212,-9999,    9
 17598, 95027,20191213,-9999,    9
 17598, 95027,20191214,-9999,    9
 17598, 95027,20191215,-9999,    9
 17598, 95027,20191216,-9999,    9
 17598, 95027,20191217,-9999,    9
 17598, 95027,20191218,-9999,    9
 17598, 95027,20191219,-9999,    9
 17598, 95027,20191220,-9999,    9
 17598, 95027,20191221,-9999,    9
 17598, 95027,20191222,-9999,    9
 17598, 95027,20191223,-9999,    9
 17598, 95027,20191224,-9999,    9
 17598, 95027,20191225,-9999,    9
 17598, 95027,20191226,-9999,    9
 17598, 95027,20191227,-9999,    9
 17598, 95027,20191228,-9999,    9
 17598, 95027,20191229,-9999,    9
 17598, 95027,20191230,-9999,    9
 17598, 95027,20191231,    0,    0
 17598, 95027,20200101,    0,    0
 17598, 95027,20200102,    2,    0
 17598, 95027,20200103,    0,    0
 17598, 95027,20200104,    0,    0
 17598, 95027,20200105,    2,    0
 17598, 95027,20200106,    0,    0
 17598, 95027,20200107,    2,    0
 17598, 95027,20200108,    0,    0
 17598, 95027,20200109,    0,    0
 17598, 95027,20200110,    2,    0
 17598, 95027,20200111,    0,    0
 17598, 95027,20200112,    0,    0
 17598, 95027,20200113,    2,    0
 17598, 95027,20200114,    0,    0
 17598, 95027,20200115,    0,    0
 17598, 95027,20200116,    2,    0
 17598, 95027,20200117,    0,    0
 17598, 95027,20200118,   44,    0
 17598, 95027,20200119,    2,    0
 17598, 95027,20200120,   34,    0
 17598, 95027,20200121,    0,    0
 17598, 95027,20200122,    2,    0
 17598, 95027,20200123,    0,    0
 17598, 95027,20200124,    6,    0
 17598, 95027,20200125,   66,    0
 17598, 95027,20200126,    0,    0
 17598, 95027,20200127,    2,    0
 17598, 95027,20200128,    0,    0
 17598, 95027,20200129,    0,    0
 17598, 95027,20200130,    0,    0
 17598, 95027,20200131,-9999,    9
 17598, 95027,20200201,-9999,    9
 17598, 95027,20200202,-9999,    9
 17598, 95027,20200203,-9999,    9
 17598, 95027,20200204,-9999,    9
 17598, 95027,20200205,-9999,    9
 17598, 95027,20200206,-9999,    9
 17598, 95027,20200207,-9999,    9
 17598, 95027,20200208,-9999,    9
 17598, 95027,20200209,-9999,    9
 17598, 95027,20200210,-9999,    9
 17598, 95027,20200211,-9999,    9
 17598, 95027,20200212,-9999,    9
 17598, 95027,20200213,-9999,    9
 17598, 95027,20200214,-9999,    9
 17598, 95027,20200215,-9999,    9
 17598, 95027,20200216,-9999,    9
 17598, 95027,20200217,-9999,    9
 17598, 95027,20200218,-9999,    9
 17598, 95027,20200219,-9999,    9
 17598, 95027,20200220,-9999,    9
 17598, 95027,20200221,-9999,    9
 17598, 95027,20200222,-9999,    9
 17598, 95027,20200223,-9999,    9
 17598, 95027,20200224,-9999,    9
 17598, 95027,20200225,-9999,    9
 17598, 95027,20200226,-9999,    9
 17598, 95027,20200227,-9999,    9
 17598, 95027,20200228,-9999,    9
 17598, 95027,20200229,-9999,    9
 17598, 95027,20200301,-9999,    9
 17598, 95027,20200302,-9999,    9
 17598, 95027,20200303,-9999,    9
 17598, 95027,20200304,-9999,    9
 17598, 95027,20200305,-9999,    9
 17598, 95027,20200306,-9999,    9
 17598, 95027,20200307,-9999,    9
 17598, 95027,20200308,-9999,    9
 17598, 95027,20200309,-9999,    9
 17598, 95027,20200310,-9999,    9
 17598, 95027,20200311,-9999,    9
 17598, 95027,20200312,-9999,    9
 17598, 95027,20200313,-9999,    9
 17598, 95027,20200314,-9999,    9
 17598, 95027,20200315,-9999,    9
 17598, 95027,20200316,-9999,    9
 17598, 95027,20200317,-9999,    9
 17598, 95027,20200318,-9999,    9
 17598, 95027,20200319,-9999,    9
 17598, 95027,20200320,-9999,    9
 17598, 95027,20200321,-9999,    9
 17598, 95027,20200322,-9999,    9
 17598, 95027,20200323,-9999,    9
 17598, 95027,20200324,-9999,    9
 17598, 95027,20200325,-9999,    9
 17598, 95027,20200326,-9999,    9
 17598, 95027,20200327,-9999,    9
 17598, 95027,20200328,-9999,    9
 17598, 95027,20200329,-9999,    9
 17598, 95027,20200330,-9999,    9
 17598, 95027,20200331,-9999,    9
 17598, 95027,20200401,-9999,    9
 17598, 95027,20200402,-9999,    9
 17598, 95027,20200403,-9999,    9
 17598, 95027,20200404,-9999,    9
 17598, 95027,20200405,-9999,    9
 17598, 95027,20200406,-9999,    9
 17598, 95027,20200407,-9999,    9
 17598, 95027,20200408,-9999,    9
 17598, 95027,20200409,-9999,    9
 17598, 95027,20200410,-9999,    9
 17598, 95027,20200411,-9999,    9
 17598, 95027,20200412,-9999,    9
 17598, 95027,20200413,-9999,    9
 17598, 95027,20200414,-9999,    9
 17598, 95027,20200415,-9999,    9
 17598, 95027,20200416,-9999,    9
 17598, 95027,20200417,-9999,    9
 17598, 95027,20200418,-9999,    9
 17598, 95027,20200419,-9999,    9
 17598, 95027,20200420,-9999,    9
 17598, 95027,20200421,-9999,    9
 17598, 95027,20200422,-9999,    9
 17598, 95027,20200423,-9999,    9
 17598, 95027,20200424,-9999,    9
 17598, 95027,20200425,-9999,    9
 17598, 95027,20200426,-9999,    9
 17598, 95027,20200427,-9999,    9
 17598, 95027,20200428,-9999,    9
 17598, 95027,20200429,-9999,    9
 17598, 95027,20200430,-9999,    9
 17598, 95027,20200501,-9999,    9
 17598, 95027,20200502,-9999,    9
 17598, 95027,20200503,-9999,    9
 17598, 95027,20200504,-9999,    9
 17598, 95027,20200505,-9999,    9
 17598, 95027,20200506,-9999,    9
 17598, 95027,20200507,-9999,    9
 17598, 95027,20200508,-9999,    9
 17598, 95027,20200509,-9999,    9
 17598, 95027,20200510,-9999,    9
 17598, 95027,20200511,-9999,    9
 17598, 95027,20200512,-9999,    9
 17598, 95027,20200513,-9999,    9
 17598, 95027,20200514,-9999,    9
 17598, 95027,20200515,-9999,    9
 17598, 95027,20200516,-9999,    9
 17598, 95027,20200517,-9999,    9
 17598, 95027,20200518,-9999,    9
 17598, 95027,20200519,-9999,    9
 17598, 95027,20200520,-9999,    9
 17598, 95027,20200521,-9999,    9
 17598, 95027,20200522,-9999,    9
 17598, 95027,20200523,-9999,    9
 17598, 95027,20200524,-9999,    9
 17598, 95027,20200525,-9999,    9
 17598, 95027,20200526,-9999,    9
 17598, 95027,20200527,-9999,    9
 17598, 95027,20200528,-9999,    9
 17598, 95027,20200529,-9999,    9
 17598, 95027,20200530,-9999,    9
 17598, 95027,20200531,-9999,    9
 17598, 95027,20200601,-9999,    9
 17598, 95027,20200602,-9999,    9
 17598, 95027,20200603,-9999,    9
 17598, 95027,20200604,-9999,    9
 17598, 95027,20200605,-9999,    9
 17598, 95027,20200606,-9999,    9
 17598, 95027,20200607,-9999,    9
 17598, 95027,20200608,-9999,    9
 17598, 95027,20200609,-9999,    9
 17598, 95027,20200610,-9999,    9
 17598, 95027,20200611,-9999,    9
 17598, 95027,20200612,-9999,    9
 17598, 95027,20200613,-9999,    9
 17598, 95027,20200614,-9999,    9
 17598, 95027,20200615,-9999,    9
 17598, 95027,20200616,-9999,    9
 17598, 95027,20200617,-9999,    9
 17598, 95027,20200618,-9999,    9
 17598, 95027,20200619,-9999,    9
 17598, 95027,20200620,-9999,    9
 17598, 95027,20200621,-9999,    9
 17598, 95027,20200622,-9999,    9
 17598, 95027,20200623,-9999,    9
 17598, 95027,20200624,-9999,    9
 17598, 95027,20200625,-9999,    9
 17598, 95027,20200626,-9999,    9
 17598, 95027,20200627,-9999,    9
 17598, 95027,20200628,-9999,    9
 17598, 95027,20200629,-9999,    9
 17598, 95027,20200630,-9999,    9
 17598, 95027,20200701,-9999,    9
 17598, 95027,20200702,-9999,    9
 17598, 95027,20200703,-9999,    9
 17598, 95027,20200704,-9999,    9
 17598, 95027,20200705,-9999,    9
 17598, 95027,20200706,-9999,    9
 17598, 95027,20200707,-9999,    9
 17598, 95027,20200708,-9999,    9
 17598, 95027,20200709,-9999,    9
 17598, 95027,20200710,-9999,    9
 17598, 95027,20200711,-9999,    9
 17598, 95027,20200712,-9999,    9
 17598, 95027,20200713,-9999,    9
 17598, 95027,20200714,-9999,    9
 17598, 95027,20200715,-9999,    9
 17598, 95027,20200716,-9999,    9
 17598, 95027,20200717,-9999,    9
 17598, 95027,20200718,-9999,    9
 17598, 95027,20200719,-9999,    9
 17598, 95027,20200720,-9999,    9
 17598, 95027,20200721,-9999,    9
 17598, 95027,20200722,-9999,    9
 17598, 95027,20200723,-9999,    9
 17598, 95027,20200724,-9999,    9
 17598, 95027,20200725,-9999,    9
 17598, 95027,20200726,-9999,    9
 17598, 95027,20200727,-9999,    9
 17598, 95027,20200728,-9999,    9
 17598, 95027,20200729,-9999,    9
 17598, 95027,20200730,-9999,    9
 17598, 95027,20200731,-9999,    9
 17598, 95027,20200801,-9999,    9
 17598, 95027,20200802,-9999,    9
 17598, 95027,20200803,-9999,    9
 17598, 95027,20200804,-9999,    9
 17598, 95027,20200805,-9999,    9
 17598, 95027,20200806,-9999,    9
 17598, 95027,20200807,-9999,    9
 17598, 95027,20200808,-9999,    9
 17598, 95027,20200809,-9999,    9
 17598, 95027,20200810,-9999,    9
 17598, 95027,20200811,-9999,    9
 17598, 95027,20200812,-9999,    9
 17598, 95027,20200813,-9999,    9
 17598, 95027,20200814,-9999,    9
 17598, 95027,20200815,-9999,    9
 17598, 95027,20200816,-9999,    9
 17598, 95027,20200817,-9999,    9
 17598, 95027,20200818,-9999,    9
 17598, 95027,20200819,-9999,    9
 17598, 95027,20200820,-9999,    9
 17598, 95027,20200821,-9999,    9
 17598, 95027,20200822,-9999,    9
 17598, 95027,20200823,-9999,    9
 17598, 95027,20200824,-9999,    9
 17598, 95027,20200825,-9999,    9
 17598, 95027,20200826,-9999,    9
 17598, 95027,20200827,-9999,    9
 17598, 95027,20200828,-9999,    9
 17598, 95027,20200829,-9999,    9
 17598, 95027,20200830,-9999,    9
 17598, 95027,20200831,-9999,    9
 17598, 95027,20200901,-9999,    9
 17598, 95027,20200902,-9999,    9
 17598, 95027,20200903,-9999,    9
 17598, 95027,20200904,-9999,    9
 17598, 95027,20200905,-9999,    9
 17598, 95027,20200906,-9999,    9
 17598, 95027,20200907,-9999,    9
 17598, 95027,20200908,-9999,    9
 17598, 95027,20200909,-9999,    9
 17598, 95027,20200910,-9999,    9
 17598, 95027,20200911,-9999,    9
 17598, 95027,20200912,-9999,    9
 17598, 95027,20200913,-9999,    9
 17598, 95027,20200914,-9999,    9
 17598, 95027,20200915,-9999,    9
 17598, 95027,20200916,-9999,    9
 17598, 95027,20200917,-9999,    9
 17598, 95027,20200918,-9999,    9
 17598, 95027,20200919,-9999,    9
 17598, 95027,20200920,-9999,    9
 17598, 95027,20200921,-9999,    9
 17598, 95027,20200922,-9999,    9
 17598, 95027,20200923,-9999,    9
 17598, 95027,20200924,-9999,    9
 17598, 95027,20200925,-9999,    9
 17598, 95027,20200926,-9999,    9
 17598, 95027,20200927,-9999,    9
 17598, 95027,20200928,-9999,    9
 17598, 95027,20200929,-9999,    9
 17598, 95027,20200930,-9999,    9
 17598, 95027,20201001,-9999,    9
 17598, 95027,20201002,-9999,    9
 17598, 95027,20201003,-9999,    9
 17598, 95027,20201004,-9999,    9
 17598, 95027,20201005,-9999,    9
 17598, 95027,20201006,-9999,    9
 17598, 95027,20201007,-9999,    9
 17598, 95027,20201008,-9999,    9
 17598, 95027,20201009,-9999,    9
 17598, 95027,20201010,-9999,    9
 17598, 95027,20201011,-9999,    9
 17598, 95027,20201012,-9999,    9
 17598, 95027,20201013,-9999,    9
 17598, 95027,20201014,-9999,    9
 17598, 95027,20201015,-9999,    9
 17598, 95027,20201016,-9999,    9
 17598, 95027,20201017,-9999,    9
 17598, 95027,20201018,-9999,    9
 17598, 95027,20201019,-9999,    9
 17598, 95027,20201020,-9999,    9
 17598, 95027,20201021,-9999,    9
 17598, 95027,20201022,-9999,    9
 17598, 95027,20201023,-9999,    9
 17598, 95027,20201024,-9999,    9
 17598, 95027,20201025,-9999,    9
 17598, 95027,20201026,-9999,    9
 17598, 95027,20201027,-9999,    9
 17598, 95027,20201028,-9999,    9
 17598, 95027,20201029,-9999,    9
 17598, 95027,20201030,-9999,    9
 17598, 95027,20201031,-9999,    9
 17598, 95027,20201101,-9999,    9
 17598, 95027,20201102,-9999,    9
 17598, 95027,20201103,-9999,    9
 17598, 95027,20201104,-9999,    9
 17598, 95027,20201105,-9999,    9
 17598, 95027,20201106,-9999,    9
 17598, 95027,20201107,-9999,    9
 17598, 95027,20201108,-9999,    9
 17598, 95027,20201109,-9999,    9
 17598, 95027,20201110,-9999,    9
 17598, 95027,20201111,-9999,    9
 17598, 95027,20201112,-9999,    9
 17598, 95027,20201113,-9999,    9
 17598, 95027,20201114,-9999,    9
 17598, 95027,20201115,-9999,    9
 17598, 95027,20201116,-9999,    9
 17598, 95027,20201117,-9999,    9
 17598, 95027,20201118,-9999,    9
 17598, 95027,20201119,-9999,    9
 17598, 95027,20201120,-9999,    9
 17598, 95027,20201121,-9999,    9
 17598, 95027,20201122,-9999,    9
 17598, 95027,20201123,-9999,    9
 17598, 95027,20201124,-9999,    9
 17598, 95027,20201125,-9999,    9
 17598, 95027,20201126,-9999,    9
 17598, 95027,20201127,-9999,    9
 17598, 95027,20201128,-9999,    9
 17598, 95027,20201129,-9999,    9
 17598, 95027,20201130,-9999,    9
 17598, 95027,20201201,-9999,    9
 17598, 95027,20201202,-9999,    9
 17598, 95027,20201203,-9999,    9
 17598, 95027,20201204,-9999,    9
 17598, 95027,20201205,-9999,    9
 17598, 95027,20201206,-9999,    9
 17598, 95027,20201207,-9999,    9
 17598, 95027,20201208,-9999,    9
 17598, 95027,20201209,-9999,    9
 17598, 95027,20201210,-9999,    9
 17598, 95027,20201211,-9999,    9
 17598, 95027,20201212,-9999,    9
 17598, 95027,20201213,-9999,    9
 17598, 95027,20201214,-9999,    9
 17598, 95027,20201215,-9999,    9
 17598, 95027,20201216,-9999,    9
 17598, 95027,20201217,-9999,    9
 17598, 95027,20201218,-9999,    9
 17598, 95027,20201219,-9999,    9
 17598, 95027,20201220,-9999,    9
 17598, 95027,20201221,-9999,    9
 17598, 95027,20201222,-9999,    9
 17598, 95027,20201223,-9999,    9
 17598, 95027,20201224,-9999,    9
 17598, 95027,20201225,-9999,    9
 17598, 95027,20201226,-9999,    9
 17598, 95027,20201227,-9999,    9
 17598, 95027,20201228,-9999,    9
 17598, 95027,20201229,-9999,    9
 17598, 95027,20201230,-9999,    9
 17598, 95027,20201231,-9999,    9
 17598, 95027,20210101,-9999,    9
 17598, 95027,20210102,-9999,    9
 17598, 95027,20210103,-9999,    9
 17598, 95027,20210104,-9999,    9
 17598, 95027,20210105,-9999,    9
 17598, 95027,20210106,-9999,    9
 17598, 95027,20210107,-9999,    9
 17598, 95027,20210108,-9999,    9
 17598, 95027,20210109,-9999,    9
 17598, 95027,20210110,-9999,    9
 17598, 95027,20210111,-9999,    9
 17598, 95027,20210112,-9999,    9
 17598, 95027,20210113,-9999,    9
 17598, 95027,20210114,-9999,    9
 17598, 95027,20210115,-9999,    9
 17598, 95027,20210116,-9999,    9
 17598, 95027,20210117,-9999,    9
 17598, 95027,20210118,-9999,    9
 17598, 95027,20210119,-9999,    9
 17598, 95027,20210120,-9999,    9
 17598, 95027,20210121,-9999,    9
 17598, 95027,20210122,-9999,    9
 17598, 95027,20210123,-9999,    9
 17598, 95027,20210124,-9999,    9
 17598, 95027,20210125,-9999,    9
 17598, 95027,20210126,-9999,    9
 17598, 95027,20210127,-9999,    9
 17598, 95027,20210128,-9999,    9
 17598, 95027,20210129,-9999,    9
 17598, 95027,20210130,-9999,    9
 17598, 95027,20210131,-9999,    9
 17598, 95027,20210201,-9999,    9
 17598, 95027,20210202,-9999,    9
 17598, 95027,20210203,-9999,    9
 17598, 95027,20210204,-9999,    9
 17598, 95027,20210205,-9999,    9
 17598, 95027,20210206,-9999,    9
 17598, 95027,20210207,-9999,    9
 17598, 95027,20210208,-9999,    9
 17598, 95027,20210209,-9999,    9
 17598, 95027,20210210,-9999,    9
 17598, 95027,20210211,-9999,    9
 17598, 95027,20210212,-9999,    9
 17598, 95027,20210213,-9999,    9
 17598, 95027,20210214,-9999,    9
 17598, 95027,20210215,-9999,    9
 17598, 95027,20210216,-9999,    9
 17598, 95027,20210217,-9999,    9
 17598, 95027,20210218,-9999,    9
 17598, 95027,20210219,-9999,    9
 17598, 95027,20210220,-9999,    9
 17598, 95027,20210221,-9999,    9
 17598, 95027,20210222,-9999,    9
 17598, 95027,20210223,-9999,    9
 17598, 95027,20210224,-9999,    9
 17598, 95027,20210225,-9999,    9
 17598, 95027,20210226,-9999,    9
 17598, 95027,20210227,-9999,    9
 17598, 95027,20210228,-9999,    9
 17598, 95027,20210301,-9999,    9
 17598, 95027,20210302,-9999,    9
 17598, 95027,20210303,-9999,    9
 17598, 95027,20210304,-9999,    9
 17598, 95027,20210305,-9999,    9
 17598, 95027,20210306,-9999,    9
 17598, 95027,20210307,-9999,    9
 17598, 95027,20210308,-9999,    9
 17598, 95027,20210309,-9999,    9
 17598, 95027,20210310,-9999,    9
 17598, 95027,20210311,-9999,    9
 17598, 95027,20210312,-9999,    9
 17598, 95027,20210313,-9999,    9
 17598, 95027,20210314,-9999,    9
 17598, 95027,20210315,-9999,    9
 17598, 95027,20210316,-9999,    9
 17598, 95027,20210317,-9999,    9
 17598, 95027,20210318,-9999,    9
 17598, 95027,20210319,-9999,    9
 17598, 95027,20210320,-9999,    9
 17598, 95027,20210321,-9999,    9
 17598, 95027,20210322,-9999,    9
 17598, 95027,20210323,-9999,    9
 17598, 95027,20210324,-9999,    9
 17598, 95027,20210325,-9999,    9
 17598, 95027,20210326,-9999,    9
 17598, 95027,20210327,-9999,    9
 17598, 95027,20210328,-9999,    9
 17598, 95027,20210329,-9999,    9
 17598, 95027,20210330,-9999,    9
 17598, 95027,20210331,-9999,    9
 17598, 95027,20210401,-9999,    9
 17598, 95027,20210402,-9999,    9
 17598, 95027,20210403,-9999,    9
 17598, 95027,20210404,-9999,    9
 17598, 95027,20210405,-9999,    9
 17598, 95027,20210406,-9999,    9
 17598, 95027,20210407,-9999,    9
 17598, 95027,20210408,-9999,    9
 17598, 95027,20210409,-9999,    9
 17598, 95027,20210410,-9999,    9
 17598, 95027,20210411,-9999,    9
 17598, 95027,20210412,-9999,    9
 17598, 95027,20210413,-9999,    9
 17598, 95027,20210414,-9999,    9
 17598, 95027,20210415,-9999,    9
 17598, 95027,20210416,-9999,    9
 17598, 95027,20210417,-9999,    9
 17598, 95027,20210418,-9999,    9
 17598, 95027,20210419,-9999,    9
 17598, 95027,20210420,-9999,    9
 17598, 95027,20210421,-9999,    9
 17598, 95027,20210422,-9999,    9
 17598, 95027,20210423,-9999,    9
 17598, 95027,20210424,-9999,    9
 17598, 95027,20210425,-9999,    9
 17598, 95027,20210426,-9999,    9
 17598, 95027,20210427,-9999,    9
 17598, 95027,20210428,-9999,    9
 17598, 95027,20210429,-9999,    9
 17598, 95027,20210430,-9999,    9
 17598, 95027,20210501,-9999,    9
 17598, 95027,20210502,-9999,    9
 17598, 95027,20210503,-9999,    9
 17598, 95027,20210504,-9999,    9
 17598, 95027,20210505,-9999,    9
 17598, 95027,20210506,-9999,    9
 17598, 95027,20210507,-9999,    9
 17598, 95027,20210508,-9999,    9
 17598, 95027,20210509,-9999,    9
 17598, 95027,20210510,-9999,    9
 17598, 95027,20210511,-9999,    9
 17598, 95027,20210512,-9999,    9
 17598, 95027,20210513,-9999,    9
 17598, 95027,20210514,-9999,    9
 17598, 95027,20210515,-9999,    9
 17598, 95027,20210516,-9999,    9
 17598, 95027,20210517,-9999,    9
 17598, 95027,20210518,-9999,    9
 17598, 95027,20210519,-9999,    9
 17598, 95027,20210520,-9999,    9
 17598, 95027,20210521,-9999,    9
 17598, 95027,20210522,-9999,    9
 17598, 95027,20210523,-9999,    9
 17598, 95027,20210524,-9999,    9
 17598, 95027,20210525,-9999,    9
 17598, 95027,20210526,-9999,    9
 17598, 95027,20210527,-9999,    9
 17598, 95027,20210528,-9999,    9
 17598, 95027,20210529,-9999,    9
 17598, 95027,20210530,-9999,    9
 17598, 95027,20210531,-9999,    9
 17598, 95027,20210601,-9999,    9
 17598, 95027,20210602,-9999,    9
 17598, 95027,20210603,-9999,    9
 17598, 95027,20210604,-9999,    9
 17598, 95027,20210605,-9999,    9
 17598, 95027,20210606,-9999,    9
 17598, 95027,20210607,-9999,    9
 17598, 95027,20210608,-9999,    9
 17598, 95027,20210609,-9999,    9
 17598, 95027,20210610,-9999,    9
 17598, 95027,20210611,-9999,    9
 17598, 95027,20210612,-9999,    9
 17598, 95027,20210613,-9999,    9
 17598, 95027,20210614,-9999,    9
 17598, 95027,20210615,-9999,    9
 17598, 95027,20210616,-9999,    9
 17598, 95027,20210617,-9999,    9
 17598, 95027,20210618,-9999,    9
 17598, 95027,20210619,-9999,    9
 17598, 95027,20210620,-9999,    9
 17598, 95027,20210621,-9999,    9
 17598, 95027,20210622,-9999,    9
 17598, 95027,20210623,-9999,    9
 17598, 95027,20210624,-9999,    9
 17598, 95027,20210625,-9999,    9
 17598, 95027,20210626,-9999,    9
 17598, 95027,20210627,-9999,    9
 17598, 95027,20210628,-9999,    9
 17598, 95027,20210629,-9999,    9
 17598, 95027,20210630,-9999,    9
 17598, 95027,20210701,-9999,    9
 17598, 95027,20210702,-9999,    9
 17598, 95027,20210703,-9999,    9
 17598, 95027,20210704,-9999,    9
 17598, 95027,20210705,-9999,    9
 17598, 95027,20210706,-9999,    9
 17598, 95027,20210707,-9999,    9
 17598, 95027,20210708,-9999,    9
 17598, 95027,20210709,-9999,    9
 17598, 95027,20210710,-9999,    9
 17598, 95027,20210711,-9999,    9
 17598, 95027,20210712,-9999,    9
 17598, 95027,20210713,-9999,    9
 17598, 95027,20210714,-9999,    9
 17598, 95027,20210715,-9999,    9
 17598, 95027,20210716,-9999,    9
 17598, 95027,20210717,-9999,    9
 17598, 95027,20210718,-9999,    9
 17598, 95027,20210719,-9999,    9
 17598, 95027,20210720,-9999,    9
 17598, 95027,20210721,-9999,    9
 17598, 95027,20210722,-9999,    9
 17598, 95027,20210723,-9999,    9
 17598, 95027,20210724,-9999,    9
 17598, 95027,20210725,-9999,    9
 17598, 95027,20210726,-9999,    9
 17598, 95027,20210727,-9999,    9
 17598, 95027,20210728,-9999,    9
 17598, 95027,20210729,-9999,    9
 17598, 95027,20210730,-9999,    9
 17598, 95027,20210731,-9999,    9
 17598, 95027,20210801,-9999,    9
 17598, 95027,20210802,-9999,    9
 17598, 95027,20210803,-9999,    9
 17598, 95027,20210804,-9999,    9
 17598, 95027,20210805,-9999,    9
 17598, 95027,20210806,-9999,    9
 17598, 95027,20210807,-9999,    9
 17598, 95027,20210808,-9999,    9
 17598, 95027,20210809,-9999,    9
 17598, 95027,20210810,-9999,    9
 17598, 95027,20210811,-9999,    9
 17598, 95027,20210812,-9999,    9
 17598, 95027,20210813,-9999,    9
 17598, 95027,20210814,-9999,    9
 17598, 95027,20210815,-9999,    9
 17598, 95027,20210816,-9999,    9
 17598, 95027,20210817,-9999,    9
 17598, 95027,20210818,-9999,    9
 17598, 95027,20210819,-9999,    9
 17598, 95027,20210820,-9999,    9
 17598, 95027,20210821,-9999,    9
 17598, 95027,20210822,-9999,    9
 17598, 95027,20210823,-9999,    9
 17598, 95027,20210824,-9999,    9
 17598, 95027,20210825,-9999,    9
 17598, 95027,20210826,-9999,    9
 17598, 95027,20210827,-9999,    9
 17598, 95027,20210828,-9999,    9
 17598, 95027,20210829,-9999,    9
 17598, 95027,20210830,-9999,    9
 17598, 95027,20210831,-9999,    9
 17598, 95027,20210901,-9999,    9
 17598, 95027,20210902,-9999,    9
 17598, 95027,20210903,-9999,    9
 17598, 95027,20210904,-9999,    9
 17598, 95027,20210905,-9999,    9
 17598, 95027,20210906,-9999,    9
 17598, 95027,20210907,-9999,    9
 17598, 95027,20210908,-9999,    9
 17598, 95027,20210909,-9999,    9
 17598, 95027,20210910,-9999,    9
 17598, 95027,20210911,-9999,    9
 17598, 95027,20210912,-9999,    9
 17598, 95027,20210913,-9999,    9
 17598, 95027,20210914,-9999,    9
 17598, 95027,20210915,-9999,    9
 17598, 95027,20210916,-9999,    9
 17598, 95027,20210917,-9999,    9
 17598, 95027,20210918,-9999,    9
 17598, 95027,20210919,-9999,    9
 17598, 95027,20210920,-9999,    9
 17598, 95027,20210921,-9999,    9
 17598, 95027,20210922,-9999,    9
 17598, 95027,20210923,-9999,    9
 17598, 95027,20210924,-9999,    9
 17598, 95027,20210925,-9999,    9
 17598, 95027,20210926,-9999,    9
 17598, 95027,20210927,-9999,    9
 17598, 95027,20210928,-9999,    9
 17598, 95027,20210929,-9999,    9
 17598, 95027,20210930,-9999,    9
 17598, 95027,20211001,-9999,    9
 17598, 95027,20211002,-9999,    9
 17598, 95027,20211003,-9999,    9
 17598, 95027,20211004,-9999,    9
 17598, 95027,20211005,-9999,    9
 17598, 95027,20211006,-9999,    9
 17598, 95027,20211007,-9999,    9
 17598, 95027,20211008,-9999,    9
 17598, 95027,20211009,-9999,    9
 17598, 95027,20211010,-9999,    9
 17598, 95027,20211011,-9999,    9
 17598, 95027,20211012,-9999,    9
 17598, 95027,20211013,-9999,    9
 17598, 95027,20211014,-9999,    9
 17598, 95027,20211015,-9999,    9
 17598, 95027,20211016,-9999,    9
 17598, 95027,20211017,-9999,    9
 17598, 95027,20211018,-9999,    9
 17598, 95027,20211019,-9999,    9
 17598, 95027,20211020,-9999,    9
 17598, 95027,20211021,-9999,    9
 17598, 95027,20211022,-9999,    9
 17598, 95027,20211023,-9999,    9
 17598, 95027,20211024,-9999,    9
 17598, 95027,20211025,-9999,    9
 17598, 95027,20211026,-9999,    9
 17598, 95027,20211027,-9999,    9
 17598, 95027,20211028,-9999,    9
 17598, 95027,20211029,-9999,    9
 17598, 95027,20211030,-9999,    9
 17598, 95027,20211031,-9999,    9
 17598, 95027,20211101,-9999,    9
 17598, 95027,20211102,-9999,    9
 17598, 95027,20211103,-9999,    9
 17598, 95027,20211104,-9999,    9
 17598, 95027,20211105,-9999,    9
 17598, 95027,20211106,-9999,    9
 17598, 95027,20211107,-9999,    9
 17598, 95027,20211108,-9999,    9
 17598, 95027,20211109,-9999,    9
 17598, 95027,20211110,-9999,    9
 17598, 95027,20211111,-9999,    9
 17598, 95027,20211112,-9999,    9
 17598, 95027,20211113,-9999,    9
 17598, 95027,20211114,-9999,    9
 17598, 95027,20211115,-9999,    9
 17598, 95027,20211116,-9999,    9
 17598, 95027,20211117,-9999,    9
 17598, 95027,20211118,-9999,    9
 17598, 95027,20211119,-9999,    9
 17598, 95027,20211120,-9999,    9
 17598, 95027,20211121,-9999,    9
 17598, 95027,20211122,-9999,    9
 17598, 95027,20211123,-9999,    9
 17598, 95027,20211124,-9999,    9
 17598, 95027,20211125,-9999,    9
 17598, 95027,20211126,-9999,    9
 17598, 95027,20211127,-9999,    9
 17598, 95027,20211128,-9999,    9
 17598, 95027,20211129,-9999,    9
 17598, 95027,20211130,-9999,    9
 17598, 95027,20211201,-9999,    9
 17598, 95027,20211202,-9999,    9
 17598, 95027,20211203,-9999,    9
 17598, 95027,20211204,-9999,    9
 17598, 95027,20211205,-9999,    9
 17598, 95027,20211206,-9999,    9
 17598, 95027,20211207,-9999,    9
 17598, 95027,20211208,-9999,    9
 17598, 95027,20211209,-9999,    9
 17598, 95027,20211210,-9999,    9
 17598, 95027,20211211,-9999,    9
 17598, 95027,20211212,-9999,    9
 17598, 95027,20211213,-9999,    9
 17598, 95027,20211214,-9999,    9
 17598, 95027,20211215,-9999,    9
 17598, 95027,20211216,-9999,    9
 17598, 95027,20211217,-9999,    9
 17598, 95027,20211218,-9999,    9
 17598, 95027,20211219,-9999,    9
 17598, 95027,20211220,-9999,    9
 17598, 95027,20211221,-9999,    9
 17598, 95027,20211222,-9999,    9
 17598, 95027,20211223,-9999,    9
 17598, 95027,20211224,-9999,    9
 17598, 95027,20211225,-9999,    9
 17598, 95027,20211226,-9999,    9
 17598, 95027,20211227,-9999,    9
 17598, 95027,20211228,-9999,    9
 17598, 95027,20211229,-9999,    9
 17598, 95027,20211230,-9999,    9
 17598, 95027,20211231,-9999,    9
 17598, 95027,20220101,-9999,    9
 17598, 95027,20220102,-9999,    9
 17598, 95027,20220103,-9999,    9
 17598, 95027,20220104,-9999,    9
 17598, 95027,20220105,-9999,    9
 17598, 95027,20220106,-9999,    9
 17598, 95027,20220107,-9999,    9
 17598, 95027,20220108,-9999,    9
 17598, 95027,20220109,-9999,    9
 17598, 95027,20220110,-9999,    9
 17598, 95027,20220111,-9999,    9
 17598, 95027,20220112,-9999,    9
 17598, 95027,20220113,-9999,    9
 17598, 95027,20220114,-9999,    9
 17598, 95027,20220115,-9999,    9
 17598, 95027,20220116,-9999,    9
 17598, 95027,20220117,-9999,    9
 17598, 95027,20220118,-9999,    9
 17598, 95027,20220119,-9999,    9
 17598, 95027,20220120,-9999,    9
 17598, 95027,20220121,-9999,    9
 17598, 95027,20220122,-9999,    9
 17598, 95027,20220123,-9999,    9
 17598, 95027,20220124,-9999,    9
 17598, 95027,20220125,-9999,    9
 17598, 95027,20220126,-9999,    9
 17598, 95027,20220127,-9999,    9
 17598, 95027,20220128,-9999,    9
 17598, 95027,20220129,-9999,    9
 17598, 95027,20220130,-9999,    9
 17598, 95027,20220131,-9999,    9
 17598, 95027,20220201,-9999,    9
 17598, 95027,20220202,-9999,    9
 17598, 95027,20220203,-9999,    9
 17598, 95027,20220204,-9999,    9
 17598, 95027,20220205,-9999,    9
 17598, 95027,20220206,-9999,    9
 17598, 95027,20220207,-9999,    9
 17598, 95027,20220208,-9999,    9
 17598, 95027,20220209,-9999,    9
 17598, 95027,20220210,-9999,    9
 17598, 95027,20220211,-9999,    9
 17598, 95027,20220212,-9999,    9
 17598, 95027,20220213,-9999,    9
 17598, 95027,20220214,-9999,    9
 17598, 95027,20220215,-9999,    9
 17598, 95027,20220216,-9999,    9
 17598, 95027,20220217,-9999,    9
 17598, 95027,20220218,-9999,    9
 17598, 95027,20220219,-9999,    9
 17598, 95027,20220220,-9999,    9
 17598, 95027,20220221,-9999,    9
 17598, 95027,20220222,-9999,    9
 17598, 95027,20220223,-9999,    9
 17598, 95027,20220224,-9999,    9
 17598, 95027,20220225,-9999,    9
 17598, 95027,20220226,-9999,    9
 17598, 95027,20220227,-9999,    9
 17598, 95027,20220228,-9999,    9
 17598, 95027,20220301,-9999,    9
 17598, 95027,20220302,-9999,    9
 17598, 95027,20220303,-9999,    9
 17598, 95027,20220304,-9999,    9
 17598, 95027,20220305,-9999,    9
 17598, 95027,20220306,-9999,    9
 17598, 95027,20220307,-9999,    9
 17598, 95027,20220308,-9999,    9
 17598, 95027,20220309,-9999,    9
 17598, 95027,20220310,-9999,    9
 17598, 95027,20220311,-9999,    9
 17598, 95027,20220312,-9999,    9
 17598, 95027,20220313,-9999,    9
 17598, 95027,20220314,-9999,    9
 17598, 95027,20220315,-9999,    9
 17598, 95027,20220316,-9999,    9
 17598, 95027,20220317,-9999,    9
 17598, 95027,20220318,-9999,    9
 17598, 95027,20220319,-9999,    9
 17598, 95027,20220320,-9999,    9
 17598, 95027,20220321,-9999,    9
 17598, 95027,20220322,-9999,    9
 17598, 95027,20220323,-9999,    9
 17598, 95027,20220324,-9999,    9
 17598, 95027,20220325,-9999,    9
 17598, 95027,20220326,-9999,    9
 17598, 95027,20220327,-9999,    9
 17598, 95027,20220328,-9999,    9
 17598, 95027,20220329,-9999,    9
 17598, 95027,20220330,-9999,    9
 17598, 95027,20220331,-9999,    9
 17598, 95027,20220401,-9999,    9
 17598, 95027,20220402,-9999,    9
 17598, 95027,20220403,-9999,    9
 17598, 95027,20220404,-9999,    9
 17598, 95027,20220405,-9999,    9
 17598, 95027,20220406,-9999,    9
 17598, 95027,20220407,-9999,    9
 17598, 95027,20220408,-9999,    9
 17598, 95027,20220409,-9999,    9
 17598, 95027,20220410,-9999,    9
 17598, 95027,20220411,-9999,    9
 17598, 95027,20220412,-9999,    9
 17598, 95027,20220413,-9999,    9
 17598, 95027,20220414,-9999,    9
 17598, 95027,20220415,-9999,    9
 17598, 95027,20220416,-9999,    9
 17598, 95027,20220417,-9999,    9
 17598, 95027,20220418,-9999,    9
 17598, 95027,20220419,-9999,    9
 17598, 95027,20220420,-9999,    9
 17598, 95027,20220421,-9999,    9
 17598, 95027,20220422,-9999,    9
 17598, 95027,20220423,-9999,    9
 17598, 95027,20220424,-9999,    9
 17598, 95027,20220425,-9999,    9
 17598, 95027,20220426,-9999,    9
 17598, 95027,20220427,-9999,    9
 17598, 95027,20220428,-9999,    9
 17598, 95027,20220429,-9999,    9
 17598, 95027,20220430,-9999,    9
 17598, 95027,20220501,-9999,    9
 17598, 95027,20220502,-9999,    9
 17598, 95027,20220503,-9999,    9
 17598, 95027,20220504,-9999,    9
 17598, 95027,20220505,-9999,    9
 17598, 95027,20220506,-9999,    9
 17598, 95027,20220507,-9999,    9
 17598, 95027,20220508,-9999,    9
 17598, 95027,20220509,-9999,    9
 17598, 95027,20220510,-9999,    9
 17598, 95027,20220511,-9999,    9
 17598, 95027,20220512,-9999,    9
 17598, 95027,20220513,-9999,    9
 17598, 95027,20220514,-9999,    9
 17598, 95027,20220515,-9999,    9
 17598, 95027,20220516,-9999,    9
 17598, 95027,20220517,-9999,    9
 17598, 95027,20220518,-9999,    9
 17598, 95027,20220519,-9999,    9
 17598, 95027,20220520,-9999,    9
 17598, 95027,20220521,-9999,    9
 17598, 95027,20220522,-9999,    9
 17598, 95027,20220523,-9999,    9
 17598, 95027,20220524,-9999,    9
 17598, 95027,20220525,-9999,    9
 17598, 95027,20220526,-9999,    9
 17598, 95027,20220527,-9999,    9
 17598, 95027,20220528,-9999,    9
 17598, 95027,20220529,-9999,    9
 17598, 95027,20220530,-9999,    9
 17598, 95027,20220531,-9999,    9
 17598, 95027,20220601,-9999,    9
 17598, 95027,20220602,-9999,    9
 17598, 95027,20220603,-9999,    9
 17598, 95027,20220604,-9999,    9
 17598, 95027,20220605,-9999,    9
 17598, 95027,20220606,-9999,    9
 17598, 95027,20220607,-9999,    9
 17598, 95027,20220608,-9999,    9
 17598, 95027,20220609,-9999,    9
 17598, 95027,20220610,-9999,    9
 17598, 95027,20220611,-9999,    9
 17598, 95027,20220612,-9999,    9
 17598, 95027,20220613,-9999,    9
 17598, 95027,20220614,-9999,    9
 17598, 95027,20220615,-9999,    9
 17598, 95027,20220616,-9999,    9
 17598, 95027,20220617,-9999,    9
 17598, 95027,20220618,-9999,    9
 17598, 95027,20220619,-9999,    9
 17598, 95027,20220620,-9999,    9
 17598, 95027,20220621,-9999,    9
 17598, 95027,20220622,-9999,    9
 17598, 95027,20220623,-9999,    9
 17598, 95027,20220624,-9999,    9
 17598, 95027,20220625,-9999,    9
 17598, 95027,20220626,-9999,    9
 17598, 95027,20220627,-9999,    9
 17598, 95027,20220628,-9999,    9
 17598, 95027,20220629,-9999,    9
 17598, 95027,20220630,-9999,    9
 17598, 95027,20220701,-9999,    9
 17598, 95027,20220702,-9999,    9
 17598, 95027,20220703,-9999,    9
 17598, 95027,20220704,-9999,    9
 17598, 95027,20220705,-9999,    9
 17598, 95027,20220706,-9999,    9
 17598, 95027,20220707,-9999,    9
 17598, 95027,20220708,-9999,    9
 17598, 95027,20220709,-9999,    9
 17598, 95027,20220710,-9999,    9
 17598, 95027,20220711,-9999,    9
 17598, 95027,20220712,-9999,    9
 17598, 95027,20220713,-9999,    9
 17598, 95027,20220714,-9999,    9
 17598, 95027,20220715,-9999,    9
 17598, 95027,20220716,-9999,    9
 17598, 95027,20220717,-9999,    9
 17598, 95027,20220718,-9999,    9
 17598, 95027,20220719,-9999,    9
 17598, 95027,20220720,-9999,    9
 17598, 95027,20220721,-9999,    9
 17598, 95027,20220722,-9999,    9
 17598, 95027,20220723,-9999,    9
 17598, 95027,20220724,-9999,    9
 17598, 95027,20220725,-9999,    9
 17598, 95027,20220726,-9999,    9
 17598, 95027,20220727,-9999,    9
 17598, 95027,20220728,-9999,    9
 17598, 95027,20220729,-9999,    9
 17598, 95027,20220730,-9999,    9
 17598, 95027,20220731,-9999,    9
 17598, 95027,20220801,-9999,    9
 17598, 95027,20220802,-9999,    9
 17598, 95027,20220803,-9999,    9
 17598, 95027,20220804,-9999,    9
 17598, 95027,20220805,-9999,    9
 17598, 95027,20220806,-9999,    9
 17598, 95027,20220807,-9999,    9
 17598, 95027,20220808,-9999,    9
 17598, 95027,20220809,-9999,    9
 17598, 95027,20220810,-9999,    9
 17598, 95027,20220811,-9999,    9
 17598, 95027,20220812,-9999,    9
 17598, 95027,20220813,-9999,    9
 17598, 95027,20220814,-9999,    9
 17598, 95027,20220815,-9999,    9
 17598, 95027,20220816,-9999,    9
 17598, 95027,20220817,-9999,    9
 17598, 95027,20220818,-9999,    9
 17598, 95027,20220819,-9999,    9
 17598, 95027,20220820,-9999,    9
 17598, 95027,20220821,-9999,    9
 17598, 95027,20220822,-9999,    9
 17598, 95027,20220823,-9999,    9
 17598, 95027,20220824,-9999,    9
 17598, 95027,20220825,-9999,    9
 17598, 95027,20220826,-9999,    9
 17598, 95027,20220827,-9999,    9
 17598, 95027,20220828,-9999,    9
 17598, 95027,20220829,-9999,    9
 17598, 95027,20220830,-9999,    9
 17598, 95027,20220831,-9999,    9
 17598, 95027,20220901,-9999,    9
 17598, 95027,20220902,-9999,    9
 17598, 95027,20220903,-9999,    9
 17598, 95027,20220904,-9999,    9
 17598, 95027,20220905,-9999,    9
 17598, 95027,20220906,-9999,    9
 17598, 95027,20220907,-9999,    9
 17598, 95027,20220908,-9999,    9
 17598, 95027,20220909,-9999,    9
 17598, 95027,20220910,-9999,    9
 17598, 95027,20220911,-9999,    9
 17598, 95027,20220912,-9999,    9
 17598, 95027,20220913,-9999,    9
 17598, 95027,20220914,-9999,    9
 17598, 95027,20220915,-9999,    9
 17598, 95027,20220916,-9999,    9
 17598, 95027,20220917,-9999,    9
 17598, 95027,20220918,-9999,    9
 17598, 95027,20220919,-9999,    9
 17598, 95027,20220920,-9999,    9
 17598, 95027,20220921,-9999,    9
 17598, 95027,20220922,-9999,    9
 17598, 95027,20220923,-9999,    9
 17598, 95027,20220924,-9999,    9
 17598, 95027,20220925,-9999,    9
 17598, 95027,20220926,-9999,    9
 17598, 95027,20220927,-9999,    9
 17598, 95027,20220928,-9999,    9
 17598, 95027,20220929,-9999,    9
 17598, 95027,20220930,-9999,    9
 17598, 95027,20221001,-9999,    9
 17598, 95027,20221002,-9999,    9
 17598, 95027,20221003,-9999,    9
 17598, 95027,20221004,-9999,    9
 17598, 95027,20221005,-9999,    9
 17598, 95027,20221006,-9999,    9
 17598, 95027,20221007,-9999,    9
 17598, 95027,20221008,-9999,    9
 17598, 95027,20221009,-9999,    9
 17598, 95027,20221010,-9999,    9
 17598, 95027,20221011,-9999,    9
 17598, 95027,20221012,-9999,    9
 17598, 95027,20221013,-9999,    9
 17598, 95027,20221014,-9999,    9
 17598, 95027,20221015,-9999,    9
 17598, 95027,20221016,-9999,    9
 17598, 95027,20221017,-9999,    9
 17598, 95027,20221018,-9999,    9
 17598, 95027,20221019,-9999,    9
 17598, 95027,20221020,-9999,    9
 17598, 95027,20221021,-9999,    9
 17598, 95027,20221022,-9999,    9
 17598, 95027,20221023,-9999,    9
 17598, 95027,20221024,-9999,    9
 17598, 95027,20221025,-9999,    9
 17598, 95027,20221026,-9999,    9
 17598, 95027,20221027,-9999,    9
 17598, 95027,20221028,-9999,    9
 17598, 95027,20221029,-9999,    9
 17598, 95027,20221030,-9999,    9
 17598, 95027,20221031,-9999,    9
