EUROPEAN CLIMATE ASSESSMENT & DATASET (ECA&D), file created on: 16-11-2022
THESE DATA CAN BE USED FOR NON-COMMERCIAL RESEARCH AND EDUCATION PROVIDED THAT THE FOLLOWING SOURCE IS ACKNOWLEDGED: 

Klein Tank, A.M.G. and Coauthors, 2002. Daily dataset of 20th-century surface
air temperature and precipitation series for the European Climate Assessment.
Int. J. of Climatol., 22, 1441-1453.
Data and metadata available at http://www.ecad.eu

FILE FORMAT (MISSING VALUE CODE = -9999):

01-06 STAID: Station identifier
08-13 SOUID: Source identifier
15-22 DATE : Date YYYYMMDD
24-28 RR   : Precipitation amount in 0.1 mm
30-34 Q_RR : quality code for RR (0='valid'; 1='suspect'; 9='missing')

This is the blended series of station BISCHOFSHEIM/RHOEN (KREUZBERG), GERMANY (STAID: 22407)
Blended and updated with sources:120748 
See files sources.txt and stations.txt for more info.

STAID, SOUID,    DATE,   RR, Q_RR
 22407,120748,20190701,    0,    1
 22407,120748,20190702,    0,    1
 22407,120748,20190703,    0,    1
 22407,120748,20190704,    0,    1
 22407,120748,20190705,    0,    1
 22407,120748,20190706,    4,    0
 22407,120748,20190707,   15,    1
 22407,120748,20190708,    0,    1
 22407,120748,20190709,    0,    1
 22407,120748,20190710,   10,    0
 22407,120748,20190711,   76,    0
 22407,120748,20190712,    5,    1
 22407,120748,20190713,    0,    1
 22407,120748,20190714,    0,    1
 22407,120748,20190715,    0,    1
 22407,120748,20190716,    0,    1
 22407,120748,20190717,    0,    1
 22407,120748,20190718,    1,    0
 22407,120748,20190719,   24,    1
 22407,120748,20190720,    0,    1
 22407,120748,20190721,    0,    1
 22407,120748,20190722,    0,    1
 22407,120748,20190723,    0,    1
 22407,120748,20190724,    0,    1
 22407,120748,20190725,    0,    1
 22407,120748,20190726,    0,    1
 22407,120748,20190727,    0,    1
 22407,120748,20190728,  180,    1
 22407,120748,20190729,    0,    1
 22407,120748,20190730,    0,    1
 22407,120748,20190731,    0,    1
 22407,120748,20190801,-9999,    9
 22407,120748,20190802,-9999,    9
 22407,120748,20190803,-9999,    9
 22407,120748,20190804,-9999,    9
 22407,120748,20190805,-9999,    9
 22407,120748,20190806,-9999,    9
 22407,120748,20190807,-9999,    9
 22407,120748,20190808,-9999,    9
 22407,120748,20190809,-9999,    9
 22407,120748,20190810,-9999,    9
 22407,120748,20190811,-9999,    9
 22407,120748,20190812,-9999,    9
 22407,120748,20190813,-9999,    9
 22407,120748,20190814,-9999,    9
 22407,120748,20190815,-9999,    9
 22407,120748,20190816,-9999,    9
 22407,120748,20190817,-9999,    9
 22407,120748,20190818,-9999,    9
 22407,120748,20190819,-9999,    9
 22407,120748,20190820,-9999,    9
 22407,120748,20190821,-9999,    9
 22407,120748,20190822,-9999,    9
 22407,120748,20190823,-9999,    9
 22407,120748,20190824,-9999,    9
 22407,120748,20190825,   30,    1
 22407,120748,20190826,    0,    1
 22407,120748,20190827,    0,    1
 22407,120748,20190828,    0,    1
 22407,120748,20190829,    0,    1
 22407,120748,20190830,    0,    1
 22407,120748,20190831,    0,    1
 22407,120748,20190901,    0,    1
 22407,120748,20190902,    0,    1
 22407,120748,20190903,    0,    1
 22407,120748,20190904,    0,    1
 22407,120748,20190905,    0,    1
 22407,120748,20190906,    0,    1
 22407,120748,20190907,    0,    1
 22407,120748,20190908,   50,    0
 22407,120748,20190909,   80,    1
 22407,120748,20190910,    0,    1
 22407,120748,20190911,   20,    1
 22407,120748,20190912,    0,    1
 22407,120748,20190913,    9,    1
 22407,120748,20190914,    0,    1
 22407,120748,20190915,    0,    1
 22407,120748,20190916,   40,    1
 22407,120748,20190917,    0,    1
 22407,120748,20190918,    0,    1
 22407,120748,20190919,    0,    1
 22407,120748,20190920,    0,    1
 22407,120748,20190921,    0,    1
 22407,120748,20190922,    0,    1
 22407,120748,20190923,-9999,    9
 22407,120748,20190924,-9999,    9
 22407,120748,20190925,-9999,    9
 22407,120748,20190926,-9999,    9
 22407,120748,20190927,-9999,    9
 22407,120748,20190928,-9999,    9
 22407,120748,20190929,-9999,    9
 22407,120748,20190930,-9999,    9
 22407,120748,20191001,-9999,    9
 22407,120748,20191002,-9999,    9
 22407,120748,20191003,-9999,    9
 22407,120748,20191004,-9999,    9
 22407,120748,20191005,-9999,    9
 22407,120748,20191006,-9999,    9
 22407,120748,20191007,-9999,    9
 22407,120748,20191008,-9999,    9
 22407,120748,20191009,-9999,    9
 22407,120748,20191010,-9999,    9
 22407,120748,20191011,-9999,    9
 22407,120748,20191012,-9999,    9
 22407,120748,20191013,-9999,    9
 22407,120748,20191014,-9999,    9
 22407,120748,20191015,-9999,    9
 22407,120748,20191016,-9999,    9
 22407,120748,20191017,-9999,    9
 22407,120748,20191018,-9999,    9
 22407,120748,20191019,-9999,    9
 22407,120748,20191020,-9999,    9
 22407,120748,20191021,-9999,    9
 22407,120748,20191022,-9999,    9
 22407,120748,20191023,-9999,    9
 22407,120748,20191024,-9999,    9
 22407,120748,20191025,-9999,    9
 22407,120748,20191026,-9999,    9
 22407,120748,20191027,-9999,    9
 22407,120748,20191028,-9999,    9
 22407,120748,20191029,-9999,    9
 22407,120748,20191030,-9999,    9
 22407,120748,20191031,-9999,    9
 22407,120748,20191101,-9999,    9
 22407,120748,20191102,-9999,    9
 22407,120748,20191103,-9999,    9
 22407,120748,20191104,-9999,    9
 22407,120748,20191105,-9999,    9
 22407,120748,20191106,-9999,    9
 22407,120748,20191107,-9999,    9
 22407,120748,20191108,-9999,    9
 22407,120748,20191109,-9999,    9
 22407,120748,20191110,-9999,    9
 22407,120748,20191111,-9999,    9
 22407,120748,20191112,-9999,    9
 22407,120748,20191113,-9999,    9
 22407,120748,20191114,-9999,    9
 22407,120748,20191115,-9999,    9
 22407,120748,20191116,-9999,    9
 22407,120748,20191117,-9999,    9
 22407,120748,20191118,-9999,    9
 22407,120748,20191119,-9999,    9
 22407,120748,20191120,-9999,    9
 22407,120748,20191121,-9999,    9
 22407,120748,20191122,-9999,    9
 22407,120748,20191123,-9999,    9
 22407,120748,20191124,-9999,    9
 22407,120748,20191125,-9999,    9
 22407,120748,20191126,-9999,    9
 22407,120748,20191127,-9999,    9
 22407,120748,20191128,-9999,    9
 22407,120748,20191129,-9999,    9
 22407,120748,20191130,-9999,    9
 22407,120748,20191201,-9999,    9
 22407,120748,20191202,-9999,    9
 22407,120748,20191203,-9999,    9
 22407,120748,20191204,-9999,    9
 22407,120748,20191205,-9999,    9
 22407,120748,20191206,-9999,    9
 22407,120748,20191207,-9999,    9
 22407,120748,20191208,-9999,    9
 22407,120748,20191209,-9999,    9
 22407,120748,20191210,-9999,    9
 22407,120748,20191211,-9999,    9
 22407,120748,20191212,-9999,    9
 22407,120748,20191213,-9999,    9
 22407,120748,20191214,-9999,    9
 22407,120748,20191215,-9999,    9
 22407,120748,20191216,-9999,    9
 22407,120748,20191217,-9999,    9
 22407,120748,20191218,-9999,    9
 22407,120748,20191219,-9999,    9
 22407,120748,20191220,-9999,    9
 22407,120748,20191221,-9999,    9
 22407,120748,20191222,-9999,    9
 22407,120748,20191223,-9999,    9
 22407,120748,20191224,-9999,    9
 22407,120748,20191225,-9999,    9
 22407,120748,20191226,-9999,    9
 22407,120748,20191227,-9999,    9
 22407,120748,20191228,-9999,    9
 22407,120748,20191229,-9999,    9
 22407,120748,20191230,-9999,    9
 22407,120748,20191231,-9999,    9
 22407,120748,20200101,-9999,    9
 22407,120748,20200102,-9999,    9
 22407,120748,20200103,-9999,    9
 22407,120748,20200104,-9999,    9
 22407,120748,20200105,-9999,    9
 22407,120748,20200106,-9999,    9
 22407,120748,20200107,-9999,    9
 22407,120748,20200108,-9999,    9
 22407,120748,20200109,-9999,    9
 22407,120748,20200110,-9999,    9
 22407,120748,20200111,-9999,    9
 22407,120748,20200112,-9999,    9
 22407,120748,20200113,-9999,    9
 22407,120748,20200114,-9999,    9
 22407,120748,20200115,-9999,    9
 22407,120748,20200116,-9999,    9
 22407,120748,20200117,-9999,    9
 22407,120748,20200118,-9999,    9
 22407,120748,20200119,-9999,    9
 22407,120748,20200120,-9999,    9
 22407,120748,20200121,-9999,    9
 22407,120748,20200122,-9999,    9
 22407,120748,20200123,-9999,    9
 22407,120748,20200124,-9999,    9
 22407,120748,20200125,-9999,    9
 22407,120748,20200126,-9999,    9
 22407,120748,20200127,-9999,    9
 22407,120748,20200128,-9999,    9
 22407,120748,20200129,-9999,    9
 22407,120748,20200130,-9999,    9
 22407,120748,20200131,-9999,    9
 22407,120748,20200201,-9999,    9
 22407,120748,20200202,-9999,    9
 22407,120748,20200203,-9999,    9
 22407,120748,20200204,-9999,    9
 22407,120748,20200205,-9999,    9
 22407,120748,20200206,-9999,    9
 22407,120748,20200207,-9999,    9
 22407,120748,20200208,-9999,    9
 22407,120748,20200209,-9999,    9
 22407,120748,20200210,-9999,    9
 22407,120748,20200211,-9999,    9
 22407,120748,20200212,-9999,    9
 22407,120748,20200213,-9999,    9
 22407,120748,20200214,-9999,    9
 22407,120748,20200215,-9999,    9
 22407,120748,20200216,-9999,    9
 22407,120748,20200217,-9999,    9
 22407,120748,20200218,-9999,    9
 22407,120748,20200219,-9999,    9
 22407,120748,20200220,-9999,    9
 22407,120748,20200221,-9999,    9
 22407,120748,20200222,-9999,    9
 22407,120748,20200223,-9999,    9
 22407,120748,20200224,-9999,    9
 22407,120748,20200225,-9999,    9
 22407,120748,20200226,-9999,    9
 22407,120748,20200227,-9999,    9
 22407,120748,20200228,-9999,    9
 22407,120748,20200229,-9999,    9
 22407,120748,20200301,-9999,    9
 22407,120748,20200302,-9999,    9
 22407,120748,20200303,-9999,    9
 22407,120748,20200304,-9999,    9
 22407,120748,20200305,-9999,    9
 22407,120748,20200306,-9999,    9
 22407,120748,20200307,-9999,    9
 22407,120748,20200308,-9999,    9
 22407,120748,20200309,-9999,    9
 22407,120748,20200310,-9999,    9
 22407,120748,20200311,-9999,    9
 22407,120748,20200312,-9999,    9
 22407,120748,20200313,-9999,    9
 22407,120748,20200314,-9999,    9
 22407,120748,20200315,-9999,    9
 22407,120748,20200316,-9999,    9
 22407,120748,20200317,-9999,    9
 22407,120748,20200318,-9999,    9
 22407,120748,20200319,-9999,    9
 22407,120748,20200320,-9999,    9
 22407,120748,20200321,-9999,    9
 22407,120748,20200322,-9999,    9
 22407,120748,20200323,-9999,    9
 22407,120748,20200324,-9999,    9
 22407,120748,20200325,-9999,    9
 22407,120748,20200326,-9999,    9
 22407,120748,20200327,-9999,    9
 22407,120748,20200328,-9999,    9
 22407,120748,20200329,-9999,    9
 22407,120748,20200330,-9999,    9
 22407,120748,20200331,-9999,    9
 22407,120748,20200401,-9999,    9
 22407,120748,20200402,-9999,    9
 22407,120748,20200403,-9999,    9
 22407,120748,20200404,-9999,    9
 22407,120748,20200405,-9999,    9
 22407,120748,20200406,-9999,    9
 22407,120748,20200407,-9999,    9
 22407,120748,20200408,-9999,    9
 22407,120748,20200409,-9999,    9
 22407,120748,20200410,-9999,    9
 22407,120748,20200411,-9999,    9
 22407,120748,20200412,-9999,    9
 22407,120748,20200413,-9999,    9
 22407,120748,20200414,-9999,    9
 22407,120748,20200415,-9999,    9
 22407,120748,20200416,-9999,    9
 22407,120748,20200417,-9999,    9
 22407,120748,20200418,-9999,    9
 22407,120748,20200419,-9999,    9
 22407,120748,20200420,-9999,    9
 22407,120748,20200421,-9999,    9
 22407,120748,20200422,-9999,    9
 22407,120748,20200423,-9999,    9
 22407,120748,20200424,-9999,    9
 22407,120748,20200425,-9999,    9
 22407,120748,20200426,-9999,    9
 22407,120748,20200427,-9999,    9
 22407,120748,20200428,-9999,    9
 22407,120748,20200429,-9999,    9
 22407,120748,20200430,-9999,    9
 22407,120748,20200501,-9999,    9
 22407,120748,20200502,-9999,    9
 22407,120748,20200503,-9999,    9
 22407,120748,20200504,-9999,    9
 22407,120748,20200505,-9999,    9
 22407,120748,20200506,-9999,    9
 22407,120748,20200507,-9999,    9
 22407,120748,20200508,-9999,    9
 22407,120748,20200509,-9999,    9
 22407,120748,20200510,-9999,    9
 22407,120748,20200511,-9999,    9
 22407,120748,20200512,-9999,    9
 22407,120748,20200513,-9999,    9
 22407,120748,20200514,-9999,    9
 22407,120748,20200515,-9999,    9
 22407,120748,20200516,-9999,    9
 22407,120748,20200517,-9999,    9
 22407,120748,20200518,-9999,    9
 22407,120748,20200519,-9999,    9
 22407,120748,20200520,-9999,    9
 22407,120748,20200521,-9999,    9
 22407,120748,20200522,-9999,    9
 22407,120748,20200523,-9999,    9
 22407,120748,20200524,-9999,    9
 22407,120748,20200525,-9999,    9
 22407,120748,20200526,-9999,    9
 22407,120748,20200527,-9999,    9
 22407,120748,20200528,-9999,    9
 22407,120748,20200529,-9999,    9
 22407,120748,20200530,-9999,    9
 22407,120748,20200531,-9999,    9
 22407,120748,20200601,-9999,    9
 22407,120748,20200602,-9999,    9
 22407,120748,20200603,-9999,    9
 22407,120748,20200604,-9999,    9
 22407,120748,20200605,-9999,    9
 22407,120748,20200606,-9999,    9
 22407,120748,20200607,-9999,    9
 22407,120748,20200608,-9999,    9
 22407,120748,20200609,-9999,    9
 22407,120748,20200610,-9999,    9
 22407,120748,20200611,-9999,    9
 22407,120748,20200612,-9999,    9
 22407,120748,20200613,-9999,    9
 22407,120748,20200614,-9999,    9
 22407,120748,20200615,-9999,    9
 22407,120748,20200616,-9999,    9
 22407,120748,20200617,-9999,    9
 22407,120748,20200618,-9999,    9
 22407,120748,20200619,-9999,    9
 22407,120748,20200620,-9999,    9
 22407,120748,20200621,-9999,    9
 22407,120748,20200622,-9999,    9
 22407,120748,20200623,-9999,    9
 22407,120748,20200624,-9999,    9
 22407,120748,20200625,-9999,    9
 22407,120748,20200626,-9999,    9
 22407,120748,20200627,-9999,    9
 22407,120748,20200628,-9999,    9
 22407,120748,20200629,-9999,    9
 22407,120748,20200630,-9999,    9
 22407,120748,20200701,-9999,    9
 22407,120748,20200702,-9999,    9
 22407,120748,20200703,-9999,    9
 22407,120748,20200704,-9999,    9
 22407,120748,20200705,-9999,    9
 22407,120748,20200706,-9999,    9
 22407,120748,20200707,-9999,    9
 22407,120748,20200708,-9999,    9
 22407,120748,20200709,-9999,    9
 22407,120748,20200710,-9999,    9
 22407,120748,20200711,-9999,    9
 22407,120748,20200712,-9999,    9
 22407,120748,20200713,-9999,    9
 22407,120748,20200714,-9999,    9
 22407,120748,20200715,-9999,    9
 22407,120748,20200716,-9999,    9
 22407,120748,20200717,-9999,    9
 22407,120748,20200718,-9999,    9
 22407,120748,20200719,-9999,    9
 22407,120748,20200720,-9999,    9
 22407,120748,20200721,-9999,    9
 22407,120748,20200722,-9999,    9
 22407,120748,20200723,-9999,    9
 22407,120748,20200724,-9999,    9
 22407,120748,20200725,-9999,    9
 22407,120748,20200726,-9999,    9
 22407,120748,20200727,-9999,    9
 22407,120748,20200728,-9999,    9
 22407,120748,20200729,-9999,    9
 22407,120748,20200730,-9999,    9
 22407,120748,20200731,-9999,    9
 22407,120748,20200801,-9999,    9
 22407,120748,20200802,-9999,    9
 22407,120748,20200803,-9999,    9
 22407,120748,20200804,-9999,    9
 22407,120748,20200805,-9999,    9
 22407,120748,20200806,-9999,    9
 22407,120748,20200807,-9999,    9
 22407,120748,20200808,-9999,    9
 22407,120748,20200809,-9999,    9
 22407,120748,20200810,-9999,    9
 22407,120748,20200811,-9999,    9
 22407,120748,20200812,-9999,    9
 22407,120748,20200813,-9999,    9
 22407,120748,20200814,-9999,    9
 22407,120748,20200815,-9999,    9
 22407,120748,20200816,-9999,    9
 22407,120748,20200817,-9999,    9
 22407,120748,20200818,-9999,    9
 22407,120748,20200819,-9999,    9
 22407,120748,20200820,-9999,    9
 22407,120748,20200821,-9999,    9
 22407,120748,20200822,-9999,    9
 22407,120748,20200823,-9999,    9
 22407,120748,20200824,-9999,    9
 22407,120748,20200825,-9999,    9
 22407,120748,20200826,-9999,    9
 22407,120748,20200827,-9999,    9
 22407,120748,20200828,-9999,    9
 22407,120748,20200829,-9999,    9
 22407,120748,20200830,-9999,    9
 22407,120748,20200831,-9999,    9
 22407,120748,20200901,-9999,    9
 22407,120748,20200902,-9999,    9
 22407,120748,20200903,-9999,    9
 22407,120748,20200904,-9999,    9
 22407,120748,20200905,-9999,    9
 22407,120748,20200906,-9999,    9
 22407,120748,20200907,-9999,    9
 22407,120748,20200908,-9999,    9
 22407,120748,20200909,-9999,    9
 22407,120748,20200910,-9999,    9
 22407,120748,20200911,-9999,    9
 22407,120748,20200912,-9999,    9
 22407,120748,20200913,-9999,    9
 22407,120748,20200914,-9999,    9
 22407,120748,20200915,-9999,    9
 22407,120748,20200916,-9999,    9
 22407,120748,20200917,-9999,    9
 22407,120748,20200918,-9999,    9
 22407,120748,20200919,-9999,    9
 22407,120748,20200920,-9999,    9
 22407,120748,20200921,-9999,    9
 22407,120748,20200922,-9999,    9
 22407,120748,20200923,-9999,    9
 22407,120748,20200924,-9999,    9
 22407,120748,20200925,-9999,    9
 22407,120748,20200926,-9999,    9
 22407,120748,20200927,-9999,    9
 22407,120748,20200928,-9999,    9
 22407,120748,20200929,-9999,    9
 22407,120748,20200930,-9999,    9
 22407,120748,20201001,-9999,    9
 22407,120748,20201002,-9999,    9
 22407,120748,20201003,-9999,    9
 22407,120748,20201004,-9999,    9
 22407,120748,20201005,-9999,    9
 22407,120748,20201006,-9999,    9
 22407,120748,20201007,-9999,    9
 22407,120748,20201008,-9999,    9
 22407,120748,20201009,-9999,    9
 22407,120748,20201010,-9999,    9
 22407,120748,20201011,-9999,    9
 22407,120748,20201012,-9999,    9
 22407,120748,20201013,-9999,    9
 22407,120748,20201014,-9999,    9
 22407,120748,20201015,-9999,    9
 22407,120748,20201016,-9999,    9
 22407,120748,20201017,-9999,    9
 22407,120748,20201018,-9999,    9
 22407,120748,20201019,-9999,    9
 22407,120748,20201020,-9999,    9
 22407,120748,20201021,-9999,    9
 22407,120748,20201022,-9999,    9
 22407,120748,20201023,-9999,    9
 22407,120748,20201024,-9999,    9
 22407,120748,20201025,-9999,    9
 22407,120748,20201026,-9999,    9
 22407,120748,20201027,-9999,    9
 22407,120748,20201028,-9999,    9
 22407,120748,20201029,-9999,    9
 22407,120748,20201030,-9999,    9
 22407,120748,20201031,-9999,    9
 22407,120748,20201101,-9999,    9
 22407,120748,20201102,-9999,    9
 22407,120748,20201103,-9999,    9
 22407,120748,20201104,-9999,    9
 22407,120748,20201105,-9999,    9
 22407,120748,20201106,-9999,    9
 22407,120748,20201107,-9999,    9
 22407,120748,20201108,-9999,    9
 22407,120748,20201109,-9999,    9
 22407,120748,20201110,-9999,    9
 22407,120748,20201111,-9999,    9
 22407,120748,20201112,-9999,    9
 22407,120748,20201113,-9999,    9
 22407,120748,20201114,-9999,    9
 22407,120748,20201115,-9999,    9
 22407,120748,20201116,-9999,    9
 22407,120748,20201117,-9999,    9
 22407,120748,20201118,-9999,    9
 22407,120748,20201119,-9999,    9
 22407,120748,20201120,-9999,    9
 22407,120748,20201121,-9999,    9
 22407,120748,20201122,-9999,    9
 22407,120748,20201123,-9999,    9
 22407,120748,20201124,-9999,    9
 22407,120748,20201125,-9999,    9
 22407,120748,20201126,-9999,    9
 22407,120748,20201127,-9999,    9
 22407,120748,20201128,-9999,    9
 22407,120748,20201129,-9999,    9
 22407,120748,20201130,-9999,    9
 22407,120748,20201201,-9999,    9
 22407,120748,20201202,-9999,    9
 22407,120748,20201203,-9999,    9
 22407,120748,20201204,-9999,    9
 22407,120748,20201205,-9999,    9
 22407,120748,20201206,-9999,    9
 22407,120748,20201207,-9999,    9
 22407,120748,20201208,-9999,    9
 22407,120748,20201209,-9999,    9
 22407,120748,20201210,-9999,    9
 22407,120748,20201211,-9999,    9
 22407,120748,20201212,-9999,    9
 22407,120748,20201213,-9999,    9
 22407,120748,20201214,-9999,    9
 22407,120748,20201215,-9999,    9
 22407,120748,20201216,-9999,    9
 22407,120748,20201217,-9999,    9
 22407,120748,20201218,-9999,    9
 22407,120748,20201219,-9999,    9
 22407,120748,20201220,-9999,    9
 22407,120748,20201221,-9999,    9
 22407,120748,20201222,-9999,    9
 22407,120748,20201223,-9999,    9
 22407,120748,20201224,-9999,    9
 22407,120748,20201225,-9999,    9
 22407,120748,20201226,-9999,    9
 22407,120748,20201227,-9999,    9
 22407,120748,20201228,-9999,    9
 22407,120748,20201229,-9999,    9
 22407,120748,20201230,-9999,    9
 22407,120748,20201231,-9999,    9
 22407,120748,20210101,-9999,    9
 22407,120748,20210102,-9999,    9
 22407,120748,20210103,-9999,    9
 22407,120748,20210104,-9999,    9
 22407,120748,20210105,-9999,    9
 22407,120748,20210106,-9999,    9
 22407,120748,20210107,-9999,    9
 22407,120748,20210108,-9999,    9
 22407,120748,20210109,-9999,    9
 22407,120748,20210110,-9999,    9
 22407,120748,20210111,-9999,    9
 22407,120748,20210112,-9999,    9
 22407,120748,20210113,-9999,    9
 22407,120748,20210114,-9999,    9
 22407,120748,20210115,-9999,    9
 22407,120748,20210116,-9999,    9
 22407,120748,20210117,-9999,    9
 22407,120748,20210118,-9999,    9
 22407,120748,20210119,-9999,    9
 22407,120748,20210120,-9999,    9
 22407,120748,20210121,-9999,    9
 22407,120748,20210122,-9999,    9
 22407,120748,20210123,-9999,    9
 22407,120748,20210124,-9999,    9
 22407,120748,20210125,-9999,    9
 22407,120748,20210126,-9999,    9
 22407,120748,20210127,-9999,    9
 22407,120748,20210128,-9999,    9
 22407,120748,20210129,-9999,    9
 22407,120748,20210130,-9999,    9
 22407,120748,20210131,-9999,    9
 22407,120748,20210201,-9999,    9
 22407,120748,20210202,-9999,    9
 22407,120748,20210203,-9999,    9
 22407,120748,20210204,-9999,    9
 22407,120748,20210205,-9999,    9
 22407,120748,20210206,-9999,    9
 22407,120748,20210207,-9999,    9
 22407,120748,20210208,-9999,    9
 22407,120748,20210209,-9999,    9
 22407,120748,20210210,-9999,    9
 22407,120748,20210211,-9999,    9
 22407,120748,20210212,-9999,    9
 22407,120748,20210213,-9999,    9
 22407,120748,20210214,-9999,    9
 22407,120748,20210215,-9999,    9
 22407,120748,20210216,-9999,    9
 22407,120748,20210217,-9999,    9
 22407,120748,20210218,-9999,    9
 22407,120748,20210219,-9999,    9
 22407,120748,20210220,-9999,    9
 22407,120748,20210221,-9999,    9
 22407,120748,20210222,-9999,    9
 22407,120748,20210223,-9999,    9
 22407,120748,20210224,-9999,    9
 22407,120748,20210225,-9999,    9
 22407,120748,20210226,-9999,    9
 22407,120748,20210227,-9999,    9
 22407,120748,20210228,-9999,    9
 22407,120748,20210301,-9999,    9
 22407,120748,20210302,-9999,    9
 22407,120748,20210303,-9999,    9
 22407,120748,20210304,-9999,    9
 22407,120748,20210305,-9999,    9
 22407,120748,20210306,-9999,    9
 22407,120748,20210307,-9999,    9
 22407,120748,20210308,-9999,    9
 22407,120748,20210309,-9999,    9
 22407,120748,20210310,-9999,    9
 22407,120748,20210311,-9999,    9
 22407,120748,20210312,-9999,    9
 22407,120748,20210313,-9999,    9
 22407,120748,20210314,-9999,    9
 22407,120748,20210315,-9999,    9
 22407,120748,20210316,-9999,    9
 22407,120748,20210317,-9999,    9
 22407,120748,20210318,-9999,    9
 22407,120748,20210319,-9999,    9
 22407,120748,20210320,-9999,    9
 22407,120748,20210321,-9999,    9
 22407,120748,20210322,-9999,    9
 22407,120748,20210323,-9999,    9
 22407,120748,20210324,-9999,    9
 22407,120748,20210325,-9999,    9
 22407,120748,20210326,-9999,    9
 22407,120748,20210327,-9999,    9
 22407,120748,20210328,-9999,    9
 22407,120748,20210329,-9999,    9
 22407,120748,20210330,-9999,    9
 22407,120748,20210331,-9999,    9
 22407,120748,20210401,-9999,    9
 22407,120748,20210402,-9999,    9
 22407,120748,20210403,-9999,    9
 22407,120748,20210404,-9999,    9
 22407,120748,20210405,-9999,    9
 22407,120748,20210406,-9999,    9
 22407,120748,20210407,-9999,    9
 22407,120748,20210408,-9999,    9
 22407,120748,20210409,-9999,    9
 22407,120748,20210410,-9999,    9
 22407,120748,20210411,-9999,    9
 22407,120748,20210412,-9999,    9
 22407,120748,20210413,-9999,    9
 22407,120748,20210414,-9999,    9
 22407,120748,20210415,-9999,    9
 22407,120748,20210416,-9999,    9
 22407,120748,20210417,-9999,    9
 22407,120748,20210418,-9999,    9
 22407,120748,20210419,-9999,    9
 22407,120748,20210420,-9999,    9
 22407,120748,20210421,-9999,    9
 22407,120748,20210422,-9999,    9
 22407,120748,20210423,-9999,    9
 22407,120748,20210424,-9999,    9
 22407,120748,20210425,-9999,    9
 22407,120748,20210426,-9999,    9
 22407,120748,20210427,-9999,    9
 22407,120748,20210428,-9999,    9
 22407,120748,20210429,-9999,    9
 22407,120748,20210430,-9999,    9
 22407,120748,20210501,-9999,    9
 22407,120748,20210502,-9999,    9
 22407,120748,20210503,-9999,    9
 22407,120748,20210504,-9999,    9
 22407,120748,20210505,-9999,    9
 22407,120748,20210506,-9999,    9
 22407,120748,20210507,-9999,    9
 22407,120748,20210508,-9999,    9
 22407,120748,20210509,-9999,    9
 22407,120748,20210510,-9999,    9
 22407,120748,20210511,-9999,    9
 22407,120748,20210512,-9999,    9
 22407,120748,20210513,-9999,    9
 22407,120748,20210514,-9999,    9
 22407,120748,20210515,-9999,    9
 22407,120748,20210516,-9999,    9
 22407,120748,20210517,-9999,    9
 22407,120748,20210518,-9999,    9
 22407,120748,20210519,-9999,    9
 22407,120748,20210520,-9999,    9
 22407,120748,20210521,-9999,    9
 22407,120748,20210522,-9999,    9
 22407,120748,20210523,-9999,    9
 22407,120748,20210524,-9999,    9
 22407,120748,20210525,-9999,    9
 22407,120748,20210526,-9999,    9
 22407,120748,20210527,-9999,    9
 22407,120748,20210528,-9999,    9
 22407,120748,20210529,-9999,    9
 22407,120748,20210530,-9999,    9
 22407,120748,20210531,-9999,    9
 22407,120748,20210601,-9999,    9
 22407,120748,20210602,-9999,    9
 22407,120748,20210603,-9999,    9
 22407,120748,20210604,-9999,    9
 22407,120748,20210605,-9999,    9
 22407,120748,20210606,-9999,    9
 22407,120748,20210607,-9999,    9
 22407,120748,20210608,-9999,    9
 22407,120748,20210609,-9999,    9
 22407,120748,20210610,-9999,    9
 22407,120748,20210611,-9999,    9
 22407,120748,20210612,-9999,    9
 22407,120748,20210613,-9999,    9
 22407,120748,20210614,-9999,    9
 22407,120748,20210615,-9999,    9
 22407,120748,20210616,-9999,    9
 22407,120748,20210617,-9999,    9
 22407,120748,20210618,-9999,    9
 22407,120748,20210619,-9999,    9
 22407,120748,20210620,-9999,    9
 22407,120748,20210621,-9999,    9
 22407,120748,20210622,-9999,    9
 22407,120748,20210623,-9999,    9
 22407,120748,20210624,-9999,    9
 22407,120748,20210625,-9999,    9
 22407,120748,20210626,-9999,    9
 22407,120748,20210627,-9999,    9
 22407,120748,20210628,-9999,    9
 22407,120748,20210629,-9999,    9
 22407,120748,20210630,-9999,    9
 22407,120748,20210701,-9999,    9
 22407,120748,20210702,-9999,    9
 22407,120748,20210703,-9999,    9
 22407,120748,20210704,-9999,    9
 22407,120748,20210705,-9999,    9
 22407,120748,20210706,-9999,    9
 22407,120748,20210707,-9999,    9
 22407,120748,20210708,-9999,    9
 22407,120748,20210709,-9999,    9
 22407,120748,20210710,-9999,    9
 22407,120748,20210711,-9999,    9
 22407,120748,20210712,-9999,    9
 22407,120748,20210713,-9999,    9
 22407,120748,20210714,-9999,    9
 22407,120748,20210715,-9999,    9
 22407,120748,20210716,-9999,    9
 22407,120748,20210717,-9999,    9
 22407,120748,20210718,-9999,    9
 22407,120748,20210719,-9999,    9
 22407,120748,20210720,-9999,    9
 22407,120748,20210721,-9999,    9
 22407,120748,20210722,-9999,    9
 22407,120748,20210723,-9999,    9
 22407,120748,20210724,-9999,    9
 22407,120748,20210725,-9999,    9
 22407,120748,20210726,-9999,    9
 22407,120748,20210727,-9999,    9
 22407,120748,20210728,-9999,    9
 22407,120748,20210729,-9999,    9
 22407,120748,20210730,-9999,    9
 22407,120748,20210731,-9999,    9
 22407,120748,20210801,-9999,    9
 22407,120748,20210802,-9999,    9
 22407,120748,20210803,-9999,    9
 22407,120748,20210804,-9999,    9
 22407,120748,20210805,-9999,    9
 22407,120748,20210806,-9999,    9
 22407,120748,20210807,-9999,    9
 22407,120748,20210808,-9999,    9
 22407,120748,20210809,-9999,    9
 22407,120748,20210810,-9999,    9
 22407,120748,20210811,-9999,    9
 22407,120748,20210812,-9999,    9
 22407,120748,20210813,-9999,    9
 22407,120748,20210814,-9999,    9
 22407,120748,20210815,-9999,    9
 22407,120748,20210816,-9999,    9
 22407,120748,20210817,-9999,    9
 22407,120748,20210818,-9999,    9
 22407,120748,20210819,-9999,    9
 22407,120748,20210820,-9999,    9
 22407,120748,20210821,-9999,    9
 22407,120748,20210822,-9999,    9
 22407,120748,20210823,-9999,    9
 22407,120748,20210824,-9999,    9
 22407,120748,20210825,-9999,    9
 22407,120748,20210826,-9999,    9
 22407,120748,20210827,-9999,    9
 22407,120748,20210828,-9999,    9
 22407,120748,20210829,-9999,    9
 22407,120748,20210830,-9999,    9
 22407,120748,20210831,-9999,    9
 22407,120748,20210901,-9999,    9
 22407,120748,20210902,-9999,    9
 22407,120748,20210903,-9999,    9
 22407,120748,20210904,-9999,    9
 22407,120748,20210905,-9999,    9
 22407,120748,20210906,-9999,    9
 22407,120748,20210907,-9999,    9
 22407,120748,20210908,-9999,    9
 22407,120748,20210909,-9999,    9
 22407,120748,20210910,-9999,    9
 22407,120748,20210911,-9999,    9
 22407,120748,20210912,-9999,    9
 22407,120748,20210913,-9999,    9
 22407,120748,20210914,-9999,    9
 22407,120748,20210915,-9999,    9
 22407,120748,20210916,-9999,    9
 22407,120748,20210917,-9999,    9
 22407,120748,20210918,-9999,    9
 22407,120748,20210919,-9999,    9
 22407,120748,20210920,-9999,    9
 22407,120748,20210921,-9999,    9
 22407,120748,20210922,-9999,    9
 22407,120748,20210923,-9999,    9
 22407,120748,20210924,-9999,    9
 22407,120748,20210925,-9999,    9
 22407,120748,20210926,-9999,    9
 22407,120748,20210927,-9999,    9
 22407,120748,20210928,-9999,    9
 22407,120748,20210929,-9999,    9
 22407,120748,20210930,-9999,    9
 22407,120748,20211001,-9999,    9
 22407,120748,20211002,-9999,    9
 22407,120748,20211003,-9999,    9
 22407,120748,20211004,-9999,    9
 22407,120748,20211005,-9999,    9
 22407,120748,20211006,-9999,    9
 22407,120748,20211007,-9999,    9
 22407,120748,20211008,-9999,    9
 22407,120748,20211009,-9999,    9
 22407,120748,20211010,-9999,    9
 22407,120748,20211011,-9999,    9
 22407,120748,20211012,-9999,    9
 22407,120748,20211013,-9999,    9
 22407,120748,20211014,-9999,    9
 22407,120748,20211015,-9999,    9
 22407,120748,20211016,-9999,    9
 22407,120748,20211017,-9999,    9
 22407,120748,20211018,-9999,    9
 22407,120748,20211019,-9999,    9
 22407,120748,20211020,-9999,    9
 22407,120748,20211021,-9999,    9
 22407,120748,20211022,-9999,    9
 22407,120748,20211023,-9999,    9
 22407,120748,20211024,-9999,    9
 22407,120748,20211025,-9999,    9
 22407,120748,20211026,-9999,    9
 22407,120748,20211027,-9999,    9
 22407,120748,20211028,-9999,    9
 22407,120748,20211029,-9999,    9
 22407,120748,20211030,-9999,    9
 22407,120748,20211031,-9999,    9
 22407,120748,20211101,-9999,    9
 22407,120748,20211102,-9999,    9
 22407,120748,20211103,-9999,    9
 22407,120748,20211104,-9999,    9
 22407,120748,20211105,-9999,    9
 22407,120748,20211106,-9999,    9
 22407,120748,20211107,-9999,    9
 22407,120748,20211108,-9999,    9
 22407,120748,20211109,-9999,    9
 22407,120748,20211110,-9999,    9
 22407,120748,20211111,-9999,    9
 22407,120748,20211112,-9999,    9
 22407,120748,20211113,-9999,    9
 22407,120748,20211114,-9999,    9
 22407,120748,20211115,-9999,    9
 22407,120748,20211116,-9999,    9
 22407,120748,20211117,-9999,    9
 22407,120748,20211118,-9999,    9
 22407,120748,20211119,-9999,    9
 22407,120748,20211120,-9999,    9
 22407,120748,20211121,-9999,    9
 22407,120748,20211122,-9999,    9
 22407,120748,20211123,-9999,    9
 22407,120748,20211124,-9999,    9
 22407,120748,20211125,-9999,    9
 22407,120748,20211126,-9999,    9
 22407,120748,20211127,-9999,    9
 22407,120748,20211128,-9999,    9
 22407,120748,20211129,-9999,    9
 22407,120748,20211130,-9999,    9
 22407,120748,20211201,-9999,    9
 22407,120748,20211202,-9999,    9
 22407,120748,20211203,-9999,    9
 22407,120748,20211204,-9999,    9
 22407,120748,20211205,-9999,    9
 22407,120748,20211206,-9999,    9
 22407,120748,20211207,-9999,    9
 22407,120748,20211208,-9999,    9
 22407,120748,20211209,-9999,    9
 22407,120748,20211210,-9999,    9
 22407,120748,20211211,-9999,    9
 22407,120748,20211212,-9999,    9
 22407,120748,20211213,-9999,    9
 22407,120748,20211214,-9999,    9
 22407,120748,20211215,-9999,    9
 22407,120748,20211216,-9999,    9
 22407,120748,20211217,-9999,    9
 22407,120748,20211218,-9999,    9
 22407,120748,20211219,-9999,    9
 22407,120748,20211220,-9999,    9
 22407,120748,20211221,-9999,    9
 22407,120748,20211222,-9999,    9
 22407,120748,20211223,-9999,    9
 22407,120748,20211224,-9999,    9
 22407,120748,20211225,-9999,    9
 22407,120748,20211226,-9999,    9
 22407,120748,20211227,-9999,    9
 22407,120748,20211228,-9999,    9
 22407,120748,20211229,-9999,    9
 22407,120748,20211230,-9999,    9
 22407,120748,20211231,-9999,    9
 22407,120748,20220101,-9999,    9
 22407,120748,20220102,-9999,    9
 22407,120748,20220103,-9999,    9
 22407,120748,20220104,-9999,    9
 22407,120748,20220105,-9999,    9
 22407,120748,20220106,-9999,    9
 22407,120748,20220107,-9999,    9
 22407,120748,20220108,-9999,    9
 22407,120748,20220109,-9999,    9
 22407,120748,20220110,-9999,    9
 22407,120748,20220111,-9999,    9
 22407,120748,20220112,-9999,    9
 22407,120748,20220113,-9999,    9
 22407,120748,20220114,-9999,    9
 22407,120748,20220115,-9999,    9
 22407,120748,20220116,-9999,    9
 22407,120748,20220117,-9999,    9
 22407,120748,20220118,-9999,    9
 22407,120748,20220119,-9999,    9
 22407,120748,20220120,-9999,    9
 22407,120748,20220121,-9999,    9
 22407,120748,20220122,-9999,    9
 22407,120748,20220123,-9999,    9
 22407,120748,20220124,-9999,    9
 22407,120748,20220125,-9999,    9
 22407,120748,20220126,-9999,    9
 22407,120748,20220127,-9999,    9
 22407,120748,20220128,-9999,    9
 22407,120748,20220129,-9999,    9
 22407,120748,20220130,-9999,    9
 22407,120748,20220131,-9999,    9
 22407,120748,20220201,-9999,    9
 22407,120748,20220202,-9999,    9
 22407,120748,20220203,-9999,    9
 22407,120748,20220204,-9999,    9
 22407,120748,20220205,-9999,    9
 22407,120748,20220206,-9999,    9
 22407,120748,20220207,-9999,    9
 22407,120748,20220208,-9999,    9
 22407,120748,20220209,-9999,    9
 22407,120748,20220210,-9999,    9
 22407,120748,20220211,-9999,    9
 22407,120748,20220212,-9999,    9
 22407,120748,20220213,-9999,    9
 22407,120748,20220214,-9999,    9
 22407,120748,20220215,-9999,    9
 22407,120748,20220216,-9999,    9
 22407,120748,20220217,-9999,    9
 22407,120748,20220218,-9999,    9
 22407,120748,20220219,-9999,    9
 22407,120748,20220220,-9999,    9
 22407,120748,20220221,-9999,    9
 22407,120748,20220222,-9999,    9
 22407,120748,20220223,-9999,    9
 22407,120748,20220224,-9999,    9
 22407,120748,20220225,-9999,    9
 22407,120748,20220226,-9999,    9
 22407,120748,20220227,-9999,    9
 22407,120748,20220228,-9999,    9
 22407,120748,20220301,-9999,    9
 22407,120748,20220302,-9999,    9
 22407,120748,20220303,-9999,    9
 22407,120748,20220304,-9999,    9
 22407,120748,20220305,-9999,    9
 22407,120748,20220306,-9999,    9
 22407,120748,20220307,-9999,    9
 22407,120748,20220308,-9999,    9
 22407,120748,20220309,-9999,    9
 22407,120748,20220310,-9999,    9
 22407,120748,20220311,-9999,    9
 22407,120748,20220312,-9999,    9
 22407,120748,20220313,-9999,    9
 22407,120748,20220314,-9999,    9
 22407,120748,20220315,-9999,    9
 22407,120748,20220316,-9999,    9
 22407,120748,20220317,-9999,    9
 22407,120748,20220318,-9999,    9
 22407,120748,20220319,-9999,    9
 22407,120748,20220320,-9999,    9
 22407,120748,20220321,-9999,    9
 22407,120748,20220322,-9999,    9
 22407,120748,20220323,-9999,    9
 22407,120748,20220324,-9999,    9
 22407,120748,20220325,-9999,    9
 22407,120748,20220326,-9999,    9
 22407,120748,20220327,-9999,    9
 22407,120748,20220328,-9999,    9
 22407,120748,20220329,-9999,    9
 22407,120748,20220330,-9999,    9
 22407,120748,20220331,-9999,    9
 22407,120748,20220401,-9999,    9
 22407,120748,20220402,-9999,    9
 22407,120748,20220403,-9999,    9
 22407,120748,20220404,-9999,    9
 22407,120748,20220405,-9999,    9
 22407,120748,20220406,-9999,    9
 22407,120748,20220407,-9999,    9
 22407,120748,20220408,-9999,    9
 22407,120748,20220409,-9999,    9
 22407,120748,20220410,-9999,    9
 22407,120748,20220411,-9999,    9
 22407,120748,20220412,-9999,    9
 22407,120748,20220413,-9999,    9
 22407,120748,20220414,-9999,    9
 22407,120748,20220415,-9999,    9
 22407,120748,20220416,-9999,    9
 22407,120748,20220417,-9999,    9
 22407,120748,20220418,-9999,    9
 22407,120748,20220419,-9999,    9
 22407,120748,20220420,-9999,    9
 22407,120748,20220421,-9999,    9
 22407,120748,20220422,-9999,    9
 22407,120748,20220423,-9999,    9
 22407,120748,20220424,-9999,    9
 22407,120748,20220425,-9999,    9
 22407,120748,20220426,-9999,    9
 22407,120748,20220427,-9999,    9
 22407,120748,20220428,-9999,    9
 22407,120748,20220429,-9999,    9
 22407,120748,20220430,-9999,    9
 22407,120748,20220501,-9999,    9
 22407,120748,20220502,-9999,    9
 22407,120748,20220503,-9999,    9
 22407,120748,20220504,-9999,    9
 22407,120748,20220505,-9999,    9
 22407,120748,20220506,-9999,    9
 22407,120748,20220507,-9999,    9
 22407,120748,20220508,-9999,    9
 22407,120748,20220509,-9999,    9
 22407,120748,20220510,-9999,    9
 22407,120748,20220511,-9999,    9
 22407,120748,20220512,-9999,    9
 22407,120748,20220513,-9999,    9
 22407,120748,20220514,-9999,    9
 22407,120748,20220515,-9999,    9
 22407,120748,20220516,-9999,    9
 22407,120748,20220517,-9999,    9
 22407,120748,20220518,-9999,    9
 22407,120748,20220519,-9999,    9
 22407,120748,20220520,-9999,    9
 22407,120748,20220521,-9999,    9
 22407,120748,20220522,-9999,    9
 22407,120748,20220523,-9999,    9
 22407,120748,20220524,-9999,    9
 22407,120748,20220525,-9999,    9
 22407,120748,20220526,-9999,    9
 22407,120748,20220527,-9999,    9
 22407,120748,20220528,-9999,    9
 22407,120748,20220529,-9999,    9
 22407,120748,20220530,-9999,    9
 22407,120748,20220531,-9999,    9
 22407,120748,20220601,-9999,    9
 22407,120748,20220602,-9999,    9
 22407,120748,20220603,-9999,    9
 22407,120748,20220604,-9999,    9
 22407,120748,20220605,-9999,    9
 22407,120748,20220606,-9999,    9
 22407,120748,20220607,-9999,    9
 22407,120748,20220608,-9999,    9
 22407,120748,20220609,-9999,    9
 22407,120748,20220610,-9999,    9
 22407,120748,20220611,-9999,    9
 22407,120748,20220612,-9999,    9
 22407,120748,20220613,-9999,    9
 22407,120748,20220614,-9999,    9
 22407,120748,20220615,-9999,    9
 22407,120748,20220616,-9999,    9
 22407,120748,20220617,-9999,    9
 22407,120748,20220618,-9999,    9
 22407,120748,20220619,-9999,    9
 22407,120748,20220620,-9999,    9
 22407,120748,20220621,-9999,    9
 22407,120748,20220622,-9999,    9
 22407,120748,20220623,-9999,    9
 22407,120748,20220624,-9999,    9
 22407,120748,20220625,-9999,    9
 22407,120748,20220626,-9999,    9
 22407,120748,20220627,-9999,    9
 22407,120748,20220628,-9999,    9
 22407,120748,20220629,-9999,    9
 22407,120748,20220630,-9999,    9
 22407,120748,20220701,-9999,    9
 22407,120748,20220702,-9999,    9
 22407,120748,20220703,-9999,    9
 22407,120748,20220704,-9999,    9
 22407,120748,20220705,-9999,    9
 22407,120748,20220706,-9999,    9
 22407,120748,20220707,-9999,    9
 22407,120748,20220708,-9999,    9
 22407,120748,20220709,-9999,    9
 22407,120748,20220710,-9999,    9
 22407,120748,20220711,-9999,    9
 22407,120748,20220712,-9999,    9
 22407,120748,20220713,-9999,    9
 22407,120748,20220714,-9999,    9
 22407,120748,20220715,-9999,    9
 22407,120748,20220716,-9999,    9
 22407,120748,20220717,-9999,    9
 22407,120748,20220718,-9999,    9
 22407,120748,20220719,-9999,    9
 22407,120748,20220720,-9999,    9
 22407,120748,20220721,-9999,    9
 22407,120748,20220722,-9999,    9
 22407,120748,20220723,-9999,    9
 22407,120748,20220724,-9999,    9
 22407,120748,20220725,-9999,    9
 22407,120748,20220726,-9999,    9
 22407,120748,20220727,-9999,    9
 22407,120748,20220728,-9999,    9
 22407,120748,20220729,-9999,    9
 22407,120748,20220730,-9999,    9
 22407,120748,20220731,-9999,    9
 22407,120748,20220801,-9999,    9
 22407,120748,20220802,-9999,    9
 22407,120748,20220803,-9999,    9
 22407,120748,20220804,-9999,    9
 22407,120748,20220805,-9999,    9
 22407,120748,20220806,-9999,    9
 22407,120748,20220807,-9999,    9
 22407,120748,20220808,-9999,    9
 22407,120748,20220809,-9999,    9
 22407,120748,20220810,-9999,    9
 22407,120748,20220811,-9999,    9
 22407,120748,20220812,-9999,    9
 22407,120748,20220813,-9999,    9
 22407,120748,20220814,-9999,    9
 22407,120748,20220815,-9999,    9
 22407,120748,20220816,-9999,    9
 22407,120748,20220817,-9999,    9
 22407,120748,20220818,-9999,    9
 22407,120748,20220819,-9999,    9
 22407,120748,20220820,-9999,    9
 22407,120748,20220821,-9999,    9
 22407,120748,20220822,-9999,    9
 22407,120748,20220823,-9999,    9
 22407,120748,20220824,-9999,    9
 22407,120748,20220825,-9999,    9
 22407,120748,20220826,-9999,    9
 22407,120748,20220827,-9999,    9
 22407,120748,20220828,-9999,    9
 22407,120748,20220829,-9999,    9
 22407,120748,20220830,-9999,    9
 22407,120748,20220831,-9999,    9
 22407,120748,20220901,-9999,    9
 22407,120748,20220902,-9999,    9
 22407,120748,20220903,-9999,    9
 22407,120748,20220904,-9999,    9
 22407,120748,20220905,-9999,    9
 22407,120748,20220906,-9999,    9
 22407,120748,20220907,-9999,    9
 22407,120748,20220908,-9999,    9
 22407,120748,20220909,-9999,    9
 22407,120748,20220910,-9999,    9
 22407,120748,20220911,-9999,    9
 22407,120748,20220912,-9999,    9
 22407,120748,20220913,-9999,    9
 22407,120748,20220914,-9999,    9
 22407,120748,20220915,-9999,    9
 22407,120748,20220916,-9999,    9
 22407,120748,20220917,-9999,    9
 22407,120748,20220918,-9999,    9
 22407,120748,20220919,-9999,    9
 22407,120748,20220920,-9999,    9
 22407,120748,20220921,-9999,    9
 22407,120748,20220922,-9999,    9
 22407,120748,20220923,-9999,    9
 22407,120748,20220924,-9999,    9
 22407,120748,20220925,-9999,    9
 22407,120748,20220926,-9999,    9
 22407,120748,20220927,-9999,    9
 22407,120748,20220928,-9999,    9
 22407,120748,20220929,-9999,    9
 22407,120748,20220930,-9999,    9
 22407,120748,20221001,-9999,    9
 22407,120748,20221002,-9999,    9
 22407,120748,20221003,-9999,    9
 22407,120748,20221004,-9999,    9
 22407,120748,20221005,-9999,    9
 22407,120748,20221006,-9999,    9
 22407,120748,20221007,-9999,    9
 22407,120748,20221008,-9999,    9
 22407,120748,20221009,-9999,    9
 22407,120748,20221010,-9999,    9
 22407,120748,20221011,-9999,    9
 22407,120748,20221012,-9999,    9
 22407,120748,20221013,-9999,    9
 22407,120748,20221014,-9999,    9
 22407,120748,20221015,-9999,    9
 22407,120748,20221016,-9999,    9
 22407,120748,20221017,-9999,    9
 22407,120748,20221018,-9999,    9
 22407,120748,20221019,-9999,    9
 22407,120748,20221020,-9999,    9
 22407,120748,20221021,-9999,    9
 22407,120748,20221022,-9999,    9
 22407,120748,20221023,-9999,    9
 22407,120748,20221024,-9999,    9
 22407,120748,20221025,-9999,    9
 22407,120748,20221026,-9999,    9
 22407,120748,20221027,-9999,    9
 22407,120748,20221028,-9999,    9
 22407,120748,20221029,-9999,    9
 22407,120748,20221030,-9999,    9
 22407,120748,20221031,-9999,    9
