EUROPEAN CLIMATE ASSESSMENT & DATASET (ECA&D), file created on: 16-11-2022
THESE DATA CAN BE USED FOR NON-COMMERCIAL RESEARCH AND EDUCATION PROVIDED THAT THE FOLLOWING SOURCE IS ACKNOWLEDGED: 

Klein Tank, A.M.G. and Coauthors, 2002. Daily dataset of 20th-century surface
air temperature and precipitation series for the European Climate Assessment.
Int. J. of Climatol., 22, 1441-1453.
Data and metadata available at http://www.ecad.eu

FILE FORMAT (MISSING VALUE CODE = -9999):

01-06 STAID: Station identifier
08-13 SOUID: Source identifier
15-22 DATE : Date YYYYMMDD
24-28 RR   : Precipitation amount in 0.1 mm
30-34 Q_RR : quality code for RR (0='valid'; 1='suspect'; 9='missing')

This is the blended series of station SKARE, NORWAY (STAID: 18158)
Blended and updated with sources:101526 
See files sources.txt and stations.txt for more info.

STAID, SOUID,    DATE,   RR, Q_RR
 18158,101526,20180921,  397,    0
 18158,101526,20180922,  442,    0
 18158,101526,20180923,   18,    0
 18158,101526,20180924,   10,    0
 18158,101526,20180925,  702,    0
 18158,101526,20180926,  199,    0
 18158,101526,20180927,  343,    0
 18158,101526,20180928,  147,    0
 18158,101526,20180929,  517,    0
 18158,101526,20180930,  184,    0
 18158,101526,20181001,   66,    0
 18158,101526,20181002,  172,    0
 18158,101526,20181003,   44,    0
 18158,101526,20181004,  454,    0
 18158,101526,20181005,  315,    0
 18158,101526,20181006,    9,    0
 18158,101526,20181007,  189,    0
 18158,101526,20181008,  396,    0
 18158,101526,20181009,  586,    0
 18158,101526,20181010,    9,    0
 18158,101526,20181011,    1,    0
 18158,101526,20181012,  201,    0
 18158,101526,20181013,  383,    0
 18158,101526,20181014,  481,    0
 18158,101526,20181015,    0,    0
 18158,101526,20181016,    7,    0
 18158,101526,20181017,  119,    0
 18158,101526,20181018,   18,    0
 18158,101526,20181019,   76,    0
 18158,101526,20181020,   56,    0
 18158,101526,20181021,  415,    0
 18158,101526,20181022,  801,    0
 18158,101526,20181023,    7,    0
 18158,101526,20181024,   87,    0
 18158,101526,20181025,   20,    0
 18158,101526,20181026,    0,    0
 18158,101526,20181027,    0,    0
 18158,101526,20181028,    0,    0
 18158,101526,20181029,    0,    0
 18158,101526,20181030,   28,    0
 18158,101526,20181031,   65,    0
 18158,101526,20181101,  161,    0
 18158,101526,20181102,   24,    0
 18158,101526,20181103,   16,    0
 18158,101526,20181104,    0,    0
 18158,101526,20181105,    0,    0
 18158,101526,20181106,    0,    0
 18158,101526,20181107,    0,    0
 18158,101526,20181108,   41,    0
 18158,101526,20181109,    0,    0
 18158,101526,20181110,   39,    0
 18158,101526,20181111,   56,    0
 18158,101526,20181112,   54,    0
 18158,101526,20181113,   35,    0
 18158,101526,20181114,   36,    0
 18158,101526,20181115,    0,    0
 18158,101526,20181116,    0,    0
 18158,101526,20181117,    0,    0
 18158,101526,20181118,    0,    0
 18158,101526,20181119,    0,    0
 18158,101526,20181120,    0,    0
 18158,101526,20181121,    0,    0
 18158,101526,20181122,    0,    0
 18158,101526,20181123,    0,    0
 18158,101526,20181124,    0,    0
 18158,101526,20181125,    0,    0
 18158,101526,20181126,    0,    0
 18158,101526,20181127,    0,    0
 18158,101526,20181128,   68,    0
 18158,101526,20181129,  133,    0
 18158,101526,20181130,  218,    0
 18158,101526,20181201,  195,    0
 18158,101526,20181202,   59,    0
 18158,101526,20181203,   84,    0
 18158,101526,20181204,    9,    0
 18158,101526,20181205,    7,    0
 18158,101526,20181206,  158,    0
 18158,101526,20181207,   40,    0
 18158,101526,20181208,    0,    0
 18158,101526,20181209,    1,    0
 18158,101526,20181210,    0,    0
 18158,101526,20181211,    0,    0
 18158,101526,20181212,    0,    0
 18158,101526,20181213,    0,    0
 18158,101526,20181214,    0,    0
 18158,101526,20181215,    0,    0
 18158,101526,20181216,    0,    0
 18158,101526,20181217,    0,    0
 18158,101526,20181218,    3,    0
 18158,101526,20181219,   12,    0
 18158,101526,20181220,    0,    0
 18158,101526,20181221,   19,    0
 18158,101526,20181222,    0,    0
 18158,101526,20181223,    0,    0
 18158,101526,20181224,  207,    0
 18158,101526,20181225,   11,    0
 18158,101526,20181226,  138,    0
 18158,101526,20181227,   83,    0
 18158,101526,20181228,   20,    0
 18158,101526,20181229,   24,    0
 18158,101526,20181230,  143,    0
 18158,101526,20181231,  671,    0
 18158,101526,20190101,    8,    0
 18158,101526,20190102,    0,    0
 18158,101526,20190103,    0,    0
 18158,101526,20190104,    2,    0
 18158,101526,20190105,    0,    0
 18158,101526,20190106,    3,    0
 18158,101526,20190107,  132,    0
 18158,101526,20190108,    0,    0
 18158,101526,20190109,    0,    0
 18158,101526,20190110,    0,    0
 18158,101526,20190111,    0,    0
 18158,101526,20190112,  146,    0
 18158,101526,20190113,   36,    0
 18158,101526,20190114,   23,    0
 18158,101526,20190115,  155,    0
 18158,101526,20190116,  149,    0
 18158,101526,20190117,    1,    0
 18158,101526,20190118,  103,    0
 18158,101526,20190119,   10,    0
 18158,101526,20190120,   23,    0
 18158,101526,20190121,    0,    0
 18158,101526,20190122,    0,    0
 18158,101526,20190123,    0,    0
 18158,101526,20190124,    0,    0
 18158,101526,20190125,   26,    0
 18158,101526,20190126,    0,    0
 18158,101526,20190127,    0,    0
 18158,101526,20190128,    0,    0
 18158,101526,20190129,    0,    0
 18158,101526,20190130,    0,    0
 18158,101526,20190131,    0,    0
 18158,101526,20190201,    0,    0
 18158,101526,20190202,    0,    0
 18158,101526,20190203,    0,    0
 18158,101526,20190204,   42,    0
 18158,101526,20190205,    0,    0
 18158,101526,20190206,   92,    0
 18158,101526,20190207,   24,    0
 18158,101526,20190208,   66,    0
 18158,101526,20190209,   95,    0
 18158,101526,20190210,   89,    0
 18158,101526,20190211,    3,    0
 18158,101526,20190212,  435,    0
 18158,101526,20190213,   21,    0
 18158,101526,20190214,   98,    0
 18158,101526,20190215,    0,    0
 18158,101526,20190216,  175,    0
 18158,101526,20190217,    5,    0
 18158,101526,20190218,  218,    0
 18158,101526,20190219,  188,    0
 18158,101526,20190220,  169,    0
 18158,101526,20190221,    2,    0
 18158,101526,20190222,    1,    0
 18158,101526,20190223,   19,    0
 18158,101526,20190224,    2,    0
 18158,101526,20190225,    0,    0
 18158,101526,20190226,    0,    0
 18158,101526,20190227,    8,    0
 18158,101526,20190228,    0,    0
 18158,101526,20190301,    0,    0
 18158,101526,20190302,   39,    0
 18158,101526,20190303,   78,    0
 18158,101526,20190304,   35,    0
 18158,101526,20190305,   45,    0
 18158,101526,20190306,  110,    0
 18158,101526,20190307,   45,    0
 18158,101526,20190308,   57,    0
 18158,101526,20190309,    6,    0
 18158,101526,20190310,    0,    0
 18158,101526,20190311,    1,    0
 18158,101526,20190312,  127,    0
 18158,101526,20190313,    1,    0
 18158,101526,20190314,   19,    0
 18158,101526,20190315,   36,    0
 18158,101526,20190316,   39,    0
 18158,101526,20190317,    1,    0
 18158,101526,20190318,    0,    0
 18158,101526,20190319,  108,    0
 18158,101526,20190320,  508,    0
 18158,101526,20190321,  217,    0
 18158,101526,20190322,  281,    0
 18158,101526,20190323,  355,    0
 18158,101526,20190324,  238,    0
 18158,101526,20190325,    0,    0
 18158,101526,20190326,   54,    0
 18158,101526,20190327,   19,    0
 18158,101526,20190328,   84,    0
 18158,101526,20190329,  213,    0
 18158,101526,20190330,  178,    0
 18158,101526,20190331,    0,    0
 18158,101526,20190401,    0,    0
 18158,101526,20190402,    0,    0
 18158,101526,20190403,   19,    0
 18158,101526,20190404,    0,    0
 18158,101526,20190405,    0,    0
 18158,101526,20190406,    0,    0
 18158,101526,20190407,    0,    0
 18158,101526,20190408,    0,    0
 18158,101526,20190409,    0,    0
 18158,101526,20190410,    0,    0
 18158,101526,20190411,    0,    0
 18158,101526,20190412,    0,    0
 18158,101526,20190413,    0,    0
 18158,101526,20190414,    0,    0
 18158,101526,20190415,    0,    0
 18158,101526,20190416,    0,    0
 18158,101526,20190417,    0,    0
 18158,101526,20190418,    0,    0
 18158,101526,20190419,    0,    0
 18158,101526,20190420,    0,    0
 18158,101526,20190421,    0,    0
 18158,101526,20190422,    0,    0
 18158,101526,20190423,    0,    0
 18158,101526,20190424,   10,    0
 18158,101526,20190425,    1,    0
 18158,101526,20190426,   36,    0
 18158,101526,20190427,  160,    0
 18158,101526,20190428,    0,    0
 18158,101526,20190429,    0,    0
 18158,101526,20190430,    0,    0
 18158,101526,20190501,   14,    0
 18158,101526,20190502,    0,    0
 18158,101526,20190503,    4,    0
 18158,101526,20190504,    0,    0
 18158,101526,20190505,   53,    0
 18158,101526,20190506,    0,    0
 18158,101526,20190507,   10,    0
 18158,101526,20190508,    0,    0
 18158,101526,20190509,  152,    0
 18158,101526,20190510,  130,    0
 18158,101526,20190511,   12,    0
 18158,101526,20190512,    3,    0
 18158,101526,20190513,    0,    0
 18158,101526,20190514,    0,    0
 18158,101526,20190515,    0,    0
 18158,101526,20190516,    0,    0
 18158,101526,20190517,    0,    0
 18158,101526,20190518,    0,    0
 18158,101526,20190519,   10,    0
 18158,101526,20190520,    0,    0
 18158,101526,20190521,  128,    0
 18158,101526,20190522,  106,    0
 18158,101526,20190523,   66,    0
 18158,101526,20190524,    2,    0
 18158,101526,20190525,   15,    0
 18158,101526,20190526,    0,    0
 18158,101526,20190527,    0,    0
 18158,101526,20190528,   30,    0
 18158,101526,20190529,  222,    0
 18158,101526,20190530,   77,    0
 18158,101526,20190531,  204,    0
 18158,101526,20190601,  120,    0
 18158,101526,20190602,  157,    0
 18158,101526,20190603,   12,    0
 18158,101526,20190604,    2,    0
 18158,101526,20190605,    2,    0
 18158,101526,20190606,   96,    0
 18158,101526,20190607,    0,    0
 18158,101526,20190608,   62,    0
 18158,101526,20190609,  164,    0
 18158,101526,20190610,    0,    0
 18158,101526,20190611,    8,    0
 18158,101526,20190612,   51,    0
 18158,101526,20190613,   14,    0
 18158,101526,20190614,    7,    0
 18158,101526,20190615,   29,    0
 18158,101526,20190616,   10,    0
 18158,101526,20190617,   28,    0
 18158,101526,20190618,    1,    0
 18158,101526,20190619,   19,    0
 18158,101526,20190620,   41,    0
 18158,101526,20190621,  273,    0
 18158,101526,20190622,   61,    0
 18158,101526,20190623,    0,    0
 18158,101526,20190624,  601,    0
 18158,101526,20190625,   57,    0
 18158,101526,20190626,    0,    0
 18158,101526,20190627,    0,    0
 18158,101526,20190628,    0,    0
 18158,101526,20190629,    0,    0
 18158,101526,20190630,  260,    0
 18158,101526,20190701,   74,    0
 18158,101526,20190702,  119,    0
 18158,101526,20190703,  108,    0
 18158,101526,20190704,   11,    0
 18158,101526,20190705,    3,    0
 18158,101526,20190706,   32,    0
 18158,101526,20190707,    0,    0
 18158,101526,20190708,    0,    0
 18158,101526,20190709,    0,    0
 18158,101526,20190710,    3,    0
 18158,101526,20190711,    0,    0
 18158,101526,20190712,    0,    0
 18158,101526,20190713,    0,    0
 18158,101526,20190714,    0,    0
 18158,101526,20190715,    0,    0
 18158,101526,20190716,    0,    0
 18158,101526,20190717,    0,    0
 18158,101526,20190718,  102,    0
 18158,101526,20190719,    0,    0
 18158,101526,20190720,  123,    0
 18158,101526,20190721,   83,    0
 18158,101526,20190722,   62,    0
 18158,101526,20190723,    3,    0
 18158,101526,20190724,    0,    0
 18158,101526,20190725,    0,    0
 18158,101526,20190726,    0,    0
 18158,101526,20190727,    0,    0
 18158,101526,20190728,   61,    0
 18158,101526,20190729,    0,    0
 18158,101526,20190730,  412,    0
 18158,101526,20190731,   10,    0
 18158,101526,20190801,    0,    0
 18158,101526,20190802,    0,    0
 18158,101526,20190803,    0,    0
 18158,101526,20190804,    0,    0
 18158,101526,20190805,    1,    0
 18158,101526,20190806,  115,    0
 18158,101526,20190807,   46,    0
 18158,101526,20190808,    7,    0
 18158,101526,20190809,   14,    0
 18158,101526,20190810,   82,    0
 18158,101526,20190811,  132,    0
 18158,101526,20190812,  126,    0
 18158,101526,20190813,    0,    0
 18158,101526,20190814,   13,    0
 18158,101526,20190815,   73,    0
 18158,101526,20190816,   44,    0
 18158,101526,20190817,  127,    0
 18158,101526,20190818,  100,    0
 18158,101526,20190819,  324,    0
 18158,101526,20190820,  111,    0
 18158,101526,20190821,   15,    0
 18158,101526,20190822,  304,    0
 18158,101526,20190823,   62,    0
 18158,101526,20190824,    1,    0
 18158,101526,20190825,    0,    0
 18158,101526,20190826,    0,    0
 18158,101526,20190827,    0,    0
 18158,101526,20190828,  201,    0
 18158,101526,20190829,  183,    0
 18158,101526,20190830,  410,    0
 18158,101526,20190831,  118,    0
 18158,101526,20190901,   79,    0
 18158,101526,20190902,  107,    0
 18158,101526,20190903,   15,    0
 18158,101526,20190904,  314,    0
 18158,101526,20190905,   26,    0
 18158,101526,20190906,   68,    0
 18158,101526,20190907,   18,    0
 18158,101526,20190908,    0,    0
 18158,101526,20190909,    9,    0
 18158,101526,20190910,    2,    0
 18158,101526,20190911,  231,    0
 18158,101526,20190912,  348,    0
 18158,101526,20190913,  235,    0
 18158,101526,20190914,  729,    0
 18158,101526,20190915,  381,    0
 18158,101526,20190916,  318,    0
 18158,101526,20190917,    1,    0
 18158,101526,20190918,    0,    0
 18158,101526,20190919,    6,    0
 18158,101526,20190920,    0,    0
 18158,101526,20190921,    0,    0
 18158,101526,20190922,    0,    0
 18158,101526,20190923,    0,    0
 18158,101526,20190924,    0,    0
 18158,101526,20190925,    0,    0
 18158,101526,20190926,   27,    0
 18158,101526,20190927,   22,    0
 18158,101526,20190928,    1,    0
 18158,101526,20190929,    0,    0
 18158,101526,20190930,   31,    0
 18158,101526,20191001,    1,    0
 18158,101526,20191002,    0,    0
 18158,101526,20191003,    2,    0
 18158,101526,20191004,    0,    0
 18158,101526,20191005,    0,    0
 18158,101526,20191006,    0,    0
 18158,101526,20191007,  106,    0
 18158,101526,20191008,  186,    0
 18158,101526,20191009,   48,    0
 18158,101526,20191010,  171,    0
 18158,101526,20191011,  399,    0
 18158,101526,20191012,  153,    0
 18158,101526,20191013,   55,    0
 18158,101526,20191014,    3,    0
 18158,101526,20191015,   34,    0
 18158,101526,20191016,    0,    0
 18158,101526,20191017,   47,    0
 18158,101526,20191018,    7,    0
 18158,101526,20191019,    5,    0
 18158,101526,20191020,    0,    0
 18158,101526,20191021,   61,    0
 18158,101526,20191022,  220,    0
 18158,101526,20191023,    4,    0
 18158,101526,20191024,  288,    0
 18158,101526,20191025,  119,    0
 18158,101526,20191026,   35,    0
 18158,101526,20191027,    0,    0
 18158,101526,20191028,    0,    0
 18158,101526,20191029,    0,    0
 18158,101526,20191030,    6,    0
 18158,101526,20191031,    5,    0
 18158,101526,20191101,    0,    0
 18158,101526,20191102,    0,    0
 18158,101526,20191103,    0,    0
 18158,101526,20191104,    0,    0
 18158,101526,20191105,    0,    0
 18158,101526,20191106,    0,    0
 18158,101526,20191107,    1,    0
 18158,101526,20191108,    0,    0
 18158,101526,20191109,    0,    0
 18158,101526,20191110,    0,    0
 18158,101526,20191111,    0,    0
 18158,101526,20191112,   46,    0
 18158,101526,20191113,    0,    0
 18158,101526,20191114,    0,    0
 18158,101526,20191115,    0,    0
 18158,101526,20191116,   16,    0
 18158,101526,20191117,    0,    0
 18158,101526,20191118,  118,    0
 18158,101526,20191119,    0,    0
 18158,101526,20191120,    0,    0
 18158,101526,20191121,    0,    0
 18158,101526,20191122,   11,    0
 18158,101526,20191123,    0,    0
 18158,101526,20191124,    0,    0
 18158,101526,20191125,   35,    0
 18158,101526,20191126,   15,    0
 18158,101526,20191127,   19,    0
 18158,101526,20191128,    7,    0
 18158,101526,20191129,    0,    0
 18158,101526,20191130,    6,    0
 18158,101526,20191201,   37,    0
 18158,101526,20191202,   70,    0
 18158,101526,20191203,   60,    0
 18158,101526,20191204,  209,    0
 18158,101526,20191205,  586,    0
 18158,101526,20191206,   76,    0
 18158,101526,20191207,  113,    0
 18158,101526,20191208,  461,    0
 18158,101526,20191209,   24,    0
 18158,101526,20191210,  454,    0
 18158,101526,20191211,  261,    0
 18158,101526,20191212,    1,    0
 18158,101526,20191213,    0,    0
 18158,101526,20191214,    7,    0
 18158,101526,20191215,  126,    0
 18158,101526,20191216,   14,    0
 18158,101526,20191217,   27,    0
 18158,101526,20191218,   13,    0
 18158,101526,20191219,  122,    0
 18158,101526,20191220,   17,    0
 18158,101526,20191221,    0,    0
 18158,101526,20191222,    0,    0
 18158,101526,20191223,   28,    0
 18158,101526,20191224,    0,    0
 18158,101526,20191225,    4,    0
 18158,101526,20191226,    0,    0
 18158,101526,20191227,   10,    0
 18158,101526,20191228,  217,    0
 18158,101526,20191229, 1040,    0
 18158,101526,20191230,  335,    0
 18158,101526,20191231,   45,    0
 18158,101526,20200101,    0,    0
 18158,101526,20200102,  529,    0
 18158,101526,20200103,  217,    0
 18158,101526,20200104,   30,    0
 18158,101526,20200105,  406,    0
 18158,101526,20200106,   95,    0
 18158,101526,20200107,  658,    0
 18158,101526,20200108,  407,    0
 18158,101526,20200109,    8,    0
 18158,101526,20200110,   49,    0
 18158,101526,20200111,  858,    0
 18158,101526,20200112,  197,    0
 18158,101526,20200113,   99,    0
 18158,101526,20200114,  249,    0
 18158,101526,20200115,  446,    0
 18158,101526,20200116,  135,    0
 18158,101526,20200117,  105,    0
 18158,101526,20200118,   90,    0
 18158,101526,20200119,  126,    0
 18158,101526,20200120,  354,    0
 18158,101526,20200121,   83,    0
 18158,101526,20200122,   10,    0
 18158,101526,20200123,  360,    0
 18158,101526,20200124,  131,    0
 18158,101526,20200125,   53,    0
 18158,101526,20200126,   23,    0
 18158,101526,20200127,   27,    0
 18158,101526,20200128,   11,    0
 18158,101526,20200129,   20,    0
 18158,101526,20200130,   34,    0
 18158,101526,20200131,  301,    0
 18158,101526,20200201,  330,    0
 18158,101526,20200202,    3,    0
 18158,101526,20200203,  125,    0
 18158,101526,20200204,    7,    0
 18158,101526,20200205,  136,    0
 18158,101526,20200206,    9,    0
 18158,101526,20200207,    0,    0
 18158,101526,20200208,  144,    0
 18158,101526,20200209,  699,    0
 18158,101526,20200210,  338,    0
 18158,101526,20200211,  339,    0
 18158,101526,20200212,   76,    0
 18158,101526,20200213,    3,    0
 18158,101526,20200214,   89,    0
 18158,101526,20200215,  420,    0
 18158,101526,20200216,  389,    0
 18158,101526,20200217,  858,    0
 18158,101526,20200218,  256,    0
 18158,101526,20200219,    1,    0
 18158,101526,20200220,  278,    0
 18158,101526,20200221,  734,    0
 18158,101526,20200222,  506,    0
 18158,101526,20200223,   22,    0
 18158,101526,20200224,   33,    0
 18158,101526,20200225,    0,    0
 18158,101526,20200226,    6,    0
 18158,101526,20200227,   34,    0
 18158,101526,20200228,   49,    0
 18158,101526,20200229,   91,    0
 18158,101526,20200301,   80,    0
 18158,101526,20200302,    6,    0
 18158,101526,20200303,   23,    0
 18158,101526,20200304,    2,    0
 18158,101526,20200305,    0,    0
 18158,101526,20200306,    0,    0
 18158,101526,20200307,  115,    0
 18158,101526,20200308,  174,    0
 18158,101526,20200309,   69,    0
 18158,101526,20200310,  332,    0
 18158,101526,20200311,  185,    0
 18158,101526,20200312,  163,    0
 18158,101526,20200313,    1,    0
 18158,101526,20200314,   91,    0
 18158,101526,20200315,  358,    0
 18158,101526,20200316,  154,    0
 18158,101526,20200317,  341,    0
 18158,101526,20200318,  291,    0
 18158,101526,20200319,   17,    0
 18158,101526,20200320,    0,    0
 18158,101526,20200321,    0,    0
 18158,101526,20200322,    0,    0
 18158,101526,20200323,    0,    0
 18158,101526,20200324,    0,    0
 18158,101526,20200325,  219,    0
 18158,101526,20200326,   19,    0
 18158,101526,20200327,    0,    0
 18158,101526,20200328,    0,    0
 18158,101526,20200329,   18,    0
 18158,101526,20200330,    0,    0
 18158,101526,20200331,   62,    0
 18158,101526,20200401,  468,    0
 18158,101526,20200402,  262,    0
 18158,101526,20200403,   32,    0
 18158,101526,20200404,   30,    0
 18158,101526,20200405,    4,    0
 18158,101526,20200406,   40,    0
 18158,101526,20200407,    1,    0
 18158,101526,20200408,   53,    0
 18158,101526,20200409,    0,    0
 18158,101526,20200410,    0,    0
 18158,101526,20200411,  359,    0
 18158,101526,20200412,   92,    0
 18158,101526,20200413,    0,    0
 18158,101526,20200414,  131,    0
 18158,101526,20200415,  262,    0
 18158,101526,20200416,    0,    0
 18158,101526,20200417,    0,    0
 18158,101526,20200418,    0,    0
 18158,101526,20200419,    0,    0
 18158,101526,20200420,    0,    0
 18158,101526,20200421,    0,    0
 18158,101526,20200422,    0,    0
 18158,101526,20200423,    0,    0
 18158,101526,20200424,    0,    0
 18158,101526,20200425,    0,    0
 18158,101526,20200426,   91,    0
 18158,101526,20200427,   23,    0
 18158,101526,20200428,    0,    0
 18158,101526,20200429,    0,    0
 18158,101526,20200430,   23,    0
 18158,101526,20200501,    0,    0
 18158,101526,20200502,    5,    0
 18158,101526,20200503,    3,    0
 18158,101526,20200504,    0,    0
 18158,101526,20200505,   11,    0
 18158,101526,20200506,   22,    0
 18158,101526,20200507,   19,    0
 18158,101526,20200508,   20,    0
 18158,101526,20200509,   95,    0
 18158,101526,20200510,    9,    0
 18158,101526,20200511,   49,    0
 18158,101526,20200512,    1,    0
 18158,101526,20200513,   12,    0
 18158,101526,20200514,   14,    0
 18158,101526,20200515,  103,    0
 18158,101526,20200516,  271,    0
 18158,101526,20200517,   72,    0
 18158,101526,20200518,    1,    0
 18158,101526,20200519,    0,    0
 18158,101526,20200520,    0,    0
 18158,101526,20200521,    0,    0
 18158,101526,20200522,  270,    0
 18158,101526,20200523,  112,    0
 18158,101526,20200524,   42,    0
 18158,101526,20200525,    0,    0
 18158,101526,20200526,   18,    0
 18158,101526,20200527,    3,    0
 18158,101526,20200528,    0,    0
 18158,101526,20200529,    0,    0
 18158,101526,20200530,    0,    0
 18158,101526,20200531,    0,    0
 18158,101526,20200601,    0,    0
 18158,101526,20200602,    0,    0
 18158,101526,20200603,   14,    0
 18158,101526,20200604,   46,    0
 18158,101526,20200605,   13,    0
 18158,101526,20200606,   56,    0
 18158,101526,20200607,    3,    0
 18158,101526,20200608,    0,    0
 18158,101526,20200609,    0,    0
 18158,101526,20200610,    0,    0
 18158,101526,20200611,    0,    0
 18158,101526,20200612,    0,    0
 18158,101526,20200613,   15,    0
 18158,101526,20200614,    0,    0
 18158,101526,20200615,    0,    0
 18158,101526,20200616,    0,    0
 18158,101526,20200617,    0,    0
 18158,101526,20200618,    0,    0
 18158,101526,20200619,    9,    0
 18158,101526,20200620,   70,    0
 18158,101526,20200621,   95,    0
 18158,101526,20200622,    4,    0
 18158,101526,20200623,    0,    0
 18158,101526,20200624,    0,    0
 18158,101526,20200625,    0,    0
 18158,101526,20200626,    0,    0
 18158,101526,20200627,   21,    0
 18158,101526,20200628,   30,    0
 18158,101526,20200629,   10,    0
 18158,101526,20200630,   10,    0
 18158,101526,20200701,   17,    0
 18158,101526,20200702,  221,    0
 18158,101526,20200703,  185,    0
 18158,101526,20200704,   21,    0
 18158,101526,20200705,  452,    0
 18158,101526,20200706,  127,    0
 18158,101526,20200707,   18,    0
 18158,101526,20200708,    1,    0
 18158,101526,20200709,    0,    0
 18158,101526,20200710,    8,    0
 18158,101526,20200711,   17,    0
 18158,101526,20200712,   17,    0
 18158,101526,20200713,   69,    0
 18158,101526,20200714,   15,    0
 18158,101526,20200715,    0,    0
 18158,101526,20200716,    0,    0
 18158,101526,20200717,  148,    0
 18158,101526,20200718,  194,    0
 18158,101526,20200719,   37,    0
 18158,101526,20200720,    4,    0
 18158,101526,20200721,    0,    0
 18158,101526,20200722,    0,    0
 18158,101526,20200723,    0,    0
 18158,101526,20200724,    0,    0
 18158,101526,20200725,   20,    0
 18158,101526,20200726,  292,    0
 18158,101526,20200727,   62,    0
 18158,101526,20200728,   78,    0
 18158,101526,20200729,   57,    0
 18158,101526,20200730,   16,    0
 18158,101526,20200731,    0,    0
 18158,101526,20200801,   32,    0
 18158,101526,20200802,   44,    0
 18158,101526,20200803,    3,    0
 18158,101526,20200804,   46,    0
 18158,101526,20200805,   66,    0
 18158,101526,20200806,   13,    0
 18158,101526,20200807,    0,    0
 18158,101526,20200808,   19,    0
 18158,101526,20200809,    0,    0
 18158,101526,20200810,    0,    0
 18158,101526,20200811,    0,    0
 18158,101526,20200812,    0,    0
 18158,101526,20200813,    1,    0
 18158,101526,20200814,    0,    0
 18158,101526,20200815,    0,    0
 18158,101526,20200816,    0,    0
 18158,101526,20200817,    0,    0
 18158,101526,20200818,  177,    0
 18158,101526,20200819,   16,    0
 18158,101526,20200820,   11,    0
 18158,101526,20200821,  233,    0
 18158,101526,20200822,  320,    0
 18158,101526,20200823,   79,    0
 18158,101526,20200824,  284,    0
 18158,101526,20200825,    4,    0
 18158,101526,20200826,    0,    0
 18158,101526,20200827,    1,    0
 18158,101526,20200828,   11,    0
 18158,101526,20200829,    0,    0
 18158,101526,20200830,    0,    0
 18158,101526,20200831,    0,    0
 18158,101526,20200901,    0,    0
 18158,101526,20200902,    0,    0
 18158,101526,20200903,   67,    0
 18158,101526,20200904,  504,    0
 18158,101526,20200905,  303,    0
 18158,101526,20200906,   35,    0
 18158,101526,20200907,   88,    0
 18158,101526,20200908,  372,    0
 18158,101526,20200909,  134,    0
 18158,101526,20200910,   10,    0
 18158,101526,20200911,  335,    0
 18158,101526,20200912,  462,    0
 18158,101526,20200913,  322,    0
 18158,101526,20200914,   87,    0
 18158,101526,20200915,  115,    0
 18158,101526,20200916,    0,    0
 18158,101526,20200917,    0,    0
 18158,101526,20200918,    0,    0
 18158,101526,20200919,    0,    0
 18158,101526,20200920,    0,    0
 18158,101526,20200921,    0,    0
 18158,101526,20200922,   13,    0
 18158,101526,20200923,  147,    0
 18158,101526,20200924,  148,    0
 18158,101526,20200925,    8,    0
 18158,101526,20200926,    0,    0
 18158,101526,20200927,    0,    0
 18158,101526,20200928,    0,    0
 18158,101526,20200929,   64,    0
 18158,101526,20200930,    3,    0
 18158,101526,20201001,    0,    0
 18158,101526,20201002,    0,    0
 18158,101526,20201003,    0,    0
 18158,101526,20201004,   93,    0
 18158,101526,20201005,    0,    0
 18158,101526,20201006,    2,    0
 18158,101526,20201007,   44,    0
 18158,101526,20201008,  242,    0
 18158,101526,20201009,   31,    0
 18158,101526,20201010,    0,    0
 18158,101526,20201011,    0,    0
 18158,101526,20201012,    0,    0
 18158,101526,20201013,    0,    0
 18158,101526,20201014,    0,    0
 18158,101526,20201015,    0,    0
 18158,101526,20201016,    0,    0
 18158,101526,20201017,    0,    0
 18158,101526,20201018,    0,    0
 18158,101526,20201019,  109,    0
 18158,101526,20201020,  259,    0
 18158,101526,20201021,  155,    0
 18158,101526,20201022,   21,    0
 18158,101526,20201023,   29,    0
 18158,101526,20201024,  272,    0
 18158,101526,20201025,  126,    0
 18158,101526,20201026,    2,    0
 18158,101526,20201027,   26,    0
 18158,101526,20201028,  286,    0
 18158,101526,20201029,    6,    0
 18158,101526,20201030,   67,    0
 18158,101526,20201031,   69,    0
 18158,101526,20201101,  286,    0
 18158,101526,20201102,  425,    0
 18158,101526,20201103,  169,    0
 18158,101526,20201104,  253,    0
 18158,101526,20201105,  104,    0
 18158,101526,20201106,    3,    0
 18158,101526,20201107,   10,    0
 18158,101526,20201108,    0,    0
 18158,101526,20201109,    0,    0
 18158,101526,20201110,   23,    0
 18158,101526,20201111,    0,    0
 18158,101526,20201112,    0,    0
 18158,101526,20201113,   49,    0
 18158,101526,20201114,   65,    0
 18158,101526,20201115,  129,    0
 18158,101526,20201116,  266,    0
 18158,101526,20201117,  428,    0
 18158,101526,20201118,  800,    0
 18158,101526,20201119,   57,    0
 18158,101526,20201120,  312,    0
 18158,101526,20201121,  550,    0
 18158,101526,20201122,  408,    0
 18158,101526,20201123,  296,    0
 18158,101526,20201124,  372,    0
 18158,101526,20201125,  231,    0
 18158,101526,20201126,    0,    0
 18158,101526,20201127,    0,    0
 18158,101526,20201128,    0,    0
 18158,101526,20201129,   25,    0
 18158,101526,20201130,   38,    0
 18158,101526,20201201,    0,    0
 18158,101526,20201202,   56,    0
 18158,101526,20201203,   62,    0
 18158,101526,20201204,    0,    0
 18158,101526,20201205,    0,    0
 18158,101526,20201206,   33,    0
 18158,101526,20201207,   26,    0
 18158,101526,20201208,   14,    0
 18158,101526,20201209,    0,    0
 18158,101526,20201210,   10,    0
 18158,101526,20201211,    0,    0
 18158,101526,20201212,    0,    0
 18158,101526,20201213,    8,    0
 18158,101526,20201214,   57,    0
 18158,101526,20201215,   75,    0
 18158,101526,20201216,    8,    0
 18158,101526,20201217,   38,    0
 18158,101526,20201218,   29,    0
 18158,101526,20201219,  109,    0
 18158,101526,20201220,   64,    0
 18158,101526,20201221,   36,    0
 18158,101526,20201222,  415,    0
 18158,101526,20201223,    3,    0
 18158,101526,20201224,    0,    0
 18158,101526,20201225,   42,    0
 18158,101526,20201226,  133,    0
 18158,101526,20201227,  135,    0
 18158,101526,20201228,    5,    0
 18158,101526,20201229,    0,    0
 18158,101526,20201230,    0,    0
 18158,101526,20201231,    0,    0
 18158,101526,20210101,    0,    0
 18158,101526,20210102,    0,    0
 18158,101526,20210103,    0,    0
 18158,101526,20210104,    0,    0
 18158,101526,20210105,    0,    0
 18158,101526,20210106,    0,    0
 18158,101526,20210107,    0,    0
 18158,101526,20210108,    0,    0
 18158,101526,20210109,   97,    0
 18158,101526,20210110,  122,    0
 18158,101526,20210111,   10,    0
 18158,101526,20210112,   17,    0
 18158,101526,20210113,    0,    0
 18158,101526,20210114,    0,    0
 18158,101526,20210115,    0,    0
 18158,101526,20210116,    0,    0
 18158,101526,20210117,   14,    0
 18158,101526,20210118,   36,    0
 18158,101526,20210119,    9,    0
 18158,101526,20210120,  204,    0
 18158,101526,20210121,  104,    0
 18158,101526,20210122,  253,    0
 18158,101526,20210123,   32,    0
 18158,101526,20210124,    0,    0
 18158,101526,20210125,    0,    0
 18158,101526,20210126,    2,    0
 18158,101526,20210127,    0,    0
 18158,101526,20210128,    0,    0
 18158,101526,20210129,    0,    0
 18158,101526,20210130,    0,    0
 18158,101526,20210131,   19,    0
 18158,101526,20210201,    0,    0
 18158,101526,20210202,    0,    0
 18158,101526,20210203,    0,    0
 18158,101526,20210204,    0,    0
 18158,101526,20210205,    0,    0
 18158,101526,20210206,    0,    0
 18158,101526,20210207,    0,    0
 18158,101526,20210208,    0,    0
 18158,101526,20210209,    0,    0
 18158,101526,20210210,    0,    0
 18158,101526,20210211,    0,    0
 18158,101526,20210212,    0,    0
 18158,101526,20210213,    0,    0
 18158,101526,20210214,    7,    0
 18158,101526,20210215,    3,    0
 18158,101526,20210216,   18,    0
 18158,101526,20210217,    7,    0
 18158,101526,20210218,   42,    0
 18158,101526,20210219,    9,    0
 18158,101526,20210220,   84,    0
 18158,101526,20210221,    0,    0
 18158,101526,20210222,  139,    0
 18158,101526,20210223,  278,    0
 18158,101526,20210224,  466,    0
 18158,101526,20210225,  486,    0
 18158,101526,20210226,    4,    0
 18158,101526,20210227,    2,    0
 18158,101526,20210228,    0,    0
 18158,101526,20210301,    6,    0
 18158,101526,20210302,    0,    0
 18158,101526,20210303,    0,    0
 18158,101526,20210304,    0,    0
 18158,101526,20210305,   20,    0
 18158,101526,20210306,  159,    0
 18158,101526,20210307,    0,    0
 18158,101526,20210308,    0,    0
 18158,101526,20210309,    0,    0
 18158,101526,20210310,  118,    0
 18158,101526,20210311,  245,    0
 18158,101526,20210312,  325,    0
 18158,101526,20210313,    0,    0
 18158,101526,20210314,  102,    0
 18158,101526,20210315,    0,    0
 18158,101526,20210316,    0,    0
 18158,101526,20210317,    0,    0
 18158,101526,20210318,    0,    0
 18158,101526,20210319,    0,    0
 18158,101526,20210320,   33,    0
 18158,101526,20210321,    5,    0
 18158,101526,20210322,   16,    0
 18158,101526,20210323,   65,    0
 18158,101526,20210324,   99,    0
 18158,101526,20210325,   70,    0
 18158,101526,20210326,  183,    0
 18158,101526,20210327,   35,    0
 18158,101526,20210328,  223,    0
 18158,101526,20210329,  552,    0
 18158,101526,20210330,  664,    0
 18158,101526,20210331,    3,    0
 18158,101526,20210401,    1,    0
 18158,101526,20210402,    0,    0
 18158,101526,20210403,    6,    0
 18158,101526,20210404,  373,    0
 18158,101526,20210405,    6,    0
 18158,101526,20210406,    0,    0
 18158,101526,20210407,    4,    0
 18158,101526,20210408,  393,    0
 18158,101526,20210409,   84,    0
 18158,101526,20210410,    6,    0
 18158,101526,20210411,    0,    0
 18158,101526,20210412,    0,    0
 18158,101526,20210413,    0,    0
 18158,101526,20210414,    0,    0
 18158,101526,20210415,    0,    0
 18158,101526,20210416,    0,    0
 18158,101526,20210417,    0,    0
 18158,101526,20210418,    0,    0
 18158,101526,20210419,    0,    0
 18158,101526,20210420,  101,    0
 18158,101526,20210421,    2,    0
 18158,101526,20210422,    0,    0
 18158,101526,20210423,    0,    0
 18158,101526,20210424,    0,    0
 18158,101526,20210425,    0,    0
 18158,101526,20210426,    0,    0
 18158,101526,20210427,    0,    0
 18158,101526,20210428,    0,    0
 18158,101526,20210429,    0,    0
 18158,101526,20210430,    0,    0
 18158,101526,20210501,    0,    0
 18158,101526,20210502,    5,    0
 18158,101526,20210503,    0,    0
 18158,101526,20210504,    0,    0
 18158,101526,20210505,    0,    0
 18158,101526,20210506,    1,    0
 18158,101526,20210507,    0,    0
 18158,101526,20210508,    0,    0
 18158,101526,20210509,   49,    0
 18158,101526,20210510,   53,    0
 18158,101526,20210511,    0,    0
 18158,101526,20210512,    0,    0
 18158,101526,20210513,    1,    0
 18158,101526,20210514,   10,    0
 18158,101526,20210515,    1,    0
 18158,101526,20210516,    5,    0
 18158,101526,20210517,    0,    0
 18158,101526,20210518,    0,    0
 18158,101526,20210519,    6,    0
 18158,101526,20210520,   20,    0
 18158,101526,20210521,    0,    0
 18158,101526,20210522,    0,    0
 18158,101526,20210523,   34,    0
 18158,101526,20210524,   38,    0
 18158,101526,20210525,    0,    0
 18158,101526,20210526,    0,    0
 18158,101526,20210527,    0,    0
 18158,101526,20210528,    0,    0
 18158,101526,20210529,    0,    0
 18158,101526,20210530,    0,    0
 18158,101526,20210531,    0,    0
 18158,101526,20210601,    0,    0
 18158,101526,20210602,    0,    0
 18158,101526,20210603,    0,    0
 18158,101526,20210604,    0,    0
 18158,101526,20210605,    8,    0
 18158,101526,20210606,    0,    0
 18158,101526,20210607,    0,    0
 18158,101526,20210608,    0,    0
 18158,101526,20210609,   48,    0
 18158,101526,20210610,   15,    0
 18158,101526,20210611,  178,    0
 18158,101526,20210612,   54,    0
 18158,101526,20210613,  261,    0
 18158,101526,20210614,  373,    0
 18158,101526,20210615,    8,    0
 18158,101526,20210616,    2,    0
 18158,101526,20210617,  147,    0
 18158,101526,20210618,   40,    0
 18158,101526,20210619,  101,    0
 18158,101526,20210620,   92,    0
 18158,101526,20210621,    0,    0
 18158,101526,20210622,    0,    0
 18158,101526,20210623,    0,    0
 18158,101526,20210624,    0,    0
 18158,101526,20210625,    0,    0
 18158,101526,20210626,    0,    0
 18158,101526,20210627,    0,    0
 18158,101526,20210628,    0,    0
 18158,101526,20210629,    0,    0
 18158,101526,20210630,    0,    0
 18158,101526,20210701,    1,    0
 18158,101526,20210702,    2,    0
 18158,101526,20210703,   18,    0
 18158,101526,20210704,   50,    0
 18158,101526,20210705,   99,    0
 18158,101526,20210706,    5,    0
 18158,101526,20210707,   19,    0
 18158,101526,20210708,  268,    0
 18158,101526,20210709,   15,    0
 18158,101526,20210710,    9,    0
 18158,101526,20210711,    0,    0
 18158,101526,20210712,    0,    0
 18158,101526,20210713,    1,    0
 18158,101526,20210714,  106,    0
 18158,101526,20210715,    0,    0
 18158,101526,20210716,    0,    0
 18158,101526,20210717,   60,    0
 18158,101526,20210718,    0,    0
 18158,101526,20210719,    0,    0
 18158,101526,20210720,    0,    0
 18158,101526,20210721,    0,    0
 18158,101526,20210722,    0,    0
 18158,101526,20210723,    0,    0
 18158,101526,20210724,    0,    0
 18158,101526,20210725,    0,    0
 18158,101526,20210726,   51,    0
 18158,101526,20210727,   29,    0
 18158,101526,20210728,  186,    0
 18158,101526,20210729,   33,    0
 18158,101526,20210730,    0,    0
 18158,101526,20210731,    2,    0
 18158,101526,20210801,   11,    0
 18158,101526,20210802,    0,    0
 18158,101526,20210803,    0,    0
 18158,101526,20210804,    0,    0
 18158,101526,20210805,   12,    0
 18158,101526,20210806,    2,    0
 18158,101526,20210807,    0,    0
 18158,101526,20210808,   18,    0
 18158,101526,20210809,   73,    0
 18158,101526,20210810,    0,    0
 18158,101526,20210811,    0,    0
 18158,101526,20210812,    6,    0
 18158,101526,20210813,   74,    0
 18158,101526,20210814,   13,    0
 18158,101526,20210815,   35,    0
 18158,101526,20210816,    2,    0
 18158,101526,20210817,    0,    0
 18158,101526,20210818,    3,    0
 18158,101526,20210819,    4,    0
 18158,101526,20210820,    0,    0
 18158,101526,20210821,    0,    0
 18158,101526,20210822,    0,    0
 18158,101526,20210823,    0,    0
 18158,101526,20210824,    0,    0
 18158,101526,20210825,    0,    0
 18158,101526,20210826,    0,    0
 18158,101526,20210827,    0,    0
 18158,101526,20210828,    0,    0
 18158,101526,20210829,    0,    0
 18158,101526,20210830,    0,    0
 18158,101526,20210831,    0,    0
 18158,101526,20210901,    0,    0
 18158,101526,20210902,    0,    0
 18158,101526,20210903,    0,    0
 18158,101526,20210904,    0,    0
 18158,101526,20210905,    0,    0
 18158,101526,20210906,    3,    0
 18158,101526,20210907,   70,    0
 18158,101526,20210908,    3,    0
 18158,101526,20210909,    0,    0
 18158,101526,20210910,   11,    0
 18158,101526,20210911,  305,    0
 18158,101526,20210912,    0,    0
 18158,101526,20210913,    0,    0
 18158,101526,20210914,    0,    0
 18158,101526,20210915,   13,    0
 18158,101526,20210916,    0,    0
 18158,101526,20210917,    0,    0
 18158,101526,20210918,    0,    0
 18158,101526,20210919,    0,    0
 18158,101526,20210920,   77,    0
 18158,101526,20210921,   15,    0
 18158,101526,20210922,  405,    0
 18158,101526,20210923,  242,    0
 18158,101526,20210924,  303,    0
 18158,101526,20210925,    2,    0
 18158,101526,20210926,    4,    0
 18158,101526,20210927,  227,    0
 18158,101526,20210928,    5,    0
 18158,101526,20210929,   47,    0
 18158,101526,20210930,   15,    0
 18158,101526,20211001,   81,    0
 18158,101526,20211002,   65,    0
 18158,101526,20211003,  170,    0
 18158,101526,20211004,  150,    0
 18158,101526,20211005,    3,    0
 18158,101526,20211006,    3,    0
 18158,101526,20211007,  147,    0
 18158,101526,20211008,  102,    0
 18158,101526,20211009,   30,    0
 18158,101526,20211010,  281,    0
 18158,101526,20211011,   11,    0
 18158,101526,20211012,    0,    0
 18158,101526,20211013,  176,    0
 18158,101526,20211014,  458,    0
 18158,101526,20211015,  308,    0
 18158,101526,20211016,   24,    0
 18158,101526,20211017,    0,    0
 18158,101526,20211018,   94,    0
 18158,101526,20211019,  205,    0
 18158,101526,20211020,  384,    0
 18158,101526,20211021,   18,    0
 18158,101526,20211022,   12,    0
 18158,101526,20211023,    3,    0
 18158,101526,20211024,  183,    0
 18158,101526,20211025,  256,    0
 18158,101526,20211026,  383,    0
 18158,101526,20211027,  164,    0
 18158,101526,20211028,  242,    0
 18158,101526,20211029,   22,    0
 18158,101526,20211030,   67,    0
 18158,101526,20211031,   59,    0
 18158,101526,20211101,   52,    0
 18158,101526,20211102,   46,    0
 18158,101526,20211103,    0,    0
 18158,101526,20211104,    1,    0
 18158,101526,20211105,  178,    0
 18158,101526,20211106,  130,    0
 18158,101526,20211107,    6,    0
 18158,101526,20211108,  105,    0
 18158,101526,20211109,  122,    0
 18158,101526,20211110,  199,    0
 18158,101526,20211111,  131,    0
 18158,101526,20211112,    3,    0
 18158,101526,20211113,    0,    0
 18158,101526,20211114,    0,    0
 18158,101526,20211115,   66,    0
 18158,101526,20211116,  172,    0
 18158,101526,20211117,  270,    0
 18158,101526,20211118,  374,    0
 18158,101526,20211119,  138,    0
 18158,101526,20211120,   89,    0
 18158,101526,20211121,    1,    0
 18158,101526,20211122,   48,    0
 18158,101526,20211123,  141,    0
 18158,101526,20211124,  364,    0
 18158,101526,20211125,    0,    0
 18158,101526,20211126,   17,    0
 18158,101526,20211127,   11,    0
 18158,101526,20211128,    0,    0
 18158,101526,20211129,   30,    0
 18158,101526,20211130,    0,    0
 18158,101526,20211201,    0,    0
 18158,101526,20211202,    0,    0
 18158,101526,20211203,    9,    0
 18158,101526,20211204,    0,    0
 18158,101526,20211205,    0,    0
 18158,101526,20211206,    0,    0
 18158,101526,20211207,    0,    0
 18158,101526,20211208,    0,    0
 18158,101526,20211209,    0,    0
 18158,101526,20211210,    0,    0
 18158,101526,20211211,    1,    0
 18158,101526,20211212,   19,    0
 18158,101526,20211213,  218,    0
 18158,101526,20211214,  737,    0
 18158,101526,20211215,  400,    0
 18158,101526,20211216,   32,    0
 18158,101526,20211217,    1,    0
 18158,101526,20211218,    0,    0
 18158,101526,20211219,    0,    0
 18158,101526,20211220,    0,    0
 18158,101526,20211221,    0,    0
 18158,101526,20211222,    0,    0
 18158,101526,20211223,    3,    0
 18158,101526,20211224,    0,    0
 18158,101526,20211225,    0,    0
 18158,101526,20211226,    0,    0
 18158,101526,20211227,   27,    0
 18158,101526,20211228,    0,    0
 18158,101526,20211229,   90,    0
 18158,101526,20211230,  513,    0
 18158,101526,20211231,  126,    0
 18158,101526,20220101,  205,    0
 18158,101526,20220102,   77,    0
 18158,101526,20220103,  368,    0
 18158,101526,20220104,  193,    0
 18158,101526,20220105,    0,    0
 18158,101526,20220106,    3,    0
 18158,101526,20220107,    0,    0
 18158,101526,20220108,    4,    0
 18158,101526,20220109,    0,    0
 18158,101526,20220110,    3,    0
 18158,101526,20220111,  141,    0
 18158,101526,20220112,  503,    0
 18158,101526,20220113,  363,    0
 18158,101526,20220114,    0,    0
 18158,101526,20220115,   76,    0
 18158,101526,20220116,  354,    0
 18158,101526,20220117,    7,    0
 18158,101526,20220118,  206,    0
 18158,101526,20220119,  291,    0
 18158,101526,20220120,    0,    0
 18158,101526,20220121,    0,    0
 18158,101526,20220122,    6,    0
 18158,101526,20220123,  103,    0
 18158,101526,20220124,  218,    0
 18158,101526,20220125,  365,    0
 18158,101526,20220126,  441,    0
 18158,101526,20220127,  104,    0
 18158,101526,20220128,  469,    0
 18158,101526,20220129,  490,    0
 18158,101526,20220130,    0,    0
 18158,101526,20220131,   44,    0
 18158,101526,20220201,  151,    0
 18158,101526,20220202,   47,    0
 18158,101526,20220203,  215,    0
 18158,101526,20220204,  281,    0
 18158,101526,20220205,  290,    0
 18158,101526,20220206,  223,    0
 18158,101526,20220207,  179,    0
 18158,101526,20220208,  418,    0
 18158,101526,20220209,  336,    0
 18158,101526,20220210,   94,    0
 18158,101526,20220211,  203,    0
 18158,101526,20220212,  238,    0
 18158,101526,20220213,  239,    0
 18158,101526,20220214,   44,    0
 18158,101526,20220215,   85,    0
 18158,101526,20220216,   73,    0
 18158,101526,20220217,  181,    0
 18158,101526,20220218,   12,    0
 18158,101526,20220219,    1,    0
 18158,101526,20220220,   65,    0
 18158,101526,20220221,    1,    0
 18158,101526,20220222,  146,    0
 18158,101526,20220223,  415,    0
 18158,101526,20220224,  154,    0
 18158,101526,20220225,   22,    0
 18158,101526,20220226,    7,    0
 18158,101526,20220227,    0,    0
 18158,101526,20220228,  100,    0
 18158,101526,20220301,  112,    0
 18158,101526,20220302,    1,    0
 18158,101526,20220303,    0,    0
 18158,101526,20220304,    0,    0
 18158,101526,20220305,    0,    0
 18158,101526,20220306,    0,    0
 18158,101526,20220307,    0,    0
 18158,101526,20220308,    0,    0
 18158,101526,20220309,    0,    0
 18158,101526,20220310,    0,    0
 18158,101526,20220311,    0,    0
 18158,101526,20220312,    0,    0
 18158,101526,20220313,    0,    0
 18158,101526,20220314,    0,    0
 18158,101526,20220315,    0,    0
 18158,101526,20220316,    2,    0
 18158,101526,20220317,  145,    0
 18158,101526,20220318,   29,    0
 18158,101526,20220319,    0,    0
 18158,101526,20220320,    0,    0
 18158,101526,20220321,   14,    0
 18158,101526,20220322,    2,    0
 18158,101526,20220323,    4,    0
 18158,101526,20220324,   10,    0
 18158,101526,20220325,   53,    0
 18158,101526,20220326,    0,    0
 18158,101526,20220327,    4,    0
 18158,101526,20220328,    0,    0
 18158,101526,20220329,    0,    0
 18158,101526,20220330,    0,    0
 18158,101526,20220331,    0,    0
 18158,101526,20220401,    0,    0
 18158,101526,20220402,    0,    0
 18158,101526,20220403,  162,    0
 18158,101526,20220404,   27,    0
 18158,101526,20220405,   15,    0
 18158,101526,20220406,    0,    0
 18158,101526,20220407,    0,    0
 18158,101526,20220408,    0,    0
 18158,101526,20220409,    3,    0
 18158,101526,20220410,    0,    0
 18158,101526,20220411,    0,    0
 18158,101526,20220412,    1,    0
 18158,101526,20220413,  114,    0
 18158,101526,20220414,    0,    0
 18158,101526,20220415,    0,    0
 18158,101526,20220416,    0,    0
 18158,101526,20220417,    0,    0
 18158,101526,20220418,    0,    0
 18158,101526,20220419,    0,    0
 18158,101526,20220420,    0,    0
 18158,101526,20220421,    0,    0
 18158,101526,20220422,    0,    0
 18158,101526,20220423,    0,    0
 18158,101526,20220424,    0,    0
 18158,101526,20220425,    0,    0
 18158,101526,20220426,    0,    0
 18158,101526,20220427,    0,    0
 18158,101526,20220428,   18,    0
 18158,101526,20220429,    0,    0
 18158,101526,20220430,    0,    0
 18158,101526,20220501,    0,    0
 18158,101526,20220502,    0,    0
 18158,101526,20220503,    0,    0
 18158,101526,20220504,   30,    0
 18158,101526,20220505,    8,    0
 18158,101526,20220506,  158,    0
 18158,101526,20220507,    0,    0
 18158,101526,20220508,    0,    0
 18158,101526,20220509,    8,    0
 18158,101526,20220510,  311,    0
 18158,101526,20220511,  395,    0
 18158,101526,20220512,  127,    0
 18158,101526,20220513,  424,    0
 18158,101526,20220514,   26,    0
 18158,101526,20220515,    0,    0
 18158,101526,20220516,    0,    0
 18158,101526,20220517,    0,    0
 18158,101526,20220518,   14,    0
 18158,101526,20220519,    0,    0
 18158,101526,20220520,    0,    0
 18158,101526,20220521,   16,    0
 18158,101526,20220522,    0,    0
 18158,101526,20220523,  120,    0
 18158,101526,20220524,  103,    0
 18158,101526,20220525,   89,    0
 18158,101526,20220526,  106,    0
 18158,101526,20220527,   12,    0
 18158,101526,20220528,    0,    0
 18158,101526,20220529,    3,    0
 18158,101526,20220530,    0,    0
 18158,101526,20220531,    7,    0
 18158,101526,20220601,   57,    0
 18158,101526,20220602,   22,    0
 18158,101526,20220603,    0,    0
 18158,101526,20220604,    0,    0
 18158,101526,20220605,    0,    0
 18158,101526,20220606,    0,    0
 18158,101526,20220607,    0,    0
 18158,101526,20220608,    2,    0
 18158,101526,20220609,    0,    0
 18158,101526,20220610,    1,    0
 18158,101526,20220611,  256,    0
 18158,101526,20220612,  153,    0
 18158,101526,20220613,   17,    0
 18158,101526,20220614,    0,    0
 18158,101526,20220615,    0,    0
 18158,101526,20220616,    0,    0
 18158,101526,20220617,  185,    0
 18158,101526,20220618,  127,    0
 18158,101526,20220619,   17,    0
 18158,101526,20220620,    0,    0
 18158,101526,20220621,    0,    0
 18158,101526,20220622,    3,    0
 18158,101526,20220623,    0,    0
 18158,101526,20220624,   36,    0
 18158,101526,20220625,    0,    0
 18158,101526,20220626,  101,    0
 18158,101526,20220627,   31,    0
 18158,101526,20220628,    0,    0
 18158,101526,20220629,    0,    0
 18158,101526,20220630,    0,    0
 18158,101526,20220701,   50,    0
 18158,101526,20220702,   83,    0
 18158,101526,20220703,  187,    0
 18158,101526,20220704,  127,    0
 18158,101526,20220705,    8,    0
 18158,101526,20220706,   96,    0
 18158,101526,20220707,    1,    0
 18158,101526,20220708,   31,    0
 18158,101526,20220709,    7,    0
 18158,101526,20220710,    0,    0
 18158,101526,20220711,    0,    0
 18158,101526,20220712,   34,    0
 18158,101526,20220713,  133,    0
 18158,101526,20220714,    1,    0
 18158,101526,20220715,   39,    0
 18158,101526,20220716,    0,    0
 18158,101526,20220717,  208,    0
 18158,101526,20220718,   15,    0
 18158,101526,20220719,    1,    0
 18158,101526,20220720,   60,    0
 18158,101526,20220721,    0,    0
 18158,101526,20220722,    0,    0
 18158,101526,20220723,    0,    0
 18158,101526,20220724,   65,    0
 18158,101526,20220725,  139,    0
 18158,101526,20220726,    3,    0
 18158,101526,20220727,    0,    0
 18158,101526,20220728,    0,    0
 18158,101526,20220729,    0,    0
 18158,101526,20220730,   38,    0
 18158,101526,20220731,   54,    0
 18158,101526,20220801,    0,    0
 18158,101526,20220802,  121,    0
 18158,101526,20220803,   72,    0
 18158,101526,20220804,   46,    0
 18158,101526,20220805,    7,    0
 18158,101526,20220806,   16,    0
 18158,101526,20220807,   65,    0
 18158,101526,20220808,    0,    0
 18158,101526,20220809,    8,    0
 18158,101526,20220810,    0,    0
 18158,101526,20220811,    0,    0
 18158,101526,20220812,    0,    0
 18158,101526,20220813,    0,    0
 18158,101526,20220814,    3,    0
 18158,101526,20220815,    0,    0
 18158,101526,20220816,   79,    0
 18158,101526,20220817,    1,    0
 18158,101526,20220818,    0,    0
 18158,101526,20220819,   54,    0
 18158,101526,20220820,  122,    0
 18158,101526,20220821,  216,    0
 18158,101526,20220822,    0,    0
 18158,101526,20220823,    1,    0
 18158,101526,20220824,   10,    0
 18158,101526,20220825,  104,    0
 18158,101526,20220826,  152,    0
 18158,101526,20220827,    0,    0
 18158,101526,20220828,    0,    0
 18158,101526,20220829,    0,    0
 18158,101526,20220830,    0,    0
 18158,101526,20220831,    0,    0
 18158,101526,20220901,    0,    0
 18158,101526,20220902,    0,    0
 18158,101526,20220903,    0,    0
 18158,101526,20220904,    0,    0
 18158,101526,20220905,    0,    0
 18158,101526,20220906,    0,    0
 18158,101526,20220907,    0,    0
 18158,101526,20220908,    0,    0
 18158,101526,20220909,    0,    0
 18158,101526,20220910,    0,    0
 18158,101526,20220911,    1,    0
 18158,101526,20220912,  113,    0
 18158,101526,20220913,    1,    0
 18158,101526,20220914,   14,    0
 18158,101526,20220915,    4,    0
 18158,101526,20220916,    5,    0
 18158,101526,20220917,    5,    0
 18158,101526,20220918,    0,    0
 18158,101526,20220919,    0,    0
 18158,101526,20220920,    0,    0
 18158,101526,20220921,    0,    0
 18158,101526,20220922,   75,    0
 18158,101526,20220923,    8,    0
 18158,101526,20220924,    0,    0
 18158,101526,20220925,   77,    0
 18158,101526,20220926,   42,    0
 18158,101526,20220927,   13,    0
 18158,101526,20220928,    0,    0
 18158,101526,20220929,    0,    0
 18158,101526,20220930,   16,    0
 18158,101526,20221001,   21,    0
 18158,101526,20221002,   13,    0
 18158,101526,20221003,    0,    0
 18158,101526,20221004,  177,    0
 18158,101526,20221005,  476,    0
 18158,101526,20221006,  969,    0
 18158,101526,20221007,  395,    0
 18158,101526,20221008,   36,    0
 18158,101526,20221009,   28,    0
 18158,101526,20221010,  286,    0
 18158,101526,20221011,   37,    0
 18158,101526,20221012,   69,    0
 18158,101526,20221013,    8,    0
 18158,101526,20221014,  175,    0
 18158,101526,20221015,  129,    0
 18158,101526,20221016,  398,    0
 18158,101526,20221017,  118,    0
 18158,101526,20221018,    0,    0
 18158,101526,20221019,    0,    0
 18158,101526,20221020,    0,    0
 18158,101526,20221021,    1,    0
 18158,101526,20221022,   12,    0
 18158,101526,20221023,   28,    0
 18158,101526,20221024,    6,    0
 18158,101526,20221025,   41,    0
 18158,101526,20221026,   83,    0
 18158,101526,20221027,   29,    0
 18158,101526,20221028,  208,    0
 18158,101526,20221029,   69,    0
 18158,101526,20221030,   81,    0
 18158,101526,20221031,-9999,    9
