EUROPEAN CLIMATE ASSESSMENT & DATASET (ECA&D), file created on: 16-11-2022
THESE DATA CAN BE USED FOR NON-COMMERCIAL RESEARCH AND EDUCATION PROVIDED THAT THE FOLLOWING SOURCE IS ACKNOWLEDGED: 

Klein Tank, A.M.G. and Coauthors, 2002. Daily dataset of 20th-century surface
air temperature and precipitation series for the European Climate Assessment.
Int. J. of Climatol., 22, 1441-1453.
Data and metadata available at http://www.ecad.eu

FILE FORMAT (MISSING VALUE CODE = -9999):

01-06 STAID: Station identifier
08-13 SOUID: Source identifier
15-22 DATE : Date YYYYMMDD
24-28 RR   : Precipitation amount in 0.1 mm
30-34 Q_RR : quality code for RR (0='valid'; 1='suspect'; 9='missing')

This is the blended series of station GLITREVANN, NORWAY (STAID: 18383)
Blended and updated with sources:33086 101207 
See files sources.txt and stations.txt for more info.

STAID, SOUID,    DATE,   RR, Q_RR
 18383,101207,20151031,-9999,    9
 18383,101207,20151101,-9999,    9
 18383,101207,20151102,-9999,    9
 18383,101207,20151103,-9999,    9
 18383,101207,20151104,-9999,    9
 18383,101207,20151105,-9999,    9
 18383,101207,20151106,-9999,    9
 18383,101207,20151107,-9999,    9
 18383,101207,20151108,-9999,    9
 18383,101207,20151109,-9999,    9
 18383,101207,20151110,-9999,    9
 18383,101207,20151111,-9999,    9
 18383,101207,20151112,-9999,    9
 18383,101207,20151113,-9999,    9
 18383,101207,20151114,-9999,    9
 18383,101207,20151115,-9999,    9
 18383,101207,20151116,-9999,    9
 18383,101207,20151117,-9999,    9
 18383,101207,20151118,-9999,    9
 18383,101207,20151119,-9999,    9
 18383,101207,20151120,-9999,    9
 18383,101207,20151121,-9999,    9
 18383,101207,20151122,-9999,    9
 18383,101207,20151123,   28,    0
 18383,101207,20151124,   45,    0
 18383,101207,20151125,    0,    0
 18383,101207,20151126,    0,    0
 18383,101207,20151127,   89,    0
 18383,101207,20151128,  158,    0
 18383,101207,20151129,-9999,    9
 18383,101207,20151130,    0,    0
 18383,101207,20151201,    5,    0
 18383,101207,20151202,   10,    0
 18383,101207,20151203,  124,    0
 18383,101207,20151204,   98,    0
 18383,101207,20151205,    1,    0
 18383,101207,20151206,    0,    0
 18383,101207,20151207,    0,    0
 18383,101207,20151208,-9999,    9
 18383,101207,20151209,-9999,    9
 18383,101207,20151210,    7,    0
 18383,101207,20151211,    0,    0
 18383,101207,20151212,    0,    0
 18383,101207,20151213,    0,    0
 18383,101207,20151214,-9999,    9
 18383,101207,20151215,    0,    0
 18383,101207,20151216,   36,    0
 18383,101207,20151217,   32,    0
 18383,101207,20151218,    0,    0
 18383,101207,20151219,-9999,    9
 18383,101207,20151220,-9999,    9
 18383,101207,20151221,-9999,    9
 18383,101207,20151222,   37,    0
 18383,101207,20151223,    0,    0
 18383,101207,20151224,   20,    0
 18383,101207,20151225,    0,    0
 18383,101207,20151226,    0,    0
 18383,101207,20151227,-9999,    9
 18383,101207,20151228,-9999,    9
 18383,101207,20151229,-9999,    9
 18383,101207,20151230,-9999,    9
 18383,101207,20151231,   66,    0
 18383,101207,20160101,   70,    0
 18383,101207,20160102,   38,    0
 18383,101207,20160103,   18,    0
 18383,101207,20160104,    2,    0
 18383,101207,20160105,    1,    0
 18383,101207,20160106,    0,    0
 18383,101207,20160107,    1,    0
 18383,101207,20160108,    7,    0
 18383,101207,20160109,   53,    0
 18383,101207,20160110,  166,    0
 18383,101207,20160111,    8,    0
 18383,101207,20160112,    8,    0
 18383,101207,20160113,    3,    0
 18383,101207,20160114,    0,    0
 18383,101207,20160115,   19,    0
 18383,101207,20160116,    0,    0
 18383,101207,20160117,    0,    0
 18383,101207,20160118,    0,    0
 18383,101207,20160119,    0,    0
 18383,101207,20160120,    0,    0
 18383,101207,20160121,    0,    0
 18383,101207,20160122,   30,    0
 18383,101207,20160123,    1,    0
 18383,101207,20160124,    1,    0
 18383,101207,20160125,    0,    0
 18383,101207,20160126,    8,    0
 18383,101207,20160127,  135,    0
 18383,101207,20160128,    0,    0
 18383,101207,20160129,   28,    0
 18383,101207,20160130,    1,    0
 18383,101207,20160131,-9999,    9
 18383,101207,20160201,-9999,    9
 18383,101207,20160202,-9999,    9
 18383,101207,20160203,-9999,    9
 18383,101207,20160204,    0,    0
 18383,101207,20160205,-9999,    9
 18383,101207,20160206,-9999,    9
 18383,101207,20160207,-9999,    9
 18383,101207,20160208,-9999,    9
 18383,101207,20160209,    1,    0
 18383,101207,20160210,    0,    0
 18383,101207,20160211,-9999,    9
 18383,101207,20160212,   34,    0
 18383,101207,20160213,    2,    0
 18383,101207,20160214,    0,    0
 18383,101207,20160215,-9999,    9
 18383,101207,20160216,-9999,    9
 18383,101207,20160217,-9999,    9
 18383,101207,20160218,-9999,    9
 18383,101207,20160219,-9999,    9
 18383,101207,20160220,-9999,    9
 18383,101207,20160221,-9999,    9
 18383,101207,20160222,-9999,    9
 18383,101207,20160223,-9999,    9
 18383,101207,20160224,-9999,    9
 18383,101207,20160225,-9999,    9
 18383,101207,20160226,-9999,    9
 18383,101207,20160227,-9999,    9
 18383,101207,20160228,-9999,    9
 18383,101207,20160229,    0,    0
 18383,101207,20160301,  107,    0
 18383,101207,20160302,  187,    0
 18383,101207,20160303,  106,    0
 18383,101207,20160304,   64,    0
 18383,101207,20160305,   39,    0
 18383,101207,20160306,   36,    0
 18383,101207,20160307,    6,    0
 18383,101207,20160308,    2,    0
 18383,101207,20160309,    2,    0
 18383,101207,20160310,    0,    0
 18383,101207,20160311,    0,    0
 18383,101207,20160312,    0,    0
 18383,101207,20160313,    1,    0
 18383,101207,20160314,    0,    0
 18383,101207,20160315,    0,    0
 18383,101207,20160316,    0,    0
 18383,101207,20160317,    0,    0
 18383,101207,20160318,    0,    0
 18383,101207,20160319,    0,    0
 18383,101207,20160320,    0,    0
 18383,101207,20160321,    0,    0
 18383,101207,20160322,    0,    0
 18383,101207,20160323,    0,    0
 18383,101207,20160324,    0,    0
 18383,101207,20160325,    5,    0
 18383,101207,20160326,    6,    0
 18383,101207,20160327,   42,    0
 18383,101207,20160328,  217,    0
 18383,101207,20160329,   43,    0
 18383,101207,20160330,    1,    0
 18383,101207,20160331,    1,    0
 18383,101207,20160401,    6,    0
 18383,101207,20160402,    3,    0
 18383,101207,20160403,    0,    0
 18383,101207,20160404,  121,    0
 18383,101207,20160405,    5,    0
 18383,101207,20160406,    0,    0
 18383,101207,20160407,   43,    0
 18383,101207,20160408,    7,    0
 18383,101207,20160409,    0,    0
 18383,101207,20160410,    0,    0
 18383,101207,20160411,    0,    0
 18383,101207,20160412,    0,    0
 18383,101207,20160413,    5,    0
 18383,101207,20160414,    2,    0
 18383,101207,20160415,   29,    0
 18383,101207,20160416,   55,    0
 18383,101207,20160417,    1,    0
 18383,101207,20160418,    1,    0
 18383,101207,20160419,    0,    0
 18383,101207,20160420,    0,    0
 18383,101207,20160421,    0,    0
 18383,101207,20160422,    0,    0
 18383,101207,20160423,    0,    0
 18383,101207,20160424,   14,    0
 18383,101207,20160425,   20,    0
 18383,101207,20160426,    1,    0
 18383,101207,20160427,    0,    0
 18383,101207,20160428,   70,    0
 18383,101207,20160429,  106,    0
 18383,101207,20160430,  145,    0
 18383,101207,20160501,    1,    0
 18383,101207,20160502,   11,    0
 18383,101207,20160503,   16,    0
 18383,101207,20160504,    0,    0
 18383,101207,20160505,    0,    0
 18383,101207,20160506,    0,    0
 18383,101207,20160507,    0,    0
 18383,101207,20160508,    0,    0
 18383,101207,20160509,    0,    0
 18383,101207,20160510,    0,    0
 18383,101207,20160511,    0,    0
 18383,101207,20160512,    0,    0
 18383,101207,20160513,    0,    0
 18383,101207,20160514,    0,    0
 18383,101207,20160515,    0,    0
 18383,101207,20160516,    0,    0
 18383,101207,20160517,    0,    0
 18383,101207,20160518,    5,    0
 18383,101207,20160519,   19,    0
 18383,101207,20160520,   54,    0
 18383,101207,20160521,   47,    0
 18383,101207,20160522,  369,    0
 18383,101207,20160523,  129,    0
 18383,101207,20160524,    6,    0
 18383,101207,20160525,    0,    0
 18383,101207,20160526,    0,    0
 18383,101207,20160527,    6,    0
 18383,101207,20160528,   59,    0
 18383,101207,20160529,  124,    0
 18383,101207,20160530,   11,    0
 18383,101207,20160531,    1,    0
 18383,101207,20160601,    0,    0
 18383,101207,20160602,    0,    0
 18383,101207,20160603,    0,    0
 18383,101207,20160604,    0,    0
 18383,101207,20160605,    0,    0
 18383,101207,20160606,    8,    0
 18383,101207,20160607,   55,    0
 18383,101207,20160608,    0,    0
 18383,101207,20160609,   67,    0
 18383,101207,20160610,    0,    0
 18383,101207,20160611,    7,    0
 18383,101207,20160612,    0,    0
 18383,101207,20160613,    0,    0
 18383,101207,20160614,    0,    0
 18383,101207,20160615,  132,    0
 18383,101207,20160616,    0,    0
 18383,101207,20160617,   83,    0
 18383,101207,20160618,   82,    0
 18383,101207,20160619,    6,    0
 18383,101207,20160620,  289,    0
 18383,101207,20160621,    0,    0
 18383,101207,20160622,    0,    0
 18383,101207,20160623,    0,    0
 18383,101207,20160624,   14,    0
 18383,101207,20160625,   45,    0
 18383,101207,20160626,   23,    0
 18383,101207,20160627,    0,    0
 18383,101207,20160628,    0,    0
 18383,101207,20160629,   46,    0
 18383,101207,20160630,    0,    0
 18383,101207,20160701,   77,    0
 18383,101207,20160702,   51,    0
 18383,101207,20160703,    2,    0
 18383,101207,20160704,    6,    0
 18383,101207,20160705,   35,    0
 18383,101207,20160706,    7,    0
 18383,101207,20160707,    0,    0
 18383,101207,20160708,    0,    0
 18383,101207,20160709,    4,    0
 18383,101207,20160710,    7,    0
 18383,101207,20160711,   25,    0
 18383,101207,20160712,    0,    0
 18383,101207,20160713,   52,    0
 18383,101207,20160714,   13,    0
 18383,101207,20160715,   29,    0
 18383,101207,20160716,    0,    0
 18383,101207,20160717,    0,    0
 18383,101207,20160718,    0,    0
 18383,101207,20160719,    0,    0
 18383,101207,20160720,    0,    0
 18383,101207,20160721,   26,    0
 18383,101207,20160722,    0,    0
 18383,101207,20160723,    0,    0
 18383,101207,20160724,    0,    0
 18383,101207,20160725,  177,    0
 18383,101207,20160726,   22,    0
 18383,101207,20160727,  140,    0
 18383,101207,20160728,   21,    0
 18383,101207,20160729,   50,    0
 18383,101207,20160730,    5,    0
 18383,101207,20160731,-9999,    9
 18383,101207,20160801,-9999,    9
 18383,101207,20160802,-9999,    9
 18383,101207,20160803,-9999,    9
 18383,101207,20160804,-9999,    9
 18383,101207,20160805,-9999,    9
 18383,101207,20160806,-9999,    9
 18383,101207,20160807,-9999,    9
 18383,101207,20160808,-9999,    9
 18383,101207,20160809,-9999,    9
 18383,101207,20160810,-9999,    9
 18383,101207,20160811,-9999,    9
 18383,101207,20160812,-9999,    9
 18383,101207,20160813,-9999,    9
 18383,101207,20160814,-9999,    9
 18383,101207,20160815,-9999,    9
 18383,101207,20160816,-9999,    9
 18383,101207,20160817,-9999,    9
 18383,101207,20160818,-9999,    9
 18383,101207,20160819,-9999,    9
 18383,101207,20160820,  117,    0
 18383,101207,20160821,   22,    0
 18383,101207,20160822,-9999,    9
 18383,101207,20160823,-9999,    9
 18383,101207,20160824,-9999,    9
 18383,101207,20160825,-9999,    9
 18383,101207,20160826,-9999,    9
 18383,101207,20160827,-9999,    9
 18383,101207,20160828,-9999,    9
 18383,101207,20160829,-9999,    9
 18383,101207,20160830,-9999,    9
 18383,101207,20160831,-9999,    9
 18383,101207,20160901,-9999,    9
 18383,101207,20160902,-9999,    9
 18383,101207,20160903,-9999,    9
 18383,101207,20160904,-9999,    9
 18383,101207,20160905,-9999,    9
 18383,101207,20160906,-9999,    9
 18383,101207,20160907,-9999,    9
 18383,101207,20160908,-9999,    9
 18383,101207,20160909,-9999,    9
 18383,101207,20160910,-9999,    9
 18383,101207,20160911,-9999,    9
 18383,101207,20160912,-9999,    9
 18383,101207,20160913,    0,    0
 18383,101207,20160914,-9999,    9
 18383,101207,20160915,-9999,    9
 18383,101207,20160916,    1,    0
 18383,101207,20160917,    0,    0
 18383,101207,20160918,    1,    0
 18383,101207,20160919,    0,    0
 18383,101207,20160920,    1,    0
 18383,101207,20160921,   22,    0
 18383,101207,20160922,    2,    0
 18383,101207,20160923,   47,    0
 18383,101207,20160924,    0,    0
 18383,101207,20160925,   34,    0
 18383,101207,20160926,   24,    0
 18383,101207,20160927,   25,    0
 18383,101207,20160928,   31,    0
 18383,101207,20160929,    0,    0
 18383,101207,20160930,    0,    0
 18383,101207,20161001,    0,    0
 18383,101207,20161002,    0,    0
 18383,101207,20161003,    0,    0
 18383,101207,20161004,    0,    0
 18383,101207,20161005,    0,    0
 18383,101207,20161006,    0,    0
 18383,101207,20161007,    0,    0
 18383,101207,20161008,    0,    0
 18383,101207,20161009,   30,    0
 18383,101207,20161010,    0,    0
 18383,101207,20161011,    0,    0
 18383,101207,20161012,    0,    0
 18383,101207,20161013,    0,    0
 18383,101207,20161014,    0,    0
 18383,101207,20161015,    0,    0
 18383,101207,20161016,   74,    0
 18383,101207,20161017,  107,    0
 18383,101207,20161018,   80,    0
 18383,101207,20161019,   23,    0
 18383,101207,20161020,   53,    0
 18383,101207,20161021,   20,    0
 18383,101207,20161022,   37,    0
 18383,101207,20161023,   66,    0
 18383,101207,20161024,  219,    0
 18383,101207,20161025,    2,    0
 18383,101207,20161026,   23,    0
 18383,101207,20161027,    0,    0
 18383,101207,20161028,    0,    0
 18383,101207,20161029,    0,    0
 18383,101207,20161030,    0,    0
 18383,101207,20161031,  103,    0
 18383,101207,20161101,   28,    0
 18383,101207,20161102,    0,    0
 18383,101207,20161103,    0,    0
 18383,101207,20161104,  126,    0
 18383,101207,20161105,  223,    0
 18383,101207,20161106,    0,    0
 18383,101207,20161107,    0,    0
 18383,101207,20161108,    0,    0
 18383,101207,20161109,    0,    0
 18383,101207,20161110,    0,    0
 18383,101207,20161111,    0,    0
 18383,101207,20161112,    9,    0
 18383,101207,20161113,    0,    0
 18383,101207,20161114,  159,    0
 18383,101207,20161115,    2,    0
 18383,101207,20161116,   33,    0
 18383,101207,20161117,  142,    0
 18383,101207,20161118,   31,    0
 18383,101207,20161119,   68,    0
 18383,101207,20161120,  141,    0
 18383,101207,20161121,   38,    0
 18383,101207,20161122,   20,    0
 18383,101207,20161123,    0,    0
 18383,101207,20161124,    1,    0
 18383,101207,20161125,    0,    0
 18383,101207,20161126,    0,    0
 18383,101207,20161127,    0,    0
 18383,101207,20161128,    0,    0
 18383,101207,20161129,    0,    0
 18383,101207,20161130,    4,    0
 18383,101207,20161201,    0,    0
 18383,101207,20161202,    0,    0
 18383,101207,20161203,    0,    0
 18383,101207,20161204,    0,    0
 18383,101207,20161205,    0,    0
 18383,101207,20161206,    0,    0
 18383,101207,20161207,  126,    0
 18383,101207,20161208,    0,    0
 18383,101207,20161209,   12,    0
 18383,101207,20161210,   35,    0
 18383,101207,20161211,    0,    0
 18383,101207,20161212,    4,    0
 18383,101207,20161213,    0,    0
 18383,101207,20161214,    0,    0
 18383,101207,20161215,    0,    0
 18383,101207,20161216,    0,    0
 18383,101207,20161217,    0,    0
 18383,101207,20161218,    1,    0
 18383,101207,20161219,    0,    0
 18383,101207,20161220,    0,    0
 18383,101207,20161221,    5,    0
 18383,101207,20161222,    0,    0
 18383,101207,20161223,   26,    0
 18383,101207,20161224,    0,    0
 18383,101207,20161225,    0,    0
 18383,101207,20161226,    0,    0
 18383,101207,20161227,    0,    0
 18383,101207,20161228,    0,    0
 18383,101207,20161229,    0,    0
 18383,101207,20161230,    0,    0
 18383,101207,20161231,    0,    0
 18383,101207,20170101,    0,    0
 18383,101207,20170102,    0,    0
 18383,101207,20170103,    0,    0
 18383,101207,20170104,    0,    0
 18383,101207,20170105,    0,    0
 18383,101207,20170106,   15,    0
 18383,101207,20170107,    0,    0
 18383,101207,20170108,    0,    0
 18383,101207,20170109,   29,    0
 18383,101207,20170110,   70,    0
 18383,101207,20170111,  166,    0
 18383,101207,20170112,    0,    0
 18383,101207,20170113,    0,    0
 18383,101207,20170114,    0,    0
 18383,101207,20170115,    0,    0
 18383,101207,20170116,    0,    0
 18383,101207,20170117,   22,    0
 18383,101207,20170118,    0,    0
 18383,101207,20170119,    0,    0
 18383,101207,20170120,    0,    0
 18383,101207,20170121,    0,    0
 18383,101207,20170122,    0,    0
 18383,101207,20170123,    0,    0
 18383,101207,20170124,    0,    0
 18383,101207,20170125,    0,    0
 18383,101207,20170126,    0,    0
 18383,101207,20170127,    0,    0
 18383,101207,20170128,    0,    0
 18383,101207,20170129,    0,    0
 18383,101207,20170130,    0,    0
 18383,101207,20170131,    0,    0
 18383,101207,20170201,   10,    0
 18383,101207,20170202,   18,    0
 18383,101207,20170203,    0,    0
 18383,101207,20170204,   25,    0
 18383,101207,20170205,   10,    0
 18383,101207,20170206,    2,    0
 18383,101207,20170207,    0,    0
 18383,101207,20170208,    0,    0
 18383,101207,20170209,   15,    0
 18383,101207,20170210,    5,    0
 18383,101207,20170211,    0,    0
 18383,101207,20170212,    0,    0
 18383,101207,20170213,    0,    0
 18383,101207,20170214,    0,    0
 18383,101207,20170215,    0,    0
 18383,101207,20170216,    0,    0
 18383,101207,20170217,    0,    0
 18383,101207,20170218,    0,    0
 18383,101207,20170219,    0,    0
 18383,101207,20170220,    0,    0
 18383,101207,20170221,   31,    0
 18383,101207,20170222,    0,    0
 18383,101207,20170223,    0,    0
 18383,101207,20170224,    0,    0
 18383,101207,20170225,   34,    0
 18383,101207,20170226,   18,    0
 18383,101207,20170227,  108,    0
 18383,101207,20170228,  115,    0
 18383,101207,20170301,    0,    0
 18383,101207,20170302,    7,    0
 18383,101207,20170303,   14,    0
 18383,101207,20170304,   29,    0
 18383,101207,20170305,    7,    0
 18383,101207,20170306,    0,    0
 18383,101207,20170307,    0,    0
 18383,101207,20170308,   35,    0
 18383,101207,20170309,    0,    0
 18383,101207,20170310,    0,    0
 18383,101207,20170311,   23,    0
 18383,101207,20170312,    0,    0
 18383,101207,20170313,    8,    0
 18383,101207,20170314,    0,    0
 18383,101207,20170315,    0,    0
 18383,101207,20170316,    9,    0
 18383,101207,20170317,    0,    0
 18383,101207,20170318,    0,    0
 18383,101207,20170319,   22,    0
 18383,101207,20170320,   53,    0
 18383,101207,20170321,    0,    0
 18383,101207,20170322,    0,    0
 18383,101207,20170323,    0,    0
 18383,101207,20170324,    1,    0
 18383,101207,20170325,    0,    0
 18383,101207,20170326,    0,    0
 18383,101207,20170327,    0,    0
 18383,101207,20170328,    0,    0
 18383,101207,20170329,    0,    0
 18383,101207,20170330,   56,    0
 18383,101207,20170331,  119,    0
 18383,101207,20170401,    0,    0
 18383,101207,20170402,    1,    0
 18383,101207,20170403,    0,    0
 18383,101207,20170404,    0,    0
 18383,101207,20170405,    0,    0
 18383,101207,20170406,    0,    0
 18383,101207,20170407,    0,    0
 18383,101207,20170408,    0,    0
 18383,101207,20170409,    0,    0
 18383,101207,20170410,    0,    0
 18383,101207,20170411,   17,    0
 18383,101207,20170412,   29,    0
 18383,101207,20170413,   64,    0
 18383,101207,20170414,    0,    0
 18383,101207,20170415,    0,    0
 18383,101207,20170416,   44,    0
 18383,101207,20170417,    0,    0
 18383,101207,20170418,    0,    0
 18383,101207,20170419,    0,    0
 18383,101207,20170420,    0,    0
 18383,101207,20170421,    0,    0
 18383,101207,20170422,    0,    0
 18383,101207,20170423,  154,    0
 18383,101207,20170424,   47,    0
 18383,101207,20170425,    0,    0
 18383,101207,20170426,    0,    0
 18383,101207,20170427,    5,    0
 18383,101207,20170428,  231,    0
 18383,101207,20170429,    0,    0
 18383,101207,20170430,    0,    0
 18383,101207,20170501,    0,    0
 18383,101207,20170502,    0,    0
 18383,101207,20170503,    0,    0
 18383,101207,20170504,    0,    0
 18383,101207,20170505,    0,    0
 18383,101207,20170506,    0,    0
 18383,101207,20170507,   58,    0
 18383,101207,20170508,    0,    0
 18383,101207,20170509,   58,    0
 18383,101207,20170510,  128,    0
 18383,101207,20170511,    1,    0
 18383,101207,20170512,    0,    0
 18383,101207,20170513,   13,    0
 18383,101207,20170514,   19,    0
 18383,101207,20170515,   10,    0
 18383,101207,20170516,  140,    0
 18383,101207,20170517,  196,    0
 18383,101207,20170518,   33,    0
 18383,101207,20170519,    0,    0
 18383,101207,20170520,    5,    0
 18383,101207,20170521,    0,    0
 18383,101207,20170522,    0,    0
 18383,101207,20170523,    0,    0
 18383,101207,20170524,    0,    0
 18383,101207,20170525,    0,    0
 18383,101207,20170526,    0,    0
 18383,101207,20170527,    0,    0
 18383,101207,20170528,   47,    0
 18383,101207,20170529,    0,    0
 18383,101207,20170530,    6,    0
 18383,101207,20170531,    0,    0
 18383,101207,20170601,    0,    0
 18383,101207,20170602,   40,    0
 18383,101207,20170603,    0,    0
 18383,101207,20170604,   47,    0
 18383,101207,20170605,   16,    0
 18383,101207,20170606,   39,    0
 18383,101207,20170607,  497,    0
 18383,101207,20170608,   57,    0
 18383,101207,20170609,  591,    0
 18383,101207,20170610,   37,    0
 18383,101207,20170611,    9,    0
 18383,101207,20170612,    3,    0
 18383,101207,20170613,   37,    0
 18383,101207,20170614,    0,    0
 18383,101207,20170615,    7,    0
 18383,101207,20170616,    6,    0
 18383,101207,20170617,    0,    0
 18383,101207,20170618,    0,    0
 18383,101207,20170619,   27,    0
 18383,101207,20170620,    0,    0
 18383,101207,20170621,    0,    0
 18383,101207,20170622,    0,    0
 18383,101207,20170623,   35,    0
 18383,101207,20170624,    0,    0
 18383,101207,20170625,    0,    0
 18383,101207,20170626,    1,    0
 18383,101207,20170627,    0,    0
 18383,101207,20170628,    0,    0
 18383,101207,20170629,    0,    0
 18383,101207,20170630,    0,    0
 18383,101207,20170701,    0,    0
 18383,101207,20170702,    0,    0
 18383,101207,20170703,    2,    0
 18383,101207,20170704,    9,    0
 18383,101207,20170705,    0,    0
 18383,101207,20170706,    0,    0
 18383,101207,20170707,  356,    0
 18383,101207,20170708,   64,    0
 18383,101207,20170709,    1,    0
 18383,101207,20170710,   31,    0
 18383,101207,20170711,   24,    0
 18383,101207,20170712,   38,    0
 18383,101207,20170713,    0,    0
 18383,101207,20170714,    0,    0
 18383,101207,20170715,   70,    0
 18383,101207,20170716,    0,    0
 18383,101207,20170717,    0,    0
 18383,101207,20170718,    0,    0
 18383,101207,20170719,    0,    0
 18383,101207,20170720,    0,    0
 18383,101207,20170721,   16,    0
 18383,101207,20170722,    0,    0
 18383,101207,20170723,    9,    0
 18383,101207,20170724,    0,    0
 18383,101207,20170725,    0,    0
 18383,101207,20170726,    0,    0
 18383,101207,20170727,   63,    0
 18383,101207,20170728,    0,    0
 18383,101207,20170729,   19,    0
 18383,101207,20170730,   61,    0
 18383,101207,20170731,   29,    0
 18383,101207,20170801,   33,    0
 18383,101207,20170802,   15,    0
 18383,101207,20170803,   85,    0
 18383,101207,20170804,   19,    0
 18383,101207,20170805,  125,    0
 18383,101207,20170806,    7,    0
 18383,101207,20170807,   26,    0
 18383,101207,20170808,   55,    0
 18383,101207,20170809,  172,    0
 18383,101207,20170810,    0,    0
 18383,101207,20170811,    1,    0
 18383,101207,20170812,   12,    0
 18383,101207,20170813,    0,    0
 18383,101207,20170814,    0,    0
 18383,101207,20170815,  237,    0
 18383,101207,20170816,    1,    0
 18383,101207,20170817,  167,    0
 18383,101207,20170818,   47,    0
 18383,101207,20170819,    0,    0
 18383,101207,20170820,   11,    0
 18383,101207,20170821,   10,    0
 18383,101207,20170822,    0,    0
 18383,101207,20170823,    0,    0
 18383,101207,20170824,   44,    0
 18383,101207,20170825,    0,    0
 18383,101207,20170826,    0,    0
 18383,101207,20170827,    0,    0
 18383,101207,20170828,   37,    0
 18383,101207,20170829,   90,    0
 18383,101207,20170830,    0,    0
 18383,101207,20170831,    2,    0
 18383,101207,20170901,    0,    0
 18383,101207,20170902,    0,    0
 18383,101207,20170903,    2,    0
 18383,101207,20170904,   45,    0
 18383,101207,20170905,  125,    0
 18383,101207,20170906,  205,    0
 18383,101207,20170907,   16,    0
 18383,101207,20170908,  217,    0
 18383,101207,20170909,    2,    0
 18383,101207,20170910,   51,    0
 18383,101207,20170911,  404,    0
 18383,101207,20170912,   32,    0
 18383,101207,20170913,    0,    0
 18383,101207,20170914,    0,    0
 18383,101207,20170915,    5,    0
 18383,101207,20170916,    3,    0
 18383,101207,20170917,    0,    0
 18383,101207,20170918,    6,    0
 18383,101207,20170919,   53,    0
 18383,101207,20170920,  126,    0
 18383,101207,20170921,    0,    0
 18383,101207,20170922,   51,    0
 18383,101207,20170923,   45,    0
 18383,101207,20170924,   30,    0
 18383,101207,20170925,    7,    0
 18383,101207,20170926,    5,    0
 18383,101207,20170927,    0,    0
 18383,101207,20170928,    0,    0
 18383,101207,20170929,    0,    0
 18383,101207,20170930,    0,    0
 18383,101207,20171001,  292,    0
 18383,101207,20171002,  144,    0
 18383,101207,20171003,    4,    0
 18383,101207,20171004,   29,    0
 18383,101207,20171005,    0,    0
 18383,101207,20171006,    0,    0
 18383,101207,20171007,    0,    0
 18383,101207,20171008,    0,    0
 18383,101207,20171009,    0,    0
 18383,101207,20171010,   21,    0
 18383,101207,20171011,  242,    0
 18383,101207,20171012,    0,    0
 18383,101207,20171013,   40,    0
 18383,101207,20171014,    1,    0
 18383,101207,20171015,    0,    0
 18383,101207,20171016,   70,    0
 18383,101207,20171017,   42,    0
 18383,101207,20171018,    0,    0
 18383,101207,20171019,   21,    0
 18383,101207,20171020,   41,    0
 18383,101207,20171021,   77,    0
 18383,101207,20171022,   98,    0
 18383,101207,20171023,   67,    0
 18383,101207,20171024,  178,    0
 18383,101207,20171025,    1,    0
 18383,101207,20171026,    0,    0
 18383,101207,20171027,    3,    0
 18383,101207,20171028,   20,    0
 18383,101207,20171029,    0,    0
 18383,101207,20171030,    0,    0
 18383,101207,20171031,    0,    0
 18383,101207,20171101,    2,    0
 18383,101207,20171102,    0,    0
 18383,101207,20171103,    0,    0
 18383,101207,20171104,  130,    0
 18383,101207,20171105,   69,    0
 18383,101207,20171106,    0,    0
 18383,101207,20171107,   10,    0
 18383,101207,20171108,   15,    0
 18383,101207,20171109,   20,    0
 18383,101207,20171110,   30,    0
 18383,101207,20171111,    0,    0
 18383,101207,20171112,    0,    0
 18383,101207,20171113,    0,    0
 18383,101207,20171114,   50,    0
 18383,101207,20171115,    0,    0
 18383,101207,20171116,   26,    0
 18383,101207,20171117,    0,    0
 18383,101207,20171118,    3,    0
 18383,101207,20171119,    0,    0
 18383,101207,20171120,    0,    0
 18383,101207,20171121,   28,    0
 18383,101207,20171122,  234,    0
 18383,101207,20171123,   15,    0
 18383,101207,20171124,    0,    0
 18383,101207,20171125,    0,    0
 18383,101207,20171126,    1,    0
 18383,101207,20171127,   48,    0
 18383,101207,20171128,   37,    0
 18383,101207,20171129,    2,    0
 18383,101207,20171130,    2,    0
 18383,101207,20171201,    0,    0
 18383,101207,20171202,    2,    0
 18383,101207,20171203,    0,    0
 18383,101207,20171204,    0,    0
 18383,101207,20171205,   40,    0
 18383,101207,20171206,    7,    0
 18383,101207,20171207,    0,    0
 18383,101207,20171208,    0,    0
 18383,101207,20171209,    0,    0
 18383,101207,20171210,    0,    0
 18383,101207,20171211,    1,    0
 18383,101207,20171212,    0,    0
 18383,101207,20171213,   23,    0
 18383,101207,20171214,   10,    0
 18383,101207,20171215,    0,    0
 18383,101207,20171216,   13,    0
 18383,101207,20171217,    4,    0
 18383,101207,20171218,    0,    0
 18383,101207,20171219,    0,    0
 18383,101207,20171220,    0,    0
 18383,101207,20171221,    0,    0
 18383,101207,20171222,    0,    0
 18383,101207,20171223,    5,    0
 18383,101207,20171224,    0,    0
 18383,101207,20171225,   76,    0
 18383,101207,20171226,  206,    0
 18383,101207,20171227,   80,    0
 18383,101207,20171228,   43,    0
 18383,101207,20171229,    0,    0
 18383,101207,20171230,    0,    0
 18383,101207,20171231,   49,    0
 18383,101207,20180101,    0,    0
 18383,101207,20180102,   12,    0
 18383,101207,20180103,  203,    0
 18383,101207,20180104,   48,    0
 18383,101207,20180105,    3,    0
 18383,101207,20180106,    0,    0
 18383,101207,20180107,    0,    0
 18383,101207,20180108,    0,    0
 18383,101207,20180109,    0,    0
 18383,101207,20180110,   98,    0
 18383,101207,20180111,   26,    0
 18383,101207,20180112,    1,    0
 18383,101207,20180113,    1,    0
 18383,101207,20180114,   38,    0
 18383,101207,20180115,  250,    0
 18383,101207,20180116,   85,    0
 18383,101207,20180117,    0,    0
 18383,101207,20180118,    0,    0
 18383,101207,20180119,    7,    0
 18383,101207,20180120,   29,    0
 18383,101207,20180121,    0,    0
 18383,101207,20180122,   14,    0
 18383,101207,20180123,   50,    0
 18383,101207,20180124,   35,    0
 18383,101207,20180125,    0,    0
 18383,101207,20180126,    0,    0
 18383,101207,20180127,   56,    0
 18383,101207,20180128,    0,    0
 18383,101207,20180129,   18,    0
 18383,101207,20180130,    1,    0
 18383,101207,20180131,  106,    0
 18383,101207,20180201,   23,    0
 18383,101207,20180202,    0,    0
 18383,101207,20180203,    0,    0
 18383,101207,20180204,    0,    0
 18383,101207,20180205,    0,    0
 18383,101207,20180206,    0,    0
 18383,101207,20180207,    0,    0
 18383,101207,20180208,   19,    0
 18383,101207,20180209,   78,    0
 18383,101207,20180210,   46,    0
 18383,101207,20180211,  143,    0
 18383,101207,20180212,   63,    0
 18383,101207,20180213,    0,    0
 18383,101207,20180214,    2,    0
 18383,101207,20180215,   65,    0
 18383,101207,20180216,    1,    0
 18383,101207,20180217,    4,    0
 18383,101207,20180218,    4,    0
 18383,101207,20180219,    3,    0
 18383,101207,20180220,   62,    0
 18383,101207,20180221,    1,    0
 18383,101207,20180222,    0,    0
 18383,101207,20180223,    0,    0
 18383,101207,20180224,   11,    0
 18383,101207,20180225,    5,    0
 18383,101207,20180226,    0,    0
 18383,101207,20180227,    0,    0
 18383,101207,20180228,    0,    0
 18383,101207,20180301,    0,    0
 18383,101207,20180302,    0,    0
 18383,101207,20180303,    0,    0
 18383,101207,20180304,    4,    0
 18383,101207,20180305,   32,    0
 18383,101207,20180306,    2,    0
 18383,101207,20180307,    5,    0
 18383,101207,20180308,   19,    0
 18383,101207,20180309,    0,    0
 18383,101207,20180310,    0,    0
 18383,101207,20180311,  110,    0
 18383,101207,20180312,   12,    0
 18383,101207,20180313,    0,    0
 18383,101207,20180314,    0,    0
 18383,101207,20180315,    0,    0
 18383,101207,20180316,    0,    0
 18383,101207,20180317,    0,    0
 18383,101207,20180318,    0,    0
 18383,101207,20180319,    2,    0
 18383,101207,20180320,    0,    0
 18383,101207,20180321,   11,    0
 18383,101207,20180322,    0,    0
 18383,101207,20180323,    6,    0
 18383,101207,20180324,    0,    0
 18383,101207,20180325,    2,    0
 18383,101207,20180326,    5,    0
 18383,101207,20180327,    0,    0
 18383,101207,20180328,    0,    0
 18383,101207,20180329,    0,    0
 18383,101207,20180330,    0,    0
 18383,101207,20180331,    0,    0
 18383,101207,20180401,    0,    0
 18383,101207,20180402,    0,    0
 18383,101207,20180403,   48,    0
 18383,101207,20180404,   37,    0
 18383,101207,20180405,   44,    0
 18383,101207,20180406,    0,    0
 18383,101207,20180407,    0,    0
 18383,101207,20180408,   93,    0
 18383,101207,20180409,   29,    0
 18383,101207,20180410,    0,    0
 18383,101207,20180411,    0,    0
 18383,101207,20180412,    0,    0
 18383,101207,20180413,    0,    0
 18383,101207,20180414,    0,    0
 18383,101207,20180415,    0,    0
 18383,101207,20180416,    1,    0
 18383,101207,20180417,    6,    0
 18383,101207,20180418,    0,    0
 18383,101207,20180419,    0,    0
 18383,101207,20180420,    0,    0
 18383,101207,20180421,    0,    0
 18383,101207,20180422,    1,    0
 18383,101207,20180423,   30,    0
 18383,101207,20180424,    2,    0
 18383,101207,20180425,    0,    0
 18383,101207,20180426,-9999,    9
 18383,101207,20180427,-9999,    9
 18383,101207,20180428,-9999,    9
 18383,101207,20180429,-9999,    9
 18383,101207,20180430,-9999,    9
 18383,101207,20180501,-9999,    9
 18383,101207,20180502,-9999,    9
 18383,101207,20180503,-9999,    9
 18383,101207,20180504,-9999,    9
 18383,101207,20180505,-9999,    9
 18383,101207,20180506,-9999,    9
 18383,101207,20180507,-9999,    9
 18383,101207,20180508,-9999,    9
 18383,101207,20180509,-9999,    9
 18383,101207,20180510,-9999,    9
 18383,101207,20180511,-9999,    9
 18383,101207,20180512,-9999,    9
 18383,101207,20180513,-9999,    9
 18383,101207,20180514,-9999,    9
 18383,101207,20180515,-9999,    9
 18383,101207,20180516,-9999,    9
 18383,101207,20180517,-9999,    9
 18383,101207,20180518,-9999,    9
 18383,101207,20180519,-9999,    9
 18383,101207,20180520,-9999,    9
 18383,101207,20180521,-9999,    9
 18383,101207,20180522,-9999,    9
 18383,101207,20180523,-9999,    9
 18383,101207,20180524,-9999,    9
 18383,101207,20180525,-9999,    9
 18383,101207,20180526,-9999,    9
 18383,101207,20180527,-9999,    9
 18383,101207,20180528,-9999,    9
 18383,101207,20180529,-9999,    9
 18383,101207,20180530,-9999,    9
 18383,101207,20180531,-9999,    9
 18383,101207,20180601,-9999,    9
 18383,101207,20180602,-9999,    9
 18383,101207,20180603,-9999,    9
 18383,101207,20180604,-9999,    9
 18383,101207,20180605,-9999,    9
 18383,101207,20180606,-9999,    9
 18383,101207,20180607,-9999,    9
 18383,101207,20180608,-9999,    9
 18383,101207,20180609,-9999,    9
 18383,101207,20180610,-9999,    9
 18383,101207,20180611,    0,    0
 18383,101207,20180612,   13,    0
 18383,101207,20180613,    1,    0
 18383,101207,20180614,  108,    0
 18383,101207,20180615,    0,    0
 18383,101207,20180616,  129,    0
 18383,101207,20180617,   88,    0
 18383,101207,20180618,    3,    0
 18383,101207,20180619,-9999,    9
 18383,101207,20180620,-9999,    9
 18383,101207,20180621,-9999,    9
 18383,101207,20180622,-9999,    9
 18383,101207,20180623,-9999,    9
 18383,101207,20180624,-9999,    9
 18383,101207,20180625,-9999,    9
 18383,101207,20180626,-9999,    9
 18383,101207,20180627,-9999,    9
 18383,101207,20180628,-9999,    9
 18383,101207,20180629,-9999,    9
 18383,101207,20180630,-9999,    9
 18383,101207,20180701,-9999,    9
 18383,101207,20180702,-9999,    9
 18383,101207,20180703,-9999,    9
 18383,101207,20180704,-9999,    9
 18383,101207,20180705,-9999,    9
 18383,101207,20180706,-9999,    9
 18383,101207,20180707,-9999,    9
 18383,101207,20180708,-9999,    9
 18383,101207,20180709,-9999,    9
 18383,101207,20180710,-9999,    9
 18383,101207,20180711,-9999,    9
 18383,101207,20180712,-9999,    9
 18383,101207,20180713,-9999,    9
 18383,101207,20180714,-9999,    9
 18383,101207,20180715,-9999,    9
 18383,101207,20180716,-9999,    9
 18383,101207,20180717,-9999,    9
 18383,101207,20180718,-9999,    9
 18383,101207,20180719,-9999,    9
 18383,101207,20180720,-9999,    9
 18383,101207,20180721,-9999,    9
 18383,101207,20180722,-9999,    9
 18383,101207,20180723,-9999,    9
 18383,101207,20180724,-9999,    9
 18383,101207,20180725,-9999,    9
 18383,101207,20180726,-9999,    9
 18383,101207,20180727,-9999,    9
 18383,101207,20180728,-9999,    9
 18383,101207,20180729,-9999,    9
 18383,101207,20180730,-9999,    9
 18383,101207,20180731,-9999,    9
 18383,101207,20180801,-9999,    9
 18383,101207,20180802,-9999,    9
 18383,101207,20180803,-9999,    9
 18383,101207,20180804,-9999,    9
 18383,101207,20180805,-9999,    9
 18383,101207,20180806,-9999,    9
 18383,101207,20180807,-9999,    9
 18383,101207,20180808,-9999,    9
 18383,101207,20180809,-9999,    9
 18383,101207,20180810,-9999,    9
 18383,101207,20180811,-9999,    9
 18383,101207,20180812,-9999,    9
 18383,101207,20180813,-9999,    9
 18383,101207,20180814,-9999,    9
 18383,101207,20180815,-9999,    9
 18383,101207,20180816,-9999,    9
 18383,101207,20180817,-9999,    9
 18383,101207,20180818,-9999,    9
 18383,101207,20180819,-9999,    9
 18383,101207,20180820,-9999,    9
 18383,101207,20180821,-9999,    9
 18383,101207,20180822,-9999,    9
 18383,101207,20180823,-9999,    9
 18383,101207,20180824,-9999,    9
 18383,101207,20180825,-9999,    9
 18383,101207,20180826,-9999,    9
 18383,101207,20180827,-9999,    9
 18383,101207,20180828,-9999,    9
 18383,101207,20180829,-9999,    9
 18383,101207,20180830,-9999,    9
 18383,101207,20180831,-9999,    9
 18383,101207,20180901,-9999,    9
 18383,101207,20180902,-9999,    9
 18383,101207,20180903,-9999,    9
 18383,101207,20180904,-9999,    9
 18383,101207,20180905,-9999,    9
 18383,101207,20180906,   76,    0
 18383,101207,20180907,  313,    0
 18383,101207,20180908,  170,    0
 18383,101207,20180909,  308,    0
 18383,101207,20180910,    0,    0
 18383,101207,20180911,  131,    0
 18383,101207,20180912,    0,    0
 18383,101207,20180913,    0,    0
 18383,101207,20180914,    0,    0
 18383,101207,20180915,    0,    0
 18383,101207,20180916,   40,    0
 18383,101207,20180917,    3,    0
 18383,101207,20180918,    0,    0
 18383,101207,20180919,-9999,    9
 18383,101207,20180920,   49,    0
 18383,101207,20180921,  142,    0
 18383,101207,20180922,    0,    0
 18383,101207,20180923,    0,    0
 18383,101207,20180924,    0,    0
 18383,101207,20180925,    0,    0
 18383,101207,20180926,-9999,    9
 18383,101207,20180927,   40,    0
 18383,101207,20180928,    0,    0
 18383,101207,20180929,    2,    0
 18383,101207,20180930,    0,    0
 18383,101207,20181001,    0,    0
 18383,101207,20181002,   42,    0
 18383,101207,20181003,    0,    0
 18383,101207,20181004,    0,    0
 18383,101207,20181005,    0,    0
 18383,101207,20181006,    0,    0
 18383,101207,20181007,    7,    0
 18383,101207,20181008,    0,    0
 18383,101207,20181009,    0,    0
 18383,101207,20181010,    1,    0
 18383,101207,20181011,    0,    0
 18383,101207,20181012,    1,    0
 18383,101207,20181013,    0,    0
 18383,101207,20181014,    3,    0
 18383,101207,20181015,    9,    0
 18383,101207,20181016,    1,    0
 18383,101207,20181017,    0,    0
 18383,101207,20181018,    0,    0
 18383,101207,20181019,    0,    0
 18383,101207,20181020,    0,    0
 18383,101207,20181021,   32,    0
 18383,101207,20181022,    0,    0
 18383,101207,20181023,    0,    0
 18383,101207,20181024,    0,    0
 18383,101207,20181025,    0,    0
 18383,101207,20181026,    0,    0
 18383,101207,20181027,    0,    0
 18383,101207,20181028,    0,    0
 18383,101207,20181029,   71,    0
 18383,101207,20181030,  270,    0
 18383,101207,20181031,   51,    0
 18383,101207,20181101,   54,    0
 18383,101207,20181102,   61,    0
 18383,101207,20181103,   18,    0
 18383,101207,20181104,    8,    0
 18383,101207,20181105,    4,    0
 18383,101207,20181106,   20,    0
 18383,101207,20181107,   26,    0
 18383,101207,20181108,   21,    0
 18383,101207,20181109,   93,    0
 18383,101207,20181110,  250,    0
 18383,101207,20181111,  340,    0
 18383,101207,20181112,   59,    0
 18383,101207,20181113,    3,    0
 18383,101207,20181114,    7,    0
 18383,101207,20181115,    0,    0
 18383,101207,20181116,    0,    0
 18383,101207,20181117,    0,    0
 18383,101207,20181118,    0,    0
 18383,101207,20181119,    0,    0
 18383,101207,20181120,    0,    0
 18383,101207,20181121,    0,    0
 18383,101207,20181122,    0,    0
 18383,101207,20181123,    0,    0
 18383,101207,20181124,    0,    0
 18383,101207,20181125,    0,    0
 18383,101207,20181126,    0,    0
 18383,101207,20181127,    0,    0
 18383,101207,20181128,   68,    0
 18383,101207,20181129,  107,    0
 18383,101207,20181130,   62,    0
 18383,101207,20181201,    0,    0
 18383,101207,20181202,  247,    0
 18383,101207,20181203,   90,    0
 18383,101207,20181204,    0,    0
 18383,101207,20181205,    0,    0
 18383,101207,20181206,   79,    0
 18383,101207,20181207,  114,    0
 18383,101207,20181208,    1,    0
 18383,101207,20181209,    0,    0
 18383,101207,20181210,    0,    0
 18383,101207,20181211,    0,    0
 18383,101207,20181212,    0,    0
 18383,101207,20181213,    0,    0
 18383,101207,20181214,    0,    0
 18383,101207,20181215,   17,    0
 18383,101207,20181216,   70,    0
 18383,101207,20181217,    0,    0
 18383,101207,20181218,   10,    0
 18383,101207,20181219,  139,    0
 18383,101207,20181220,   81,    0
 18383,101207,20181221,   18,    0
 18383,101207,20181222,    0,    0
 18383,101207,20181223,    0,    0
 18383,101207,20181224,    0,    0
 18383,101207,20181225,    0,    0
 18383,101207,20181226,   21,    0
 18383,101207,20181227,   18,    0
 18383,101207,20181228,    0,    0
 18383,101207,20181229,    0,    0
 18383,101207,20181230,   10,    0
 18383,101207,20181231,    2,    0
 18383,101207,20190101,    0,    0
 18383,101207,20190102,    0,    0
 18383,101207,20190103,    0,    0
 18383,101207,20190104,    0,    0
 18383,101207,20190105,    0,    0
 18383,101207,20190106,    0,    0
 18383,101207,20190107,   69,    0
 18383,101207,20190108,    0,    0
 18383,101207,20190109,    0,    0
 18383,101207,20190110,    0,    0
 18383,101207,20190111,    0,    0
 18383,101207,20190112,    0,    0
 18383,101207,20190113,    0,    0
 18383,101207,20190114,    0,    0
 18383,101207,20190115,   42,    0
 18383,101207,20190116,   35,    0
 18383,101207,20190117,    0,    0
 18383,101207,20190118,    0,    0
 18383,101207,20190119,    0,    0
 18383,101207,20190120,   14,    0
 18383,101207,20190121,    0,    0
 18383,101207,20190122,   10,    0
 18383,101207,20190123,    3,    0
 18383,101207,20190124,   26,    0
 18383,101207,20190125,   48,    0
 18383,101207,20190126,   31,    0
 18383,101207,20190127,   91,    0
 18383,101207,20190128,   12,    0
 18383,101207,20190129,    0,    0
 18383,101207,20190130,    1,    0
 18383,101207,20190131,  135,    0
 18383,101207,20190201,  156,    0
 18383,101207,20190202,   75,    0
 18383,101207,20190203,    0,    0
 18383,101207,20190204,  126,    0
 18383,101207,20190205,    4,    0
 18383,101207,20190206,   24,    0
 18383,101207,20190207,   83,    0
 18383,101207,20190208,   92,    0
 18383,101207,20190209,   68,    0
 18383,101207,20190210,   54,    0
 18383,101207,20190211,    0,    0
 18383,101207,20190212,    1,    0
 18383,101207,20190213,    0,    0
 18383,101207,20190214,    0,    0
 18383,101207,20190215,    0,    0
 18383,101207,20190216,    0,    0
 18383,101207,20190217,    0,    0
 18383,101207,20190218,    0,    0
 18383,101207,20190219,    0,    0
 18383,101207,20190220,   76,    0
 18383,101207,20190221,    0,    0
 18383,101207,20190222,   13,    0
 18383,101207,20190223,    0,    0
 18383,101207,20190224,    0,    0
 18383,101207,20190225,    0,    0
 18383,101207,20190226,    0,    0
 18383,101207,20190227,    0,    0
 18383,101207,20190228,    0,    0
 18383,101207,20190301,    0,    0
 18383,101207,20190302,   49,    0
 18383,101207,20190303,   27,    0
 18383,101207,20190304,   36,    0
 18383,101207,20190305,   19,    0
 18383,101207,20190306,   99,    0
 18383,101207,20190307,  142,    0
 18383,101207,20190308,   11,    0
 18383,101207,20190309,   23,    0
 18383,101207,20190310,    1,    0
 18383,101207,20190311,    0,    0
 18383,101207,20190312,  160,    0
 18383,101207,20190313,   22,    0
 18383,101207,20190314,    0,    0
 18383,101207,20190315,    5,    0
 18383,101207,20190316,  116,    0
 18383,101207,20190317,   78,    0
 18383,101207,20190318,    1,    0
 18383,101207,20190319,    0,    0
 18383,101207,20190320,    0,    0
 18383,101207,20190321,    0,    0
 18383,101207,20190322,    0,    0
 18383,101207,20190323,    0,    0
 18383,101207,20190324,    0,    0
 18383,101207,20190325,    0,    0
 18383,101207,20190326,    0,    0
 18383,101207,20190327,    0,    0
 18383,101207,20190328,    0,    0
 18383,101207,20190329,    0,    0
 18383,101207,20190330,    8,    0
 18383,101207,20190331,    0,    0
 18383,101207,20190401,    0,    0
 18383,101207,20190402,    0,    0
 18383,101207,20190403,    1,    0
 18383,101207,20190404,    0,    0
 18383,101207,20190405,    0,    0
 18383,101207,20190406,    0,    0
 18383,101207,20190407,    0,    0
 18383,101207,20190408,    0,    0
 18383,101207,20190409,    0,    0
 18383,101207,20190410,    0,    0
 18383,101207,20190411,    0,    0
 18383,101207,20190412,    0,    0
 18383,101207,20190413,    0,    0
 18383,101207,20190414,    0,    0
 18383,101207,20190415,    0,    0
 18383,101207,20190416,    0,    0
 18383,101207,20190417,    0,    0
 18383,101207,20190418,    0,    0
 18383,101207,20190419,    0,    0
 18383,101207,20190420,    0,    0
 18383,101207,20190421,    0,    0
 18383,101207,20190422,    0,    0
 18383,101207,20190423,    0,    0
 18383,101207,20190424,    0,    0
 18383,101207,20190425,   24,    0
 18383,101207,20190426,    5,    0
 18383,101207,20190427,  469,    0
 18383,101207,20190428,    0,    0
 18383,101207,20190429,    0,    0
 18383,101207,20190430,    0,    0
 18383,101207,20190501,    2,    0
 18383,101207,20190502,    0,    0
 18383,101207,20190503,    0,    0
 18383,101207,20190504,    3,    0
 18383,101207,20190505,   18,    0
 18383,101207,20190506,   19,    0
 18383,101207,20190507,    0,    0
 18383,101207,20190508,-9999,    9
 18383,101207,20190509,  587,    0
 18383,101207,20190510,  113,    0
 18383,101207,20190511,    0,    0
 18383,101207,20190512,    0,    0
 18383,101207,20190513,    0,    0
 18383,101207,20190514,    0,    0
 18383,101207,20190515,    0,    0
 18383,101207,20190516,    0,    0
 18383,101207,20190517,  110,    0
 18383,101207,20190518,   60,    0
 18383,101207,20190519,    6,    0
 18383,101207,20190520,   55,    0
 18383,101207,20190521,   64,    0
 18383,101207,20190522,   14,    0
 18383,101207,20190523,  216,    0
 18383,101207,20190524,   75,    0
 18383,101207,20190525,    1,    0
 18383,101207,20190526,   10,    0
 18383,101207,20190527,    3,    0
 18383,101207,20190528,    2,    0
 18383,101207,20190529,   29,    0
 18383,101207,20190530,   28,    0
 18383,101207,20190531,   21,    0
 18383,101207,20190601,    8,    0
 18383,101207,20190602,  103,    0
 18383,101207,20190603,    0,    0
 18383,101207,20190604,    1,    0
 18383,101207,20190605,   58,    0
 18383,101207,20190606,  183,    0
 18383,101207,20190607,   25,    0
 18383,101207,20190608,  134,    0
 18383,101207,20190609,   21,    0
 18383,101207,20190610,    0,    0
 18383,101207,20190611,  250,    0
 18383,101207,20190612,  209,    0
 18383,101207,20190613,   10,    0
 18383,101207,20190614,   24,    0
 18383,101207,20190615,    0,    0
 18383,101207,20190616,   15,    0
 18383,101207,20190617,    0,    0
 18383,101207,20190618,    0,    0
 18383,101207,20190619,  145,    0
 18383,101207,20190620,    2,    0
 18383,101207,20190621,   10,    0
 18383,101207,20190622,    0,    0
 18383,101207,20190623,    0,    0
 18383,101207,20190624,    0,    0
 18383,101207,20190625,   60,    0
 18383,101207,20190626,    0,    0
 18383,101207,20190627,    0,    0
 18383,101207,20190628,    0,    0
 18383,101207,20190629,    0,    0
 18383,101207,20190630,   19,    0
 18383,101207,20190701,   12,    0
 18383,101207,20190702,    0,    0
 18383,101207,20190703,    0,    0
 18383,101207,20190704,    1,    0
 18383,101207,20190705,    0,    0
 18383,101207,20190706,   94,    0
 18383,101207,20190707,    3,    0
 18383,101207,20190708,    0,    0
 18383,101207,20190709,    0,    0
 18383,101207,20190710,    0,    0
 18383,101207,20190711,    0,    0
 18383,101207,20190712,    0,    0
 18383,101207,20190713,    0,    0
 18383,101207,20190714,    0,    0
 18383,101207,20190715,    5,    0
 18383,101207,20190716,    0,    0
 18383,101207,20190717,    0,    0
 18383,101207,20190718,   19,    0
 18383,101207,20190719,   35,    0
 18383,101207,20190720,  236,    0
 18383,101207,20190721,  152,    0
 18383,101207,20190722,   13,    0
 18383,101207,20190723,    0,    0
 18383,101207,20190724,    0,    0
 18383,101207,20190725,    0,    0
 18383,101207,20190726,    0,    0
 18383,101207,20190727,    0,    0
 18383,101207,20190728,   34,    0
 18383,101207,20190729,    0,    0
 18383,101207,20190730,   28,    0
 18383,101207,20190731,   10,    0
 18383,101207,20190801,    0,    0
 18383,101207,20190802,    0,    0
 18383,101207,20190803,    0,    0
 18383,101207,20190804,    2,    0
 18383,101207,20190805,    0,    0
 18383,101207,20190806,   82,    0
 18383,101207,20190807,    9,    0
 18383,101207,20190808,    0,    0
 18383,101207,20190809,   42,    0
 18383,101207,20190810,  446,    0
 18383,101207,20190811,   69,    0
 18383,101207,20190812,   42,    0
 18383,101207,20190813,    0,    0
 18383,101207,20190814,    0,    0
 18383,101207,20190815,    7,    0
 18383,101207,20190816,   48,    0
 18383,101207,20190817,  155,    0
 18383,101207,20190818,   12,    0
 18383,101207,20190819,   37,    0
 18383,101207,20190820,    4,    0
 18383,101207,20190821,    0,    0
 18383,101207,20190822,  172,    0
 18383,101207,20190823,    0,    0
 18383,101207,20190824,    0,    0
 18383,101207,20190825,    0,    0
 18383,101207,20190826,    0,    0
 18383,101207,20190827,    0,    0
 18383,101207,20190828,  296,    0
 18383,101207,20190829,   11,    0
 18383,101207,20190830,    0,    0
 18383,101207,20190831,   90,    0
 18383,101207,20190901,    0,    0
 18383,101207,20190902,    6,    0
 18383,101207,20190903,    2,    0
 18383,101207,20190904,  197,    0
 18383,101207,20190905,   53,    0
 18383,101207,20190906,   59,    0
 18383,101207,20190907,    7,    0
 18383,101207,20190908,    0,    0
 18383,101207,20190909,   36,    0
 18383,101207,20190910,   95,    0
 18383,101207,20190911,   41,    0
 18383,101207,20190912,    0,    0
 18383,101207,20190913,    0,    0
 18383,101207,20190914,    0,    0
 18383,101207,20190915,    0,    0
 18383,101207,20190916,    0,    0
 18383,101207,20190917,    0,    0
 18383,101207,20190918,    1,    0
 18383,101207,20190919,    0,    0
 18383,101207,20190920,    0,    0
 18383,101207,20190921,    0,    0
 18383,101207,20190922,    2,    0
 18383,101207,20190923,    0,    0
 18383,101207,20190924,    0,    0
 18383,101207,20190925,    0,    0
 18383,101207,20190926,   77,    0
 18383,101207,20190927,  267,    0
 18383,101207,20190928,   51,    0
 18383,101207,20190929,    0,    0
 18383,101207,20190930,   25,    0
 18383,101207,20191001,   79,    0
 18383,101207,20191002,    1,    0
 18383,101207,20191003,  187,    0
 18383,101207,20191004,    0,    0
 18383,101207,20191005,    0,    0
 18383,101207,20191006,    0,    0
 18383,101207,20191007,   22,    0
 18383,101207,20191008,   83,    0
 18383,101207,20191009,  103,    0
 18383,101207,20191010,    9,    0
 18383,101207,20191011,   49,    0
 18383,101207,20191012,    5,    0
 18383,101207,20191013,  114,    0
 18383,101207,20191014,    7,    0
 18383,101207,20191015,  551,    0
 18383,101207,20191016,   94,    0
 18383,101207,20191017,   27,    0
 18383,101207,20191018,  188,    0
 18383,101207,20191019,   30,    0
 18383,101207,20191020,  127,    0
 18383,101207,20191021,    0,    0
 18383,101207,20191022,    6,    0
 18383,101207,20191023,    0,    0
 18383,101207,20191024,  107,    0
 18383,101207,20191025,   28,    0
 18383,101207,20191026,    1,    0
 18383,101207,20191027,    0,    0
 18383,101207,20191028,    0,    0
 18383,101207,20191029,    0,    0
 18383,101207,20191030,    0,    0
 18383,101207,20191031,    0,    0
 18383,101207,20191101,    0,    0
 18383,101207,20191102,    0,    0
 18383,101207,20191103,    0,    0
 18383,101207,20191104,    0,    0
 18383,101207,20191105,    0,    0
 18383,101207,20191106,    0,    0
 18383,101207,20191107,    0,    0
 18383,101207,20191108,    9,    0
 18383,101207,20191109,    1,    0
 18383,101207,20191110,   22,    0
 18383,101207,20191111,    9,    0
 18383,101207,20191112,  122,    0
 18383,101207,20191113,   53,    0
 18383,101207,20191114,    3,    0
 18383,101207,20191115,   28,    0
 18383,101207,20191116,  172,    0
 18383,101207,20191117,   21,    0
 18383,101207,20191118,  476,    0
 18383,101207,20191119,   98,    0
 18383,101207,20191120,   33,    0
 18383,101207,20191121,  252,    0
 18383,101207,20191122,  240,    0
 18383,101207,20191123,   46,    0
 18383,101207,20191124,    6,    0
 18383,101207,20191125,   20,    0
 18383,101207,20191126,  106,    0
 18383,101207,20191127,   70,    0
 18383,101207,20191128,   29,    0
 18383,101207,20191129,    0,    0
 18383,101207,20191130,    0,    0
 18383,101207,20191201,    0,    0
 18383,101207,20191202,    0,    0
 18383,101207,20191203,   44,    0
 18383,101207,20191204,    0,    0
 18383,101207,20191205,    9,    0
 18383,101207,20191206,    6,    0
 18383,101207,20191207,   37,    0
 18383,101207,20191208,   33,    0
 18383,101207,20191209,    3,    0
 18383,101207,20191210,   60,    0
 18383,101207,20191211,    0,    0
 18383,101207,20191212,   97,    0
 18383,101207,20191213,  105,    0
 18383,101207,20191214,   80,    0
 18383,101207,20191215,   22,    0
 18383,101207,20191216,    0,    0
 18383,101207,20191217,    0,    0
 18383,101207,20191218,    0,    0
 18383,101207,20191219,   83,    0
 18383,101207,20191220,   50,    0
 18383,101207,20191221,   25,    0
 18383,101207,20191222,    5,    0
 18383,101207,20191223,   50,    0
 18383,101207,20191224,    5,    0
 18383,101207,20191225,    0,    0
 18383,101207,20191226,    0,    0
 18383,101207,20191227,    0,    0
 18383,101207,20191228,   37,    0
 18383,101207,20191229,    0,    0
 18383,101207,20191230,    0,    0
 18383,101207,20191231,    0,    0
 18383,101207,20200101,    0,    0
 18383,101207,20200102,    2,    0
 18383,101207,20200103,    0,    0
 18383,101207,20200104,    0,    0
 18383,101207,20200105,    1,    0
 18383,101207,20200106,    0,    0
 18383,101207,20200107,    5,    0
 18383,101207,20200108,    0,    0
 18383,101207,20200109,    0,    0
 18383,101207,20200110,    0,    0
 18383,101207,20200111,    4,    0
 18383,101207,20200112,    0,    0
 18383,101207,20200113,  107,    0
 18383,101207,20200114,   79,    0
 18383,101207,20200115,    0,    0
 18383,101207,20200116,   46,    0
 18383,101207,20200117,  177,    0
 18383,101207,20200118,    0,    0
 18383,101207,20200119,    0,    0
 18383,101207,20200120,    0,    0
 18383,101207,20200121,    0,    0
 18383,101207,20200122,    0,    0
 18383,101207,20200123,    0,    0
 18383,101207,20200124,    0,    0
 18383,101207,20200125,    0,    0
 18383,101207,20200126,   12,    0
 18383,101207,20200127,   76,    0
 18383,101207,20200128,  142,    0
 18383,101207,20200129,   16,    0
 18383,101207,20200130,   40,    0
 18383,101207,20200131,    9,    0
 18383,101207,20200201,    0,    0
 18383,101207,20200202,    0,    0
 18383,101207,20200203,   38,    0
 18383,101207,20200204,    1,    0
 18383,101207,20200205,    0,    0
 18383,101207,20200206,    0,    0
 18383,101207,20200207,    0,    0
 18383,101207,20200208,   10,    0
 18383,101207,20200209,   98,    0
 18383,101207,20200210,    0,    0
 18383,101207,20200211,    0,    0
 18383,101207,20200212,    0,    0
 18383,101207,20200213,    0,    0
 18383,101207,20200214,    6,    0
 18383,101207,20200215,  162,    0
 18383,101207,20200216,   54,    0
 18383,101207,20200217,    0,    0
 18383,101207,20200218,    0,    0
 18383,101207,20200219,    0,    0
 18383,101207,20200220,  118,    0
 18383,101207,20200221,   12,    0
 18383,101207,20200222,   52,    0
 18383,101207,20200223,    0,    0
 18383,101207,20200224,    0,    0
 18383,101207,20200225,    0,    0
 18383,101207,20200226,    0,    0
 18383,101207,20200227,    0,    0
 18383,101207,20200228,    0,    0
 18383,101207,20200229,  134,    0
 18383,101207,20200301,   25,    0
 18383,101207,20200302,    2,    0
 18383,101207,20200303,  146,    0
 18383,101207,20200304,   50,    0
 18383,101207,20200305,    0,    0
 18383,101207,20200306,    0,    0
 18383,101207,20200307,   12,    0
 18383,101207,20200308,   45,    0
 18383,101207,20200309,    0,    0
 18383,101207,20200310,   95,    0
 18383,101207,20200311,    0,    0
 18383,101207,20200312,    0,    0
 18383,101207,20200313,    1,    0
 18383,101207,20200314,   25,    0
 18383,101207,20200315,   40,    0
 18383,101207,20200316,    0,    0
 18383,101207,20200317,    0,    0
 18383,101207,20200318,    0,    0
 18383,101207,20200319,   12,    0
 18383,101207,20200320,    0,    0
 18383,101207,20200321,    0,    0
 18383,101207,20200322,    0,    0
 18383,101207,20200323,    0,    0
 18383,101207,20200324,    0,    0
 18383,101207,20200325,    0,    0
 18383,101207,20200326,    2,    0
 18383,101207,20200327,    2,    0
 18383,101207,20200328,    0,    0
 18383,101207,20200329,    0,    0
 18383,101207,20200330,    0,    0
 18383,101207,20200331,    0,    0
 18383,101207,20200401,    0,    0
 18383,101207,20200402,   10,    0
 18383,101207,20200403,    0,    0
 18383,101207,20200404,    0,    0
 18383,101207,20200405,    2,    0
 18383,101207,20200406,    4,    0
 18383,101207,20200407,    0,    0
 18383,101207,20200408,    0,    0
 18383,101207,20200409,    0,    0
 18383,101207,20200410,    0,    0
 18383,101207,20200411,   54,    0
 18383,101207,20200412,    0,    0
 18383,101207,20200413,    0,    0
 18383,101207,20200414,    1,    0
 18383,101207,20200415,    0,    0
 18383,101207,20200416,    0,    0
 18383,101207,20200417,    0,    0
 18383,101207,20200418,    0,    0
 18383,101207,20200419,    0,    0
 18383,101207,20200420,    0,    0
 18383,101207,20200421,    0,    0
 18383,101207,20200422,    0,    0
 18383,101207,20200423,    0,    0
 18383,101207,20200424,    0,    0
 18383,101207,20200425,    0,    0
 18383,101207,20200426,   55,    0
 18383,101207,20200427,  306,    0
 18383,101207,20200428,    2,    0
 18383,101207,20200429,    0,    0
 18383,101207,20200430,  148,    0
 18383,101207,20200501,    6,    0
 18383,101207,20200502,    0,    0
 18383,101207,20200503,   28,    0
 18383,101207,20200504,    0,    0
 18383,101207,20200505,    0,    0
 18383,101207,20200506,    0,    0
 18383,101207,20200507,    0,    0
 18383,101207,20200508,    0,    0
 18383,101207,20200509,   97,    0
 18383,101207,20200510,    5,    0
 18383,101207,20200511,    0,    0
 18383,101207,20200512,    0,    0
 18383,101207,20200513,    0,    0
 18383,101207,20200514,    0,    0
 18383,101207,20200515,    0,    0
 18383,101207,20200516,    0,    0
 18383,101207,20200517,    0,    0
 18383,101207,20200518,    0,    0
 18383,101207,20200519,    0,    0
 18383,101207,20200520,    0,    0
 18383,101207,20200521,    4,    0
 18383,101207,20200522,  102,    0
 18383,101207,20200523,   38,    0
 18383,101207,20200524,   30,    0
 18383,101207,20200525,    0,    0
 18383,101207,20200526,    0,    0
 18383,101207,20200527,    0,    0
 18383,101207,20200528,    0,    0
 18383,101207,20200529,    0,    0
 18383,101207,20200530,    0,    0
 18383,101207,20200531,    0,    0
 18383,101207,20200601,    0,    0
 18383,101207,20200602,    0,    0
 18383,101207,20200603,  117,    0
 18383,101207,20200604,   46,    0
 18383,101207,20200605,  143,    0
 18383,101207,20200606,  279,    0
 18383,101207,20200607,   17,    0
 18383,101207,20200608,    1,    0
 18383,101207,20200609,    0,    0
 18383,101207,20200610,    0,    0
 18383,101207,20200611,    0,    0
 18383,101207,20200612,    0,    0
 18383,101207,20200613,    0,    0
 18383,101207,20200614,    0,    0
 18383,101207,20200615,    0,    0
 18383,101207,20200616,  115,    0
 18383,101207,20200617,    0,    0
 18383,101207,20200618,    0,    0
 18383,101207,20200619,    0,    0
 18383,101207,20200620,  130,    0
 18383,101207,20200621,   98,    0
 18383,101207,20200622,   25,    0
 18383,101207,20200623,    0,    0
 18383,101207,20200624,    0,    0
 18383,101207,20200625,    0,    0
 18383,101207,20200626,   17,    0
 18383,101207,20200627,    9,    0
 18383,101207,20200628,  166,    0
 18383,101207,20200629,   36,    0
 18383,101207,20200630,   67,    0
 18383,101207,20200701,   15,    0
 18383,101207,20200702,   37,    0
 18383,101207,20200703,   40,    0
 18383,101207,20200704,   22,    0
 18383,101207,20200705,   61,    0
 18383,101207,20200706,   39,    0
 18383,101207,20200707,   27,    0
 18383,101207,20200708,   33,    0
 18383,101207,20200709,   26,    0
 18383,101207,20200710,   39,    0
 18383,101207,20200711,   49,    0
 18383,101207,20200712,   31,    0
 18383,101207,20200713,   22,    0
 18383,101207,20200714,   26,    0
 18383,101207,20200715,   33,    0
 18383,101207,20200716,   25,    0
 18383,101207,20200717,   19,    0
 18383,101207,20200718,   19,    0
 18383,101207,20200719,   19,    0
 18383,101207,20200720,   17,    0
 18383,101207,20200721,   10,    0
 18383,101207,20200722,   13,    0
 18383,101207,20200723,   10,    0
 18383,101207,20200724,    2,    0
 18383,101207,20200725,    0,    0
 18383,101207,20200726,    2,    0
 18383,101207,20200727,   33,    0
 18383,101207,20200728,  197,    0
 18383,101207,20200729,  147,    0
 18383,101207,20200730,    0,    0
 18383,101207,20200731,    0,    0
 18383,101207,20200801,    9,    0
 18383,101207,20200802,   15,    0
 18383,101207,20200803,    0,    0
 18383,101207,20200804,   27,    0
 18383,101207,20200805,   58,    0
 18383,101207,20200806,    0,    0
 18383,101207,20200807,    0,    0
 18383,101207,20200808,    0,    0
 18383,101207,20200809,    2,    0
 18383,101207,20200810,    0,    0
 18383,101207,20200811,    0,    0
 18383,101207,20200812,    0,    0
 18383,101207,20200813,    0,    0
 18383,101207,20200814,    0,    0
 18383,101207,20200815,    0,    0
 18383,101207,20200816,    0,    0
 18383,101207,20200817,    0,    0
 18383,101207,20200818,    8,    0
 18383,101207,20200819,    0,    0
 18383,101207,20200820,   64,    0
 18383,101207,20200821,  199,    0
 18383,101207,20200822,    2,    0
 18383,101207,20200823,    9,    0
 18383,101207,20200824,    0,    0
 18383,101207,20200825,    0,    0
 18383,101207,20200826,    0,    0
 18383,101207,20200827,    0,    0
 18383,101207,20200828,   12,    0
 18383,101207,20200829,    0,    0
 18383,101207,20200830,    2,    0
 18383,101207,20200831,    0,    0
 18383,101207,20200901,    0,    0
 18383,101207,20200902,    0,    0
 18383,101207,20200903,   29,    0
 18383,101207,20200904,    2,    0
 18383,101207,20200905,    0,    0
 18383,101207,20200906,    1,    0
 18383,101207,20200907,   20,    0
 18383,101207,20200908,   40,    0
 18383,101207,20200909,   22,    0
 18383,101207,20200910,    0,    0
 18383,101207,20200911,    6,    0
 18383,101207,20200912,    0,    0
 18383,101207,20200913,    0,    0
 18383,101207,20200914,    0,    0
 18383,101207,20200915,    0,    0
 18383,101207,20200916,    0,    0
 18383,101207,20200917,    0,    0
 18383,101207,20200918,    0,    0
 18383,101207,20200919,    0,    0
 18383,101207,20200920,    0,    0
 18383,101207,20200921,    0,    0
 18383,101207,20200922,    0,    0
 18383,101207,20200923,  134,    0
 18383,101207,20200924,  125,    0
 18383,101207,20200925,  394,    0
 18383,101207,20200926,   28,    0
 18383,101207,20200927,    1,    0
 18383,101207,20200928,   20,    0
 18383,101207,20200929,  153,    0
 18383,101207,20200930,   34,    0
 18383,101207,20201001,   46,    0
 18383,101207,20201002,    0,    0
 18383,101207,20201003,    6,    0
 18383,101207,20201004,  542,    0
 18383,101207,20201005,   19,    0
 18383,101207,20201006,  253,    0
 18383,101207,20201007,   45,    0
 18383,101207,20201008,   42,    0
 18383,101207,20201009,   83,    0
 18383,101207,20201010,  340,    0
 18383,101207,20201011,    0,    0
 18383,101207,20201012,    0,    0
 18383,101207,20201013,    0,    0
 18383,101207,20201014,    0,    0
 18383,101207,20201015,    0,    0
 18383,101207,20201016,    0,    0
 18383,101207,20201017,    0,    0
 18383,101207,20201018,    0,    0
 18383,101207,20201019,  104,    0
 18383,101207,20201020,  184,    0
 18383,101207,20201021,   85,    0
 18383,101207,20201022,   92,    0
 18383,101207,20201023,   23,    0
 18383,101207,20201024,   50,    0
 18383,101207,20201025,   49,    0
 18383,101207,20201026,   90,    0
 18383,101207,20201027,  174,    0
 18383,101207,20201028,   17,    0
 18383,101207,20201029,    0,    0
 18383,101207,20201030,   66,    0
 18383,101207,20201031,   63,    0
 18383,101207,20201101,  150,    0
 18383,101207,20201102,    6,    0
 18383,101207,20201103,    0,    0
 18383,101207,20201104,    8,    0
 18383,101207,20201105,    0,    0
 18383,101207,20201106,    0,    0
 18383,101207,20201107,    0,    0
 18383,101207,20201108,    0,    0
 18383,101207,20201109,    0,    0
 18383,101207,20201110,    1,    0
 18383,101207,20201111,   44,    0
 18383,101207,20201112,   34,    0
 18383,101207,20201113,  112,    0
 18383,101207,20201114,   75,    0
 18383,101207,20201115,  327,    0
 18383,101207,20201116,   70,    0
 18383,101207,20201117,   13,    0
 18383,101207,20201118,   13,    0
 18383,101207,20201119,    5,    0
 18383,101207,20201120,   28,    0
 18383,101207,20201121,    0,    0
 18383,101207,20201122,    0,    0
 18383,101207,20201123,    0,    0
 18383,101207,20201124,    0,    0
 18383,101207,20201125,    5,    0
 18383,101207,20201126,    0,    0
 18383,101207,20201127,    0,    0
 18383,101207,20201128,    0,    0
 18383,101207,20201129,    0,    0
 18383,101207,20201130,   59,    0
 18383,101207,20201201,    0,    0
 18383,101207,20201202,   88,    0
 18383,101207,20201203,  111,    0
 18383,101207,20201204,   30,    0
 18383,101207,20201205,   49,    0
 18383,101207,20201206,   41,    0
 18383,101207,20201207,  169,    0
 18383,101207,20201208,  145,    0
 18383,101207,20201209,   55,    0
 18383,101207,20201210,   95,    0
 18383,101207,20201211,   79,    0
 18383,101207,20201212,   39,    0
 18383,101207,20201213,   72,    0
 18383,101207,20201214,  147,    0
 18383,101207,20201215,   91,    0
 18383,101207,20201216,    9,    0
 18383,101207,20201217,  119,    0
 18383,101207,20201218,   16,    0
 18383,101207,20201219,   36,    0
 18383,101207,20201220,   47,    0
 18383,101207,20201221,   63,    0
 18383,101207,20201222,   45,    0
 18383,101207,20201223,    0,    0
 18383,101207,20201224,    0,    0
 18383,101207,20201225,    0,    0
 18383,101207,20201226,  198,    0
 18383,101207,20201227,  445,    0
 18383,101207,20201228,  202,    0
 18383,101207,20201229,  217,    0
 18383,101207,20201230,   57,    0
 18383,101207,20201231,   32,    0
 18383,101207,20210101,   43,    0
 18383,101207,20210102,    0,    0
 18383,101207,20210103,    0,    0
 18383,101207,20210104,    0,    0
 18383,101207,20210105,    0,    0
 18383,101207,20210106,    0,    0
 18383,101207,20210107,    0,    0
 18383,101207,20210108,    0,    0
 18383,101207,20210109,    0,    0
 18383,101207,20210110,    0,    0
 18383,101207,20210111,   19,    0
 18383,101207,20210112,   12,    0
 18383,101207,20210113,    6,    0
 18383,101207,20210114,    0,    0
 18383,101207,20210115,    0,    0
 18383,101207,20210116,    0,    0
 18383,101207,20210117,    0,    0
 18383,101207,20210118,   63,    0
 18383,101207,20210119,   42,    0
 18383,101207,20210120,  196,    0
 18383,101207,20210121,  334,    0
 18383,101207,20210122,   65,    0
 18383,101207,20210123,    0,    0
 18383,101207,20210124,    0,    0
 18383,101207,20210125,    0,    0
 18383,101207,20210126,    0,    0
 18383,101207,20210127,    0,    0
 18383,101207,20210128,    0,    0
 18383,101207,20210129,    0,    0
 18383,101207,20210130,    0,    0
 18383,101207,20210131,    1,    0
 18383,101207,20210201,    0,    0
 18383,101207,20210202,    3,    0
 18383,101207,20210203,    0,    0
 18383,101207,20210204,    0,    0
 18383,101207,20210205,    0,    0
 18383,101207,20210206,    0,    0
 18383,101207,20210207,    0,    0
 18383,101207,20210208,    0,    0
 18383,101207,20210209,    0,    0
 18383,101207,20210210,    0,    0
 18383,101207,20210211,    0,    0
 18383,101207,20210212,    0,    0
 18383,101207,20210213,    0,    0
 18383,101207,20210214,    0,    0
 18383,101207,20210215,   25,    0
 18383,101207,20210216,   91,    0
 18383,101207,20210217,   81,    0
 18383,101207,20210218,   66,    0
 18383,101207,20210219,   19,    0
 18383,101207,20210220,   15,    0
 18383,101207,20210221,    0,    0
 18383,101207,20210222,    1,    0
 18383,101207,20210223,    0,    0
 18383,101207,20210224,    1,    0
 18383,101207,20210225,    0,    0
 18383,101207,20210226,    0,    0
 18383,101207,20210227,    0,    0
 18383,101207,20210228,    0,    0
 18383,101207,20210301,    0,    0
 18383,101207,20210302,    0,    0
 18383,101207,20210303,    0,    0
 18383,101207,20210304,    0,    0
 18383,101207,20210305,    0,    0
 18383,101207,20210306,    0,    0
 18383,101207,20210307,    0,    0
 18383,101207,20210308,    0,    0
 18383,101207,20210309,    2,    0
 18383,101207,20210310,  213,    0
 18383,101207,20210311,  143,    0
 18383,101207,20210312,    0,    0
 18383,101207,20210313,    0,    0
 18383,101207,20210314,    0,    0
 18383,101207,20210315,    6,    0
 18383,101207,20210316,    1,    0
 18383,101207,20210317,    0,    0
 18383,101207,20210318,    0,    0
 18383,101207,20210319,    0,    0
 18383,101207,20210320,    0,    0
 18383,101207,20210321,    0,    0
 18383,101207,20210322,    0,    0
 18383,101207,20210323,    0,    0
 18383,101207,20210324,    0,    0
 18383,101207,20210325,    0,    0
 18383,101207,20210326,   80,    0
 18383,101207,20210327,   46,    0
 18383,101207,20210328,    5,    0
 18383,101207,20210329,    0,    0
 18383,101207,20210330,    0,    0
 18383,101207,20210331,    3,    0
 18383,101207,20210401,    0,    0
 18383,101207,20210402,    0,    0
 18383,101207,20210403,    0,    0
 18383,101207,20210404,    1,    0
 18383,101207,20210405,    0,    0
 18383,101207,20210406,    5,    0
 18383,101207,20210407,    0,    0
 18383,101207,20210408,    2,    0
 18383,101207,20210409,    0,    0
 18383,101207,20210410,    0,    0
 18383,101207,20210411,   82,    0
 18383,101207,20210412,   40,    0
 18383,101207,20210413,    5,    0
 18383,101207,20210414,    0,    0
 18383,101207,20210415,    0,    0
 18383,101207,20210416,    0,    0
 18383,101207,20210417,    0,    0
 18383,101207,20210418,    0,    0
 18383,101207,20210419,    0,    0
 18383,101207,20210420,    0,    0
 18383,101207,20210421,    2,    0
 18383,101207,20210422,    0,    0
 18383,101207,20210423,    0,    0
 18383,101207,20210424,    0,    0
 18383,101207,20210425,    0,    0
 18383,101207,20210426,    0,    0
 18383,101207,20210427,    0,    0
 18383,101207,20210428,    0,    0
 18383,101207,20210429,    0,    0
 18383,101207,20210430,    0,    0
 18383,101207,20210501,    0,    0
 18383,101207,20210502,    3,    0
 18383,101207,20210503,   23,    0
 18383,101207,20210504,   93,    0
 18383,101207,20210505,   21,    0
 18383,101207,20210506,    0,    0
 18383,101207,20210507,    0,    0
 18383,101207,20210508,   30,    0
 18383,101207,20210509,  125,    0
 18383,101207,20210510,  127,    0
 18383,101207,20210511,   31,    0
 18383,101207,20210512,  193,    0
 18383,101207,20210513,   54,    0
 18383,101207,20210514,   15,    0
 18383,101207,20210515,   37,    0
 18383,101207,20210516,   16,    0
 18383,101207,20210517,  110,    0
 18383,101207,20210518,   13,    0
 18383,101207,20210519,   77,    0
 18383,101207,20210520,   23,    0
 18383,101207,20210521,    6,    0
 18383,101207,20210522,   36,    0
 18383,101207,20210523,  149,    0
 18383,101207,20210524,   66,    0
 18383,101207,20210525,   91,    0
 18383,101207,20210526,  131,    0
 18383,101207,20210527,    0,    0
 18383,101207,20210528,    0,    0
 18383,101207,20210529,    0,    0
 18383,101207,20210530,    0,    0
 18383,101207,20210531,    0,    0
 18383,101207,20210601,    0,    0
 18383,101207,20210602,    0,    0
 18383,101207,20210603,    0,    0
 18383,101207,20210604,    0,    0
 18383,101207,20210605,    0,    0
 18383,101207,20210606,    7,    0
 18383,101207,20210607,  213,    0
 18383,101207,20210608,  210,    0
 18383,101207,20210609,    1,    0
 18383,101207,20210610,   16,    0
 18383,101207,20210611,   10,    0
 18383,101207,20210612,    0,    0
 18383,101207,20210613,    0,    0
 18383,101207,20210614,   73,    0
 18383,101207,20210615,    0,    0
 18383,101207,20210616,    0,    0
 18383,101207,20210617,  315,    0
 18383,101207,20210618,    4,    0
 18383,101207,20210619,   20,    0
 18383,101207,20210620,   95,    0
 18383,101207,20210621,   46,    0
 18383,101207,20210622,    0,    0
 18383,101207,20210623,    0,    0
 18383,101207,20210624,    0,    0
 18383,101207,20210625,    0,    0
 18383,101207,20210626,    0,    0
 18383,101207,20210627,    0,    0
 18383,101207,20210628,    0,    0
 18383,101207,20210629,    6,    0
 18383,101207,20210630,    0,    0
 18383,101207,20210701,    6,    0
 18383,101207,20210702,    0,    0
 18383,101207,20210703,    0,    0
 18383,101207,20210704,   61,    0
 18383,101207,20210705,  282,    0
 18383,101207,20210706,  197,    0
 18383,101207,20210707,  105,    0
 18383,101207,20210708,    0,    0
 18383,101207,20210709,   51,    0
 18383,101207,20210710,   21,    0
 18383,101207,20210711,    0,    0
 18383,101207,20210712,    0,    0
 18383,101207,20210713,    0,    0
 18383,101207,20210714,    0,    0
 18383,101207,20210715,    0,    0
 18383,101207,20210716,    0,    0
 18383,101207,20210717,    0,    0
 18383,101207,20210718,    0,    0
 18383,101207,20210719,    0,    0
 18383,101207,20210720,    0,    0
 18383,101207,20210721,    0,    0
 18383,101207,20210722,    0,    0
 18383,101207,20210723,    0,    0
 18383,101207,20210724,    0,    0
 18383,101207,20210725,    0,    0
 18383,101207,20210726,   19,    0
 18383,101207,20210727,  506,    0
 18383,101207,20210728,  260,    0
 18383,101207,20210729,  114,    0
 18383,101207,20210730,    2,    0
 18383,101207,20210731,   59,    0
 18383,101207,20210801,   42,    0
 18383,101207,20210802,    0,    0
 18383,101207,20210803,    1,    0
 18383,101207,20210804,    1,    0
 18383,101207,20210805,    0,    0
 18383,101207,20210806,   12,    0
 18383,101207,20210807,    1,    0
 18383,101207,20210808,    0,    0
 18383,101207,20210809,  115,    0
 18383,101207,20210810,    2,    0
 18383,101207,20210811,   58,    0
 18383,101207,20210812,    0,    0
 18383,101207,20210813,   27,    0
 18383,101207,20210814,    9,    0
 18383,101207,20210815,    3,    0
 18383,101207,20210816,   76,    0
 18383,101207,20210817,    0,    0
 18383,101207,20210818,    0,    0
 18383,101207,20210819,    0,    0
 18383,101207,20210820,    0,    0
 18383,101207,20210821,    0,    0
 18383,101207,20210822,    0,    0
 18383,101207,20210823,    0,    0
 18383,101207,20210824,    0,    0
 18383,101207,20210825,    0,    0
 18383,101207,20210826,    0,    0
 18383,101207,20210827,    0,    0
 18383,101207,20210828,    0,    0
 18383,101207,20210829,    0,    0
 18383,101207,20210830,    0,    0
 18383,101207,20210831,    0,    0
 18383,101207,20210901,    0,    0
 18383,101207,20210902,    0,    0
 18383,101207,20210903,   10,    0
 18383,101207,20210904,    0,    0
 18383,101207,20210905,    0,    0
 18383,101207,20210906,    0,    0
 18383,101207,20210907,    0,    0
 18383,101207,20210908,    0,    0
 18383,101207,20210909,    0,    0
 18383,101207,20210910,    0,    0
 18383,101207,20210911,   21,    0
 18383,101207,20210912,    0,    0
 18383,101207,20210913,    0,    0
 18383,101207,20210914,    0,    0
 18383,101207,20210915,   97,    0
 18383,101207,20210916,   50,    0
 18383,101207,20210917,    0,    0
 18383,101207,20210918,    0,    0
 18383,101207,20210919,    0,    0
 18383,101207,20210920,   16,    0
 18383,101207,20210921,    0,    0
 18383,101207,20210922,   19,    0
 18383,101207,20210923,   21,    0
 18383,101207,20210924,   25,    0
 18383,101207,20210925,    0,    0
 18383,101207,20210926,    4,    0
 18383,101207,20210927,  482,    0
 18383,101207,20210928,    0,    0
 18383,101207,20210929,  295,    0
 18383,101207,20210930,  230,    0
 18383,101207,20211001,  224,    0
 18383,101207,20211002,  205,    0
 18383,101207,20211003,  338,    0
 18383,101207,20211004,    8,    0
 18383,101207,20211005,   17,    0
 18383,101207,20211006,    0,    0
 18383,101207,20211007,    8,    0
 18383,101207,20211008,   86,    0
 18383,101207,20211009,    2,    0
 18383,101207,20211010,   47,    0
 18383,101207,20211011,    0,    0
 18383,101207,20211012,    0,    0
 18383,101207,20211013,    1,    0
 18383,101207,20211014,    0,    0
 18383,101207,20211015,    0,    0
 18383,101207,20211016,    0,    0
 18383,101207,20211017,    0,    0
 18383,101207,20211018,  103,    0
 18383,101207,20211019,   45,    0
 18383,101207,20211020,    0,    0
 18383,101207,20211021,    0,    0
 18383,101207,20211022,    0,    0
 18383,101207,20211023,    0,    0
 18383,101207,20211024,    0,    0
 18383,101207,20211025,    8,    0
 18383,101207,20211026,   16,    0
 18383,101207,20211027,    2,    0
 18383,101207,20211028,    0,    0
 18383,101207,20211029,    9,    0
 18383,101207,20211030,  196,    0
 18383,101207,20211031,  225,    0
 18383,101207,20211101,   49,    0
 18383,101207,20211102,  103,    0
 18383,101207,20211103,    0,    0
 18383,101207,20211104,    0,    0
 18383,101207,20211105,    0,    0
 18383,101207,20211106,   80,    0
 18383,101207,20211107,    9,    0
 18383,101207,20211108,   15,    0
 18383,101207,20211109,    7,    0
 18383,101207,20211110,    0,    0
 18383,101207,20211111,    0,    0
 18383,101207,20211112,   52,    0
 18383,101207,20211113,    2,    0
 18383,101207,20211114,    1,    0
 18383,101207,20211115,    0,    0
 18383,101207,20211116,    6,    0
 18383,101207,20211117,    5,    0
 18383,101207,20211118,    1,    0
 18383,101207,20211119,    0,    0
 18383,101207,20211120,    0,    0
 18383,101207,20211121,    0,    0
 18383,101207,20211122,    0,    0
 18383,101207,20211123,    0,    0
 18383,101207,20211124,    0,    0
 18383,101207,20211125,    0,    0
 18383,101207,20211126,    0,    0
 18383,101207,20211127,    0,    0
 18383,101207,20211128,    0,    0
 18383,101207,20211129,   24,    0
 18383,101207,20211130,    7,    0
 18383,101207,20211201,    0,    0
 18383,101207,20211202,    0,    0
 18383,101207,20211203,   29,    0
 18383,101207,20211204,    0,    0
 18383,101207,20211205,    0,    0
 18383,101207,20211206,    3,    0
 18383,101207,20211207,    4,    0
 18383,101207,20211208,   43,    0
 18383,101207,20211209,   48,    0
 18383,101207,20211210,   32,    0
 18383,101207,20211211,   10,    0
 18383,101207,20211212,   15,    0
 18383,101207,20211213,    0,    0
 18383,101207,20211214,    0,    0
 18383,101207,20211215,    0,    0
 18383,101207,20211216,    0,    0
 18383,101207,20211217,    0,    0
 18383,101207,20211218,    0,    0
 18383,101207,20211219,    0,    0
 18383,101207,20211220,    0,    0
 18383,101207,20211221,    0,    0
 18383,101207,20211222,    0,    0
 18383,101207,20211223,    0,    0
 18383,101207,20211224,    0,    0
 18383,101207,20211225,    0,    0
 18383,101207,20211226,    0,    0
 18383,101207,20211227,   33,    0
 18383,101207,20211228,   14,    0
 18383,101207,20211229,   37,    0
 18383,101207,20211230,    0,    0
 18383,101207,20211231,    0,    0
 18383,101207,20220101,   54,    0
 18383,101207,20220102,    0,    0
 18383,101207,20220103,    0,    0
 18383,101207,20220104,    0,    0
 18383,101207,20220105,    0,    0
 18383,101207,20220106,   10,    0
 18383,101207,20220107,   49,    0
 18383,101207,20220108,    0,    0
 18383,101207,20220109,    2,    0
 18383,101207,20220110,    7,    0
 18383,101207,20220111,   21,    0
 18383,101207,20220112,    0,    0
 18383,101207,20220113,    0,    0
 18383,101207,20220114,    0,    0
 18383,101207,20220115,    0,    0
 18383,101207,20220116,    0,    0
 18383,101207,20220117,    0,    0
 18383,101207,20220118,    0,    0
 18383,101207,20220119,    0,    0
 18383,101207,20220120,    0,    0
 18383,101207,20220121,    0,    0
 18383,101207,20220122,    0,    0
 18383,101207,20220123,    0,    0
 18383,101207,20220124,    0,    0
 18383,101207,20220125,    0,    0
 18383,101207,20220126,    0,    0
 18383,101207,20220127,    0,    0
 18383,101207,20220128,    0,    0
 18383,101207,20220129,    0,    0
 18383,101207,20220130,    0,    0
 18383,101207,20220131,    0,    0
 18383,101207,20220201,   38,    0
 18383,101207,20220202,    0,    0
 18383,101207,20220203,   28,    0
 18383,101207,20220204,    2,    0
 18383,101207,20220205,    3,    0
 18383,101207,20220206,    0,    0
 18383,101207,20220207,    0,    0
 18383,101207,20220208,    0,    0
 18383,101207,20220209,    0,    0
 18383,101207,20220210,    0,    0
 18383,101207,20220211,    0,    0
 18383,101207,20220212,    0,    0
 18383,101207,20220213,   93,    0
 18383,101207,20220214,  204,    0
 18383,101207,20220215,   60,    0
 18383,101207,20220216,    0,    0
 18383,101207,20220217,    0,    0
 18383,101207,20220218,    0,    0
 18383,101207,20220219,    0,    0
 18383,101207,20220220,   74,    0
 18383,101207,20220221,    0,    0
 18383,101207,20220222,   14,    0
 18383,101207,20220223,   40,    0
 18383,101207,20220224,    0,    0
 18383,101207,20220225,    0,    0
 18383,101207,20220226,    0,    0
 18383,101207,20220227,    0,    0
 18383,101207,20220228,   10,    0
 18383,101207,20220301,    0,    0
 18383,101207,20220302,    0,    0
 18383,101207,20220303,    0,    0
 18383,101207,20220304,    0,    0
 18383,101207,20220305,    0,    0
 18383,101207,20220306,    0,    0
 18383,101207,20220307,    0,    0
 18383,101207,20220308,    0,    0
 18383,101207,20220309,    0,    0
 18383,101207,20220310,    0,    0
 18383,101207,20220311,    0,    0
 18383,101207,20220312,    0,    0
 18383,101207,20220313,    0,    0
 18383,101207,20220314,    0,    0
 18383,101207,20220315,    0,    0
 18383,101207,20220316,    0,    0
 18383,101207,20220317,   30,    0
 18383,101207,20220318,    0,    0
 18383,101207,20220319,    0,    0
 18383,101207,20220320,    0,    0
 18383,101207,20220321,    0,    0
 18383,101207,20220322,    0,    0
 18383,101207,20220323,    0,    0
 18383,101207,20220324,    0,    0
 18383,101207,20220325,    0,    0
 18383,101207,20220326,    0,    0
 18383,101207,20220327,    0,    0
 18383,101207,20220328,    0,    0
 18383,101207,20220329,    0,    0
 18383,101207,20220330,    0,    0
 18383,101207,20220331,    0,    0
 18383,101207,20220401,    0,    0
 18383,101207,20220402,    0,    0
 18383,101207,20220403,    8,    0
 18383,101207,20220404,   31,    0
 18383,101207,20220405,    0,    0
 18383,101207,20220406,    0,    0
 18383,101207,20220407,    0,    0
 18383,101207,20220408,    0,    0
 18383,101207,20220409,    0,    0
 18383,101207,20220410,    0,    0
 18383,101207,20220411,    0,    0
 18383,101207,20220412,    0,    0
 18383,101207,20220413,   71,    0
 18383,101207,20220414,    1,    0
 18383,101207,20220415,    0,    0
 18383,101207,20220416,    0,    0
 18383,101207,20220417,    0,    0
 18383,101207,20220418,    0,    0
 18383,101207,20220419,    0,    0
 18383,101207,20220420,    0,    0
 18383,101207,20220421,    0,    0
 18383,101207,20220422,    0,    0
 18383,101207,20220423,    0,    0
 18383,101207,20220424,    0,    0
 18383,101207,20220425,    0,    0
 18383,101207,20220426,    0,    0
 18383,101207,20220427,    0,    0
 18383,101207,20220428,    0,    0
 18383,101207,20220429,    0,    0
 18383,101207,20220430,    0,    0
 18383,101207,20220501,    0,    0
 18383,101207,20220502,    0,    0
 18383,101207,20220503,    0,    0
 18383,101207,20220504,    0,    0
 18383,101207,20220505,    0,    0
 18383,101207,20220506,    9,    0
 18383,101207,20220507,    0,    0
 18383,101207,20220508,    0,    0
 18383,101207,20220509,   13,    0
 18383,101207,20220510,   79,    0
 18383,101207,20220511,   29,    0
 18383,101207,20220512,    0,    0
 18383,101207,20220513,   13,    0
 18383,101207,20220514,    0,    0
 18383,101207,20220515,    0,    0
 18383,101207,20220516,    0,    0
 18383,101207,20220517,    0,    0
 18383,101207,20220518,   13,    0
 18383,101207,20220519,    0,    0
 18383,101207,20220520,   16,    0
 18383,101207,20220521,   42,    0
 18383,101207,20220522,   30,    0
 18383,101207,20220523,    0,    0
 18383,101207,20220524,  110,    0
 18383,101207,20220525,   56,    0
 18383,101207,20220526,    0,    0
 18383,101207,20220527,   30,    0
 18383,101207,20220528,    0,    0
 18383,101207,20220529,   10,    0
 18383,101207,20220530,    6,    0
 18383,101207,20220531,   12,    0
 18383,101207,20220601,  263,    0
 18383,101207,20220602,   79,    0
 18383,101207,20220603,    7,    0
 18383,101207,20220604,    0,    0
 18383,101207,20220605,    0,    0
 18383,101207,20220606,    0,    0
 18383,101207,20220607,  135,    0
 18383,101207,20220608,   84,    0
 18383,101207,20220609,    2,    0
 18383,101207,20220610,    0,    0
 18383,101207,20220611,   56,    0
 18383,101207,20220612,   20,    0
 18383,101207,20220613,    0,    0
 18383,101207,20220614,    0,    0
 18383,101207,20220615,    3,    0
 18383,101207,20220616,    0,    0
 18383,101207,20220617,   33,    0
 18383,101207,20220618,    0,    0
 18383,101207,20220619,    0,    0
 18383,101207,20220620,    0,    0
 18383,101207,20220621,    0,    0
 18383,101207,20220622,    3,    0
 18383,101207,20220623,    0,    0
 18383,101207,20220624,    0,    0
 18383,101207,20220625,    0,    0
 18383,101207,20220626,   36,    0
 18383,101207,20220627,  268,    0
 18383,101207,20220628,    0,    0
 18383,101207,20220629,    0,    0
 18383,101207,20220630,    0,    0
 18383,101207,20220701,   78,    0
 18383,101207,20220702,    0,    0
 18383,101207,20220703,   12,    0
 18383,101207,20220704,   67,    0
 18383,101207,20220705,    0,    0
 18383,101207,20220706,  126,    0
 18383,101207,20220707,    0,    0
 18383,101207,20220708,    0,    0
 18383,101207,20220709,    0,    0
 18383,101207,20220710,    0,    0
 18383,101207,20220711,    0,    0
 18383,101207,20220712,    1,    0
 18383,101207,20220713,   16,    0
 18383,101207,20220714,   20,    0
 18383,101207,20220715,    0,    0
 18383,101207,20220716,    0,    0
 18383,101207,20220717,   16,    0
 18383,101207,20220718,    0,    0
 18383,101207,20220719,    0,    0
 18383,101207,20220720,    0,    0
 18383,101207,20220721,    0,    0
 18383,101207,20220722,    4,    0
 18383,101207,20220723,    0,    0
 18383,101207,20220724,   36,    0
 18383,101207,20220725,   79,    0
 18383,101207,20220726,    1,    0
 18383,101207,20220727,    0,    0
 18383,101207,20220728,    0,    0
 18383,101207,20220729,    0,    0
 18383,101207,20220730,    0,    0
 18383,101207,20220731,  123,    0
 18383,101207,20220801,    0,    0
 18383,101207,20220802,   63,    0
 18383,101207,20220803,    9,    0
 18383,101207,20220804,  100,    0
 18383,101207,20220805,    0,    0
 18383,101207,20220806,    0,    0
 18383,101207,20220807,    1,    0
 18383,101207,20220808,    0,    0
 18383,101207,20220809,    0,    0
 18383,101207,20220810,    0,    0
 18383,101207,20220811,    1,    0
 18383,101207,20220812,    4,    0
 18383,101207,20220813,    0,    0
 18383,101207,20220814,    6,    0
 18383, 33086,20220815,  150,    0
 18383, 33086,20220816,  136,    0
 18383, 33086,20220817,   10,    0
 18383, 33086,20220818,    4,    0
 18383, 33086,20220819,    0,    0
 18383, 33086,20220820,    0,    0
 18383, 33086,20220821,   18,    0
 18383,101207,20220822,    0,    0
 18383,101207,20220823,    0,    0
 18383,101207,20220824,    4,    0
 18383,101207,20220825,    3,    0
 18383, 33086,20220826,    1,    0
 18383, 33086,20220827,    0,    0
 18383, 33086,20220828,   12,    0
 18383, 33086,20220829,   10,    0
 18383, 33086,20220830,    0,    0
 18383, 33086,20220831,    0,    0
 18383, 33086,20220901,    0,    0
 18383, 33086,20220902,    0,    0
 18383, 33086,20220903,   58,    0
 18383, 33086,20220904,    0,    0
 18383, 33086,20220905,    0,    0
 18383, 33086,20220906,    0,    0
 18383, 33086,20220907,    0,    0
 18383, 33086,20220908,    0,    0
 18383, 33086,20220909,  100,    0
 18383, 33086,20220910,   60,    0
 18383, 33086,20220911,   75,    0
 18383, 33086,20220912,   67,    0
 18383, 33086,20220913,  130,    0
 18383, 33086,20220914,   30,    0
 18383, 33086,20220915,    0,    0
 18383, 33086,20220916,    0,    0
 18383, 33086,20220917,    0,    0
 18383, 33086,20220918,    0,    0
 18383, 33086,20220919,    0,    0
 18383, 33086,20220920,    0,    0
 18383, 33086,20220921,    0,    0
 18383, 33086,20220922,   87,    0
 18383, 33086,20220923,  104,    0
 18383, 33086,20220924,    1,    0
 18383, 33086,20220925,  109,    0
 18383, 33086,20220926,  529,    0
 18383, 33086,20220927,   84,    0
 18383, 33086,20220928,    3,    0
 18383, 33086,20220929,    0,    0
 18383, 33086,20220930,   56,    0
 18383, 33086,20221001,  260,    0
 18383, 33086,20221002,    3,    0
 18383, 33086,20221003,    0,    0
 18383, 33086,20221004,    7,    0
 18383, 33086,20221005,  139,    0
 18383,101207,20221006,    0,    0
 18383,101207,20221007,   27,    0
 18383,101207,20221008,   26,    0
 18383,101207,20221009,    4,    0
 18383,101207,20221010,   23,    0
 18383,101207,20221011,    1,    0
 18383,101207,20221012,   18,    0
 18383,101207,20221013,    3,    0
 18383,101207,20221014,   11,    0
 18383,101207,20221015,  105,    0
 18383,101207,20221016,   34,    0
 18383,101207,20221017,   18,    0
 18383,101207,20221018,    0,    0
 18383,101207,20221019,    2,    0
 18383,101207,20221020,    1,    0
 18383,101207,20221021,    6,    0
 18383,101207,20221022,    0,    0
 18383,101207,20221023,    6,    0
 18383, 33086,20221024,  232,    0
 18383, 33086,20221025,   30,    0
 18383, 33086,20221026,   24,    0
 18383, 33086,20221027,    0,    0
 18383,101207,20221028,-9999,    9
 18383,101207,20221029,-9999,    9
 18383,101207,20221030,-9999,    9
 18383,101207,20221031,-9999,    9
