EUROPEAN CLIMATE ASSESSMENT & DATASET (ECA&D), file created on: 16-11-2022
THESE DATA CAN BE USED FOR NON-COMMERCIAL RESEARCH AND EDUCATION PROVIDED THAT THE FOLLOWING SOURCE IS ACKNOWLEDGED: 

Klein Tank, A.M.G. and Coauthors, 2002. Daily dataset of 20th-century surface
air temperature and precipitation series for the European Climate Assessment.
Int. J. of Climatol., 22, 1441-1453.
Data and metadata available at http://www.ecad.eu

FILE FORMAT (MISSING VALUE CODE = -9999):

01-06 STAID: Station identifier
08-13 SOUID: Source identifier
15-22 DATE : Date YYYYMMDD
24-28 RR   : Precipitation amount in 0.1 mm
30-34 Q_RR : quality code for RR (0='valid'; 1='suspect'; 9='missing')

This is the blended series of station FUGAZZOLO, ITALY (STAID: 17626)
Blended and updated with sources:95395 
See files sources.txt and stations.txt for more info.

STAID, SOUID,    DATE,   RR, Q_RR
 17626, 95395,20151201,-9999,    9
 17626, 95395,20151202,-9999,    9
 17626, 95395,20151203,-9999,    9
 17626, 95395,20151204,-9999,    9
 17626, 95395,20151205,-9999,    9
 17626, 95395,20151206,-9999,    9
 17626, 95395,20151207,-9999,    9
 17626, 95395,20151208,-9999,    9
 17626, 95395,20151209,-9999,    9
 17626, 95395,20151210,-9999,    9
 17626, 95395,20151211,-9999,    9
 17626, 95395,20151212,-9999,    9
 17626, 95395,20151213,-9999,    9
 17626, 95395,20151214,-9999,    9
 17626, 95395,20151215,-9999,    9
 17626, 95395,20151216,-9999,    9
 17626, 95395,20151217,-9999,    9
 17626, 95395,20151218,-9999,    9
 17626, 95395,20151219,    2,    0
 17626, 95395,20151220,    2,    0
 17626, 95395,20151221,    0,    0
 17626, 95395,20151222,    0,    0
 17626, 95395,20151223,    6,    0
 17626, 95395,20151224,   20,    0
 17626, 95395,20151225,    0,    0
 17626, 95395,20151226,    0,    0
 17626, 95395,20151227,    0,    0
 17626, 95395,20151228,    0,    0
 17626, 95395,20151229,    0,    0
 17626, 95395,20151230,    0,    0
 17626, 95395,20151231,    0,    0
 17626, 95395,20160101,-9999,    9
 17626, 95395,20160102,  144,    0
 17626, 95395,20160103,   84,    0
 17626, 95395,20160104,   70,    0
 17626, 95395,20160105,   38,    0
 17626, 95395,20160106,   22,    0
 17626, 95395,20160107,    0,    0
 17626, 95395,20160108,   10,    0
 17626, 95395,20160109,  170,    0
 17626, 95395,20160110,  196,    0
 17626, 95395,20160111,  229,    0
 17626, 95395,20160112,    6,    0
 17626, 95395,20160113,    0,    0
 17626, 95395,20160114,   38,    0
 17626, 95395,20160115,   66,    0
 17626, 95395,20160116,    0,    0
 17626, 95395,20160117,    0,    0
 17626, 95395,20160118,    2,    0
 17626, 95395,20160119,    0,    0
 17626, 95395,20160120,    2,    0
 17626, 95395,20160121,    2,    0
 17626, 95395,20160122,    0,    0
 17626, 95395,20160123,-9999,    9
 17626, 95395,20160124,    0,    0
 17626, 95395,20160125,    0,    0
 17626, 95395,20160126,    0,    0
 17626, 95395,20160127,    0,    0
 17626, 95395,20160128,    2,    0
 17626, 95395,20160129,    0,    0
 17626, 95395,20160130,    4,    0
 17626, 95395,20160131,    0,    0
 17626, 95395,20160201,    0,    0
 17626, 95395,20160202,    0,    0
 17626, 95395,20160203,    0,    0
 17626, 95395,20160204,   42,    0
 17626, 95395,20160205,    0,    0
 17626, 95395,20160206,    0,    0
 17626, 95395,20160207,  276,    0
 17626, 95395,20160208,  208,    0
 17626, 95395,20160209,   50,    0
 17626, 95395,20160210,  404,    0
 17626, 95395,20160211,    0,    0
 17626, 95395,20160212,    0,    0
 17626, 95395,20160213,  134,    0
 17626, 95395,20160214,  112,    0
 17626, 95395,20160215,    0,    0
 17626, 95395,20160216,  192,    0
 17626, 95395,20160217,  144,    0
 17626, 95395,20160218,    2,    0
 17626, 95395,20160219,    0,    0
 17626, 95395,20160220,    0,    0
 17626, 95395,20160221,    0,    0
 17626, 95395,20160222,    0,    0
 17626, 95395,20160223,   30,    0
 17626, 95395,20160224,    0,    0
 17626, 95395,20160225,  116,    0
 17626, 95395,20160226,    6,    0
 17626, 95395,20160227,   32,    0
 17626, 95395,20160228,  540,    0
 17626, 95395,20160229,  735,    0
 17626, 95395,20160301,    8,    0
 17626, 95395,20160302,   58,    0
 17626, 95395,20160303,  116,    0
 17626, 95395,20160304,   44,    0
 17626, 95395,20160305,  507,    0
 17626, 95395,20160306,   42,    0
 17626, 95395,20160307,   20,    0
 17626, 95395,20160308,   32,    0
 17626, 95395,20160309,   78,    0
 17626, 95395,20160310,  102,    0
 17626, 95395,20160311,   58,    0
 17626, 95395,20160312,    0,    0
 17626, 95395,20160313,    4,    0
 17626, 95395,20160314,    0,    0
 17626, 95395,20160315,   30,    0
 17626, 95395,20160316,   96,    0
 17626, 95395,20160317,    6,    0
 17626, 95395,20160318,    2,    0
 17626, 95395,20160319,    0,    0
 17626, 95395,20160320,    0,    0
 17626, 95395,20160321,   14,    0
 17626, 95395,20160322,    2,    0
 17626, 95395,20160323,    0,    0
 17626, 95395,20160324,    0,    0
 17626, 95395,20160325,    0,    0
 17626, 95395,20160326,    0,    0
 17626, 95395,20160327,    4,    0
 17626, 95395,20160328,    2,    0
 17626, 95395,20160329,    0,    0
 17626, 95395,20160330,    0,    0
 17626, 95395,20160331,    0,    0
 17626, 95395,20160401,    0,    0
 17626, 95395,20160402,    0,    0
 17626, 95395,20160403,    0,    0
 17626, 95395,20160404,    0,    0
 17626, 95395,20160405,    0,    0
 17626, 95395,20160406,    0,    0
 17626, 95395,20160407,    0,    0
 17626, 95395,20160408,    0,    0
 17626, 95395,20160409,   16,    0
 17626, 95395,20160410,    0,    0
 17626, 95395,20160411,    0,    0
 17626, 95395,20160412,    0,    0
 17626, 95395,20160413,    0,    0
 17626, 95395,20160414,    0,    0
 17626, 95395,20160415,    0,    0
 17626, 95395,20160416,    0,    0
 17626, 95395,20160417,    0,    0
 17626, 95395,20160418,    2,    0
 17626, 95395,20160419,   20,    0
 17626, 95395,20160420,    0,    0
 17626, 95395,20160421,    0,    0
 17626, 95395,20160422,    2,    0
 17626, 95395,20160423,   90,    0
 17626, 95395,20160424,   92,    0
 17626, 95395,20160425,   34,    0
 17626, 95395,20160426,    8,    0
 17626, 95395,20160427,    2,    0
 17626, 95395,20160428,    0,    0
 17626, 95395,20160429,    0,    0
 17626, 95395,20160430,   40,    0
 17626, 95395,20160501,   50,    0
 17626, 95395,20160502,  160,    0
 17626, 95395,20160503,   22,    0
 17626, 95395,20160504,    0,    0
 17626, 95395,20160505,    0,    0
 17626, 95395,20160506,    0,    0
 17626, 95395,20160507,    0,    0
 17626, 95395,20160508,   38,    0
 17626, 95395,20160509,    6,    0
 17626, 95395,20160510,    8,    0
 17626, 95395,20160511,  208,    0
 17626, 95395,20160512,   86,    0
 17626, 95395,20160513,    2,    0
 17626, 95395,20160514,   14,    0
 17626, 95395,20160515,    0,    0
 17626, 95395,20160516,    0,    0
 17626, 95395,20160517,    0,    0
 17626, 95395,20160518,    0,    0
 17626, 95395,20160519,  341,    0
 17626, 95395,20160520,    4,    0
 17626, 95395,20160521,    0,    0
 17626, 95395,20160522,    0,    0
 17626, 95395,20160523,  246,    0
 17626, 95395,20160524,    2,    0
 17626, 95395,20160525,    0,    0
 17626, 95395,20160526,    0,    0
 17626, 95395,20160527,    0,    0
 17626, 95395,20160528,    0,    0
 17626, 95395,20160529,   84,    0
 17626, 95395,20160530,    2,    0
 17626, 95395,20160531,    0,    0
 17626, 95395,20160601,    0,    0
 17626, 95395,20160602,    6,    0
 17626, 95395,20160603,   18,    0
 17626, 95395,20160604,    4,    0
 17626, 95395,20160605,    0,    0
 17626, 95395,20160606,   12,    0
 17626, 95395,20160607,   26,    0
 17626, 95395,20160608,    0,    0
 17626, 95395,20160609,    8,    0
 17626, 95395,20160610,    2,    0
 17626, 95395,20160611,    0,    0
 17626, 95395,20160612,   68,    0
 17626, 95395,20160613,   44,    0
 17626, 95395,20160614,   10,    0
 17626, 95395,20160615,    0,    0
 17626, 95395,20160616,   84,    0
 17626, 95395,20160617,    0,    0
 17626, 95395,20160618,    0,    0
 17626, 95395,20160619,   30,    0
 17626, 95395,20160620,    0,    0
 17626, 95395,20160621,    0,    0
 17626, 95395,20160622,    0,    0
 17626, 95395,20160623,    0,    0
 17626, 95395,20160624,    0,    0
 17626, 95395,20160625,    0,    0
 17626, 95395,20160626,    0,    0
 17626, 95395,20160627,    0,    0
 17626, 95395,20160628,    0,    0
 17626, 95395,20160629,    0,    0
 17626, 95395,20160630,    0,    0
 17626, 95395,20160701,    0,    0
 17626, 95395,20160702,    0,    0
 17626, 95395,20160703,    0,    0
 17626, 95395,20160704,    0,    0
 17626, 95395,20160705,    0,    0
 17626, 95395,20160706,    0,    0
 17626, 95395,20160707,    6,    0
 17626, 95395,20160708,    0,    0
 17626, 95395,20160709,    0,    0
 17626, 95395,20160710,    0,    0
 17626, 95395,20160711,    0,    0
 17626, 95395,20160712,    0,    0
 17626, 95395,20160713,  104,    0
 17626, 95395,20160714,    0,    0
 17626, 95395,20160715,   12,    0
 17626, 95395,20160716,    0,    0
 17626, 95395,20160717,    0,    0
 17626, 95395,20160718,    0,    0
 17626, 95395,20160719,    0,    0
 17626, 95395,20160720,    0,    0
 17626, 95395,20160721,    0,    0
 17626, 95395,20160722,    0,    0
 17626, 95395,20160723,    0,    0
 17626, 95395,20160724,  394,    0
 17626, 95395,20160725,    2,    0
 17626, 95395,20160726,    0,    0
 17626, 95395,20160727,   40,    0
 17626, 95395,20160728,   10,    0
 17626, 95395,20160729,    0,    0
 17626, 95395,20160730,    0,    0
 17626, 95395,20160731,    0,    0
 17626, 95395,20160801,    0,    0
 17626, 95395,20160802,    0,    0
 17626, 95395,20160803,    0,    0
 17626, 95395,20160804,    0,    0
 17626, 95395,20160805,  215,    0
 17626, 95395,20160806,    0,    0
 17626, 95395,20160807,    0,    0
 17626, 95395,20160808,    0,    0
 17626, 95395,20160809,    0,    0
 17626, 95395,20160810,  177,    0
 17626, 95395,20160811,    0,    0
 17626, 95395,20160812,    0,    0
 17626, 95395,20160813,    0,    0
 17626, 95395,20160814,    0,    0
 17626, 95395,20160815,    0,    0
 17626, 95395,20160816,    0,    0
 17626, 95395,20160817,    0,    0
 17626, 95395,20160818,    0,    0
 17626, 95395,20160819,    0,    0
 17626, 95395,20160820,    0,    0
 17626, 95395,20160821,    0,    0
 17626, 95395,20160822,    0,    0
 17626, 95395,20160823,    0,    0
 17626, 95395,20160824,    0,    0
 17626, 95395,20160825,    0,    0
 17626, 95395,20160826,    0,    0
 17626, 95395,20160827,    0,    0
 17626, 95395,20160828,    0,    0
 17626, 95395,20160829,    0,    0
 17626, 95395,20160830,    0,    0
 17626, 95395,20160831,    0,    0
 17626, 95395,20160901,    0,    0
 17626, 95395,20160902,    0,    0
 17626, 95395,20160903,    0,    0
 17626, 95395,20160904,    0,    0
 17626, 95395,20160905,    0,    0
 17626, 95395,20160906,    0,    0
 17626, 95395,20160907,    0,    0
 17626, 95395,20160908,    0,    0
 17626, 95395,20160909,    0,    0
 17626, 95395,20160910,    0,    0
 17626, 95395,20160911,    0,    0
 17626, 95395,20160912,    0,    0
 17626, 95395,20160913,    0,    0
 17626, 95395,20160914,   14,    0
 17626, 95395,20160915,   54,    0
 17626, 95395,20160916,   42,    0
 17626, 95395,20160917,   66,    0
 17626, 95395,20160918,   12,    0
 17626, 95395,20160919,    2,    0
 17626, 95395,20160920,    0,    0
 17626, 95395,20160921,   10,    0
 17626, 95395,20160922,    0,    0
 17626, 95395,20160923,    0,    0
 17626, 95395,20160924,    0,    0
 17626, 95395,20160925,    0,    0
 17626, 95395,20160926,    0,    0
 17626, 95395,20160927,    0,    0
 17626, 95395,20160928,    0,    0
 17626, 95395,20160929,    0,    0
 17626, 95395,20160930,    0,    0
 17626, 95395,20161001,  110,    0
 17626, 95395,20161002,    6,    0
 17626, 95395,20161003,    0,    0
 17626, 95395,20161004,    0,    0
 17626, 95395,20161005,    0,    0
 17626, 95395,20161006,    0,    0
 17626, 95395,20161007,    0,    0
 17626, 95395,20161008,    0,    0
 17626, 95395,20161009,    0,    0
 17626, 95395,20161010,   24,    0
 17626, 95395,20161011,    2,    0
 17626, 95395,20161012,    2,    0
 17626, 95395,20161013,   40,    0
 17626, 95395,20161014,  428,    0
 17626, 95395,20161015,   18,    0
 17626, 95395,20161016,    2,    0
 17626, 95395,20161017,    0,    0
 17626, 95395,20161018,    2,    0
 17626, 95395,20161019,   12,    0
 17626, 95395,20161020,   94,    0
 17626, 95395,20161021,    2,    0
 17626, 95395,20161022,    0,    0
 17626, 95395,20161023,  154,    0
 17626, 95395,20161024,  138,    0
 17626, 95395,20161025,   71,    0
 17626, 95395,20161026,  215,    0
 17626, 95395,20161027,   14,    0
 17626, 95395,20161028,    0,    0
 17626, 95395,20161029,    0,    0
 17626, 95395,20161030,    0,    0
 17626, 95395,20161031,    0,    0
 17626, 95395,20161101,    2,    0
 17626, 95395,20161102,    0,    0
 17626, 95395,20161103,    0,    0
 17626, 95395,20161104,    4,    0
 17626, 95395,20161105,  939,    0
 17626, 95395,20161106,  323,    0
 17626, 95395,20161107,    0,    0
 17626, 95395,20161108,    0,    0
 17626, 95395,20161109,   18,    0
 17626, 95395,20161110,    0,    0
 17626, 95395,20161111,    6,    0
 17626, 95395,20161112,    0,    0
 17626, 95395,20161113,    0,    0
 17626, 95395,20161114,    2,    0
 17626, 95395,20161115,    2,    0
 17626, 95395,20161116,    0,    0
 17626, 95395,20161117,   12,    0
 17626, 95395,20161118,   68,    0
 17626, 95395,20161119,  142,    0
 17626, 95395,20161120,   18,    0
 17626, 95395,20161121,   68,    0
 17626, 95395,20161122,   44,    0
 17626, 95395,20161123,    0,    0
 17626, 95395,20161124,   86,    0
 17626, 95395,20161125,   60,    0
 17626, 95395,20161126,    0,    0
 17626, 95395,20161127,    0,    0
 17626, 95395,20161128,   14,    0
 17626, 95395,20161129,    0,    0
 17626, 95395,20161130,    0,    0
 17626, 95395,20161201,    0,    0
 17626, 95395,20161202,    0,    0
 17626, 95395,20161203,    6,    0
 17626, 95395,20161204,    2,    0
 17626, 95395,20161205,   22,    0
 17626, 95395,20161206,    2,    0
 17626, 95395,20161207,    2,    0
 17626, 95395,20161208,    0,    0
 17626, 95395,20161209,    0,    0
 17626, 95395,20161210,    0,    0
 17626, 95395,20161211,    0,    0
 17626, 95395,20161212,    0,    0
 17626, 95395,20161213,    0,    0
 17626, 95395,20161214,    0,    0
 17626, 95395,20161215,    0,    0
 17626, 95395,20161216,    4,    0
 17626, 95395,20161217,    2,    0
 17626, 95395,20161218,    0,    0
 17626, 95395,20161219,   30,    0
 17626, 95395,20161220,  166,    0
 17626, 95395,20161221,   18,    0
 17626, 95395,20161222,    0,    0
 17626, 95395,20161223,    0,    0
 17626, 95395,20161224,    0,    0
 17626, 95395,20161225,    0,    0
 17626, 95395,20161226,    0,    0
 17626, 95395,20161227,    0,    0
 17626, 95395,20161228,    0,    0
 17626, 95395,20161229,    0,    0
 17626, 95395,20161230,    2,    0
 17626, 95395,20161231,    0,    0
 17626, 95395,20170101,    0,    0
 17626, 95395,20170102,    2,    0
 17626, 95395,20170103,    0,    0
 17626, 95395,20170104,    0,    0
 17626, 95395,20170105,    0,    0
 17626, 95395,20170106,    0,    0
 17626, 95395,20170107,    0,    0
 17626, 95395,20170108,    0,    0
 17626, 95395,20170109,    0,    0
 17626, 95395,20170110,    0,    0
 17626, 95395,20170111,    0,    0
 17626, 95395,20170112,    8,    0
 17626, 95395,20170113,   78,    0
 17626, 95395,20170114,    0,    0
 17626, 95395,20170115,    2,    0
 17626, 95395,20170116,    0,    0
 17626, 95395,20170117,    2,    0
 17626, 95395,20170118,    0,    0
 17626, 95395,20170119,    0,    0
 17626, 95395,20170120,    0,    0
 17626, 95395,20170121,    0,    0
 17626, 95395,20170122,    0,    0
 17626, 95395,20170123,    0,    0
 17626, 95395,20170124,    0,    0
 17626, 95395,20170125,    0,    0
 17626, 95395,20170126,    0,    0
 17626, 95395,20170127,    0,    0
 17626, 95395,20170128,    0,    0
 17626, 95395,20170129,    0,    0
 17626, 95395,20170130,   10,    0
 17626, 95395,20170131,   44,    0
 17626, 95395,20170201,    4,    0
 17626, 95395,20170202,  156,    0
 17626, 95395,20170203,  186,    0
 17626, 95395,20170204,  188,    0
 17626, 95395,20170205,  372,    0
 17626, 95395,20170206,  210,    0
 17626, 95395,20170207,    0,    0
 17626, 95395,20170208,    0,    0
 17626, 95395,20170209,    0,    0
 17626, 95395,20170210,    0,    0
 17626, 95395,20170211,    2,    0
 17626, 95395,20170212,    4,    0
 17626, 95395,20170213,    0,    0
 17626, 95395,20170214,    0,    0
 17626, 95395,20170215,    2,    0
 17626, 95395,20170216,    0,    0
 17626, 95395,20170217,    0,    0
 17626, 95395,20170218,    0,    0
 17626, 95395,20170219,    0,    0
 17626, 95395,20170220,    0,    0
 17626, 95395,20170221,    0,    0
 17626, 95395,20170222,    0,    0
 17626, 95395,20170223,    0,    0
 17626, 95395,20170224,   66,    0
 17626, 95395,20170225,    2,    0
 17626, 95395,20170226,    0,    0
 17626, 95395,20170227,   20,    0
 17626, 95395,20170228,  324,    0
 17626, 95395,20170301,    0,    0
 17626, 95395,20170302,    0,    0
 17626, 95395,20170303,    2,    0
 17626, 95395,20170304,  279,    0
 17626, 95395,20170305,   86,    0
 17626, 95395,20170306,   16,    0
 17626, 95395,20170307,    0,    0
 17626, 95395,20170308,    0,    0
 17626, 95395,20170309,    0,    0
 17626, 95395,20170310,    0,    0
 17626, 95395,20170311,    0,    0
 17626, 95395,20170312,    0,    0
 17626, 95395,20170313,    0,    0
 17626, 95395,20170314,    0,    0
 17626, 95395,20170315,    0,    0
 17626, 95395,20170316,    0,    0
 17626, 95395,20170317,    0,    0
 17626, 95395,20170318,    0,    0
 17626, 95395,20170319,    0,    0
 17626, 95395,20170320,    0,    0
 17626, 95395,20170321,    0,    0
 17626, 95395,20170322,    0,    0
 17626, 95395,20170323,   44,    0
 17626, 95395,20170324,   16,    0
 17626, 95395,20170325,   88,    0
 17626, 95395,20170326,   24,    0
 17626, 95395,20170327,    0,    0
 17626, 95395,20170328,    0,    0
 17626, 95395,20170329,    0,    0
 17626, 95395,20170330,    0,    0
 17626, 95395,20170331,    0,    0
 17626, 95395,20170401,    0,    0
 17626, 95395,20170402,    2,    0
 17626, 95395,20170403,    0,    0
 17626, 95395,20170404,   16,    0
 17626, 95395,20170405,    0,    0
 17626, 95395,20170406,    0,    0
 17626, 95395,20170407,    0,    0
 17626, 95395,20170408,    0,    0
 17626, 95395,20170409,    0,    0
 17626, 95395,20170410,    0,    0
 17626, 95395,20170411,    2,    0
 17626, 95395,20170412,    0,    0
 17626, 95395,20170413,    0,    0
 17626, 95395,20170414,    0,    0
 17626, 95395,20170415,   82,    0
 17626, 95395,20170416,   12,    0
 17626, 95395,20170417,    0,    0
 17626, 95395,20170418,   12,    0
 17626, 95395,20170419,    0,    0
 17626, 95395,20170420,    0,    0
 17626, 95395,20170421,    0,    0
 17626, 95395,20170422,    0,    0
 17626, 95395,20170423,    0,    0
 17626, 95395,20170424,    0,    0
 17626, 95395,20170425,    0,    0
 17626, 95395,20170426,  517,    0
 17626, 95395,20170427,   54,    0
 17626, 95395,20170428,   18,    0
 17626, 95395,20170429,    0,    0
 17626, 95395,20170430,    0,    0
 17626, 95395,20170501,   58,    0
 17626, 95395,20170502,   20,    0
 17626, 95395,20170503,   48,    0
 17626, 95395,20170504,   32,    0
 17626, 95395,20170505,    0,    0
 17626, 95395,20170506,  388,    0
 17626, 95395,20170507,   62,    0
 17626, 95395,20170508,   12,    0
 17626, 95395,20170509,   73,    0
 17626, 95395,20170510,    0,    0
 17626, 95395,20170511,    0,    0
 17626, 95395,20170512,   16,    0
 17626, 95395,20170513,    0,    0
 17626, 95395,20170514,    0,    0
 17626, 95395,20170515,    2,    0
 17626, 95395,20170516,    0,    0
 17626, 95395,20170517,    0,    0
 17626, 95395,20170518,    0,    0
 17626, 95395,20170519,   12,    0
 17626, 95395,20170520,  148,    0
 17626, 95395,20170521,    0,    0
 17626, 95395,20170522,    0,    0
 17626, 95395,20170523,    0,    0
 17626, 95395,20170524,    0,    0
 17626, 95395,20170525,    0,    0
 17626, 95395,20170526,    0,    0
 17626, 95395,20170527,    0,    0
 17626, 95395,20170528,    0,    0
 17626, 95395,20170529,    0,    0
 17626, 95395,20170530,    0,    0
 17626, 95395,20170531,    0,    0
 17626, 95395,20170601,    0,    0
 17626, 95395,20170602,    0,    0
 17626, 95395,20170603,    0,    0
 17626, 95395,20170604,    0,    0
 17626, 95395,20170605,    0,    0
 17626, 95395,20170606,    4,    0
 17626, 95395,20170607,    0,    0
 17626, 95395,20170608,    0,    0
 17626, 95395,20170609,    0,    0
 17626, 95395,20170610,    0,    0
 17626, 95395,20170611,    0,    0
 17626, 95395,20170612,    0,    0
 17626, 95395,20170613,    0,    0
 17626, 95395,20170614,   10,    0
 17626, 95395,20170615,    0,    0
 17626, 95395,20170616,    0,    0
 17626, 95395,20170617,    0,    0
 17626, 95395,20170618,    0,    0
 17626, 95395,20170619,    0,    0
 17626, 95395,20170620,    0,    0
 17626, 95395,20170621,    0,    0
 17626, 95395,20170622,    0,    0
 17626, 95395,20170623,    0,    0
 17626, 95395,20170624,    0,    0
 17626, 95395,20170625,    0,    0
 17626, 95395,20170626,    0,    0
 17626, 95395,20170627,    8,    0
 17626, 95395,20170628,  995,    0
 17626, 95395,20170629,    2,    0
 17626, 95395,20170630,    0,    0
 17626, 95395,20170701,    0,    0
 17626, 95395,20170702,    0,    0
 17626, 95395,20170703,    0,    0
 17626, 95395,20170704,    0,    0
 17626, 95395,20170705,    0,    0
 17626, 95395,20170706,    0,    0
 17626, 95395,20170707,    0,    0
 17626, 95395,20170708,    0,    0
 17626, 95395,20170709,    0,    0
 17626, 95395,20170710,    0,    0
 17626, 95395,20170711,  116,    0
 17626, 95395,20170712,    0,    0
 17626, 95395,20170713,   66,    0
 17626, 95395,20170714,   61,    0
 17626, 95395,20170715,    0,    0
 17626, 95395,20170716,    0,    0
 17626, 95395,20170717,    0,    0
 17626, 95395,20170718,    0,    0
 17626, 95395,20170719,    0,    0
 17626, 95395,20170720,    0,    0
 17626, 95395,20170721,    0,    0
 17626, 95395,20170722,    0,    0
 17626, 95395,20170723,    0,    0
 17626, 95395,20170724,   34,    0
 17626, 95395,20170725,    0,    0
 17626, 95395,20170726,    0,    0
 17626, 95395,20170727,    0,    0
 17626, 95395,20170728,    0,    0
 17626, 95395,20170729,    0,    0
 17626, 95395,20170730,    0,    0
 17626, 95395,20170731,    0,    0
 17626, 95395,20170801,    0,    0
 17626, 95395,20170802,    0,    0
 17626, 95395,20170803,    0,    0
 17626, 95395,20170804,    0,    0
 17626, 95395,20170805,    0,    0
 17626, 95395,20170806,    0,    0
 17626, 95395,20170807,    0,    0
 17626, 95395,20170808,    0,    0
 17626, 95395,20170809,    0,    0
 17626, 95395,20170810,    0,    0
 17626, 95395,20170811,  167,    0
 17626, 95395,20170812,   12,    0
 17626, 95395,20170813,    0,    0
 17626, 95395,20170814,    0,    0
 17626, 95395,20170815,    0,    0
 17626, 95395,20170816,    0,    0
 17626, 95395,20170817,    0,    0
 17626, 95395,20170818,    0,    0
 17626, 95395,20170819,    0,    0
 17626, 95395,20170820,    0,    0
 17626, 95395,20170821,    0,    0
 17626, 95395,20170822,    0,    0
 17626, 95395,20170823,    0,    0
 17626, 95395,20170824,    0,    0
 17626, 95395,20170825,    0,    0
 17626, 95395,20170826,    0,    0
 17626, 95395,20170827,    0,    0
 17626, 95395,20170828,    0,    0
 17626, 95395,20170829,    0,    0
 17626, 95395,20170830,    0,    0
 17626, 95395,20170831,    2,    0
 17626, 95395,20170901,    0,    0
 17626, 95395,20170902,  126,    0
 17626, 95395,20170903,    2,    0
 17626, 95395,20170904,    0,    0
 17626, 95395,20170905,    0,    0
 17626, 95395,20170906,    0,    0
 17626, 95395,20170907,   83,    0
 17626, 95395,20170908,   46,    0
 17626, 95395,20170909,  293,    0
 17626, 95395,20170910,  148,    0
 17626, 95395,20170911,    0,    0
 17626, 95395,20170912,   68,    0
 17626, 95395,20170913,    0,    0
 17626, 95395,20170914,   48,    0
 17626, 95395,20170915,  315,    0
 17626, 95395,20170916,    2,    0
 17626, 95395,20170917,   20,    0
 17626, 95395,20170918,  142,    0
 17626, 95395,20170919,   38,    0
 17626, 95395,20170920,    0,    0
 17626, 95395,20170921,    0,    0
 17626, 95395,20170922,    0,    0
 17626, 95395,20170923,    0,    0
 17626, 95395,20170924,    0,    0
 17626, 95395,20170925,    0,    0
 17626, 95395,20170926,    0,    0
 17626, 95395,20170927,    0,    0
 17626, 95395,20170928,    0,    0
 17626, 95395,20170929,    0,    0
 17626, 95395,20170930,    0,    0
 17626, 95395,20171001,    2,    0
 17626, 95395,20171002,    0,    0
 17626, 95395,20171003,    0,    0
 17626, 95395,20171004,    0,    0
 17626, 95395,20171005,    0,    0
 17626, 95395,20171006,    6,    0
 17626, 95395,20171007,    0,    0
 17626, 95395,20171008,    0,    0
 17626, 95395,20171009,    0,    0
 17626, 95395,20171010,    0,    0
 17626, 95395,20171011,    0,    0
 17626, 95395,20171012,    0,    0
 17626, 95395,20171013,    0,    0
 17626, 95395,20171014,    0,    0
 17626, 95395,20171015,    0,    0
 17626, 95395,20171016,    0,    0
 17626, 95395,20171017,    0,    0
 17626, 95395,20171018,    0,    0
 17626, 95395,20171019,    0,    0
 17626, 95395,20171020,    0,    0
 17626, 95395,20171021,    0,    0
 17626, 95395,20171022,    8,    0
 17626, 95395,20171023,    0,    0
 17626, 95395,20171024,    0,    0
 17626, 95395,20171025,    0,    0
 17626, 95395,20171026,    0,    0
 17626, 95395,20171027,    0,    0
 17626, 95395,20171028,    0,    0
 17626, 95395,20171029,    0,    0
 17626, 95395,20171030,    0,    0
 17626, 95395,20171031,    2,    0
 17626, 95395,20171101,    0,    0
 17626, 95395,20171102,    0,    0
 17626, 95395,20171103,    0,    0
 17626, 95395,20171104,    4,    0
 17626, 95395,20171105,  344,    0
 17626, 95395,20171106,  306,    0
 17626, 95395,20171107,  414,    0
 17626, 95395,20171108,   32,    0
 17626, 95395,20171109,   32,    0
 17626, 95395,20171110,    4,    0
 17626, 95395,20171111,    0,    0
 17626, 95395,20171112,   86,    0
 17626, 95395,20171113,   74,    0
 17626, 95395,20171114,  184,    0
 17626, 95395,20171115,   64,    0
 17626, 95395,20171116,    0,    0
 17626, 95395,20171117,    0,    0
 17626, 95395,20171118,    0,    0
 17626, 95395,20171119,    0,    0
 17626, 95395,20171120,    0,    0
 17626, 95395,20171121,    0,    0
 17626, 95395,20171122,    0,    0
 17626, 95395,20171123,    0,    0
 17626, 95395,20171124,    0,    0
 17626, 95395,20171125,  224,    0
 17626, 95395,20171126,   38,    0
 17626, 95395,20171127,    0,    0
 17626, 95395,20171128,    8,    0
 17626, 95395,20171129,   10,    0
 17626, 95395,20171130,   12,    0
 17626, 95395,20171201,    0,    0
 17626, 95395,20171202,    0,    0
 17626, 95395,20171203,   40,    0
 17626, 95395,20171204,   44,    0
 17626, 95395,20171205,    0,    0
 17626, 95395,20171206,    0,    0
 17626, 95395,20171207,   22,    0
 17626, 95395,20171208,   66,    0
 17626, 95395,20171209,    0,    0
 17626, 95395,20171210,    8,    0
 17626, 95395,20171211, 1517,    0
 17626, 95395,20171212,   64,    0
 17626, 95395,20171213,   58,    0
 17626, 95395,20171214,   14,    0
 17626, 95395,20171215,  100,    0
 17626, 95395,20171216,    2,    0
 17626, 95395,20171217,    0,    0
 17626, 95395,20171218,    0,    0
 17626, 95395,20171219,    0,    0
 17626, 95395,20171220,    0,    0
 17626, 95395,20171221,    0,    0
 17626, 95395,20171222,    0,    0
 17626, 95395,20171223,    0,    0
 17626, 95395,20171224,    0,    0
 17626, 95395,20171225,    2,    0
 17626, 95395,20171226,  214,    0
 17626, 95395,20171227,  270,    0
 17626, 95395,20171228,   16,    0
 17626, 95395,20171229,   56,    0
 17626, 95395,20171230,   54,    0
 17626, 95395,20171231,   56,    0
 17626, 95395,20180101,  182,    0
 17626, 95395,20180102,    0,    0
 17626, 95395,20180103,    2,    0
 17626, 95395,20180104,    0,    0
 17626, 95395,20180105,    2,    0
 17626, 95395,20180106,   10,    0
 17626, 95395,20180107,    2,    0
 17626, 95395,20180108,   50,    0
 17626, 95395,20180109,    8,    0
 17626, 95395,20180110,    4,    0
 17626, 95395,20180111,   12,    0
 17626, 95395,20180112,    2,    0
 17626, 95395,20180113,    0,    0
 17626, 95395,20180114,    0,    0
 17626, 95395,20180115,   10,    0
 17626, 95395,20180116,   38,    0
 17626, 95395,20180117,    0,    0
 17626, 95395,20180118,    0,    0
 17626, 95395,20180119,    0,    0
 17626, 95395,20180120,    0,    0
 17626, 95395,20180121,    0,    0
 17626, 95395,20180122,    0,    0
 17626, 95395,20180123,    0,    0
 17626, 95395,20180124,    0,    0
 17626, 95395,20180125,    0,    0
 17626, 95395,20180126,    4,    0
 17626, 95395,20180127,    6,    0
 17626, 95395,20180128,    0,    0
 17626, 95395,20180129,    0,    0
 17626, 95395,20180130,    0,    0
 17626, 95395,20180131,   38,    0
 17626, 95395,20180201,  452,    0
 17626, 95395,20180202,  124,    0
 17626, 95395,20180203,    2,    0
 17626, 95395,20180204,   58,    0
 17626, 95395,20180205,   40,    0
 17626, 95395,20180206,    2,    0
 17626, 95395,20180207,   60,    0
 17626, 95395,20180208,   66,    0
 17626, 95395,20180209,    0,    0
 17626, 95395,20180210,    0,    0
 17626, 95395,20180211,    0,    0
 17626, 95395,20180212,   40,    0
 17626, 95395,20180213,   36,    0
 17626, 95395,20180214,   14,    0
 17626, 95395,20180215,    0,    0
 17626, 95395,20180216,    0,    0
 17626, 95395,20180217,   66,    0
 17626, 95395,20180218,   38,    0
 17626, 95395,20180219,    6,    0
 17626, 95395,20180220,    0,    0
 17626, 95395,20180221,   10,    0
 17626, 95395,20180222,   12,    0
 17626, 95395,20180223,    4,    0
 17626, 95395,20180224,  120,    0
 17626, 95395,20180225,    0,    0
 17626, 95395,20180226,    0,    0
 17626, 95395,20180227,    0,    0
 17626, 95395,20180228,    8,    0
 17626, 95395,20180301,    0,    0
 17626, 95395,20180302,   14,    0
 17626, 95395,20180303,   62,    0
 17626, 95395,20180304,  210,    0
 17626, 95395,20180305,  114,    0
 17626, 95395,20180306,  130,    0
 17626, 95395,20180307,    8,    0
 17626, 95395,20180308,    8,    0
 17626, 95395,20180309,    0,    0
 17626, 95395,20180310,   24,    0
 17626, 95395,20180311,  294,    0
 17626, 95395,20180312,  110,    0
 17626, 95395,20180313,    8,    0
 17626, 95395,20180314,    0,    0
 17626, 95395,20180315,  368,    0
 17626, 95395,20180316,   16,    0
 17626, 95395,20180317,  114,    0
 17626, 95395,20180318,  220,    0
 17626, 95395,20180319,   54,    0
 17626, 95395,20180320,    0,    0
 17626, 95395,20180321,    8,    0
 17626, 95395,20180322,    0,    0
 17626, 95395,20180323,    0,    0
 17626, 95395,20180324,    0,    0
 17626, 95395,20180325,    0,    0
 17626, 95395,20180326,    0,    0
 17626, 95395,20180327,    0,    0
 17626, 95395,20180328,    0,    0
 17626, 95395,20180329,   16,    0
 17626, 95395,20180330,  133,    0
 17626, 95395,20180331,  126,    0
 17626, 95395,20180401,    0,    0
 17626, 95395,20180402,    0,    0
 17626, 95395,20180403,   80,    0
 17626, 95395,20180404,  206,    0
 17626, 95395,20180405,    4,    0
 17626, 95395,20180406,    0,    0
 17626, 95395,20180407,    0,    0
 17626, 95395,20180408,    0,    0
 17626, 95395,20180409,  194,    0
 17626, 95395,20180410,   64,    0
 17626, 95395,20180411,  222,    0
 17626, 95395,20180412,  152,    0
 17626, 95395,20180413,    2,    0
 17626, 95395,20180414,    0,    0
 17626, 95395,20180415,    2,    0
 17626, 95395,20180416,   36,    0
 17626, 95395,20180417,    0,    0
 17626, 95395,20180418,    0,    0
 17626, 95395,20180419,    0,    0
 17626, 95395,20180420,    0,    0
 17626, 95395,20180421,    0,    0
 17626, 95395,20180422,    0,    0
 17626, 95395,20180423,    0,    0
 17626, 95395,20180424,    0,    0
 17626, 95395,20180425,    0,    0
 17626, 95395,20180426,    0,    0
 17626, 95395,20180427,    0,    0
 17626, 95395,20180428,   32,    0
 17626, 95395,20180429,   18,    0
 17626, 95395,20180430,    6,    0
 17626, 95395,20180501,   38,    0
 17626, 95395,20180502,  326,    0
 17626, 95395,20180503,   62,    0
 17626, 95395,20180504,   67,    0
 17626, 95395,20180505,   26,    0
 17626, 95395,20180506,    0,    0
 17626, 95395,20180507,    0,    0
 17626, 95395,20180508,  121,    0
 17626, 95395,20180509,  148,    0
 17626, 95395,20180510,   88,    0
 17626, 95395,20180511,  128,    0
 17626, 95395,20180512,   12,    0
 17626, 95395,20180513,   54,    0
 17626, 95395,20180514,   18,    0
 17626, 95395,20180515,    2,    0
 17626, 95395,20180516,    0,    0
 17626, 95395,20180517,    6,    0
 17626, 95395,20180518,    0,    0
 17626, 95395,20180519,    0,    0
 17626, 95395,20180520,  204,    0
 17626, 95395,20180521,   98,    0
 17626, 95395,20180522,  208,    0
 17626, 95395,20180523,    2,    0
 17626, 95395,20180524,    2,    0
 17626, 95395,20180525,    0,    0
 17626, 95395,20180526,    0,    0
 17626, 95395,20180527,   22,    0
 17626, 95395,20180528,   65,    0
 17626, 95395,20180529,    2,    0
 17626, 95395,20180530,    4,    0
 17626, 95395,20180531,    0,    0
 17626, 95395,20180601,    0,    0
 17626, 95395,20180602,    0,    0
 17626, 95395,20180603,    0,    0
 17626, 95395,20180604,  197,    0
 17626, 95395,20180605,    6,    0
 17626, 95395,20180606,    0,    0
 17626, 95395,20180607,   69,    0
 17626, 95395,20180608,   30,    0
 17626, 95395,20180609,    0,    0
 17626, 95395,20180610,    0,    0
 17626, 95395,20180611,    0,    0
 17626, 95395,20180612,   22,    0
 17626, 95395,20180613,    0,    0
 17626, 95395,20180614,  251,    0
 17626, 95395,20180615,    0,    0
 17626, 95395,20180616,    0,    0
 17626, 95395,20180617,    0,    0
 17626, 95395,20180618,    0,    0
 17626, 95395,20180619,    0,    0
 17626, 95395,20180620,    0,    0
 17626, 95395,20180621,    0,    0
 17626, 95395,20180622,    0,    0
 17626, 95395,20180623,    0,    0
 17626, 95395,20180624,    0,    0
 17626, 95395,20180625,    0,    0
 17626, 95395,20180626,    0,    0
 17626, 95395,20180627,    0,    0
 17626, 95395,20180628,    0,    0
 17626, 95395,20180629,    0,    0
 17626, 95395,20180630,    0,    0
 17626, 95395,20180701,    0,    0
 17626, 95395,20180702,    0,    0
 17626, 95395,20180703,    0,    0
 17626, 95395,20180704,   12,    0
 17626, 95395,20180705,    0,    0
 17626, 95395,20180706,   40,    0
 17626, 95395,20180707,    0,    0
 17626, 95395,20180708,    0,    0
 17626, 95395,20180709,    0,    0
 17626, 95395,20180710,    0,    0
 17626, 95395,20180711,   71,    0
 17626, 95395,20180712,    0,    0
 17626, 95395,20180713,    0,    0
 17626, 95395,20180714,   14,    0
 17626, 95395,20180715,  117,    0
 17626, 95395,20180716,   20,    0
 17626, 95395,20180717,    0,    0
 17626, 95395,20180718,    0,    0
 17626, 95395,20180719,    0,    0
 17626, 95395,20180720,    0,    0
 17626, 95395,20180721,    0,    0
 17626, 95395,20180722,   41,    0
 17626, 95395,20180723,    2,    0
 17626, 95395,20180724,    0,    0
 17626, 95395,20180725,    0,    0
 17626, 95395,20180726,   22,    0
 17626, 95395,20180727,    2,    0
 17626, 95395,20180728,    0,    0
 17626, 95395,20180729,    0,    0
 17626, 95395,20180730,    0,    0
 17626, 95395,20180731,    0,    0
 17626, 95395,20180801,    0,    0
 17626, 95395,20180802,    0,    0
 17626, 95395,20180803,    0,    0
 17626, 95395,20180804,    0,    0
 17626, 95395,20180805,    0,    0
 17626, 95395,20180806,   26,    0
 17626, 95395,20180807,  162,    0
 17626, 95395,20180808,    0,    0
 17626, 95395,20180809,    0,    0
 17626, 95395,20180810,    0,    0
 17626, 95395,20180811,    0,    0
 17626, 95395,20180812,    0,    0
 17626, 95395,20180813,   20,    0
 17626, 95395,20180814,   26,    0
 17626, 95395,20180815,    0,    0
 17626, 95395,20180816,    0,    0
 17626, 95395,20180817,    0,    0
 17626, 95395,20180818,    0,    0
 17626, 95395,20180819,    0,    0
 17626, 95395,20180820,    0,    0
 17626, 95395,20180821,    0,    0
 17626, 95395,20180822,    0,    0
 17626, 95395,20180823,    0,    0
 17626, 95395,20180824,    0,    0
 17626, 95395,20180825,   76,    0
 17626, 95395,20180826,   12,    0
 17626, 95395,20180827,    0,    0
 17626, 95395,20180828,    0,    0
 17626, 95395,20180829,    0,    0
 17626, 95395,20180830,    0,    0
 17626, 95395,20180831,    0,    0
 17626, 95395,20180901,  130,    0
 17626, 95395,20180902,    4,    0
 17626, 95395,20180903,    0,    0
 17626, 95395,20180904,    0,    0
 17626, 95395,20180905,    0,    0
 17626, 95395,20180906,    0,    0
 17626, 95395,20180907,    0,    0
 17626, 95395,20180908,    0,    0
 17626, 95395,20180909,    0,    0
 17626, 95395,20180910,    0,    0
 17626, 95395,20180911,    0,    0
 17626, 95395,20180912,    0,    0
 17626, 95395,20180913,    0,    0
 17626, 95395,20180914,    0,    0
 17626, 95395,20180915,    0,    0
 17626, 95395,20180916,    0,    0
 17626, 95395,20180917,  286,    0
 17626, 95395,20180918,   22,    0
 17626, 95395,20180919,    2,    0
 17626, 95395,20180920,    0,    0
 17626, 95395,20180921,    0,    0
 17626, 95395,20180922,    0,    0
 17626, 95395,20180923,    0,    0
 17626, 95395,20180924,    0,    0
 17626, 95395,20180925,    0,    0
 17626, 95395,20180926,    0,    0
 17626, 95395,20180927,    0,    0
 17626, 95395,20180928,    0,    0
 17626, 95395,20180929,    0,    0
 17626, 95395,20180930,    0,    0
 17626, 95395,20181001,  295,    0
 17626, 95395,20181002,   74,    0
 17626, 95395,20181003,    0,    0
 17626, 95395,20181004,    0,    0
 17626, 95395,20181005,    0,    0
 17626, 95395,20181006,   16,    0
 17626, 95395,20181007,    0,    0
 17626, 95395,20181008,    2,    0
 17626, 95395,20181009,    2,    0
 17626, 95395,20181010,    0,    0
 17626, 95395,20181011,   10,    0
 17626, 95395,20181012,    0,    0
 17626, 95395,20181013,    2,    0
 17626, 95395,20181014,    2,    0
 17626, 95395,20181015,    2,    0
 17626, 95395,20181016,   32,    0
 17626, 95395,20181017,   12,    0
 17626, 95395,20181018,    0,    0
 17626, 95395,20181019,    2,    0
 17626, 95395,20181020,    2,    0
 17626, 95395,20181021,    2,    0
 17626, 95395,20181022,    0,    0
 17626, 95395,20181023,    0,    0
 17626, 95395,20181024,    0,    0
 17626, 95395,20181025,    0,    0
 17626, 95395,20181026,    8,    0
 17626, 95395,20181027,  424,    0
 17626, 95395,20181028,  807,    0
 17626, 95395,20181029,  749,    0
 17626, 95395,20181030,  166,    0
 17626, 95395,20181031,   26,    0
 17626, 95395,20181101,  274,    0
 17626, 95395,20181102,  188,    0
 17626, 95395,20181103,    4,    0
 17626, 95395,20181104,   48,    0
 17626, 95395,20181105,    2,    0
 17626, 95395,20181106,   16,    0
 17626, 95395,20181107,   93,    0
 17626, 95395,20181108,    2,    0
 17626, 95395,20181109,    0,    0
 17626, 95395,20181110,    0,    0
 17626, 95395,20181111,   52,    0
 17626, 95395,20181112,    2,    0
 17626, 95395,20181113,    0,    0
 17626, 95395,20181114,    0,    0
 17626, 95395,20181115,    0,    0
 17626, 95395,20181116,    0,    0
 17626, 95395,20181117,    4,    0
 17626, 95395,20181118,    0,    0
 17626, 95395,20181119,    0,    0
 17626, 95395,20181120,   38,    0
 17626, 95395,20181121,   50,    0
 17626, 95395,20181122,   22,    0
 17626, 95395,20181123,  314,    0
 17626, 95395,20181124,  403,    0
 17626, 95395,20181125,    4,    0
 17626, 95395,20181126,    8,    0
 17626, 95395,20181127,   18,    0
 17626, 95395,20181128,    0,    0
 17626, 95395,20181129,    0,    0
 17626, 95395,20181130,    0,    0
 17626, 95395,20181201,    2,    0
 17626, 95395,20181202,    6,    0
 17626, 95395,20181203,   18,    0
 17626, 95395,20181204,    0,    0
 17626, 95395,20181205,    0,    0
 17626, 95395,20181206,   42,    0
 17626, 95395,20181207,    2,    0
 17626, 95395,20181208,   18,    0
 17626, 95395,20181209,    0,    0
 17626, 95395,20181210,    0,    0
 17626, 95395,20181211,    0,    0
 17626, 95395,20181212,    0,    0
 17626, 95395,20181213,    0,    0
 17626, 95395,20181214,    0,    0
 17626, 95395,20181215,    0,    0
 17626, 95395,20181216,    2,    0
 17626, 95395,20181217,    8,    0
 17626, 95395,20181218,   56,    0
 17626, 95395,20181219,    8,    0
 17626, 95395,20181220,   26,    0
 17626, 95395,20181221,   88,    0
 17626, 95395,20181222,    0,    0
 17626, 95395,20181223,    0,    0
 17626, 95395,20181224,    0,    0
 17626, 95395,20181225,    0,    0
 17626, 95395,20181226,    0,    0
 17626, 95395,20181227,    0,    0
 17626, 95395,20181228,    0,    0
 17626, 95395,20181229,    0,    0
 17626, 95395,20181230,    0,    0
 17626, 95395,20181231,    0,    0
 17626, 95395,20190101,    0,    0
 17626, 95395,20190102,    0,    0
 17626, 95395,20190103,    0,    0
 17626, 95395,20190104,    0,    0
 17626, 95395,20190105,    0,    0
 17626, 95395,20190106,    0,    0
 17626, 95395,20190107,    0,    0
 17626, 95395,20190108,    0,    0
 17626, 95395,20190109,    0,    0
 17626, 95395,20190110,    0,    0
 17626, 95395,20190111,    0,    0
 17626, 95395,20190112,    0,    0
 17626, 95395,20190113,    0,    0
 17626, 95395,20190114,    0,    0
 17626, 95395,20190115,    0,    0
 17626, 95395,20190116,    0,    0
 17626, 95395,20190117,  148,    0
 17626, 95395,20190118,   58,    0
 17626, 95395,20190119,    4,    0
 17626, 95395,20190120,    4,    0
 17626, 95395,20190121,    0,    0
 17626, 95395,20190122,    0,    0
 17626, 95395,20190123,   12,    0
 17626, 95395,20190124,   14,    0
 17626, 95395,20190125,   12,    0
 17626, 95395,20190126,    2,    0
 17626, 95395,20190127,  124,    0
 17626, 95395,20190128,    0,    0
 17626, 95395,20190129,    0,    0
 17626, 95395,20190130,    2,    0
 17626, 95395,20190131,   38,    0
 17626, 95395,20190201,  448,    0
 17626, 95395,20190202,  218,    0
 17626, 95395,20190203,   74,    0
 17626, 95395,20190204,   12,    0
 17626, 95395,20190205,    0,    0
 17626, 95395,20190206,    0,    0
 17626, 95395,20190207,    0,    0
 17626, 95395,20190208,    0,    0
 17626, 95395,20190209,    0,    0
 17626, 95395,20190210,  100,    0
 17626, 95395,20190211,    0,    0
 17626, 95395,20190212,    0,    0
 17626, 95395,20190213,    0,    0
 17626, 95395,20190214,    0,    0
 17626, 95395,20190215,    0,    0
 17626, 95395,20190216,    0,    0
 17626, 95395,20190217,    0,    0
 17626, 95395,20190218,    0,    0
 17626, 95395,20190219,    0,    0
 17626, 95395,20190220,    0,    0
 17626, 95395,20190221,    0,    0
 17626, 95395,20190222,    0,    0
 17626, 95395,20190223,    0,    0
 17626, 95395,20190224,    0,    0
 17626, 95395,20190225,    0,    0
 17626, 95395,20190226,    0,    0
 17626, 95395,20190227,    0,    0
 17626, 95395,20190228,    0,    0
 17626, 95395,20190301,    0,    0
 17626, 95395,20190302,    0,    0
 17626, 95395,20190303,    0,    0
 17626, 95395,20190304,    8,    0
 17626, 95395,20190305,    0,    0
 17626, 95395,20190306,    0,    0
 17626, 95395,20190307,   40,    0
 17626, 95395,20190308,    0,    0
 17626, 95395,20190309,    0,    0
 17626, 95395,20190310,    0,    0
 17626, 95395,20190311,    0,    0
 17626, 95395,20190312,    0,    0
 17626, 95395,20190313,   50,    0
 17626, 95395,20190314,    0,    0
 17626, 95395,20190315,    0,    0
 17626, 95395,20190316,    0,    0
 17626, 95395,20190317,    0,    0
 17626, 95395,20190318,   42,    0
 17626, 95395,20190319,    0,    0
 17626, 95395,20190320,    0,    0
 17626, 95395,20190321,    0,    0
 17626, 95395,20190322,    0,    0
 17626, 95395,20190323,    0,    0
 17626, 95395,20190324,    0,    0
 17626, 95395,20190325,    0,    0
 17626, 95395,20190326,  110,    0
 17626, 95395,20190327,    0,    0
 17626, 95395,20190328,    0,    0
 17626, 95395,20190329,    0,    0
 17626, 95395,20190330,    0,    0
 17626, 95395,20190331,    0,    0
 17626, 95395,20190401,    0,    0
 17626, 95395,20190402,    0,    0
 17626, 95395,20190403,  140,    0
 17626, 95395,20190404,  736,    0
 17626, 95395,20190405,    0,    0
 17626, 95395,20190406,    0,    0
 17626, 95395,20190407,   18,    0
 17626, 95395,20190408,    0,    0
 17626, 95395,20190409,    0,    0
 17626, 95395,20190410,   99,    0
 17626, 95395,20190411,   62,    0
 17626, 95395,20190412,   26,    0
 17626, 95395,20190413,    6,    0
 17626, 95395,20190414,   84,    0
 17626, 95395,20190415,    0,    0
 17626, 95395,20190416,    0,    0
 17626, 95395,20190417,    0,    0
 17626, 95395,20190418,    0,    0
 17626, 95395,20190419,    0,    0
 17626, 95395,20190420,    0,    0
 17626, 95395,20190421,    0,    0
 17626, 95395,20190422,  134,    0
 17626, 95395,20190423,  430,    0
 17626, 95395,20190424,   50,    0
 17626, 95395,20190425,   36,    0
 17626, 95395,20190426,   40,    0
 17626, 95395,20190427,    0,    0
 17626, 95395,20190428,   18,    0
 17626, 95395,20190429,   72,    0
 17626, 95395,20190430,-9999,    9
 17626, 95395,20190501,-9999,    9
 17626, 95395,20190502,-9999,    9
 17626, 95395,20190503,-9999,    9
 17626, 95395,20190504,-9999,    9
 17626, 95395,20190505,-9999,    9
 17626, 95395,20190506,-9999,    9
 17626, 95395,20190507,-9999,    9
 17626, 95395,20190508,-9999,    9
 17626, 95395,20190509,-9999,    9
 17626, 95395,20190510,-9999,    9
 17626, 95395,20190511,-9999,    9
 17626, 95395,20190512,-9999,    9
 17626, 95395,20190513,-9999,    9
 17626, 95395,20190514,-9999,    9
 17626, 95395,20190515,-9999,    9
 17626, 95395,20190516,-9999,    9
 17626, 95395,20190517,-9999,    9
 17626, 95395,20190518,-9999,    9
 17626, 95395,20190519,-9999,    9
 17626, 95395,20190520,-9999,    9
 17626, 95395,20190521,-9999,    9
 17626, 95395,20190522,-9999,    9
 17626, 95395,20190523,-9999,    9
 17626, 95395,20190524,-9999,    9
 17626, 95395,20190525,-9999,    9
 17626, 95395,20190526,-9999,    9
 17626, 95395,20190527,-9999,    9
 17626, 95395,20190528,-9999,    9
 17626, 95395,20190529,-9999,    9
 17626, 95395,20190530,-9999,    9
 17626, 95395,20190531,-9999,    9
 17626, 95395,20190601,-9999,    9
 17626, 95395,20190602,-9999,    9
 17626, 95395,20190603,-9999,    9
 17626, 95395,20190604,-9999,    9
 17626, 95395,20190605,-9999,    9
 17626, 95395,20190606,-9999,    9
 17626, 95395,20190607,-9999,    9
 17626, 95395,20190608,-9999,    9
 17626, 95395,20190609,-9999,    9
 17626, 95395,20190610,-9999,    9
 17626, 95395,20190611,-9999,    9
 17626, 95395,20190612,-9999,    9
 17626, 95395,20190613,-9999,    9
 17626, 95395,20190614,-9999,    9
 17626, 95395,20190615,-9999,    9
 17626, 95395,20190616,-9999,    9
 17626, 95395,20190617,-9999,    9
 17626, 95395,20190618,-9999,    9
 17626, 95395,20190619,-9999,    9
 17626, 95395,20190620,-9999,    9
 17626, 95395,20190621,-9999,    9
 17626, 95395,20190622,-9999,    9
 17626, 95395,20190623,-9999,    9
 17626, 95395,20190624,-9999,    9
 17626, 95395,20190625,-9999,    9
 17626, 95395,20190626,-9999,    9
 17626, 95395,20190627,-9999,    9
 17626, 95395,20190628,-9999,    9
 17626, 95395,20190629,-9999,    9
 17626, 95395,20190630,-9999,    9
 17626, 95395,20190701,-9999,    9
 17626, 95395,20190702,-9999,    9
 17626, 95395,20190703,-9999,    9
 17626, 95395,20190704,-9999,    9
 17626, 95395,20190705,-9999,    9
 17626, 95395,20190706,-9999,    9
 17626, 95395,20190707,-9999,    9
 17626, 95395,20190708,-9999,    9
 17626, 95395,20190709,-9999,    9
 17626, 95395,20190710,-9999,    9
 17626, 95395,20190711,-9999,    9
 17626, 95395,20190712,-9999,    9
 17626, 95395,20190713,-9999,    9
 17626, 95395,20190714,-9999,    9
 17626, 95395,20190715,-9999,    9
 17626, 95395,20190716,-9999,    9
 17626, 95395,20190717,-9999,    9
 17626, 95395,20190718,-9999,    9
 17626, 95395,20190719,-9999,    9
 17626, 95395,20190720,-9999,    9
 17626, 95395,20190721,-9999,    9
 17626, 95395,20190722,-9999,    9
 17626, 95395,20190723,-9999,    9
 17626, 95395,20190724,-9999,    9
 17626, 95395,20190725,-9999,    9
 17626, 95395,20190726,-9999,    9
 17626, 95395,20190727,-9999,    9
 17626, 95395,20190728,-9999,    9
 17626, 95395,20190729,-9999,    9
 17626, 95395,20190730,-9999,    9
 17626, 95395,20190731,-9999,    9
 17626, 95395,20190801,-9999,    9
 17626, 95395,20190802,-9999,    9
 17626, 95395,20190803,-9999,    9
 17626, 95395,20190804,-9999,    9
 17626, 95395,20190805,-9999,    9
 17626, 95395,20190806,-9999,    9
 17626, 95395,20190807,-9999,    9
 17626, 95395,20190808,-9999,    9
 17626, 95395,20190809,-9999,    9
 17626, 95395,20190810,-9999,    9
 17626, 95395,20190811,-9999,    9
 17626, 95395,20190812,-9999,    9
 17626, 95395,20190813,-9999,    9
 17626, 95395,20190814,-9999,    9
 17626, 95395,20190815,-9999,    9
 17626, 95395,20190816,-9999,    9
 17626, 95395,20190817,-9999,    9
 17626, 95395,20190818,-9999,    9
 17626, 95395,20190819,-9999,    9
 17626, 95395,20190820,-9999,    9
 17626, 95395,20190821,-9999,    9
 17626, 95395,20190822,-9999,    9
 17626, 95395,20190823,-9999,    9
 17626, 95395,20190824,-9999,    9
 17626, 95395,20190825,-9999,    9
 17626, 95395,20190826,-9999,    9
 17626, 95395,20190827,-9999,    9
 17626, 95395,20190828,-9999,    9
 17626, 95395,20190829,-9999,    9
 17626, 95395,20190830,-9999,    9
 17626, 95395,20190831,-9999,    9
 17626, 95395,20190901,-9999,    9
 17626, 95395,20190902,-9999,    9
 17626, 95395,20190903,-9999,    9
 17626, 95395,20190904,-9999,    9
 17626, 95395,20190905,-9999,    9
 17626, 95395,20190906,-9999,    9
 17626, 95395,20190907,-9999,    9
 17626, 95395,20190908,-9999,    9
 17626, 95395,20190909,-9999,    9
 17626, 95395,20190910,-9999,    9
 17626, 95395,20190911,-9999,    9
 17626, 95395,20190912,-9999,    9
 17626, 95395,20190913,-9999,    9
 17626, 95395,20190914,-9999,    9
 17626, 95395,20190915,-9999,    9
 17626, 95395,20190916,-9999,    9
 17626, 95395,20190917,-9999,    9
 17626, 95395,20190918,-9999,    9
 17626, 95395,20190919,-9999,    9
 17626, 95395,20190920,-9999,    9
 17626, 95395,20190921,-9999,    9
 17626, 95395,20190922,-9999,    9
 17626, 95395,20190923,-9999,    9
 17626, 95395,20190924,-9999,    9
 17626, 95395,20190925,-9999,    9
 17626, 95395,20190926,-9999,    9
 17626, 95395,20190927,-9999,    9
 17626, 95395,20190928,-9999,    9
 17626, 95395,20190929,-9999,    9
 17626, 95395,20190930,-9999,    9
 17626, 95395,20191001,-9999,    9
 17626, 95395,20191002,-9999,    9
 17626, 95395,20191003,-9999,    9
 17626, 95395,20191004,-9999,    9
 17626, 95395,20191005,-9999,    9
 17626, 95395,20191006,-9999,    9
 17626, 95395,20191007,-9999,    9
 17626, 95395,20191008,-9999,    9
 17626, 95395,20191009,-9999,    9
 17626, 95395,20191010,-9999,    9
 17626, 95395,20191011,-9999,    9
 17626, 95395,20191012,-9999,    9
 17626, 95395,20191013,-9999,    9
 17626, 95395,20191014,-9999,    9
 17626, 95395,20191015,-9999,    9
 17626, 95395,20191016,-9999,    9
 17626, 95395,20191017,-9999,    9
 17626, 95395,20191018,-9999,    9
 17626, 95395,20191019,-9999,    9
 17626, 95395,20191020,-9999,    9
 17626, 95395,20191021,-9999,    9
 17626, 95395,20191022,-9999,    9
 17626, 95395,20191023,-9999,    9
 17626, 95395,20191024,-9999,    9
 17626, 95395,20191025,-9999,    9
 17626, 95395,20191026,-9999,    9
 17626, 95395,20191027,-9999,    9
 17626, 95395,20191028,-9999,    9
 17626, 95395,20191029,-9999,    9
 17626, 95395,20191030,-9999,    9
 17626, 95395,20191031,-9999,    9
 17626, 95395,20191101,-9999,    9
 17626, 95395,20191102,-9999,    9
 17626, 95395,20191103,-9999,    9
 17626, 95395,20191104,-9999,    9
 17626, 95395,20191105,-9999,    9
 17626, 95395,20191106,-9999,    9
 17626, 95395,20191107,-9999,    9
 17626, 95395,20191108,-9999,    9
 17626, 95395,20191109,-9999,    9
 17626, 95395,20191110,-9999,    9
 17626, 95395,20191111,-9999,    9
 17626, 95395,20191112,-9999,    9
 17626, 95395,20191113,-9999,    9
 17626, 95395,20191114,-9999,    9
 17626, 95395,20191115,-9999,    9
 17626, 95395,20191116,-9999,    9
 17626, 95395,20191117,-9999,    9
 17626, 95395,20191118,-9999,    9
 17626, 95395,20191119,-9999,    9
 17626, 95395,20191120,-9999,    9
 17626, 95395,20191121,-9999,    9
 17626, 95395,20191122,-9999,    9
 17626, 95395,20191123,-9999,    9
 17626, 95395,20191124,-9999,    9
 17626, 95395,20191125,-9999,    9
 17626, 95395,20191126,-9999,    9
 17626, 95395,20191127,-9999,    9
 17626, 95395,20191128,-9999,    9
 17626, 95395,20191129,-9999,    9
 17626, 95395,20191130,-9999,    9
 17626, 95395,20191201,-9999,    9
 17626, 95395,20191202,-9999,    9
 17626, 95395,20191203,-9999,    9
 17626, 95395,20191204,-9999,    9
 17626, 95395,20191205,-9999,    9
 17626, 95395,20191206,-9999,    9
 17626, 95395,20191207,-9999,    9
 17626, 95395,20191208,-9999,    9
 17626, 95395,20191209,-9999,    9
 17626, 95395,20191210,-9999,    9
 17626, 95395,20191211,-9999,    9
 17626, 95395,20191212,-9999,    9
 17626, 95395,20191213,-9999,    9
 17626, 95395,20191214,-9999,    9
 17626, 95395,20191215,-9999,    9
 17626, 95395,20191216,-9999,    9
 17626, 95395,20191217,-9999,    9
 17626, 95395,20191218,-9999,    9
 17626, 95395,20191219,-9999,    9
 17626, 95395,20191220,-9999,    9
 17626, 95395,20191221,-9999,    9
 17626, 95395,20191222,-9999,    9
 17626, 95395,20191223,-9999,    9
 17626, 95395,20191224,-9999,    9
 17626, 95395,20191225,-9999,    9
 17626, 95395,20191226,-9999,    9
 17626, 95395,20191227,-9999,    9
 17626, 95395,20191228,-9999,    9
 17626, 95395,20191229,-9999,    9
 17626, 95395,20191230,-9999,    9
 17626, 95395,20191231,-9999,    9
 17626, 95395,20200101,-9999,    9
 17626, 95395,20200102,-9999,    9
 17626, 95395,20200103,-9999,    9
 17626, 95395,20200104,-9999,    9
 17626, 95395,20200105,-9999,    9
 17626, 95395,20200106,-9999,    9
 17626, 95395,20200107,-9999,    9
 17626, 95395,20200108,-9999,    9
 17626, 95395,20200109,-9999,    9
 17626, 95395,20200110,-9999,    9
 17626, 95395,20200111,-9999,    9
 17626, 95395,20200112,-9999,    9
 17626, 95395,20200113,-9999,    9
 17626, 95395,20200114,-9999,    9
 17626, 95395,20200115,-9999,    9
 17626, 95395,20200116,-9999,    9
 17626, 95395,20200117,-9999,    9
 17626, 95395,20200118,-9999,    9
 17626, 95395,20200119,-9999,    9
 17626, 95395,20200120,-9999,    9
 17626, 95395,20200121,-9999,    9
 17626, 95395,20200122,-9999,    9
 17626, 95395,20200123,-9999,    9
 17626, 95395,20200124,-9999,    9
 17626, 95395,20200125,-9999,    9
 17626, 95395,20200126,-9999,    9
 17626, 95395,20200127,-9999,    9
 17626, 95395,20200128,-9999,    9
 17626, 95395,20200129,-9999,    9
 17626, 95395,20200130,-9999,    9
 17626, 95395,20200131,-9999,    9
 17626, 95395,20200201,-9999,    9
 17626, 95395,20200202,-9999,    9
 17626, 95395,20200203,-9999,    9
 17626, 95395,20200204,-9999,    9
 17626, 95395,20200205,-9999,    9
 17626, 95395,20200206,-9999,    9
 17626, 95395,20200207,-9999,    9
 17626, 95395,20200208,-9999,    9
 17626, 95395,20200209,-9999,    9
 17626, 95395,20200210,-9999,    9
 17626, 95395,20200211,-9999,    9
 17626, 95395,20200212,-9999,    9
 17626, 95395,20200213,-9999,    9
 17626, 95395,20200214,-9999,    9
 17626, 95395,20200215,-9999,    9
 17626, 95395,20200216,-9999,    9
 17626, 95395,20200217,-9999,    9
 17626, 95395,20200218,-9999,    9
 17626, 95395,20200219,-9999,    9
 17626, 95395,20200220,-9999,    9
 17626, 95395,20200221,-9999,    9
 17626, 95395,20200222,-9999,    9
 17626, 95395,20200223,-9999,    9
 17626, 95395,20200224,-9999,    9
 17626, 95395,20200225,-9999,    9
 17626, 95395,20200226,-9999,    9
 17626, 95395,20200227,-9999,    9
 17626, 95395,20200228,-9999,    9
 17626, 95395,20200229,-9999,    9
 17626, 95395,20200301,-9999,    9
 17626, 95395,20200302,-9999,    9
 17626, 95395,20200303,-9999,    9
 17626, 95395,20200304,-9999,    9
 17626, 95395,20200305,-9999,    9
 17626, 95395,20200306,-9999,    9
 17626, 95395,20200307,-9999,    9
 17626, 95395,20200308,-9999,    9
 17626, 95395,20200309,-9999,    9
 17626, 95395,20200310,-9999,    9
 17626, 95395,20200311,-9999,    9
 17626, 95395,20200312,-9999,    9
 17626, 95395,20200313,-9999,    9
 17626, 95395,20200314,-9999,    9
 17626, 95395,20200315,-9999,    9
 17626, 95395,20200316,-9999,    9
 17626, 95395,20200317,-9999,    9
 17626, 95395,20200318,-9999,    9
 17626, 95395,20200319,-9999,    9
 17626, 95395,20200320,-9999,    9
 17626, 95395,20200321,-9999,    9
 17626, 95395,20200322,-9999,    9
 17626, 95395,20200323,-9999,    9
 17626, 95395,20200324,-9999,    9
 17626, 95395,20200325,-9999,    9
 17626, 95395,20200326,-9999,    9
 17626, 95395,20200327,-9999,    9
 17626, 95395,20200328,-9999,    9
 17626, 95395,20200329,-9999,    9
 17626, 95395,20200330,-9999,    9
 17626, 95395,20200331,-9999,    9
 17626, 95395,20200401,-9999,    9
 17626, 95395,20200402,-9999,    9
 17626, 95395,20200403,-9999,    9
 17626, 95395,20200404,-9999,    9
 17626, 95395,20200405,-9999,    9
 17626, 95395,20200406,-9999,    9
 17626, 95395,20200407,-9999,    9
 17626, 95395,20200408,-9999,    9
 17626, 95395,20200409,-9999,    9
 17626, 95395,20200410,-9999,    9
 17626, 95395,20200411,-9999,    9
 17626, 95395,20200412,-9999,    9
 17626, 95395,20200413,-9999,    9
 17626, 95395,20200414,-9999,    9
 17626, 95395,20200415,-9999,    9
 17626, 95395,20200416,-9999,    9
 17626, 95395,20200417,-9999,    9
 17626, 95395,20200418,-9999,    9
 17626, 95395,20200419,-9999,    9
 17626, 95395,20200420,-9999,    9
 17626, 95395,20200421,-9999,    9
 17626, 95395,20200422,-9999,    9
 17626, 95395,20200423,-9999,    9
 17626, 95395,20200424,-9999,    9
 17626, 95395,20200425,-9999,    9
 17626, 95395,20200426,-9999,    9
 17626, 95395,20200427,-9999,    9
 17626, 95395,20200428,-9999,    9
 17626, 95395,20200429,-9999,    9
 17626, 95395,20200430,-9999,    9
 17626, 95395,20200501,-9999,    9
 17626, 95395,20200502,-9999,    9
 17626, 95395,20200503,-9999,    9
 17626, 95395,20200504,-9999,    9
 17626, 95395,20200505,-9999,    9
 17626, 95395,20200506,-9999,    9
 17626, 95395,20200507,-9999,    9
 17626, 95395,20200508,-9999,    9
 17626, 95395,20200509,-9999,    9
 17626, 95395,20200510,-9999,    9
 17626, 95395,20200511,-9999,    9
 17626, 95395,20200512,-9999,    9
 17626, 95395,20200513,-9999,    9
 17626, 95395,20200514,-9999,    9
 17626, 95395,20200515,-9999,    9
 17626, 95395,20200516,-9999,    9
 17626, 95395,20200517,-9999,    9
 17626, 95395,20200518,-9999,    9
 17626, 95395,20200519,-9999,    9
 17626, 95395,20200520,-9999,    9
 17626, 95395,20200521,-9999,    9
 17626, 95395,20200522,-9999,    9
 17626, 95395,20200523,-9999,    9
 17626, 95395,20200524,-9999,    9
 17626, 95395,20200525,-9999,    9
 17626, 95395,20200526,-9999,    9
 17626, 95395,20200527,-9999,    9
 17626, 95395,20200528,-9999,    9
 17626, 95395,20200529,-9999,    9
 17626, 95395,20200530,-9999,    9
 17626, 95395,20200531,-9999,    9
 17626, 95395,20200601,-9999,    9
 17626, 95395,20200602,-9999,    9
 17626, 95395,20200603,-9999,    9
 17626, 95395,20200604,-9999,    9
 17626, 95395,20200605,-9999,    9
 17626, 95395,20200606,-9999,    9
 17626, 95395,20200607,-9999,    9
 17626, 95395,20200608,-9999,    9
 17626, 95395,20200609,-9999,    9
 17626, 95395,20200610,-9999,    9
 17626, 95395,20200611,-9999,    9
 17626, 95395,20200612,-9999,    9
 17626, 95395,20200613,-9999,    9
 17626, 95395,20200614,-9999,    9
 17626, 95395,20200615,-9999,    9
 17626, 95395,20200616,-9999,    9
 17626, 95395,20200617,-9999,    9
 17626, 95395,20200618,-9999,    9
 17626, 95395,20200619,-9999,    9
 17626, 95395,20200620,-9999,    9
 17626, 95395,20200621,-9999,    9
 17626, 95395,20200622,-9999,    9
 17626, 95395,20200623,-9999,    9
 17626, 95395,20200624,-9999,    9
 17626, 95395,20200625,-9999,    9
 17626, 95395,20200626,-9999,    9
 17626, 95395,20200627,-9999,    9
 17626, 95395,20200628,-9999,    9
 17626, 95395,20200629,-9999,    9
 17626, 95395,20200630,-9999,    9
 17626, 95395,20200701,-9999,    9
 17626, 95395,20200702,-9999,    9
 17626, 95395,20200703,-9999,    9
 17626, 95395,20200704,-9999,    9
 17626, 95395,20200705,-9999,    9
 17626, 95395,20200706,-9999,    9
 17626, 95395,20200707,-9999,    9
 17626, 95395,20200708,-9999,    9
 17626, 95395,20200709,-9999,    9
 17626, 95395,20200710,-9999,    9
 17626, 95395,20200711,-9999,    9
 17626, 95395,20200712,-9999,    9
 17626, 95395,20200713,-9999,    9
 17626, 95395,20200714,-9999,    9
 17626, 95395,20200715,-9999,    9
 17626, 95395,20200716,-9999,    9
 17626, 95395,20200717,-9999,    9
 17626, 95395,20200718,-9999,    9
 17626, 95395,20200719,-9999,    9
 17626, 95395,20200720,-9999,    9
 17626, 95395,20200721,-9999,    9
 17626, 95395,20200722,-9999,    9
 17626, 95395,20200723,-9999,    9
 17626, 95395,20200724,-9999,    9
 17626, 95395,20200725,-9999,    9
 17626, 95395,20200726,-9999,    9
 17626, 95395,20200727,-9999,    9
 17626, 95395,20200728,-9999,    9
 17626, 95395,20200729,-9999,    9
 17626, 95395,20200730,-9999,    9
 17626, 95395,20200731,-9999,    9
 17626, 95395,20200801,-9999,    9
 17626, 95395,20200802,-9999,    9
 17626, 95395,20200803,-9999,    9
 17626, 95395,20200804,-9999,    9
 17626, 95395,20200805,-9999,    9
 17626, 95395,20200806,-9999,    9
 17626, 95395,20200807,-9999,    9
 17626, 95395,20200808,-9999,    9
 17626, 95395,20200809,-9999,    9
 17626, 95395,20200810,-9999,    9
 17626, 95395,20200811,-9999,    9
 17626, 95395,20200812,-9999,    9
 17626, 95395,20200813,-9999,    9
 17626, 95395,20200814,-9999,    9
 17626, 95395,20200815,-9999,    9
 17626, 95395,20200816,-9999,    9
 17626, 95395,20200817,-9999,    9
 17626, 95395,20200818,-9999,    9
 17626, 95395,20200819,-9999,    9
 17626, 95395,20200820,-9999,    9
 17626, 95395,20200821,-9999,    9
 17626, 95395,20200822,-9999,    9
 17626, 95395,20200823,-9999,    9
 17626, 95395,20200824,-9999,    9
 17626, 95395,20200825,-9999,    9
 17626, 95395,20200826,-9999,    9
 17626, 95395,20200827,-9999,    9
 17626, 95395,20200828,-9999,    9
 17626, 95395,20200829,-9999,    9
 17626, 95395,20200830,-9999,    9
 17626, 95395,20200831,-9999,    9
 17626, 95395,20200901,-9999,    9
 17626, 95395,20200902,-9999,    9
 17626, 95395,20200903,-9999,    9
 17626, 95395,20200904,-9999,    9
 17626, 95395,20200905,-9999,    9
 17626, 95395,20200906,-9999,    9
 17626, 95395,20200907,-9999,    9
 17626, 95395,20200908,-9999,    9
 17626, 95395,20200909,-9999,    9
 17626, 95395,20200910,-9999,    9
 17626, 95395,20200911,-9999,    9
 17626, 95395,20200912,-9999,    9
 17626, 95395,20200913,-9999,    9
 17626, 95395,20200914,-9999,    9
 17626, 95395,20200915,-9999,    9
 17626, 95395,20200916,-9999,    9
 17626, 95395,20200917,-9999,    9
 17626, 95395,20200918,-9999,    9
 17626, 95395,20200919,-9999,    9
 17626, 95395,20200920,-9999,    9
 17626, 95395,20200921,-9999,    9
 17626, 95395,20200922,-9999,    9
 17626, 95395,20200923,-9999,    9
 17626, 95395,20200924,-9999,    9
 17626, 95395,20200925,-9999,    9
 17626, 95395,20200926,-9999,    9
 17626, 95395,20200927,-9999,    9
 17626, 95395,20200928,-9999,    9
 17626, 95395,20200929,-9999,    9
 17626, 95395,20200930,-9999,    9
 17626, 95395,20201001,-9999,    9
 17626, 95395,20201002,-9999,    9
 17626, 95395,20201003,-9999,    9
 17626, 95395,20201004,-9999,    9
 17626, 95395,20201005,-9999,    9
 17626, 95395,20201006,-9999,    9
 17626, 95395,20201007,-9999,    9
 17626, 95395,20201008,-9999,    9
 17626, 95395,20201009,-9999,    9
 17626, 95395,20201010,-9999,    9
 17626, 95395,20201011,-9999,    9
 17626, 95395,20201012,-9999,    9
 17626, 95395,20201013,-9999,    9
 17626, 95395,20201014,-9999,    9
 17626, 95395,20201015,-9999,    9
 17626, 95395,20201016,-9999,    9
 17626, 95395,20201017,-9999,    9
 17626, 95395,20201018,-9999,    9
 17626, 95395,20201019,-9999,    9
 17626, 95395,20201020,-9999,    9
 17626, 95395,20201021,-9999,    9
 17626, 95395,20201022,-9999,    9
 17626, 95395,20201023,-9999,    9
 17626, 95395,20201024,-9999,    9
 17626, 95395,20201025,-9999,    9
 17626, 95395,20201026,-9999,    9
 17626, 95395,20201027,-9999,    9
 17626, 95395,20201028,-9999,    9
 17626, 95395,20201029,-9999,    9
 17626, 95395,20201030,-9999,    9
 17626, 95395,20201031,-9999,    9
 17626, 95395,20201101,-9999,    9
 17626, 95395,20201102,-9999,    9
 17626, 95395,20201103,-9999,    9
 17626, 95395,20201104,-9999,    9
 17626, 95395,20201105,-9999,    9
 17626, 95395,20201106,-9999,    9
 17626, 95395,20201107,-9999,    9
 17626, 95395,20201108,-9999,    9
 17626, 95395,20201109,-9999,    9
 17626, 95395,20201110,-9999,    9
 17626, 95395,20201111,-9999,    9
 17626, 95395,20201112,-9999,    9
 17626, 95395,20201113,-9999,    9
 17626, 95395,20201114,-9999,    9
 17626, 95395,20201115,-9999,    9
 17626, 95395,20201116,-9999,    9
 17626, 95395,20201117,-9999,    9
 17626, 95395,20201118,-9999,    9
 17626, 95395,20201119,-9999,    9
 17626, 95395,20201120,-9999,    9
 17626, 95395,20201121,-9999,    9
 17626, 95395,20201122,-9999,    9
 17626, 95395,20201123,-9999,    9
 17626, 95395,20201124,-9999,    9
 17626, 95395,20201125,-9999,    9
 17626, 95395,20201126,-9999,    9
 17626, 95395,20201127,-9999,    9
 17626, 95395,20201128,-9999,    9
 17626, 95395,20201129,-9999,    9
 17626, 95395,20201130,-9999,    9
 17626, 95395,20201201,-9999,    9
 17626, 95395,20201202,-9999,    9
 17626, 95395,20201203,-9999,    9
 17626, 95395,20201204,-9999,    9
 17626, 95395,20201205,-9999,    9
 17626, 95395,20201206,-9999,    9
 17626, 95395,20201207,-9999,    9
 17626, 95395,20201208,-9999,    9
 17626, 95395,20201209,-9999,    9
 17626, 95395,20201210,-9999,    9
 17626, 95395,20201211,-9999,    9
 17626, 95395,20201212,-9999,    9
 17626, 95395,20201213,-9999,    9
 17626, 95395,20201214,-9999,    9
 17626, 95395,20201215,-9999,    9
 17626, 95395,20201216,-9999,    9
 17626, 95395,20201217,-9999,    9
 17626, 95395,20201218,-9999,    9
 17626, 95395,20201219,-9999,    9
 17626, 95395,20201220,-9999,    9
 17626, 95395,20201221,-9999,    9
 17626, 95395,20201222,-9999,    9
 17626, 95395,20201223,-9999,    9
 17626, 95395,20201224,-9999,    9
 17626, 95395,20201225,-9999,    9
 17626, 95395,20201226,-9999,    9
 17626, 95395,20201227,-9999,    9
 17626, 95395,20201228,-9999,    9
 17626, 95395,20201229,-9999,    9
 17626, 95395,20201230,-9999,    9
 17626, 95395,20201231,-9999,    9
 17626, 95395,20210101,-9999,    9
 17626, 95395,20210102,-9999,    9
 17626, 95395,20210103,-9999,    9
 17626, 95395,20210104,-9999,    9
 17626, 95395,20210105,-9999,    9
 17626, 95395,20210106,-9999,    9
 17626, 95395,20210107,-9999,    9
 17626, 95395,20210108,-9999,    9
 17626, 95395,20210109,-9999,    9
 17626, 95395,20210110,-9999,    9
 17626, 95395,20210111,-9999,    9
 17626, 95395,20210112,-9999,    9
 17626, 95395,20210113,-9999,    9
 17626, 95395,20210114,-9999,    9
 17626, 95395,20210115,-9999,    9
 17626, 95395,20210116,-9999,    9
 17626, 95395,20210117,-9999,    9
 17626, 95395,20210118,-9999,    9
 17626, 95395,20210119,-9999,    9
 17626, 95395,20210120,-9999,    9
 17626, 95395,20210121,-9999,    9
 17626, 95395,20210122,-9999,    9
 17626, 95395,20210123,-9999,    9
 17626, 95395,20210124,-9999,    9
 17626, 95395,20210125,-9999,    9
 17626, 95395,20210126,-9999,    9
 17626, 95395,20210127,-9999,    9
 17626, 95395,20210128,-9999,    9
 17626, 95395,20210129,-9999,    9
 17626, 95395,20210130,-9999,    9
 17626, 95395,20210131,-9999,    9
 17626, 95395,20210201,-9999,    9
 17626, 95395,20210202,-9999,    9
 17626, 95395,20210203,-9999,    9
 17626, 95395,20210204,-9999,    9
 17626, 95395,20210205,-9999,    9
 17626, 95395,20210206,-9999,    9
 17626, 95395,20210207,-9999,    9
 17626, 95395,20210208,-9999,    9
 17626, 95395,20210209,-9999,    9
 17626, 95395,20210210,-9999,    9
 17626, 95395,20210211,-9999,    9
 17626, 95395,20210212,-9999,    9
 17626, 95395,20210213,-9999,    9
 17626, 95395,20210214,-9999,    9
 17626, 95395,20210215,-9999,    9
 17626, 95395,20210216,-9999,    9
 17626, 95395,20210217,-9999,    9
 17626, 95395,20210218,-9999,    9
 17626, 95395,20210219,-9999,    9
 17626, 95395,20210220,-9999,    9
 17626, 95395,20210221,-9999,    9
 17626, 95395,20210222,-9999,    9
 17626, 95395,20210223,-9999,    9
 17626, 95395,20210224,-9999,    9
 17626, 95395,20210225,-9999,    9
 17626, 95395,20210226,-9999,    9
 17626, 95395,20210227,-9999,    9
 17626, 95395,20210228,-9999,    9
 17626, 95395,20210301,-9999,    9
 17626, 95395,20210302,-9999,    9
 17626, 95395,20210303,-9999,    9
 17626, 95395,20210304,-9999,    9
 17626, 95395,20210305,-9999,    9
 17626, 95395,20210306,-9999,    9
 17626, 95395,20210307,-9999,    9
 17626, 95395,20210308,-9999,    9
 17626, 95395,20210309,-9999,    9
 17626, 95395,20210310,-9999,    9
 17626, 95395,20210311,-9999,    9
 17626, 95395,20210312,-9999,    9
 17626, 95395,20210313,-9999,    9
 17626, 95395,20210314,-9999,    9
 17626, 95395,20210315,-9999,    9
 17626, 95395,20210316,-9999,    9
 17626, 95395,20210317,-9999,    9
 17626, 95395,20210318,-9999,    9
 17626, 95395,20210319,-9999,    9
 17626, 95395,20210320,-9999,    9
 17626, 95395,20210321,-9999,    9
 17626, 95395,20210322,-9999,    9
 17626, 95395,20210323,-9999,    9
 17626, 95395,20210324,-9999,    9
 17626, 95395,20210325,-9999,    9
 17626, 95395,20210326,-9999,    9
 17626, 95395,20210327,-9999,    9
 17626, 95395,20210328,-9999,    9
 17626, 95395,20210329,-9999,    9
 17626, 95395,20210330,-9999,    9
 17626, 95395,20210331,-9999,    9
 17626, 95395,20210401,-9999,    9
 17626, 95395,20210402,-9999,    9
 17626, 95395,20210403,-9999,    9
 17626, 95395,20210404,-9999,    9
 17626, 95395,20210405,-9999,    9
 17626, 95395,20210406,-9999,    9
 17626, 95395,20210407,-9999,    9
 17626, 95395,20210408,-9999,    9
 17626, 95395,20210409,-9999,    9
 17626, 95395,20210410,-9999,    9
 17626, 95395,20210411,-9999,    9
 17626, 95395,20210412,-9999,    9
 17626, 95395,20210413,-9999,    9
 17626, 95395,20210414,-9999,    9
 17626, 95395,20210415,-9999,    9
 17626, 95395,20210416,-9999,    9
 17626, 95395,20210417,-9999,    9
 17626, 95395,20210418,-9999,    9
 17626, 95395,20210419,-9999,    9
 17626, 95395,20210420,-9999,    9
 17626, 95395,20210421,-9999,    9
 17626, 95395,20210422,-9999,    9
 17626, 95395,20210423,-9999,    9
 17626, 95395,20210424,-9999,    9
 17626, 95395,20210425,-9999,    9
 17626, 95395,20210426,-9999,    9
 17626, 95395,20210427,-9999,    9
 17626, 95395,20210428,-9999,    9
 17626, 95395,20210429,-9999,    9
 17626, 95395,20210430,-9999,    9
 17626, 95395,20210501,-9999,    9
 17626, 95395,20210502,-9999,    9
 17626, 95395,20210503,-9999,    9
 17626, 95395,20210504,-9999,    9
 17626, 95395,20210505,-9999,    9
 17626, 95395,20210506,-9999,    9
 17626, 95395,20210507,-9999,    9
 17626, 95395,20210508,-9999,    9
 17626, 95395,20210509,-9999,    9
 17626, 95395,20210510,-9999,    9
 17626, 95395,20210511,-9999,    9
 17626, 95395,20210512,-9999,    9
 17626, 95395,20210513,-9999,    9
 17626, 95395,20210514,-9999,    9
 17626, 95395,20210515,-9999,    9
 17626, 95395,20210516,-9999,    9
 17626, 95395,20210517,-9999,    9
 17626, 95395,20210518,-9999,    9
 17626, 95395,20210519,-9999,    9
 17626, 95395,20210520,-9999,    9
 17626, 95395,20210521,-9999,    9
 17626, 95395,20210522,-9999,    9
 17626, 95395,20210523,-9999,    9
 17626, 95395,20210524,-9999,    9
 17626, 95395,20210525,-9999,    9
 17626, 95395,20210526,-9999,    9
 17626, 95395,20210527,-9999,    9
 17626, 95395,20210528,-9999,    9
 17626, 95395,20210529,-9999,    9
 17626, 95395,20210530,-9999,    9
 17626, 95395,20210531,-9999,    9
 17626, 95395,20210601,-9999,    9
 17626, 95395,20210602,-9999,    9
 17626, 95395,20210603,-9999,    9
 17626, 95395,20210604,-9999,    9
 17626, 95395,20210605,-9999,    9
 17626, 95395,20210606,-9999,    9
 17626, 95395,20210607,-9999,    9
 17626, 95395,20210608,-9999,    9
 17626, 95395,20210609,-9999,    9
 17626, 95395,20210610,-9999,    9
 17626, 95395,20210611,-9999,    9
 17626, 95395,20210612,-9999,    9
 17626, 95395,20210613,-9999,    9
 17626, 95395,20210614,-9999,    9
 17626, 95395,20210615,-9999,    9
 17626, 95395,20210616,-9999,    9
 17626, 95395,20210617,-9999,    9
 17626, 95395,20210618,-9999,    9
 17626, 95395,20210619,-9999,    9
 17626, 95395,20210620,-9999,    9
 17626, 95395,20210621,-9999,    9
 17626, 95395,20210622,-9999,    9
 17626, 95395,20210623,-9999,    9
 17626, 95395,20210624,-9999,    9
 17626, 95395,20210625,-9999,    9
 17626, 95395,20210626,-9999,    9
 17626, 95395,20210627,-9999,    9
 17626, 95395,20210628,-9999,    9
 17626, 95395,20210629,-9999,    9
 17626, 95395,20210630,-9999,    9
 17626, 95395,20210701,-9999,    9
 17626, 95395,20210702,-9999,    9
 17626, 95395,20210703,-9999,    9
 17626, 95395,20210704,-9999,    9
 17626, 95395,20210705,-9999,    9
 17626, 95395,20210706,-9999,    9
 17626, 95395,20210707,-9999,    9
 17626, 95395,20210708,-9999,    9
 17626, 95395,20210709,-9999,    9
 17626, 95395,20210710,-9999,    9
 17626, 95395,20210711,-9999,    9
 17626, 95395,20210712,-9999,    9
 17626, 95395,20210713,-9999,    9
 17626, 95395,20210714,-9999,    9
 17626, 95395,20210715,-9999,    9
 17626, 95395,20210716,-9999,    9
 17626, 95395,20210717,-9999,    9
 17626, 95395,20210718,-9999,    9
 17626, 95395,20210719,-9999,    9
 17626, 95395,20210720,-9999,    9
 17626, 95395,20210721,-9999,    9
 17626, 95395,20210722,-9999,    9
 17626, 95395,20210723,-9999,    9
 17626, 95395,20210724,-9999,    9
 17626, 95395,20210725,-9999,    9
 17626, 95395,20210726,-9999,    9
 17626, 95395,20210727,-9999,    9
 17626, 95395,20210728,-9999,    9
 17626, 95395,20210729,-9999,    9
 17626, 95395,20210730,-9999,    9
 17626, 95395,20210731,-9999,    9
 17626, 95395,20210801,-9999,    9
 17626, 95395,20210802,-9999,    9
 17626, 95395,20210803,-9999,    9
 17626, 95395,20210804,-9999,    9
 17626, 95395,20210805,-9999,    9
 17626, 95395,20210806,-9999,    9
 17626, 95395,20210807,-9999,    9
 17626, 95395,20210808,-9999,    9
 17626, 95395,20210809,-9999,    9
 17626, 95395,20210810,-9999,    9
 17626, 95395,20210811,-9999,    9
 17626, 95395,20210812,-9999,    9
 17626, 95395,20210813,-9999,    9
 17626, 95395,20210814,-9999,    9
 17626, 95395,20210815,-9999,    9
 17626, 95395,20210816,-9999,    9
 17626, 95395,20210817,-9999,    9
 17626, 95395,20210818,-9999,    9
 17626, 95395,20210819,-9999,    9
 17626, 95395,20210820,-9999,    9
 17626, 95395,20210821,-9999,    9
 17626, 95395,20210822,-9999,    9
 17626, 95395,20210823,-9999,    9
 17626, 95395,20210824,-9999,    9
 17626, 95395,20210825,-9999,    9
 17626, 95395,20210826,-9999,    9
 17626, 95395,20210827,-9999,    9
 17626, 95395,20210828,-9999,    9
 17626, 95395,20210829,-9999,    9
 17626, 95395,20210830,-9999,    9
 17626, 95395,20210831,-9999,    9
 17626, 95395,20210901,-9999,    9
 17626, 95395,20210902,-9999,    9
 17626, 95395,20210903,-9999,    9
 17626, 95395,20210904,-9999,    9
 17626, 95395,20210905,-9999,    9
 17626, 95395,20210906,-9999,    9
 17626, 95395,20210907,-9999,    9
 17626, 95395,20210908,-9999,    9
 17626, 95395,20210909,-9999,    9
 17626, 95395,20210910,-9999,    9
 17626, 95395,20210911,-9999,    9
 17626, 95395,20210912,-9999,    9
 17626, 95395,20210913,-9999,    9
 17626, 95395,20210914,-9999,    9
 17626, 95395,20210915,-9999,    9
 17626, 95395,20210916,-9999,    9
 17626, 95395,20210917,-9999,    9
 17626, 95395,20210918,-9999,    9
 17626, 95395,20210919,-9999,    9
 17626, 95395,20210920,-9999,    9
 17626, 95395,20210921,-9999,    9
 17626, 95395,20210922,-9999,    9
 17626, 95395,20210923,-9999,    9
 17626, 95395,20210924,-9999,    9
 17626, 95395,20210925,-9999,    9
 17626, 95395,20210926,-9999,    9
 17626, 95395,20210927,-9999,    9
 17626, 95395,20210928,-9999,    9
 17626, 95395,20210929,-9999,    9
 17626, 95395,20210930,-9999,    9
 17626, 95395,20211001,-9999,    9
 17626, 95395,20211002,-9999,    9
 17626, 95395,20211003,-9999,    9
 17626, 95395,20211004,-9999,    9
 17626, 95395,20211005,-9999,    9
 17626, 95395,20211006,-9999,    9
 17626, 95395,20211007,-9999,    9
 17626, 95395,20211008,-9999,    9
 17626, 95395,20211009,-9999,    9
 17626, 95395,20211010,-9999,    9
 17626, 95395,20211011,-9999,    9
 17626, 95395,20211012,-9999,    9
 17626, 95395,20211013,-9999,    9
 17626, 95395,20211014,-9999,    9
 17626, 95395,20211015,-9999,    9
 17626, 95395,20211016,-9999,    9
 17626, 95395,20211017,-9999,    9
 17626, 95395,20211018,-9999,    9
 17626, 95395,20211019,-9999,    9
 17626, 95395,20211020,-9999,    9
 17626, 95395,20211021,-9999,    9
 17626, 95395,20211022,-9999,    9
 17626, 95395,20211023,-9999,    9
 17626, 95395,20211024,-9999,    9
 17626, 95395,20211025,-9999,    9
 17626, 95395,20211026,-9999,    9
 17626, 95395,20211027,-9999,    9
 17626, 95395,20211028,-9999,    9
 17626, 95395,20211029,-9999,    9
 17626, 95395,20211030,-9999,    9
 17626, 95395,20211031,-9999,    9
 17626, 95395,20211101,-9999,    9
 17626, 95395,20211102,-9999,    9
 17626, 95395,20211103,-9999,    9
 17626, 95395,20211104,-9999,    9
 17626, 95395,20211105,-9999,    9
 17626, 95395,20211106,-9999,    9
 17626, 95395,20211107,-9999,    9
 17626, 95395,20211108,-9999,    9
 17626, 95395,20211109,-9999,    9
 17626, 95395,20211110,-9999,    9
 17626, 95395,20211111,-9999,    9
 17626, 95395,20211112,-9999,    9
 17626, 95395,20211113,-9999,    9
 17626, 95395,20211114,-9999,    9
 17626, 95395,20211115,-9999,    9
 17626, 95395,20211116,-9999,    9
 17626, 95395,20211117,-9999,    9
 17626, 95395,20211118,-9999,    9
 17626, 95395,20211119,-9999,    9
 17626, 95395,20211120,-9999,    9
 17626, 95395,20211121,-9999,    9
 17626, 95395,20211122,-9999,    9
 17626, 95395,20211123,-9999,    9
 17626, 95395,20211124,-9999,    9
 17626, 95395,20211125,-9999,    9
 17626, 95395,20211126,-9999,    9
 17626, 95395,20211127,-9999,    9
 17626, 95395,20211128,-9999,    9
 17626, 95395,20211129,-9999,    9
 17626, 95395,20211130,-9999,    9
 17626, 95395,20211201,-9999,    9
 17626, 95395,20211202,-9999,    9
 17626, 95395,20211203,-9999,    9
 17626, 95395,20211204,-9999,    9
 17626, 95395,20211205,-9999,    9
 17626, 95395,20211206,-9999,    9
 17626, 95395,20211207,-9999,    9
 17626, 95395,20211208,-9999,    9
 17626, 95395,20211209,-9999,    9
 17626, 95395,20211210,-9999,    9
 17626, 95395,20211211,-9999,    9
 17626, 95395,20211212,-9999,    9
 17626, 95395,20211213,-9999,    9
 17626, 95395,20211214,-9999,    9
 17626, 95395,20211215,-9999,    9
 17626, 95395,20211216,-9999,    9
 17626, 95395,20211217,-9999,    9
 17626, 95395,20211218,-9999,    9
 17626, 95395,20211219,-9999,    9
 17626, 95395,20211220,-9999,    9
 17626, 95395,20211221,-9999,    9
 17626, 95395,20211222,-9999,    9
 17626, 95395,20211223,-9999,    9
 17626, 95395,20211224,-9999,    9
 17626, 95395,20211225,-9999,    9
 17626, 95395,20211226,-9999,    9
 17626, 95395,20211227,-9999,    9
 17626, 95395,20211228,-9999,    9
 17626, 95395,20211229,-9999,    9
 17626, 95395,20211230,-9999,    9
 17626, 95395,20211231,-9999,    9
 17626, 95395,20220101,-9999,    9
 17626, 95395,20220102,-9999,    9
 17626, 95395,20220103,-9999,    9
 17626, 95395,20220104,-9999,    9
 17626, 95395,20220105,-9999,    9
 17626, 95395,20220106,-9999,    9
 17626, 95395,20220107,-9999,    9
 17626, 95395,20220108,-9999,    9
 17626, 95395,20220109,-9999,    9
 17626, 95395,20220110,-9999,    9
 17626, 95395,20220111,-9999,    9
 17626, 95395,20220112,-9999,    9
 17626, 95395,20220113,-9999,    9
 17626, 95395,20220114,-9999,    9
 17626, 95395,20220115,-9999,    9
 17626, 95395,20220116,-9999,    9
 17626, 95395,20220117,-9999,    9
 17626, 95395,20220118,-9999,    9
 17626, 95395,20220119,-9999,    9
 17626, 95395,20220120,-9999,    9
 17626, 95395,20220121,-9999,    9
 17626, 95395,20220122,-9999,    9
 17626, 95395,20220123,-9999,    9
 17626, 95395,20220124,-9999,    9
 17626, 95395,20220125,-9999,    9
 17626, 95395,20220126,-9999,    9
 17626, 95395,20220127,-9999,    9
 17626, 95395,20220128,-9999,    9
 17626, 95395,20220129,-9999,    9
 17626, 95395,20220130,-9999,    9
 17626, 95395,20220131,-9999,    9
 17626, 95395,20220201,-9999,    9
 17626, 95395,20220202,-9999,    9
 17626, 95395,20220203,-9999,    9
 17626, 95395,20220204,-9999,    9
 17626, 95395,20220205,-9999,    9
 17626, 95395,20220206,-9999,    9
 17626, 95395,20220207,-9999,    9
 17626, 95395,20220208,-9999,    9
 17626, 95395,20220209,-9999,    9
 17626, 95395,20220210,-9999,    9
 17626, 95395,20220211,-9999,    9
 17626, 95395,20220212,-9999,    9
 17626, 95395,20220213,-9999,    9
 17626, 95395,20220214,-9999,    9
 17626, 95395,20220215,-9999,    9
 17626, 95395,20220216,-9999,    9
 17626, 95395,20220217,-9999,    9
 17626, 95395,20220218,-9999,    9
 17626, 95395,20220219,-9999,    9
 17626, 95395,20220220,-9999,    9
 17626, 95395,20220221,-9999,    9
 17626, 95395,20220222,-9999,    9
 17626, 95395,20220223,-9999,    9
 17626, 95395,20220224,-9999,    9
 17626, 95395,20220225,-9999,    9
 17626, 95395,20220226,-9999,    9
 17626, 95395,20220227,-9999,    9
 17626, 95395,20220228,-9999,    9
 17626, 95395,20220301,-9999,    9
 17626, 95395,20220302,-9999,    9
 17626, 95395,20220303,-9999,    9
 17626, 95395,20220304,-9999,    9
 17626, 95395,20220305,-9999,    9
 17626, 95395,20220306,-9999,    9
 17626, 95395,20220307,-9999,    9
 17626, 95395,20220308,-9999,    9
 17626, 95395,20220309,-9999,    9
 17626, 95395,20220310,-9999,    9
 17626, 95395,20220311,-9999,    9
 17626, 95395,20220312,-9999,    9
 17626, 95395,20220313,-9999,    9
 17626, 95395,20220314,-9999,    9
 17626, 95395,20220315,-9999,    9
 17626, 95395,20220316,-9999,    9
 17626, 95395,20220317,-9999,    9
 17626, 95395,20220318,-9999,    9
 17626, 95395,20220319,-9999,    9
 17626, 95395,20220320,-9999,    9
 17626, 95395,20220321,-9999,    9
 17626, 95395,20220322,-9999,    9
 17626, 95395,20220323,-9999,    9
 17626, 95395,20220324,-9999,    9
 17626, 95395,20220325,-9999,    9
 17626, 95395,20220326,-9999,    9
 17626, 95395,20220327,-9999,    9
 17626, 95395,20220328,-9999,    9
 17626, 95395,20220329,-9999,    9
 17626, 95395,20220330,-9999,    9
 17626, 95395,20220331,-9999,    9
 17626, 95395,20220401,-9999,    9
 17626, 95395,20220402,-9999,    9
 17626, 95395,20220403,-9999,    9
 17626, 95395,20220404,-9999,    9
 17626, 95395,20220405,-9999,    9
 17626, 95395,20220406,-9999,    9
 17626, 95395,20220407,-9999,    9
 17626, 95395,20220408,-9999,    9
 17626, 95395,20220409,-9999,    9
 17626, 95395,20220410,-9999,    9
 17626, 95395,20220411,-9999,    9
 17626, 95395,20220412,-9999,    9
 17626, 95395,20220413,-9999,    9
 17626, 95395,20220414,-9999,    9
 17626, 95395,20220415,-9999,    9
 17626, 95395,20220416,-9999,    9
 17626, 95395,20220417,-9999,    9
 17626, 95395,20220418,-9999,    9
 17626, 95395,20220419,-9999,    9
 17626, 95395,20220420,-9999,    9
 17626, 95395,20220421,-9999,    9
 17626, 95395,20220422,-9999,    9
 17626, 95395,20220423,-9999,    9
 17626, 95395,20220424,-9999,    9
 17626, 95395,20220425,-9999,    9
 17626, 95395,20220426,-9999,    9
 17626, 95395,20220427,-9999,    9
 17626, 95395,20220428,-9999,    9
 17626, 95395,20220429,-9999,    9
 17626, 95395,20220430,-9999,    9
 17626, 95395,20220501,-9999,    9
 17626, 95395,20220502,-9999,    9
 17626, 95395,20220503,-9999,    9
 17626, 95395,20220504,-9999,    9
 17626, 95395,20220505,-9999,    9
 17626, 95395,20220506,-9999,    9
 17626, 95395,20220507,-9999,    9
 17626, 95395,20220508,-9999,    9
 17626, 95395,20220509,-9999,    9
 17626, 95395,20220510,-9999,    9
 17626, 95395,20220511,-9999,    9
 17626, 95395,20220512,-9999,    9
 17626, 95395,20220513,-9999,    9
 17626, 95395,20220514,-9999,    9
 17626, 95395,20220515,-9999,    9
 17626, 95395,20220516,-9999,    9
 17626, 95395,20220517,-9999,    9
 17626, 95395,20220518,-9999,    9
 17626, 95395,20220519,-9999,    9
 17626, 95395,20220520,-9999,    9
 17626, 95395,20220521,-9999,    9
 17626, 95395,20220522,-9999,    9
 17626, 95395,20220523,-9999,    9
 17626, 95395,20220524,-9999,    9
 17626, 95395,20220525,-9999,    9
 17626, 95395,20220526,-9999,    9
 17626, 95395,20220527,-9999,    9
 17626, 95395,20220528,-9999,    9
 17626, 95395,20220529,-9999,    9
 17626, 95395,20220530,-9999,    9
 17626, 95395,20220531,-9999,    9
 17626, 95395,20220601,-9999,    9
 17626, 95395,20220602,-9999,    9
 17626, 95395,20220603,-9999,    9
 17626, 95395,20220604,-9999,    9
 17626, 95395,20220605,-9999,    9
 17626, 95395,20220606,-9999,    9
 17626, 95395,20220607,-9999,    9
 17626, 95395,20220608,-9999,    9
 17626, 95395,20220609,-9999,    9
 17626, 95395,20220610,-9999,    9
 17626, 95395,20220611,-9999,    9
 17626, 95395,20220612,-9999,    9
 17626, 95395,20220613,-9999,    9
 17626, 95395,20220614,-9999,    9
 17626, 95395,20220615,-9999,    9
 17626, 95395,20220616,-9999,    9
 17626, 95395,20220617,-9999,    9
 17626, 95395,20220618,-9999,    9
 17626, 95395,20220619,-9999,    9
 17626, 95395,20220620,-9999,    9
 17626, 95395,20220621,-9999,    9
 17626, 95395,20220622,-9999,    9
 17626, 95395,20220623,-9999,    9
 17626, 95395,20220624,-9999,    9
 17626, 95395,20220625,-9999,    9
 17626, 95395,20220626,-9999,    9
 17626, 95395,20220627,-9999,    9
 17626, 95395,20220628,-9999,    9
 17626, 95395,20220629,-9999,    9
 17626, 95395,20220630,-9999,    9
 17626, 95395,20220701,-9999,    9
 17626, 95395,20220702,-9999,    9
 17626, 95395,20220703,-9999,    9
 17626, 95395,20220704,-9999,    9
 17626, 95395,20220705,-9999,    9
 17626, 95395,20220706,-9999,    9
 17626, 95395,20220707,-9999,    9
 17626, 95395,20220708,-9999,    9
 17626, 95395,20220709,-9999,    9
 17626, 95395,20220710,-9999,    9
 17626, 95395,20220711,-9999,    9
 17626, 95395,20220712,-9999,    9
 17626, 95395,20220713,-9999,    9
 17626, 95395,20220714,-9999,    9
 17626, 95395,20220715,-9999,    9
 17626, 95395,20220716,-9999,    9
 17626, 95395,20220717,-9999,    9
 17626, 95395,20220718,-9999,    9
 17626, 95395,20220719,-9999,    9
 17626, 95395,20220720,-9999,    9
 17626, 95395,20220721,-9999,    9
 17626, 95395,20220722,-9999,    9
 17626, 95395,20220723,-9999,    9
 17626, 95395,20220724,-9999,    9
 17626, 95395,20220725,-9999,    9
 17626, 95395,20220726,-9999,    9
 17626, 95395,20220727,-9999,    9
 17626, 95395,20220728,-9999,    9
 17626, 95395,20220729,-9999,    9
 17626, 95395,20220730,-9999,    9
 17626, 95395,20220731,-9999,    9
 17626, 95395,20220801,-9999,    9
 17626, 95395,20220802,-9999,    9
 17626, 95395,20220803,-9999,    9
 17626, 95395,20220804,-9999,    9
 17626, 95395,20220805,-9999,    9
 17626, 95395,20220806,-9999,    9
 17626, 95395,20220807,-9999,    9
 17626, 95395,20220808,-9999,    9
 17626, 95395,20220809,-9999,    9
 17626, 95395,20220810,-9999,    9
 17626, 95395,20220811,-9999,    9
 17626, 95395,20220812,-9999,    9
 17626, 95395,20220813,-9999,    9
 17626, 95395,20220814,-9999,    9
 17626, 95395,20220815,-9999,    9
 17626, 95395,20220816,-9999,    9
 17626, 95395,20220817,-9999,    9
 17626, 95395,20220818,-9999,    9
 17626, 95395,20220819,-9999,    9
 17626, 95395,20220820,-9999,    9
 17626, 95395,20220821,-9999,    9
 17626, 95395,20220822,-9999,    9
 17626, 95395,20220823,-9999,    9
 17626, 95395,20220824,-9999,    9
 17626, 95395,20220825,-9999,    9
 17626, 95395,20220826,-9999,    9
 17626, 95395,20220827,-9999,    9
 17626, 95395,20220828,-9999,    9
 17626, 95395,20220829,-9999,    9
 17626, 95395,20220830,-9999,    9
 17626, 95395,20220831,-9999,    9
 17626, 95395,20220901,-9999,    9
 17626, 95395,20220902,-9999,    9
 17626, 95395,20220903,-9999,    9
 17626, 95395,20220904,-9999,    9
 17626, 95395,20220905,-9999,    9
 17626, 95395,20220906,-9999,    9
 17626, 95395,20220907,-9999,    9
 17626, 95395,20220908,-9999,    9
 17626, 95395,20220909,-9999,    9
 17626, 95395,20220910,-9999,    9
 17626, 95395,20220911,-9999,    9
 17626, 95395,20220912,-9999,    9
 17626, 95395,20220913,-9999,    9
 17626, 95395,20220914,-9999,    9
 17626, 95395,20220915,-9999,    9
 17626, 95395,20220916,-9999,    9
 17626, 95395,20220917,-9999,    9
 17626, 95395,20220918,-9999,    9
 17626, 95395,20220919,-9999,    9
 17626, 95395,20220920,-9999,    9
 17626, 95395,20220921,-9999,    9
 17626, 95395,20220922,-9999,    9
 17626, 95395,20220923,-9999,    9
 17626, 95395,20220924,-9999,    9
 17626, 95395,20220925,-9999,    9
 17626, 95395,20220926,-9999,    9
 17626, 95395,20220927,-9999,    9
 17626, 95395,20220928,-9999,    9
 17626, 95395,20220929,-9999,    9
 17626, 95395,20220930,-9999,    9
 17626, 95395,20221001,-9999,    9
 17626, 95395,20221002,-9999,    9
 17626, 95395,20221003,-9999,    9
 17626, 95395,20221004,-9999,    9
 17626, 95395,20221005,-9999,    9
 17626, 95395,20221006,-9999,    9
 17626, 95395,20221007,-9999,    9
 17626, 95395,20221008,-9999,    9
 17626, 95395,20221009,-9999,    9
 17626, 95395,20221010,-9999,    9
 17626, 95395,20221011,-9999,    9
 17626, 95395,20221012,-9999,    9
 17626, 95395,20221013,-9999,    9
 17626, 95395,20221014,-9999,    9
 17626, 95395,20221015,-9999,    9
 17626, 95395,20221016,-9999,    9
 17626, 95395,20221017,-9999,    9
 17626, 95395,20221018,-9999,    9
 17626, 95395,20221019,-9999,    9
 17626, 95395,20221020,-9999,    9
 17626, 95395,20221021,-9999,    9
 17626, 95395,20221022,-9999,    9
 17626, 95395,20221023,-9999,    9
 17626, 95395,20221024,-9999,    9
 17626, 95395,20221025,-9999,    9
 17626, 95395,20221026,-9999,    9
 17626, 95395,20221027,-9999,    9
 17626, 95395,20221028,-9999,    9
 17626, 95395,20221029,-9999,    9
 17626, 95395,20221030,-9999,    9
 17626, 95395,20221031,-9999,    9
