EUROPEAN CLIMATE ASSESSMENT & DATASET (ECA&D), file created on: 16-11-2022
THESE DATA CAN BE USED FOR NON-COMMERCIAL RESEARCH AND EDUCATION PROVIDED THAT THE FOLLOWING SOURCE IS ACKNOWLEDGED: 

Klein Tank, A.M.G. and Coauthors, 2002. Daily dataset of 20th-century surface
air temperature and precipitation series for the European Climate Assessment.
Int. J. of Climatol., 22, 1441-1453.
Data and metadata available at http://www.ecad.eu

FILE FORMAT (MISSING VALUE CODE = -9999):

01-06 STAID: Station identifier
08-13 SOUID: Source identifier
15-22 DATE : Date YYYYMMDD
24-28 RR   : Precipitation amount in 0.1 mm
30-34 Q_RR : quality code for RR (0='valid'; 1='suspect'; 9='missing')

This is the blended series of station SKREDDERDALEN, NORWAY (STAID: 18136)
Blended and updated with sources:101392 
See files sources.txt and stations.txt for more info.

STAID, SOUID,    DATE,   RR, Q_RR
 18136,101392,20160731,-9999,    9
 18136,101392,20160801,-9999,    9
 18136,101392,20160802,-9999,    9
 18136,101392,20160803,-9999,    9
 18136,101392,20160804,-9999,    9
 18136,101392,20160805,-9999,    9
 18136,101392,20160806,-9999,    9
 18136,101392,20160807,-9999,    9
 18136,101392,20160808,-9999,    9
 18136,101392,20160809,-9999,    9
 18136,101392,20160810,-9999,    9
 18136,101392,20160811,-9999,    9
 18136,101392,20160812,-9999,    9
 18136,101392,20160813,-9999,    9
 18136,101392,20160814,-9999,    9
 18136,101392,20160815,-9999,    9
 18136,101392,20160816,    0,    0
 18136,101392,20160817,    3,    0
 18136,101392,20160818,    0,    0
 18136,101392,20160819,    0,    0
 18136,101392,20160820,   26,    0
 18136,101392,20160821,    0,    0
 18136,101392,20160822,    3,    0
 18136,101392,20160823,    0,    0
 18136,101392,20160824,  302,    0
 18136,101392,20160825,   69,    0
 18136,101392,20160826,  509,    0
 18136,101392,20160827,   45,    0
 18136,101392,20160828,   25,    0
 18136,101392,20160829,   86,    0
 18136,101392,20160830,  214,    0
 18136,101392,20160831,   95,    0
 18136,101392,20160901,  136,    0
 18136,101392,20160902,  164,    0
 18136,101392,20160903,  181,    0
 18136,101392,20160904,    1,    0
 18136,101392,20160905,    8,    0
 18136,101392,20160906,   93,    0
 18136,101392,20160907,   16,    0
 18136,101392,20160908,    5,    0
 18136,101392,20160909,  195,    0
 18136,101392,20160910,  182,    0
 18136,101392,20160911,    0,    0
 18136,101392,20160912,    0,    0
 18136,101392,20160913,    0,    0
 18136,101392,20160914,    0,    0
 18136,101392,20160915,    0,    0
 18136,101392,20160916,   74,    0
 18136,101392,20160917,    0,    0
 18136,101392,20160918,    0,    0
 18136,101392,20160919,    4,    0
 18136,101392,20160920,    0,    0
 18136,101392,20160921,    0,    0
 18136,101392,20160922,   84,    0
 18136,101392,20160923,    5,    0
 18136,101392,20160924,    6,    0
 18136,101392,20160925,  149,    0
 18136,101392,20160926,  308,    0
 18136,101392,20160927,  633,    0
 18136,101392,20160928,   82,    0
 18136,101392,20160929,  166,    0
 18136,101392,20160930,  156,    0
 18136,101392,20161001,   30,    0
 18136,101392,20161002,    1,    0
 18136,101392,20161003,    0,    0
 18136,101392,20161004,    0,    0
 18136,101392,20161005,    0,    0
 18136,101392,20161006,    0,    0
 18136,101392,20161007,    0,    0
 18136,101392,20161008,    0,    0
 18136,101392,20161009,    0,    0
 18136,101392,20161010,    0,    0
 18136,101392,20161011,    0,    0
 18136,101392,20161012,    0,    0
 18136,101392,20161013,    0,    0
 18136,101392,20161014,    0,    0
 18136,101392,20161015,    0,    0
 18136,101392,20161016,    0,    0
 18136,101392,20161017,   27,    0
 18136,101392,20161018,    4,    0
 18136,101392,20161019,    0,    0
 18136,101392,20161020,    0,    0
 18136,101392,20161021,    0,    0
 18136,101392,20161022,    0,    0
 18136,101392,20161023,    0,    0
 18136,101392,20161024,    0,    0
 18136,101392,20161025,    8,    0
 18136,101392,20161026,  184,    0
 18136,101392,20161027,  289,    0
 18136,101392,20161028,   56,    0
 18136,101392,20161029,   39,    0
 18136,101392,20161030,   52,    0
 18136,101392,20161031,  291,    0
 18136,101392,20161101,   45,    0
 18136,101392,20161102,    0,    0
 18136,101392,20161103,   37,    0
 18136,101392,20161104,  199,    0
 18136,101392,20161105,   10,    0
 18136,101392,20161106,    0,    0
 18136,101392,20161107,    0,    0
 18136,101392,20161108,    0,    0
 18136,101392,20161109,    0,    0
 18136,101392,20161110,    0,    0
 18136,101392,20161111,    0,    0
 18136,101392,20161112,  168,    0
 18136,101392,20161113,   59,    0
 18136,101392,20161114,  446,    0
 18136,101392,20161115,   63,    0
 18136,101392,20161116,  189,    0
 18136,101392,20161117,  120,    0
 18136,101392,20161118,  101,    0
 18136,101392,20161119,  121,    0
 18136,101392,20161120,    8,    0
 18136,101392,20161121,  131,    0
 18136,101392,20161122,  511,    0
 18136,101392,20161123,   54,    0
 18136,101392,20161124,  204,    0
 18136,101392,20161125,  354,    0
 18136,101392,20161126,   16,    0
 18136,101392,20161127,    0,    0
 18136,101392,20161128,    0,    0
 18136,101392,20161129,  122,    0
 18136,101392,20161130,  119,    0
 18136,101392,20161201,   20,    0
 18136,101392,20161202,    8,    0
 18136,101392,20161203,  149,    0
 18136,101392,20161204,   53,    0
 18136,101392,20161205,   29,    0
 18136,101392,20161206,   29,    0
 18136,101392,20161207,  362,    0
 18136,101392,20161208,   90,    0
 18136,101392,20161209,   74,    0
 18136,101392,20161210,   75,    0
 18136,101392,20161211,   14,    0
 18136,101392,20161212,  149,    0
 18136,101392,20161213,    5,    0
 18136,101392,20161214,    1,    0
 18136,101392,20161215,   14,    0
 18136,101392,20161216,  198,    0
 18136,101392,20161217,  178,    0
 18136,101392,20161218,   50,    0
 18136,101392,20161219,   91,    0
 18136,101392,20161220,   14,    0
 18136,101392,20161221,   78,    0
 18136,101392,20161222,   40,    0
 18136,101392,20161223,  333,    0
 18136,101392,20161224,   31,    0
 18136,101392,20161225,  122,    0
 18136,101392,20161226,   26,    0
 18136,101392,20161227,   36,    0
 18136,101392,20161228,   68,    0
 18136,101392,20161229,   84,    0
 18136,101392,20161230,  369,    0
 18136,101392,20161231,   90,    0
 18136,101392,20170101,   13,    0
 18136,101392,20170102,   94,    0
 18136,101392,20170103,  129,    0
 18136,101392,20170104,    0,    0
 18136,101392,20170105,    6,    0
 18136,101392,20170106,  215,    0
 18136,101392,20170107,    4,    0
 18136,101392,20170108,   96,    0
 18136,101392,20170109,  362,    0
 18136,101392,20170110,  234,    0
 18136,101392,20170111,  134,    0
 18136,101392,20170112,  250,    0
 18136,101392,20170113,   12,    0
 18136,101392,20170114,    0,    0
 18136,101392,20170115,    0,    0
 18136,101392,20170116,   25,    0
 18136,101392,20170117,  142,    0
 18136,101392,20170118,  394,    0
 18136,101392,20170119,   39,    0
 18136,101392,20170120,  118,    0
 18136,101392,20170121,    5,    0
 18136,101392,20170122,   27,    0
 18136,101392,20170123,   35,    0
 18136,101392,20170124,   75,    0
 18136,101392,20170125,   33,    0
 18136,101392,20170126,    0,    0
 18136,101392,20170127,    0,    0
 18136,101392,20170128,   70,    0
 18136,101392,20170129,  142,    0
 18136,101392,20170130,    0,    0
 18136,101392,20170131,    0,    0
 18136,101392,20170201,  175,    0
 18136,101392,20170202,    4,    0
 18136,101392,20170203,   34,    0
 18136,101392,20170204,   14,    0
 18136,101392,20170205,    0,    0
 18136,101392,20170206,    0,    0
 18136,101392,20170207,    0,    0
 18136,101392,20170208,    0,    0
 18136,101392,20170209,    0,    0
 18136,101392,20170210,    0,    0
 18136,101392,20170211,    0,    0
 18136,101392,20170212,    0,    0
 18136,101392,20170213,    0,    0
 18136,101392,20170214,    0,    0
 18136,101392,20170215,   46,    0
 18136,101392,20170216,   89,    0
 18136,101392,20170217,    1,    0
 18136,101392,20170218,  210,    0
 18136,101392,20170219,  278,    0
 18136,101392,20170220,  237,    0
 18136,101392,20170221,  291,    0
 18136,101392,20170222,   80,    0
 18136,101392,20170223,    0,    0
 18136,101392,20170224,    0,    0
 18136,101392,20170225,  159,    0
 18136,101392,20170226,  110,    0
 18136,101392,20170227,   54,    0
 18136,101392,20170228,    2,    0
 18136,101392,20170301,   66,    0
 18136,101392,20170302,   50,    0
 18136,101392,20170303,    1,    0
 18136,101392,20170304,    0,    0
 18136,101392,20170305,    0,    0
 18136,101392,20170306,    0,    0
 18136,101392,20170307,    0,    0
 18136,101392,20170308,  138,    0
 18136,101392,20170309,   62,    0
 18136,101392,20170310,   17,    0
 18136,101392,20170311,  102,    0
 18136,101392,20170312,   83,    0
 18136,101392,20170313,  154,    0
 18136,101392,20170314,  302,    0
 18136,101392,20170315,   43,    0
 18136,101392,20170316,   79,    0
 18136,101392,20170317,   45,    0
 18136,101392,20170318,   33,    0
 18136,101392,20170319,   14,    0
 18136,101392,20170320,   31,    0
 18136,101392,20170321,   38,    0
 18136,101392,20170322,   28,    0
 18136,101392,20170323,   24,    0
 18136,101392,20170324,   32,    0
 18136,101392,20170325,   30,    0
 18136,101392,20170326,   31,    0
 18136,101392,20170327,   20,    0
 18136,101392,20170328,   31,    0
 18136,101392,20170329,   36,    0
 18136,101392,20170330,   38,    0
 18136,101392,20170331,   38,    0
 18136,101392,20170401,   22,    0
 18136,101392,20170402,   14,    0
 18136,101392,20170403,   14,    0
 18136,101392,20170404,   14,    0
 18136,101392,20170405,   16,    0
 18136,101392,20170406,   47,    0
 18136,101392,20170407,-9999,    9
 18136,101392,20170408,-9999,    9
 18136,101392,20170409,-9999,    9
 18136,101392,20170410,-9999,    9
 18136,101392,20170411,-9999,    9
 18136,101392,20170412,-9999,    9
 18136,101392,20170413,-9999,    9
 18136,101392,20170414,-9999,    9
 18136,101392,20170415,-9999,    9
 18136,101392,20170416,-9999,    9
 18136,101392,20170417,-9999,    9
 18136,101392,20170418,-9999,    9
 18136,101392,20170419,-9999,    9
 18136,101392,20170420,-9999,    9
 18136,101392,20170421,   65,    0
 18136,101392,20170422,   33,    0
 18136,101392,20170423,  133,    0
 18136,101392,20170424,    0,    0
 18136,101392,20170425,    0,    0
 18136,101392,20170426,   46,    0
 18136,101392,20170427,   19,    0
 18136,101392,20170428,    0,    0
 18136,101392,20170429,    0,    0
 18136,101392,20170430,    0,    0
 18136,101392,20170501,    0,    0
 18136,101392,20170502,    0,    0
 18136,101392,20170503,    0,    0
 18136,101392,20170504,    0,    0
 18136,101392,20170505,    0,    0
 18136,101392,20170506,    0,    0
 18136,101392,20170507,    0,    0
 18136,101392,20170508,    0,    0
 18136,101392,20170509,   70,    0
 18136,101392,20170510,    6,    0
 18136,101392,20170511,   18,    0
 18136,101392,20170512,    0,    0
 18136,101392,20170513,   22,    0
 18136,101392,20170514,   75,    0
 18136,101392,20170515,   21,    0
 18136,101392,20170516,  185,    0
 18136,101392,20170517,  183,    0
 18136,101392,20170518,   57,    0
 18136,101392,20170519,    0,    0
 18136,101392,20170520,   22,    0
 18136,101392,20170521,    8,    0
 18136,101392,20170522,    0,    0
 18136,101392,20170523,    8,    0
 18136,101392,20170524,    1,    0
 18136,101392,20170525,  109,    0
 18136,101392,20170526,    1,    0
 18136,101392,20170527,    0,    0
 18136,101392,20170528,   13,    0
 18136,101392,20170529,    8,    0
 18136,101392,20170530,    6,    0
 18136,101392,20170531,   15,    0
 18136,101392,20170601,   46,    0
 18136,101392,20170602,  174,    0
 18136,101392,20170603,  179,    0
 18136,101392,20170604,   77,    0
 18136,101392,20170605,  150,    0
 18136,101392,20170606,   45,    0
 18136,101392,20170607,   40,    0
 18136,101392,20170608,  133,    0
 18136,101392,20170609,  104,    0
 18136,101392,20170610,   17,    0
 18136,101392,20170611,  206,    0
 18136,101392,20170612,   42,    0
 18136,101392,20170613,   27,    0
 18136,101392,20170614,    2,    0
 18136,101392,20170615,  439,    0
 18136,101392,20170616,    7,    0
 18136,101392,20170617,  262,    0
 18136,101392,20170618,   32,    0
 18136,101392,20170619,  119,    0
 18136,101392,20170620,   17,    0
 18136,101392,20170621,    4,    0
 18136,101392,20170622,   49,    0
 18136,101392,20170623,  179,    0
 18136,101392,20170624,  307,    0
 18136,101392,20170625,  360,    0
 18136,101392,20170626,    3,    0
 18136,101392,20170627,    0,    0
 18136,101392,20170628,    0,    0
 18136,101392,20170629,    0,    0
 18136,101392,20170630,    0,    0
 18136,101392,20170701,   36,    0
 18136,101392,20170702,  146,    0
 18136,101392,20170703,   13,    0
 18136,101392,20170704,    0,    0
 18136,101392,20170705,    0,    0
 18136,101392,20170706,    0,    0
 18136,101392,20170707,  135,    0
 18136,101392,20170708,   35,    0
 18136,101392,20170709,   41,    0
 18136,101392,20170710,    0,    0
 18136,101392,20170711,   27,    0
 18136,101392,20170712,   79,    0
 18136,101392,20170713,    2,    0
 18136,101392,20170714,   35,    0
 18136,101392,20170715,  246,    0
 18136,101392,20170716,  254,    0
 18136,101392,20170717,   50,    0
 18136,101392,20170718,    0,    0
 18136,101392,20170719,    0,    0
 18136,101392,20170720,    2,    0
 18136,101392,20170721,   10,    0
 18136,101392,20170722,    0,    0
 18136,101392,20170723,    0,    0
 18136,101392,20170724,    1,    0
 18136,101392,20170725,    0,    0
 18136,101392,20170726,   40,    0
 18136,101392,20170727,  126,    0
 18136,101392,20170728,   30,    0
 18136,101392,20170729,   23,    0
 18136,101392,20170730,  281,    0
 18136,101392,20170731,  323,    0
 18136,101392,20170801,  103,    0
 18136,101392,20170802,  113,    0
 18136,101392,20170803,   70,    0
 18136,101392,20170804,  262,    0
 18136,101392,20170805,  167,    0
 18136,101392,20170806,  496,    0
 18136,101392,20170807,  205,    0
 18136,101392,20170808,  164,    0
 18136,101392,20170809,    0,    0
 18136,101392,20170810,   53,    0
 18136,101392,20170811,  293,    0
 18136,101392,20170812,   69,    0
 18136,101392,20170813,   64,    0
 18136,101392,20170814,   63,    0
 18136,101392,20170815,  157,    0
 18136,101392,20170816,    0,    0
 18136,101392,20170817,  215,    0
 18136,101392,20170818,   65,    0
 18136,101392,20170819,  301,    0
 18136,101392,20170820,   22,    0
 18136,101392,20170821,    9,    0
 18136,101392,20170822,    0,    0
 18136,101392,20170823,    0,    0
 18136,101392,20170824,    3,    0
 18136,101392,20170825,    0,    0
 18136,101392,20170826,    0,    0
 18136,101392,20170827,    2,    0
 18136,101392,20170828,  372,    0
 18136,101392,20170829,    4,    0
 18136,101392,20170830,   29,    0
 18136,101392,20170831,  117,    0
 18136,101392,20170901,    5,    0
 18136,101392,20170902,    0,    0
 18136,101392,20170903,    3,    0
 18136,101392,20170904,   34,    0
 18136,101392,20170905,  432,    0
 18136,101392,20170906,    9,    0
 18136,101392,20170907,   67,    0
 18136,101392,20170908,  109,    0
 18136,101392,20170909,  286,    0
 18136,101392,20170910,  104,    0
 18136,101392,20170911,   38,    0
 18136,101392,20170912,  117,    0
 18136,101392,20170913,   40,    0
 18136,101392,20170914,    8,    0
 18136,101392,20170915,    1,    0
 18136,101392,20170916,    0,    0
 18136,101392,20170917,    0,    0
 18136,101392,20170918,   14,    0
 18136,101392,20170919,   61,    0
 18136,101392,20170920,   45,    0
 18136,101392,20170921,   57,    0
 18136,101392,20170922,    6,    0
 18136,101392,20170923,    0,    0
 18136,101392,20170924,    0,    0
 18136,101392,20170925,    0,    0
 18136,101392,20170926,    0,    0
 18136,101392,20170927,    0,    0
 18136,101392,20170928,    0,    0
 18136,101392,20170929,  164,    0
 18136,101392,20170930,  157,    0
 18136,101392,20171001,  393,    0
 18136,101392,20171002,  569,    0
 18136,101392,20171003,  289,    0
 18136,101392,20171004,  289,    0
 18136,101392,20171005,  193,    0
 18136,101392,20171006,   31,    0
 18136,101392,20171007,    1,    0
 18136,101392,20171008,    0,    0
 18136,101392,20171009,    4,    0
 18136,101392,20171010,  156,    0
 18136,101392,20171011,  343,    0
 18136,101392,20171012,  132,    0
 18136,101392,20171013,  387,    0
 18136,101392,20171014,   47,    0
 18136,101392,20171015,   80,    0
 18136,101392,20171016,   78,    0
 18136,101392,20171017,  314,    0
 18136,101392,20171018,    1,    0
 18136,101392,20171019,   24,    0
 18136,101392,20171020,   23,    0
 18136,101392,20171021,    0,    0
 18136,101392,20171022,    0,    0
 18136,101392,20171023,  221,    0
 18136,101392,20171024,  140,    0
 18136,101392,20171025,  260,    0
 18136,101392,20171026,   98,    0
 18136,101392,20171027,  181,    0
 18136,101392,20171028,   59,    0
 18136,101392,20171029,    2,    0
 18136,101392,20171030,   28,    0
 18136,101392,20171031,   68,    0
 18136,101392,20171101,  247,    0
 18136,101392,20171102,    0,    0
 18136,101392,20171103,  175,    0
 18136,101392,20171104,  336,    0
 18136,101392,20171105,   52,    0
 18136,101392,20171106,    0,    0
 18136,101392,20171107,  104,    0
 18136,101392,20171108,  436,    0
 18136,101392,20171109,   89,    0
 18136,101392,20171110,  221,    0
 18136,101392,20171111,  189,    0
 18136,101392,20171112,    0,    0
 18136,101392,20171113,   46,    0
 18136,101392,20171114,   90,    0
 18136,101392,20171115,   57,    0
 18136,101392,20171116,  181,    0
 18136,101392,20171117,  106,    0
 18136,101392,20171118,   83,    0
 18136,101392,20171119,    6,    0
 18136,101392,20171120,    1,    0
 18136,101392,20171121,   47,    0
 18136,101392,20171122,  298,    0
 18136,101392,20171123,  311,    0
 18136,101392,20171124,  101,    0
 18136,101392,20171125,  268,    0
 18136,101392,20171126,   65,    0
 18136,101392,20171127,   17,    0
 18136,101392,20171128,    0,    0
 18136,101392,20171129,    0,    0
 18136,101392,20171130,    0,    0
 18136,101392,20171201,    0,    0
 18136,101392,20171202,   90,    0
 18136,101392,20171203,   78,    0
 18136,101392,20171204,  109,    0
 18136,101392,20171205,  316,    0
 18136,101392,20171206,  683,    0
 18136,101392,20171207,  277,    0
 18136,101392,20171208,   71,    0
 18136,101392,20171209,  152,    0
 18136,101392,20171210,   19,    0
 18136,101392,20171211,    8,    0
 18136,101392,20171212,    1,    0
 18136,101392,20171213,   22,    0
 18136,101392,20171214,    0,    0
 18136,101392,20171215,    0,    0
 18136,101392,20171216,    0,    0
 18136,101392,20171217,   80,    0
 18136,101392,20171218,   76,    0
 18136,101392,20171219,  107,    0
 18136,101392,20171220,  137,    0
 18136,101392,20171221,   58,    0
 18136,101392,20171222,  831,    0
 18136,101392,20171223,  184,    0
 18136,101392,20171224,  193,    0
 18136,101392,20171225,   96,    0
 18136,101392,20171226,  378,    0
 18136,101392,20171227,  123,    0
 18136,101392,20171228,    0,    0
 18136,101392,20171229,   60,    0
 18136,101392,20171230,   14,    0
 18136,101392,20171231,  127,    0
 18136,101392,20180101,   49,    0
 18136,101392,20180102,   58,    0
 18136,101392,20180103,    0,    0
 18136,101392,20180104,    0,    0
 18136,101392,20180105,    0,    0
 18136,101392,20180106,    3,    0
 18136,101392,20180107,   56,    0
 18136,101392,20180108,    0,    0
 18136,101392,20180109,    0,    0
 18136,101392,20180110,   20,    0
 18136,101392,20180111,    0,    0
 18136,101392,20180112,    0,    0
 18136,101392,20180113,    0,    0
 18136,101392,20180114,    0,    0
 18136,101392,20180115,  141,    0
 18136,101392,20180116,  107,    0
 18136,101392,20180117,   21,    0
 18136,101392,20180118,   35,    0
 18136,101392,20180119,   30,    0
 18136,101392,20180120,    0,    0
 18136,101392,20180121,    0,    0
 18136,101392,20180122,   59,    0
 18136,101392,20180123,  248,    0
 18136,101392,20180124,  186,    0
 18136,101392,20180125,  108,    0
 18136,101392,20180126,   32,    0
 18136,101392,20180127,  277,    0
 18136,101392,20180128,  100,    0
 18136,101392,20180129,  189,    0
 18136,101392,20180130,  374,    0
 18136,101392,20180131,  153,    0
 18136,101392,20180201,    0,    0
 18136,101392,20180202,    0,    0
 18136,101392,20180203,    0,    0
 18136,101392,20180204,    0,    0
 18136,101392,20180205,    0,    0
 18136,101392,20180206,    1,    0
 18136,101392,20180207,   43,    0
 18136,101392,20180208,  260,    0
 18136,101392,20180209,  426,    0
 18136,101392,20180210,   39,    0
 18136,101392,20180211,   71,    0
 18136,101392,20180212,   44,    0
 18136,101392,20180213,  189,    0
 18136,101392,20180214,   69,    0
 18136,101392,20180215,   45,    0
 18136,101392,20180216,   56,    0
 18136,101392,20180217,  190,    0
 18136,101392,20180218,   64,    0
 18136,101392,20180219,    0,    0
 18136,101392,20180220,   11,    0
 18136,101392,20180221,    0,    0
 18136,101392,20180222,    0,    0
 18136,101392,20180223,    0,    0
 18136,101392,20180224,    0,    0
 18136,101392,20180225,   12,    0
 18136,101392,20180226,   25,    0
 18136,101392,20180227,    0,    0
 18136,101392,20180228,    0,    0
 18136,101392,20180301,    0,    0
 18136,101392,20180302,    0,    0
 18136,101392,20180303,   17,    0
 18136,101392,20180304,    0,    0
 18136,101392,20180305,    0,    0
 18136,101392,20180306,    2,    0
 18136,101392,20180307,   26,    0
 18136,101392,20180308,   53,    0
 18136,101392,20180309,    5,    0
 18136,101392,20180310,    2,    0
 18136,101392,20180311,    2,    0
 18136,101392,20180312,    3,    0
 18136,101392,20180313,    0,    0
 18136,101392,20180314,    0,    0
 18136,101392,20180315,    0,    0
 18136,101392,20180316,    0,    0
 18136,101392,20180317,    0,    0
 18136,101392,20180318,   25,    0
 18136,101392,20180319,   32,    0
 18136,101392,20180320,   37,    0
 18136,101392,20180321,  168,    0
 18136,101392,20180322,    0,    0
 18136,101392,20180323,   70,    0
 18136,101392,20180324,   49,    0
 18136,101392,20180325,   22,    0
 18136,101392,20180326,   84,    0
 18136,101392,20180327,   26,    0
 18136,101392,20180328,    0,    0
 18136,101392,20180329,    0,    0
 18136,101392,20180330,    0,    0
 18136,101392,20180331,    0,    0
 18136,101392,20180401,    0,    0
 18136,101392,20180402,    0,    0
 18136,101392,20180403,  252,    0
 18136,101392,20180404,  169,    0
 18136,101392,20180405,    3,    0
 18136,101392,20180406,    4,    0
 18136,101392,20180407,   18,    0
 18136,101392,20180408,  148,    0
 18136,101392,20180409,  104,    0
 18136,101392,20180410,    0,    0
 18136,101392,20180411,    0,    0
 18136,101392,20180412,    0,    0
 18136,101392,20180413,    6,    0
 18136,101392,20180414,    0,    0
 18136,101392,20180415,    0,    0
 18136,101392,20180416,   11,    0
 18136,101392,20180417,  133,    0
 18136,101392,20180418,    0,    0
 18136,101392,20180419,    0,    0
 18136,101392,20180420,   22,    0
 18136,101392,20180421,    0,    0
 18136,101392,20180422,  204,    0
 18136,101392,20180423,  126,    0
 18136,101392,20180424,   84,    0
 18136,101392,20180425,   32,    0
 18136,101392,20180426,   77,    0
 18136,101392,20180427,   54,    0
 18136,101392,20180428,   24,    0
 18136,101392,20180429,    0,    0
 18136,101392,20180430,    0,    0
 18136,101392,20180501,   48,    0
 18136,101392,20180502,   45,    0
 18136,101392,20180503,   36,    0
 18136,101392,20180504,  129,    0
 18136,101392,20180505,   89,    0
 18136,101392,20180506,   57,    0
 18136,101392,20180507,    0,    0
 18136,101392,20180508,    0,    0
 18136,101392,20180509,   12,    0
 18136,101392,20180510,  321,    0
 18136,101392,20180511,    0,    0
 18136,101392,20180512,    0,    0
 18136,101392,20180513,    0,    0
 18136,101392,20180514,    0,    0
 18136,101392,20180515,   11,    0
 18136,101392,20180516,    8,    0
 18136,101392,20180517,    0,    0
 18136,101392,20180518,    0,    0
 18136,101392,20180519,    0,    0
 18136,101392,20180520,    0,    0
 18136,101392,20180521,    0,    0
 18136,101392,20180522,    0,    0
 18136,101392,20180523,    0,    0
 18136,101392,20180524,    0,    0
 18136,101392,20180525,    0,    0
 18136,101392,20180526,    0,    0
 18136,101392,20180527,    0,    0
 18136,101392,20180528,    0,    0
 18136,101392,20180529,    0,    0
 18136,101392,20180530,    0,    0
 18136,101392,20180531,    0,    0
 18136,101392,20180601,    0,    0
 18136,101392,20180602,    0,    0
 18136,101392,20180603,    0,    0
 18136,101392,20180604,    0,    0
 18136,101392,20180605,    0,    0
 18136,101392,20180606,    0,    0
 18136,101392,20180607,    0,    0
 18136,101392,20180608,    0,    0
 18136,101392,20180609,    0,    0
 18136,101392,20180610,   56,    0
 18136,101392,20180611,    0,    0
 18136,101392,20180612,    0,    0
 18136,101392,20180613,   41,    0
 18136,101392,20180614,  517,    0
 18136,101392,20180615,    6,    0
 18136,101392,20180616,   11,    0
 18136,101392,20180617,   31,    0
 18136,101392,20180618,  145,    0
 18136,101392,20180619,   43,    0
 18136,101392,20180620,   72,    0
 18136,101392,20180621,    8,    0
 18136,101392,20180622,   39,    0
 18136,101392,20180623,   56,    0
 18136,101392,20180624,   53,    0
 18136,101392,20180625,    8,    0
 18136,101392,20180626,    0,    0
 18136,101392,20180627,    0,    0
 18136,101392,20180628,    0,    0
 18136,101392,20180629,    0,    0
 18136,101392,20180630,    0,    0
 18136,101392,20180701,    0,    0
 18136,101392,20180702,    0,    0
 18136,101392,20180703,    0,    0
 18136,101392,20180704,    0,    0
 18136,101392,20180705,    2,    0
 18136,101392,20180706,    0,    0
 18136,101392,20180707,    0,    0
 18136,101392,20180708,   60,    0
 18136,101392,20180709,    0,    0
 18136,101392,20180710,    0,    0
 18136,101392,20180711,    0,    0
 18136,101392,20180712,    0,    0
 18136,101392,20180713,    0,    0
 18136,101392,20180714,    1,    0
 18136,101392,20180715,    0,    0
 18136,101392,20180716,    0,    0
 18136,101392,20180717,   95,    0
 18136,101392,20180718,    8,    0
 18136,101392,20180719,    0,    0
 18136,101392,20180720,    0,    0
 18136,101392,20180721,   68,    0
 18136,101392,20180722,   40,    0
 18136,101392,20180723,   36,    0
 18136,101392,20180724,  185,    0
 18136,101392,20180725,    0,    0
 18136,101392,20180726,    0,    0
 18136,101392,20180727,    0,    0
 18136,101392,20180728,  135,    0
 18136,101392,20180729,   36,    0
 18136,101392,20180730,   43,    0
 18136,101392,20180731,   26,    0
 18136,101392,20180801,   11,    0
 18136,101392,20180802,   79,    0
 18136,101392,20180803,   84,    0
 18136,101392,20180804,   72,    0
 18136,101392,20180805,   12,    0
 18136,101392,20180806,   56,    0
 18136,101392,20180807,    2,    0
 18136,101392,20180808,  226,    0
 18136,101392,20180809,   63,    0
 18136,101392,20180810,  300,    0
 18136,101392,20180811,    3,    0
 18136,101392,20180812,    0,    0
 18136,101392,20180813,    0,    0
 18136,101392,20180814,   16,    0
 18136,101392,20180815,  282,    0
 18136,101392,20180816,  308,    0
 18136,101392,20180817,  275,    0
 18136,101392,20180818,  213,    0
 18136,101392,20180819,   21,    0
 18136,101392,20180820,    0,    0
 18136,101392,20180821,  102,    0
 18136,101392,20180822,  507,    0
 18136,101392,20180823,  170,    0
 18136,101392,20180824,  318,    0
 18136,101392,20180825,   90,    0
 18136,101392,20180826,   15,    0
 18136,101392,20180827,    6,    0
 18136,101392,20180828,    0,    0
 18136,101392,20180829,  226,    0
 18136,101392,20180830,    0,    0
 18136,101392,20180831,    0,    0
 18136,101392,20180901,    0,    0
 18136,101392,20180902,    0,    0
 18136,101392,20180903,    0,    0
 18136,101392,20180904,    1,    0
 18136,101392,20180905,    0,    0
 18136,101392,20180906,  121,    0
 18136,101392,20180907,    4,    0
 18136,101392,20180908,   56,    0
 18136,101392,20180909,  413,    0
 18136,101392,20180910,  630,    0
 18136,101392,20180911,  346,    0
 18136,101392,20180912,  127,    0
 18136,101392,20180913,  189,    0
 18136,101392,20180914,  296,    0
 18136,101392,20180915,   55,    0
 18136,101392,20180916,  128,    0
 18136,101392,20180917,  165,    0
 18136,101392,20180918,  196,    0
 18136,101392,20180919,  138,    0
 18136,101392,20180920,  122,    0
 18136,101392,20180921,  474,    0
 18136,101392,20180922,  111,    0
 18136,101392,20180923,  107,    0
 18136,101392,20180924,   69,    0
 18136,101392,20180925,  644,    0
 18136,101392,20180926,   92,    0
 18136,101392,20180927,  163,    0
 18136,101392,20180928,  201,    0
 18136,101392,20180929,  395,    0
 18136,101392,20180930,  132,    0
 18136,101392,20181001,  106,    0
 18136,101392,20181002,  102,    0
 18136,101392,20181003,   49,    0
 18136,101392,20181004,  289,    0
 18136,101392,20181005,   80,    0
 18136,101392,20181006,   20,    0
 18136,101392,20181007,  355,    0
 18136,101392,20181008,  394,    0
 18136,101392,20181009,  715,    0
 18136,101392,20181010,    4,    0
 18136,101392,20181011,    0,    0
 18136,101392,20181012,  557,    0
 18136,101392,20181013,  540,    0
 18136,101392,20181014,  320,    0
 18136,101392,20181015,    0,    0
 18136,101392,20181016,  110,    0
 18136,101392,20181017,   47,    0
 18136,101392,20181018,   44,    0
 18136,101392,20181019,  208,    0
 18136,101392,20181020,  207,    0
 18136,101392,20181021,  395,    0
 18136,101392,20181022,  259,    0
 18136,101392,20181023,   53,    0
 18136,101392,20181024,   71,    0
 18136,101392,20181025,   25,    0
 18136,101392,20181026,    0,    0
 18136,101392,20181027,    0,    0
 18136,101392,20181028,    0,    0
 18136,101392,20181029,    0,    0
 18136,101392,20181030,   87,    0
 18136,101392,20181031,   61,    0
 18136,101392,20181101,  187,    0
 18136,101392,20181102,  102,    0
 18136,101392,20181103,  110,    0
 18136,101392,20181104,    0,    0
 18136,101392,20181105,    0,    0
 18136,101392,20181106,    0,    0
 18136,101392,20181107,    0,    0
 18136,101392,20181108,   20,    0
 18136,101392,20181109,    0,    0
 18136,101392,20181110,   33,    0
 18136,101392,20181111,   49,    0
 18136,101392,20181112,   88,    0
 18136,101392,20181113,   85,    0
 18136,101392,20181114,  116,    0
 18136,101392,20181115,    0,    0
 18136,101392,20181116,    0,    0
 18136,101392,20181117,    0,    0
 18136,101392,20181118,    0,    0
 18136,101392,20181119,    0,    0
 18136,101392,20181120,    0,    0
 18136,101392,20181121,    0,    0
 18136,101392,20181122,    0,    0
 18136,101392,20181123,    0,    0
 18136,101392,20181124,    0,    0
 18136,101392,20181125,    0,    0
 18136,101392,20181126,    0,    0
 18136,101392,20181127,    0,    0
 18136,101392,20181128,   45,    0
 18136,101392,20181129,  129,    0
 18136,101392,20181130,  199,    0
 18136,101392,20181201,   72,    0
 18136,101392,20181202,   53,    0
 18136,101392,20181203,  155,    0
 18136,101392,20181204,   34,    0
 18136,101392,20181205,   51,    0
 18136,101392,20181206,  103,    0
 18136,101392,20181207,   79,    0
 18136,101392,20181208,    0,    0
 18136,101392,20181209,   25,    0
 18136,101392,20181210,    1,    0
 18136,101392,20181211,    0,    0
 18136,101392,20181212,    0,    0
 18136,101392,20181213,    0,    0
 18136,101392,20181214,    0,    0
 18136,101392,20181215,    0,    0
 18136,101392,20181216,    0,    0
 18136,101392,20181217,    0,    0
 18136,101392,20181218,    0,    0
 18136,101392,20181219,    1,    0
 18136,101392,20181220,    0,    0
 18136,101392,20181221,   22,    0
 18136,101392,20181222,    0,    0
 18136,101392,20181223,    0,    0
 18136,101392,20181224,  136,    0
 18136,101392,20181225,   19,    0
 18136,101392,20181226,  188,    0
 18136,101392,20181227,   83,    0
 18136,101392,20181228,   64,    0
 18136,101392,20181229,   29,    0
 18136,101392,20181230,  164,    0
 18136,101392,20181231,  114,    0
 18136,101392,20190101,    2,    0
 18136,101392,20190102,    5,    0
 18136,101392,20190103,   94,    0
 18136,101392,20190104,  283,    0
 18136,101392,20190105,   63,    0
 18136,101392,20190106,   51,    0
 18136,101392,20190107,  132,    0
 18136,101392,20190108,    0,    0
 18136,101392,20190109,    1,    0
 18136,101392,20190110,   94,    0
 18136,101392,20190111,    0,    0
 18136,101392,20190112,  159,    0
 18136,101392,20190113,   13,    0
 18136,101392,20190114,   27,    0
 18136,101392,20190115,  134,    0
 18136,101392,20190116,   61,    0
 18136,101392,20190117,   24,    0
 18136,101392,20190118,   13,    0
 18136,101392,20190119,   37,    0
 18136,101392,20190120,  174,    0
 18136,101392,20190121,    0,    0
 18136,101392,20190122,    0,    0
 18136,101392,20190123,   52,    0
 18136,101392,20190124,    7,    0
 18136,101392,20190125,   38,    0
 18136,101392,20190126,    3,    0
 18136,101392,20190127,    0,    0
 18136,101392,20190128,    5,    0
 18136,101392,20190129,  110,    0
 18136,101392,20190130,    0,    0
 18136,101392,20190131,    0,    0
 18136,101392,20190201,    0,    0
 18136,101392,20190202,    1,    0
 18136,101392,20190203,   13,    0
 18136,101392,20190204,   58,    0
 18136,101392,20190205,    0,    0
 18136,101392,20190206,   81,    0
 18136,101392,20190207,   68,    0
 18136,101392,20190208,   94,    0
 18136,101392,20190209,   76,    0
 18136,101392,20190210,    5,    0
 18136,101392,20190211,   26,    0
 18136,101392,20190212,  220,    0
 18136,101392,20190213,   14,    0
 18136,101392,20190214,   33,    0
 18136,101392,20190215,   23,    0
 18136,101392,20190216,   43,    0
 18136,101392,20190217,   26,    0
 18136,101392,20190218,  139,    0
 18136,101392,20190219,   40,    0
 18136,101392,20190220,  224,    0
 18136,101392,20190221,   29,    0
 18136,101392,20190222,    0,    0
 18136,101392,20190223,    4,    0
 18136,101392,20190224,    0,    0
 18136,101392,20190225,   29,    0
 18136,101392,20190226,    0,    0
 18136,101392,20190227,   40,    0
 18136,101392,20190228,    0,    0
 18136,101392,20190301,    0,    0
 18136,101392,20190302,   62,    0
 18136,101392,20190303,  117,    0
 18136,101392,20190304,   19,    0
 18136,101392,20190305,   75,    0
 18136,101392,20190306,  171,    0
 18136,101392,20190307,  138,    0
 18136,101392,20190308,   55,    0
 18136,101392,20190309,   36,    0
 18136,101392,20190310,    0,    0
 18136,101392,20190311,   18,    0
 18136,101392,20190312,  155,    0
 18136,101392,20190313,   81,    0
 18136,101392,20190314,   24,    0
 18136,101392,20190315,  124,    0
 18136,101392,20190316,   48,    0
 18136,101392,20190317,    0,    0
 18136,101392,20190318,    0,    0
 18136,101392,20190319,  182,    0
 18136,101392,20190320,  291,    0
 18136,101392,20190321,   35,    0
 18136,101392,20190322,  210,    0
 18136,101392,20190323,   44,    0
 18136,101392,20190324,  145,    0
 18136,101392,20190325,    2,    0
 18136,101392,20190326,  173,    0
 18136,101392,20190327,   50,    0
 18136,101392,20190328,   22,    0
 18136,101392,20190329,   49,    0
 18136,101392,20190330,   65,    0
 18136,101392,20190331,    7,    0
 18136,101392,20190401,    0,    0
 18136,101392,20190402,    0,    0
 18136,101392,20190403,    0,    0
 18136,101392,20190404,    0,    0
 18136,101392,20190405,    0,    0
 18136,101392,20190406,    0,    0
 18136,101392,20190407,    0,    0
 18136,101392,20190408,    0,    0
 18136,101392,20190409,    0,    0
 18136,101392,20190410,    0,    0
 18136,101392,20190411,    0,    0
 18136,101392,20190412,    0,    0
 18136,101392,20190413,    0,    0
 18136,101392,20190414,    0,    0
 18136,101392,20190415,    0,    0
 18136,101392,20190416,    3,    0
 18136,101392,20190417,    0,    0
 18136,101392,20190418,    0,    0
 18136,101392,20190419,    0,    0
 18136,101392,20190420,    4,    0
 18136,101392,20190421,    1,    0
 18136,101392,20190422,    0,    0
 18136,101392,20190423,    0,    0
 18136,101392,20190424,   11,    0
 18136,101392,20190425,   17,    0
 18136,101392,20190426,    3,    0
 18136,101392,20190427,   92,    0
 18136,101392,20190428,    7,    0
 18136,101392,20190429,    0,    0
 18136,101392,20190430,    0,    0
 18136,101392,20190501,   14,    0
 18136,101392,20190502,   19,    0
 18136,101392,20190503,    4,    0
 18136,101392,20190504,    4,    0
 18136,101392,20190505,   24,    0
 18136,101392,20190506,   20,    0
 18136,101392,20190507,    0,    0
 18136,101392,20190508,   12,    0
 18136,101392,20190509,   62,    0
 18136,101392,20190510,   14,    0
 18136,101392,20190511,    0,    0
 18136,101392,20190512,   13,    0
 18136,101392,20190513,    0,    0
 18136,101392,20190514,    0,    0
 18136,101392,20190515,    0,    0
 18136,101392,20190516,    0,    0
 18136,101392,20190517,    0,    0
 18136,101392,20190518,    2,    0
 18136,101392,20190519,    0,    0
 18136,101392,20190520,   10,    0
 18136,101392,20190521,  126,    0
 18136,101392,20190522,  107,    0
 18136,101392,20190523,  266,    0
 18136,101392,20190524,    1,    0
 18136,101392,20190525,   69,    0
 18136,101392,20190526,    0,    0
 18136,101392,20190527,    0,    0
 18136,101392,20190528,   18,    0
 18136,101392,20190529,   73,    0
 18136,101392,20190530,   91,    0
 18136,101392,20190531,  195,    0
 18136,101392,20190601,   58,    0
 18136,101392,20190602,  267,    0
 18136,101392,20190603,    1,    0
 18136,101392,20190604,    0,    0
 18136,101392,20190605,   37,    0
 18136,101392,20190606,   74,    0
 18136,101392,20190607,    0,    0
 18136,101392,20190608,   90,    0
 18136,101392,20190609,  217,    0
 18136,101392,20190610,    8,    0
 18136,101392,20190611,    0,    0
 18136,101392,20190612,   47,    0
 18136,101392,20190613,   32,    0
 18136,101392,20190614,   16,    0
 18136,101392,20190615,   74,    0
 18136,101392,20190616,    7,    0
 18136,101392,20190617,   43,    0
 18136,101392,20190618,    0,    0
 18136,101392,20190619,    0,    0
 18136,101392,20190620,   33,    0
 18136,101392,20190621,  136,    0
 18136,101392,20190622,   19,    0
 18136,101392,20190623,    2,    0
 18136,101392,20190624,  360,    0
 18136,101392,20190625,   36,    0
 18136,101392,20190626,    0,    0
 18136,101392,20190627,    0,    0
 18136,101392,20190628,    0,    0
 18136,101392,20190629,    8,    0
 18136,101392,20190630,  228,    0
 18136,101392,20190701,   86,    0
 18136,101392,20190702,   84,    0
 18136,101392,20190703,   68,    0
 18136,101392,20190704,   11,    0
 18136,101392,20190705,   64,    0
 18136,101392,20190706,   26,    0
 18136,101392,20190707,   40,    0
 18136,101392,20190708,    2,    0
 18136,101392,20190709,    0,    0
 18136,101392,20190710,    0,    0
 18136,101392,20190711,    0,    0
 18136,101392,20190712,    0,    0
 18136,101392,20190713,    0,    0
 18136,101392,20190714,    0,    0
 18136,101392,20190715,    0,    0
 18136,101392,20190716,    0,    0
 18136,101392,20190717,    0,    0
 18136,101392,20190718,  102,    0
 18136,101392,20190719,    0,    0
 18136,101392,20190720,  232,    0
 18136,101392,20190721,   42,    0
 18136,101392,20190722,   31,    0
 18136,101392,20190723,   14,    0
 18136,101392,20190724,    0,    0
 18136,101392,20190725,    0,    0
 18136,101392,20190726,    0,    0
 18136,101392,20190727,    0,    0
 18136,101392,20190728,   22,    0
 18136,101392,20190729,    1,    0
 18136,101392,20190730,  607,    0
 18136,101392,20190731,   95,    0
 18136,101392,20190801,    0,    0
 18136,101392,20190802,    0,    0
 18136,101392,20190803,    0,    0
 18136,101392,20190804,    0,    0
 18136,101392,20190805,    0,    0
 18136,101392,20190806,  347,    0
 18136,101392,20190807,   16,    0
 18136,101392,20190808,    0,    0
 18136,101392,20190809,   40,    0
 18136,101392,20190810,  409,    0
 18136,101392,20190811,  422,    0
 18136,101392,20190812,  175,    0
 18136,101392,20190813,   78,    0
 18136,101392,20190814,  140,    0
 18136,101392,20190815,  121,    0
 18136,101392,20190816,   65,    0
 18136,101392,20190817,  159,    0
 18136,101392,20190818,  192,    0
 18136,101392,20190819,  256,    0
 18136,101392,20190820,   70,    0
 18136,101392,20190821,   78,    0
 18136,101392,20190822,  290,    0
 18136,101392,20190823,   69,    0
 18136,101392,20190824,    7,    0
 18136,101392,20190825,    0,    0
 18136,101392,20190826,    0,    0
 18136,101392,20190827,   21,    0
 18136,101392,20190828,  357,    0
 18136,101392,20190829,  368,    0
 18136,101392,20190830,  501,    0
 18136,101392,20190831,   19,    0
 18136,101392,20190901,   72,    0
 18136,101392,20190902,  120,    0
 18136,101392,20190903,  128,    0
 18136,101392,20190904,  363,    0
 18136,101392,20190905,   60,    0
 18136,101392,20190906,  100,    0
 18136,101392,20190907,    1,    0
 18136,101392,20190908,    0,    0
 18136,101392,20190909,    0,    0
 18136,101392,20190910,   10,    0
 18136,101392,20190911,  236,    0
 18136,101392,20190912,  183,    0
 18136,101392,20190913,   91,    0
 18136,101392,20190914,  602,    0
 18136,101392,20190915,   72,    0
 18136,101392,20190916,  130,    0
 18136,101392,20190917,   87,    0
 18136,101392,20190918,    3,    0
 18136,101392,20190919,   77,    0
 18136,101392,20190920,   32,    0
 18136,101392,20190921,    0,    0
 18136,101392,20190922,    0,    0
 18136,101392,20190923,    0,    0
 18136,101392,20190924,    0,    0
 18136,101392,20190925,    0,    0
 18136,101392,20190926,   18,    0
 18136,101392,20190927,   31,    0
 18136,101392,20190928,    0,    0
 18136,101392,20190929,    2,    0
 18136,101392,20190930,  184,    0
 18136,101392,20191001,  128,    0
 18136,101392,20191002,    1,    0
 18136,101392,20191003,    0,    0
 18136,101392,20191004,    0,    0
 18136,101392,20191005,    0,    0
 18136,101392,20191006,    0,    0
 18136,101392,20191007,   52,    0
 18136,101392,20191008,   12,    0
 18136,101392,20191009,  244,    0
 18136,101392,20191010,  197,    0
 18136,101392,20191011,  299,    0
 18136,101392,20191012,  119,    0
 18136,101392,20191013,   40,    0
 18136,101392,20191014,   16,    0
 18136,101392,20191015,   17,    0
 18136,101392,20191016,    9,    0
 18136,101392,20191017,  115,    0
 18136,101392,20191018,    0,    0
 18136,101392,20191019,    0,    0
 18136,101392,20191020,    0,    0
 18136,101392,20191021,   96,    0
 18136,101392,20191022,  454,    0
 18136,101392,20191023,   40,    0
 18136,101392,20191024,  276,    0
 18136,101392,20191025,   43,    0
 18136,101392,20191026,   81,    0
 18136,101392,20191027,    0,    0
 18136,101392,20191028,    0,    0
 18136,101392,20191029,    6,    0
 18136,101392,20191030,  211,    0
 18136,101392,20191031,   47,    0
 18136,101392,20191101,    0,    0
 18136,101392,20191102,    0,    0
 18136,101392,20191103,    0,    0
 18136,101392,20191104,    0,    0
 18136,101392,20191105,    1,    0
 18136,101392,20191106,   73,    0
 18136,101392,20191107,    4,    0
 18136,101392,20191108,    1,    0
 18136,101392,20191109,    0,    0
 18136,101392,20191110,    0,    0
 18136,101392,20191111,    0,    0
 18136,101392,20191112,  215,    0
 18136,101392,20191113,   53,    0
 18136,101392,20191114,    2,    0
 18136,101392,20191115,    0,    0
 18136,101392,20191116,    0,    0
 18136,101392,20191117,    0,    0
 18136,101392,20191118,    0,    0
 18136,101392,20191119,    0,    0
 18136,101392,20191120,    0,    0
 18136,101392,20191121,    0,    0
 18136,101392,20191122,   65,    0
 18136,101392,20191123,    0,    0
 18136,101392,20191124,    0,    0
 18136,101392,20191125,   33,    0
 18136,101392,20191126,   33,    0
 18136,101392,20191127,   10,    0
 18136,101392,20191128,    0,    0
 18136,101392,20191129,   40,    0
 18136,101392,20191130,   47,    0
 18136,101392,20191201,  111,    0
 18136,101392,20191202,   51,    0
 18136,101392,20191203,  109,    0
 18136,101392,20191204,  125,    0
 18136,101392,20191205,  400,    0
 18136,101392,20191206,   96,    0
 18136,101392,20191207,   90,    0
 18136,101392,20191208,  216,    0
 18136,101392,20191209,    0,    0
 18136,101392,20191210,  349,    0
 18136,101392,20191211,   35,    0
 18136,101392,20191212,   54,    0
 18136,101392,20191213,    0,    0
 18136,101392,20191214,    7,    0
 18136,101392,20191215,   58,    0
 18136,101392,20191216,   67,    0
 18136,101392,20191217,   86,    0
 18136,101392,20191218,   56,    0
 18136,101392,20191219,  100,    0
 18136,101392,20191220,   48,    0
 18136,101392,20191221,    7,    0
 18136,101392,20191222,    0,    0
 18136,101392,20191223,   29,    0
 18136,101392,20191224,  129,    0
 18136,101392,20191225,    0,    0
 18136,101392,20191226,    0,    0
 18136,101392,20191227,   15,    0
 18136,101392,20191228,  339,    0
 18136,101392,20191229,  806,    0
 18136,101392,20191230,   58,    0
 18136,101392,20191231,   56,    0
 18136,101392,20200101,   10,    0
 18136,101392,20200102,  201,    0
 18136,101392,20200103,   16,    0
 18136,101392,20200104,   66,    0
 18136,101392,20200105,  590,    0
 18136,101392,20200106,  166,    0
 18136,101392,20200107,  333,    0
 18136,101392,20200108,   31,    0
 18136,101392,20200109,   48,    0
 18136,101392,20200110,   64,    0
 18136,101392,20200111,  316,    0
 18136,101392,20200112,   30,    0
 18136,101392,20200113,   71,    0
 18136,101392,20200114,  206,    0
 18136,101392,20200115,  119,    0
 18136,101392,20200116,  124,    0
 18136,101392,20200117,   43,    0
 18136,101392,20200118,   78,    0
 18136,101392,20200119,  231,    0
 18136,101392,20200120,  273,    0
 18136,101392,20200121,   54,    0
 18136,101392,20200122,   32,    0
 18136,101392,20200123,  192,    0
 18136,101392,20200124,   86,    0
 18136,101392,20200125,  114,    0
 18136,101392,20200126,  160,    0
 18136,101392,20200127,   54,    0
 18136,101392,20200128,    2,    0
 18136,101392,20200129,   77,    0
 18136,101392,20200130,   69,    0
 18136,101392,20200131,  107,    0
 18136,101392,20200201,  206,    0
 18136,101392,20200202,   12,    0
 18136,101392,20200203,   93,    0
 18136,101392,20200204,   12,    0
 18136,101392,20200205,  112,    0
 18136,101392,20200206,   40,    0
 18136,101392,20200207,    0,    0
 18136,101392,20200208,  176,    0
 18136,101392,20200209,  416,    0
 18136,101392,20200210,  163,    0
 18136,101392,20200211,   94,    0
 18136,101392,20200212,   45,    0
 18136,101392,20200213,   17,    0
 18136,101392,20200214,  141,    0
 18136,101392,20200215,  287,    0
 18136,101392,20200216,  101,    0
 18136,101392,20200217,  105,    0
 18136,101392,20200218,   67,    0
 18136,101392,20200219,   19,    0
 18136,101392,20200220,  190,    0
 18136,101392,20200221,  226,    0
 18136,101392,20200222,   66,    0
 18136,101392,20200223,   52,    0
 18136,101392,20200224,   16,    0
 18136,101392,20200225,    0,    0
 18136,101392,20200226,   12,    0
 18136,101392,20200227,  124,    0
 18136,101392,20200228,   38,    0
 18136,101392,20200229,   21,    0
 18136,101392,20200301,   51,    0
 18136,101392,20200302,   49,    0
 18136,101392,20200303,    1,    0
 18136,101392,20200304,    6,    0
 18136,101392,20200305,   11,    0
 18136,101392,20200306,    6,    0
 18136,101392,20200307,  402,    0
 18136,101392,20200308,  271,    0
 18136,101392,20200309,   18,    0
 18136,101392,20200310,  162,    0
 18136,101392,20200311,   60,    0
 18136,101392,20200312,   42,    0
 18136,101392,20200313,    0,    0
 18136,101392,20200314,  158,    0
 18136,101392,20200315,   80,    0
 18136,101392,20200316,  125,    0
 18136,101392,20200317,  120,    0
 18136,101392,20200318,   59,    0
 18136,101392,20200319,   71,    0
 18136,101392,20200320,    0,    0
 18136,101392,20200321,    0,    0
 18136,101392,20200322,    0,    0
 18136,101392,20200323,    0,    0
 18136,101392,20200324,    6,    0
 18136,101392,20200325,  356,    0
 18136,101392,20200326,   58,    0
 18136,101392,20200327,   23,    0
 18136,101392,20200328,    4,    0
 18136,101392,20200329,   81,    0
 18136,101392,20200330,    5,    0
 18136,101392,20200331,   43,    0
 18136,101392,20200401,   91,    0
 18136,101392,20200402,   29,    0
 18136,101392,20200403,   30,    0
 18136,101392,20200404,    6,    0
 18136,101392,20200405,    1,    0
 18136,101392,20200406,   76,    0
 18136,101392,20200407,    0,    0
 18136,101392,20200408,  146,    0
 18136,101392,20200409,    1,    0
 18136,101392,20200410,    0,    0
 18136,101392,20200411,  170,    0
 18136,101392,20200412,   39,    0
 18136,101392,20200413,    4,    0
 18136,101392,20200414,  282,    0
 18136,101392,20200415,   60,    0
 18136,101392,20200416,    0,    0
 18136,101392,20200417,    0,    0
 18136,101392,20200418,    0,    0
 18136,101392,20200419,    0,    0
 18136,101392,20200420,    0,    0
 18136,101392,20200421,    0,    0
 18136,101392,20200422,    0,    0
 18136,101392,20200423,    0,    0
 18136,101392,20200424,    0,    0
 18136,101392,20200425,    0,    0
 18136,101392,20200426,   34,    0
 18136,101392,20200427,   15,    0
 18136,101392,20200428,   69,    0
 18136,101392,20200429,   10,    0
 18136,101392,20200430,    5,    0
 18136,101392,20200501,   34,    0
 18136,101392,20200502,   67,    0
 18136,101392,20200503,   16,    0
 18136,101392,20200504,    0,    0
 18136,101392,20200505,   14,    0
 18136,101392,20200506,    1,    0
 18136,101392,20200507,   12,    0
 18136,101392,20200508,    4,    0
 18136,101392,20200509,   14,    0
 18136,101392,20200510,   11,    0
 18136,101392,20200511,   21,    0
 18136,101392,20200512,   35,    0
 18136,101392,20200513,   14,    0
 18136,101392,20200514,   56,    0
 18136,101392,20200515,   25,    0
 18136,101392,20200516,   70,    0
 18136,101392,20200517,   23,    0
 18136,101392,20200518,    0,    0
 18136,101392,20200519,    0,    0
 18136,101392,20200520,    0,    0
 18136,101392,20200521,    0,    0
 18136,101392,20200522,  145,    0
 18136,101392,20200523,  251,    0
 18136,101392,20200524,   68,    0
 18136,101392,20200525,    0,    0
 18136,101392,20200526,   25,    0
 18136,101392,20200527,    2,    0
 18136,101392,20200528,    0,    0
 18136,101392,20200529,    0,    0
 18136,101392,20200530,    0,    0
 18136,101392,20200531,    0,    0
 18136,101392,20200601,    0,    0
 18136,101392,20200602,    0,    0
 18136,101392,20200603,   27,    0
 18136,101392,20200604,   83,    0
 18136,101392,20200605,   42,    0
 18136,101392,20200606,   14,    0
 18136,101392,20200607,    0,    0
 18136,101392,20200608,    0,    0
 18136,101392,20200609,    0,    0
 18136,101392,20200610,    0,    0
 18136,101392,20200611,    0,    0
 18136,101392,20200612,    0,    0
 18136,101392,20200613,    2,    0
 18136,101392,20200614,   19,    0
 18136,101392,20200615,    0,    0
 18136,101392,20200616,    0,    0
 18136,101392,20200617,    0,    0
 18136,101392,20200618,    0,    0
 18136,101392,20200619,    4,    0
 18136,101392,20200620,   48,    0
 18136,101392,20200621,   80,    0
 18136,101392,20200622,    2,    0
 18136,101392,20200623,    0,    0
 18136,101392,20200624,    0,    0
 18136,101392,20200625,    0,    0
 18136,101392,20200626,    0,    0
 18136,101392,20200627,   59,    0
 18136,101392,20200628,  162,    0
 18136,101392,20200629,    3,    0
 18136,101392,20200630,   44,    0
 18136,101392,20200701,   11,    0
 18136,101392,20200702,  167,    0
 18136,101392,20200703,   54,    0
 18136,101392,20200704,   22,    0
 18136,101392,20200705,  478,    0
 18136,101392,20200706,   80,    0
 18136,101392,20200707,   53,    0
 18136,101392,20200708,   28,    0
 18136,101392,20200709,    0,    0
 18136,101392,20200710,   42,    0
 18136,101392,20200711,   66,    0
 18136,101392,20200712,   42,    0
 18136,101392,20200713,   74,    0
 18136,101392,20200714,   63,    0
 18136,101392,20200715,    8,    0
 18136,101392,20200716,   15,    0
 18136,101392,20200717,  288,    0
 18136,101392,20200718,   77,    0
 18136,101392,20200719,   29,    0
 18136,101392,20200720,  133,    0
 18136,101392,20200721,   59,    0
 18136,101392,20200722,   27,    0
 18136,101392,20200723,    0,    0
 18136,101392,20200724,    0,    0
 18136,101392,20200725,    4,    0
 18136,101392,20200726,  126,    0
 18136,101392,20200727,   39,    0
 18136,101392,20200728,   14,    0
 18136,101392,20200729,  199,    0
 18136,101392,20200730,   84,    0
 18136,101392,20200731,    0,    0
 18136,101392,20200801,   35,    0
 18136,101392,20200802,  204,    0
 18136,101392,20200803,   80,    0
 18136,101392,20200804,  190,    0
 18136,101392,20200805,  217,    0
 18136,101392,20200806,   38,    0
 18136,101392,20200807,   15,    0
 18136,101392,20200808,   92,    0
 18136,101392,20200809,    0,    0
 18136,101392,20200810,    0,    0
 18136,101392,20200811,    0,    0
 18136,101392,20200812,   57,    0
 18136,101392,20200813,    0,    0
 18136,101392,20200814,    0,    0
 18136,101392,20200815,    0,    0
 18136,101392,20200816,    0,    0
 18136,101392,20200817,    0,    0
 18136,101392,20200818,   56,    0
 18136,101392,20200819,   52,    0
 18136,101392,20200820,   30,    0
 18136,101392,20200821,  348,    0
 18136,101392,20200822,  264,    0
 18136,101392,20200823,  114,    0
 18136,101392,20200824,  107,    0
 18136,101392,20200825,  273,    0
 18136,101392,20200826,    0,    0
 18136,101392,20200827,    0,    0
 18136,101392,20200828,    3,    0
 18136,101392,20200829,    0,    0
 18136,101392,20200830,    0,    0
 18136,101392,20200831,    0,    0
 18136,101392,20200901,    0,    0
 18136,101392,20200902,    0,    0
 18136,101392,20200903,  150,    0
 18136,101392,20200904,  321,    0
 18136,101392,20200905,  225,    0
 18136,101392,20200906,  211,    0
 18136,101392,20200907,  264,    0
 18136,101392,20200908,  408,    0
 18136,101392,20200909,  139,    0
 18136,101392,20200910,   51,    0
 18136,101392,20200911,  383,    0
 18136,101392,20200912,  180,    0
 18136,101392,20200913,  125,    0
 18136,101392,20200914,  191,    0
 18136,101392,20200915,  217,    0
 18136,101392,20200916,    0,    0
 18136,101392,20200917,   19,    0
 18136,101392,20200918,   84,    0
 18136,101392,20200919,    0,    0
 18136,101392,20200920,   15,    0
 18136,101392,20200921,  115,    0
 18136,101392,20200922,  140,    0
 18136,101392,20200923,   67,    0
 18136,101392,20200924,  367,    0
 18136,101392,20200925,    0,    0
 18136,101392,20200926,    0,    0
 18136,101392,20200927,    0,    0
 18136,101392,20200928,   99,    0
 18136,101392,20200929,  237,    0
 18136,101392,20200930,    7,    0
 18136,101392,20201001,    2,    0
 18136,101392,20201002,    0,    0
 18136,101392,20201003,    0,    0
 18136,101392,20201004,   30,    0
 18136,101392,20201005,    0,    0
 18136,101392,20201006,   16,    0
 18136,101392,20201007,   99,    0
 18136,101392,20201008,  192,    0
 18136,101392,20201009,   29,    0
 18136,101392,20201010,    0,    0
 18136,101392,20201011,    0,    0
 18136,101392,20201012,    0,    0
 18136,101392,20201013,    0,    0
 18136,101392,20201014,    0,    0
 18136,101392,20201015,    0,    0
 18136,101392,20201016,    0,    0
 18136,101392,20201017,    4,    0
 18136,101392,20201018,    0,    0
 18136,101392,20201019,  125,    0
 18136,101392,20201020,  197,    0
 18136,101392,20201021,  154,    0
 18136,101392,20201022,   21,    0
 18136,101392,20201023,   15,    0
 18136,101392,20201024,  435,    0
 18136,101392,20201025,  184,    0
 18136,101392,20201026,   12,    0
 18136,101392,20201027,   31,    0
 18136,101392,20201028,  451,    0
 18136,101392,20201029,   47,    0
 18136,101392,20201030,   73,    0
 18136,101392,20201031,  108,    0
 18136,101392,20201101,  261,    0
 18136,101392,20201102,   94,    0
 18136,101392,20201103,  146,    0
 18136,101392,20201104,  345,    0
 18136,101392,20201105,  172,    0
 18136,101392,20201106,   16,    0
 18136,101392,20201107,   18,    0
 18136,101392,20201108,    0,    0
 18136,101392,20201109,    0,    0
 18136,101392,20201110,   31,    0
 18136,101392,20201111,    3,    0
 18136,101392,20201112,    3,    0
 18136,101392,20201113,  139,    0
 18136,101392,20201114,  107,    0
 18136,101392,20201115,  245,    0
 18136,101392,20201116,  134,    0
 18136,101392,20201117,  366,    0
 18136,101392,20201118,  655,    0
 18136,101392,20201119,  125,    0
 18136,101392,20201120,  143,    0
 18136,101392,20201121,   81,    0
 18136,101392,20201122,   90,    0
 18136,101392,20201123,  323,    0
 18136,101392,20201124,  374,    0
 18136,101392,20201125,  174,    0
 18136,101392,20201126,    0,    0
 18136,101392,20201127,    0,    0
 18136,101392,20201128,   18,    0
 18136,101392,20201129,  172,    0
 18136,101392,20201130,  254,    0
 18136,101392,20201201,    0,    0
 18136,101392,20201202,  280,    0
 18136,101392,20201203,   19,    0
 18136,101392,20201204,    0,    0
 18136,101392,20201205,   36,    0
 18136,101392,20201206,    2,    0
 18136,101392,20201207,   33,    0
 18136,101392,20201208,   18,    0
 18136,101392,20201209,    0,    0
 18136,101392,20201210,    0,    0
 18136,101392,20201211,    0,    0
 18136,101392,20201212,    0,    0
 18136,101392,20201213,    7,    0
 18136,101392,20201214,  105,    0
 18136,101392,20201215,  352,    0
 18136,101392,20201216,   69,    0
 18136,101392,20201217,  132,    0
 18136,101392,20201218,  162,    0
 18136,101392,20201219,  118,    0
 18136,101392,20201220,  219,    0
 18136,101392,20201221,  212,    0
 18136,101392,20201222,  112,    0
 18136,101392,20201223,   25,    0
 18136,101392,20201224,    0,    0
 18136,101392,20201225,  116,    0
 18136,101392,20201226,  170,    0
 18136,101392,20201227,  152,    0
 18136,101392,20201228,    0,    0
 18136,101392,20201229,    0,    0
 18136,101392,20201230,   10,    0
 18136,101392,20201231,    0,    0
 18136,101392,20210101,    0,    0
 18136,101392,20210102,    0,    0
 18136,101392,20210103,    0,    0
 18136,101392,20210104,    0,    0
 18136,101392,20210105,    0,    0
 18136,101392,20210106,    0,    0
 18136,101392,20210107,    0,    0
 18136,101392,20210108,    0,    0
 18136,101392,20210109,  182,    0
 18136,101392,20210110,   87,    0
 18136,101392,20210111,    0,    0
 18136,101392,20210112,   18,    0
 18136,101392,20210113,    0,    0
 18136,101392,20210114,    0,    0
 18136,101392,20210115,    0,    0
 18136,101392,20210116,   15,    0
 18136,101392,20210117,   84,    0
 18136,101392,20210118,  118,    0
 18136,101392,20210119,    1,    0
 18136,101392,20210120,  167,    0
 18136,101392,20210121,   95,    0
 18136,101392,20210122,  225,    0
 18136,101392,20210123,   22,    0
 18136,101392,20210124,    0,    0
 18136,101392,20210125,   33,    0
 18136,101392,20210126,    2,    0
 18136,101392,20210127,    0,    0
 18136,101392,20210128,    8,    0
 18136,101392,20210129,    2,    0
 18136,101392,20210130,   16,    0
 18136,101392,20210131,   45,    0
 18136,101392,20210201,    0,    0
 18136,101392,20210202,    0,    0
 18136,101392,20210203,    0,    0
 18136,101392,20210204,    1,    0
 18136,101392,20210205,    0,    0
 18136,101392,20210206,    0,    0
 18136,101392,20210207,    0,    0
 18136,101392,20210208,    0,    0
 18136,101392,20210209,    0,    0
 18136,101392,20210210,    0,    0
 18136,101392,20210211,    0,    0
 18136,101392,20210212,    0,    0
 18136,101392,20210213,    0,    0
 18136,101392,20210214,    4,    0
 18136,101392,20210215,    8,    0
 18136,101392,20210216,   19,    0
 18136,101392,20210217,   32,    0
 18136,101392,20210218,   18,    0
 18136,101392,20210219,  130,    0
 18136,101392,20210220,  218,    0
 18136,101392,20210221,    0,    0
 18136,101392,20210222,  219,    0
 18136,101392,20210223,  264,    0
 18136,101392,20210224,   63,    0
 18136,101392,20210225,   94,    0
 18136,101392,20210226,   36,    0
 18136,101392,20210227,   24,    0
 18136,101392,20210228,    2,    0
 18136,101392,20210301,   52,    0
 18136,101392,20210302,    1,    0
 18136,101392,20210303,    1,    0
 18136,101392,20210304,    0,    0
 18136,101392,20210305,   34,    0
 18136,101392,20210306,   38,    0
 18136,101392,20210307,    0,    0
 18136,101392,20210308,    0,    0
 18136,101392,20210309,    0,    0
 18136,101392,20210310,   66,    0
 18136,101392,20210311,  105,    0
 18136,101392,20210312,   98,    0
 18136,101392,20210313,  223,    0
 18136,101392,20210314,  163,    0
 18136,101392,20210315,    0,    0
 18136,101392,20210316,    0,    0
 18136,101392,20210317,    0,    0
 18136,101392,20210318,    0,    0
 18136,101392,20210319,   15,    0
 18136,101392,20210320,   65,    0
 18136,101392,20210321,   19,    0
 18136,101392,20210322,  109,    0
 18136,101392,20210323,   49,    0
 18136,101392,20210324,   65,    0
 18136,101392,20210325,   73,    0
 18136,101392,20210326,  183,    0
 18136,101392,20210327,    4,    0
 18136,101392,20210328,  144,    0
 18136,101392,20210329,   78,    0
 18136,101392,20210330,  467,    0
 18136,101392,20210331,    0,    0
 18136,101392,20210401,    9,    0
 18136,101392,20210402,    0,    0
 18136,101392,20210403,    3,    0
 18136,101392,20210404,  113,    0
 18136,101392,20210405,   34,    0
 18136,101392,20210406,   14,    0
 18136,101392,20210407,    2,    0
 18136,101392,20210408,  235,    0
 18136,101392,20210409,   69,    0
 18136,101392,20210410,   48,    0
 18136,101392,20210411,    0,    0
 18136,101392,20210412,    0,    0
 18136,101392,20210413,    9,    0
 18136,101392,20210414,   10,    0
 18136,101392,20210415,    0,    0
 18136,101392,20210416,    0,    0
 18136,101392,20210417,    0,    0
 18136,101392,20210418,    0,    0
 18136,101392,20210419,    0,    0
 18136,101392,20210420,   64,    0
 18136,101392,20210421,   12,    0
 18136,101392,20210422,    6,    0
 18136,101392,20210423,    1,    0
 18136,101392,20210424,    0,    0
 18136,101392,20210425,    0,    0
 18136,101392,20210426,    0,    0
 18136,101392,20210427,    0,    0
 18136,101392,20210428,    0,    0
 18136,101392,20210429,    0,    0
 18136,101392,20210430,    0,    0
 18136,101392,20210501,    0,    0
 18136,101392,20210502,    3,    0
 18136,101392,20210503,    7,    0
 18136,101392,20210504,    0,    0
 18136,101392,20210505,   11,    0
 18136,101392,20210506,    3,    0
 18136,101392,20210507,    0,    0
 18136,101392,20210508,   23,    0
 18136,101392,20210509,   94,    0
 18136,101392,20210510,   43,    0
 18136,101392,20210511,    0,    0
 18136,101392,20210512,    0,    0
 18136,101392,20210513,    0,    0
 18136,101392,20210514,    5,    0
 18136,101392,20210515,   34,    0
 18136,101392,20210516,   10,    0
 18136,101392,20210517,   17,    0
 18136,101392,20210518,   38,    0
 18136,101392,20210519,   12,    0
 18136,101392,20210520,    0,    0
 18136,101392,20210521,    0,    0
 18136,101392,20210522,   29,    0
 18136,101392,20210523,  177,    0
 18136,101392,20210524,   27,    0
 18136,101392,20210525,    0,    0
 18136,101392,20210526,    0,    0
 18136,101392,20210527,    0,    0
 18136,101392,20210528,    0,    0
 18136,101392,20210529,    0,    0
 18136,101392,20210530,    0,    0
 18136,101392,20210531,    0,    0
 18136,101392,20210601,    0,    0
 18136,101392,20210602,    0,    0
 18136,101392,20210603,    0,    0
 18136,101392,20210604,    4,    0
 18136,101392,20210605,   34,    0
 18136,101392,20210606,    0,    0
 18136,101392,20210607,    0,    0
 18136,101392,20210608,    0,    0
 18136,101392,20210609,   60,    0
 18136,101392,20210610,   69,    0
 18136,101392,20210611,   34,    0
 18136,101392,20210612,   42,    0
 18136,101392,20210613,  435,    0
 18136,101392,20210614,  211,    0
 18136,101392,20210615,   23,    0
 18136,101392,20210616,   46,    0
 18136,101392,20210617,  114,    0
 18136,101392,20210618,    0,    0
 18136,101392,20210619,   35,    0
 18136,101392,20210620,   45,    0
 18136,101392,20210621,    0,    0
 18136,101392,20210622,    0,    0
 18136,101392,20210623,    0,    0
 18136,101392,20210624,   38,    0
 18136,101392,20210625,    0,    0
 18136,101392,20210626,    0,    0
 18136,101392,20210627,    4,    0
 18136,101392,20210628,    0,    0
 18136,101392,20210629,    0,    0
 18136,101392,20210630,    0,    0
 18136,101392,20210701,    0,    0
 18136,101392,20210702,   34,    0
 18136,101392,20210703,   52,    0
 18136,101392,20210704,   13,    0
 18136,101392,20210705,  176,    0
 18136,101392,20210706,   13,    0
 18136,101392,20210707,   54,    0
 18136,101392,20210708,  253,    0
 18136,101392,20210709,   34,    0
 18136,101392,20210710,   23,    0
 18136,101392,20210711,    0,    0
 18136,101392,20210712,    1,    0
 18136,101392,20210713,   34,    0
 18136,101392,20210714,    5,    0
 18136,101392,20210715,   20,    0
 18136,101392,20210716,    8,    0
 18136,101392,20210717,   94,    0
 18136,101392,20210718,   19,    0
 18136,101392,20210719,   11,    0
 18136,101392,20210720,   14,    0
 18136,101392,20210721,    0,    0
 18136,101392,20210722,    0,    0
 18136,101392,20210723,    0,    0
 18136,101392,20210724,    0,    0
 18136,101392,20210725,    0,    0
 18136,101392,20210726,   22,    0
 18136,101392,20210727,  139,    0
 18136,101392,20210728,  120,    0
 18136,101392,20210729,   67,    0
 18136,101392,20210730,    0,    0
 18136,101392,20210731,    0,    0
 18136,101392,20210801,    0,    0
 18136,101392,20210802,    0,    0
 18136,101392,20210803,    0,    0
 18136,101392,20210804,    0,    0
 18136,101392,20210805,    0,    0
 18136,101392,20210806,    6,    0
 18136,101392,20210807,    0,    0
 18136,101392,20210808,   19,    0
 18136,101392,20210809,  260,    0
 18136,101392,20210810,    0,    0
 18136,101392,20210811,    0,    0
 18136,101392,20210812,   36,    0
 18136,101392,20210813,   77,    0
 18136,101392,20210814,  183,    0
 18136,101392,20210815,   87,    0
 18136,101392,20210816,    1,    0
 18136,101392,20210817,    1,    0
 18136,101392,20210818,   11,    0
 18136,101392,20210819,    2,    0
 18136,101392,20210820,    0,    0
 18136,101392,20210821,    0,    0
 18136,101392,20210822,    0,    0
 18136,101392,20210823,    0,    0
 18136,101392,20210824,   88,    0
 18136,101392,20210825,    0,    0
 18136,101392,20210826,    0,    0
 18136,101392,20210827,    0,    0
 18136,101392,20210828,    0,    0
 18136,101392,20210829,    0,    0
 18136,101392,20210830,    0,    0
 18136,101392,20210831,    0,    0
 18136,101392,20210901,    0,    0
 18136,101392,20210902,   27,    0
 18136,101392,20210903,    0,    0
 18136,101392,20210904,    0,    0
 18136,101392,20210905,    0,    0
 18136,101392,20210906,   18,    0
 18136,101392,20210907,  119,    0
 18136,101392,20210908,   14,    0
 18136,101392,20210909,    1,    0
 18136,101392,20210910,   38,    0
 18136,101392,20210911,  272,    0
 18136,101392,20210912,    1,    0
 18136,101392,20210913,    1,    0
 18136,101392,20210914,    0,    0
 18136,101392,20210915,   14,    0
 18136,101392,20210916,    8,    0
 18136,101392,20210917,    0,    0
 18136,101392,20210918,    0,    0
 18136,101392,20210919,    0,    0
 18136,101392,20210920,   94,    0
 18136,101392,20210921,   20,    0
 18136,101392,20210922,  350,    0
 18136,101392,20210923,  247,    0
 18136,101392,20210924,  337,    0
 18136,101392,20210925,    3,    0
 18136,101392,20210926,    2,    0
 18136,101392,20210927,  206,    0
 18136,101392,20210928,    0,    0
 18136,101392,20210929,   29,    0
 18136,101392,20210930,   61,    0
 18136,101392,20211001,   90,    0
 18136,101392,20211002,   72,    0
 18136,101392,20211003,  200,    0
 18136,101392,20211004,  400,    0
 18136,101392,20211005,   49,    0
 18136,101392,20211006,   69,    0
 18136,101392,20211007,  434,    0
 18136,101392,20211008,  302,    0
 18136,101392,20211009,  374,    0
 18136,101392,20211010,  275,    0
 18136,101392,20211011,  145,    0
 18136,101392,20211012,    0,    0
 18136,101392,20211013,  230,    0
 18136,101392,20211014,  226,    0
 18136,101392,20211015,  136,    0
 18136,101392,20211016,   60,    0
 18136,101392,20211017,    0,    0
 18136,101392,20211018,   66,    0
 18136,101392,20211019,  513,    0
 18136,101392,20211020,  207,    0
 18136,101392,20211021,   98,    0
 18136,101392,20211022,   79,    0
 18136,101392,20211023,   40,    0
 18136,101392,20211024,  516,    0
 18136,101392,20211025,  121,    0
 18136,101392,20211026,  279,    0
 18136,101392,20211027,  171,    0
 18136,101392,20211028,  892,    0
 18136,101392,20211029,  122,    0
 18136,101392,20211030,  132,    0
 18136,101392,20211031,  124,    0
 18136,101392,20211101,  117,    0
 18136,101392,20211102,   20,    0
 18136,101392,20211103,   24,    0
 18136,101392,20211104,   50,    0
 18136,101392,20211105,  126,    0
 18136,101392,20211106,  171,    0
 18136,101392,20211107,  211,    0
 18136,101392,20211108,  125,    0
 18136,101392,20211109,  205,    0
 18136,101392,20211110,   75,    0
 18136,101392,20211111,  114,    0
 18136,101392,20211112,   14,    0
 18136,101392,20211113,    0,    0
 18136,101392,20211114,    0,    0
 18136,101392,20211115,  335,    0
 18136,101392,20211116,  303,    0
 18136,101392,20211117,  105,    0
 18136,101392,20211118,  232,    0
 18136,101392,20211119,   69,    0
 18136,101392,20211120,  149,    0
 18136,101392,20211121,   24,    0
 18136,101392,20211122,  147,    0
 18136,101392,20211123,  168,    0
 18136,101392,20211124,  206,    0
 18136,101392,20211125,    1,    0
 18136,101392,20211126,    0,    0
 18136,101392,20211127,    0,    0
 18136,101392,20211128,    0,    0
 18136,101392,20211129,  112,    0
 18136,101392,20211130,    0,    0
 18136,101392,20211201,    1,    0
 18136,101392,20211202,   15,    0
 18136,101392,20211203,   11,    0
 18136,101392,20211204,   15,    0
 18136,101392,20211205,    0,    0
 18136,101392,20211206,    0,    0
 18136,101392,20211207,    0,    0
 18136,101392,20211208,    0,    0
 18136,101392,20211209,    0,    0
 18136,101392,20211210,    0,    0
 18136,101392,20211211,   31,    0
 18136,101392,20211212,   20,    0
 18136,101392,20211213,   93,    0
 18136,101392,20211214,  454,    0
 18136,101392,20211215,   17,    0
 18136,101392,20211216,   43,    0
 18136,101392,20211217,   59,    0
 18136,101392,20211218,   42,    0
 18136,101392,20211219,    0,    0
 18136,101392,20211220,    0,    0
 18136,101392,20211221,    1,    0
 18136,101392,20211222,    1,    0
 18136,101392,20211223,    0,    0
 18136,101392,20211224,    0,    0
 18136,101392,20211225,    0,    0
 18136,101392,20211226,    0,    0
 18136,101392,20211227,    7,    0
 18136,101392,20211228,    4,    0
 18136,101392,20211229,   79,    0
 18136,101392,20211230,  204,    0
 18136,101392,20211231,   74,    0
 18136,101392,20220101,  112,    0
 18136,101392,20220102,   49,    0
 18136,101392,20220103,  161,    0
 18136,101392,20220104,  172,    0
 18136,101392,20220105,    0,    0
 18136,101392,20220106,    3,    0
 18136,101392,20220107,    5,    0
 18136,101392,20220108,    7,    0
 18136,101392,20220109,    0,    0
 18136,101392,20220110,   78,    0
 18136,101392,20220111,   96,    0
 18136,101392,20220112,  201,    0
 18136,101392,20220113,   19,    0
 18136,101392,20220114,    0,    0
 18136,101392,20220115,  106,    0
 18136,101392,20220116,   87,    0
 18136,101392,20220117,   26,    0
 18136,101392,20220118,   82,    0
 18136,101392,20220119,  211,    0
 18136,101392,20220120,-9999,    9
 18136,101392,20220121,-9999,    9
 18136,101392,20220122,-9999,    9
 18136,101392,20220123,-9999,    9
 18136,101392,20220124,-9999,    9
 18136,101392,20220125,-9999,    9
 18136,101392,20220126,-9999,    9
 18136,101392,20220127,-9999,    9
 18136,101392,20220128,-9999,    9
 18136,101392,20220129,-9999,    9
 18136,101392,20220130,-9999,    9
 18136,101392,20220131,-9999,    9
 18136,101392,20220201,-9999,    9
 18136,101392,20220202,-9999,    9
 18136,101392,20220203,-9999,    9
 18136,101392,20220204,-9999,    9
 18136,101392,20220205,-9999,    9
 18136,101392,20220206,-9999,    9
 18136,101392,20220207,-9999,    9
 18136,101392,20220208,-9999,    9
 18136,101392,20220209,-9999,    9
 18136,101392,20220210,-9999,    9
 18136,101392,20220211,-9999,    9
 18136,101392,20220212,-9999,    9
 18136,101392,20220213,-9999,    9
 18136,101392,20220214,-9999,    9
 18136,101392,20220215,-9999,    9
 18136,101392,20220216,-9999,    9
 18136,101392,20220217,-9999,    9
 18136,101392,20220218,-9999,    9
 18136,101392,20220219,-9999,    9
 18136,101392,20220220,-9999,    9
 18136,101392,20220221,-9999,    9
 18136,101392,20220222,-9999,    9
 18136,101392,20220223,-9999,    9
 18136,101392,20220224,-9999,    9
 18136,101392,20220225,-9999,    9
 18136,101392,20220226,-9999,    9
 18136,101392,20220227,-9999,    9
 18136,101392,20220228,-9999,    9
 18136,101392,20220301,-9999,    9
 18136,101392,20220302,-9999,    9
 18136,101392,20220303,-9999,    9
 18136,101392,20220304,-9999,    9
 18136,101392,20220305,-9999,    9
 18136,101392,20220306,-9999,    9
 18136,101392,20220307,-9999,    9
 18136,101392,20220308,-9999,    9
 18136,101392,20220309,-9999,    9
 18136,101392,20220310,-9999,    9
 18136,101392,20220311,-9999,    9
 18136,101392,20220312,-9999,    9
 18136,101392,20220313,-9999,    9
 18136,101392,20220314,-9999,    9
 18136,101392,20220315,-9999,    9
 18136,101392,20220316,-9999,    9
 18136,101392,20220317,-9999,    9
 18136,101392,20220318,-9999,    9
 18136,101392,20220319,-9999,    9
 18136,101392,20220320,-9999,    9
 18136,101392,20220321,-9999,    9
 18136,101392,20220322,-9999,    9
 18136,101392,20220323,-9999,    9
 18136,101392,20220324,-9999,    9
 18136,101392,20220325,-9999,    9
 18136,101392,20220326,-9999,    9
 18136,101392,20220327,-9999,    9
 18136,101392,20220328,-9999,    9
 18136,101392,20220329,-9999,    9
 18136,101392,20220330,-9999,    9
 18136,101392,20220331,-9999,    9
 18136,101392,20220401,-9999,    9
 18136,101392,20220402,-9999,    9
 18136,101392,20220403,-9999,    9
 18136,101392,20220404,-9999,    9
 18136,101392,20220405,-9999,    9
 18136,101392,20220406,-9999,    9
 18136,101392,20220407,-9999,    9
 18136,101392,20220408,-9999,    9
 18136,101392,20220409,-9999,    9
 18136,101392,20220410,-9999,    9
 18136,101392,20220411,-9999,    9
 18136,101392,20220412,-9999,    9
 18136,101392,20220413,-9999,    9
 18136,101392,20220414,-9999,    9
 18136,101392,20220415,-9999,    9
 18136,101392,20220416,-9999,    9
 18136,101392,20220417,-9999,    9
 18136,101392,20220418,-9999,    9
 18136,101392,20220419,-9999,    9
 18136,101392,20220420,-9999,    9
 18136,101392,20220421,-9999,    9
 18136,101392,20220422,-9999,    9
 18136,101392,20220423,-9999,    9
 18136,101392,20220424,-9999,    9
 18136,101392,20220425,-9999,    9
 18136,101392,20220426,-9999,    9
 18136,101392,20220427,-9999,    9
 18136,101392,20220428,-9999,    9
 18136,101392,20220429,-9999,    9
 18136,101392,20220430,    0,    0
 18136,101392,20220501,    1,    0
 18136,101392,20220502,   23,    0
 18136,101392,20220503,    0,    0
 18136,101392,20220504,   49,    0
 18136,101392,20220505,   12,    0
 18136,101392,20220506,  198,    0
 18136,101392,20220507,    2,    0
 18136,101392,20220508,    0,    0
 18136,101392,20220509,  100,    0
 18136,101392,20220510,  118,    0
 18136,101392,20220511,  124,    0
 18136,101392,20220512,   82,    0
 18136,101392,20220513,  201,    0
 18136,101392,20220514,    6,    0
 18136,101392,20220515,    0,    0
 18136,101392,20220516,    0,    0
 18136,101392,20220517,    0,    0
 18136,101392,20220518,   72,    0
 18136,101392,20220519,    2,    0
 18136,101392,20220520,    1,    0
 18136,101392,20220521,   16,    0
 18136,101392,20220522,   25,    0
 18136,101392,20220523,  248,    0
 18136,101392,20220524,  146,    0
 18136,101392,20220525,  102,    0
 18136,101392,20220526,   42,    0
 18136,101392,20220527,    1,    0
 18136,101392,20220528,    0,    0
 18136,101392,20220529,   18,    0
 18136,101392,20220530,    0,    0
 18136,101392,20220531,   18,    0
 18136,101392,20220601,   95,    0
 18136,101392,20220602,  105,    0
 18136,101392,20220603,    1,    0
 18136,101392,20220604,    0,    0
 18136,101392,20220605,    0,    0
 18136,101392,20220606,    0,    0
 18136,101392,20220607,    0,    0
 18136,101392,20220608,    0,    0
 18136,101392,20220609,    0,    0
 18136,101392,20220610,   48,    0
 18136,101392,20220611,  154,    0
 18136,101392,20220612,  100,    0
 18136,101392,20220613,  128,    0
 18136,101392,20220614,    9,    0
 18136,101392,20220615,    4,    0
 18136,101392,20220616,   24,    0
 18136,101392,20220617,  290,    0
 18136,101392,20220618,  313,    0
 18136,101392,20220619,   41,    0
 18136,101392,20220620,   23,    0
 18136,101392,20220621,  137,    0
 18136,101392,20220622,   72,    0
 18136,101392,20220623,    0,    0
 18136,101392,20220624,   87,    0
 18136,101392,20220625,    0,    0
 18136,101392,20220626,  108,    0
 18136,101392,20220627,    0,    0
 18136,101392,20220628,    0,    0
 18136,101392,20220629,    0,    0
 18136,101392,20220630,    0,    0
 18136,101392,20220701,  105,    0
 18136,101392,20220702,  364,    0
 18136,101392,20220703,  215,    0
 18136,101392,20220704,  178,    0
 18136,101392,20220705,   25,    0
 18136,101392,20220706,  265,    0
 18136,101392,20220707,   57,    0
 18136,101392,20220708,   34,    0
 18136,101392,20220709,   23,    0
 18136,101392,20220710,    1,    0
 18136,101392,20220711,    0,    0
 18136,101392,20220712,   86,    0
 18136,101392,20220713,  224,    0
 18136,101392,20220714,   17,    0
 18136,101392,20220715,   33,    0
 18136,101392,20220716,   17,    0
 18136,101392,20220717,  187,    0
 18136,101392,20220718,    3,    0
 18136,101392,20220719,    3,    0
 18136,101392,20220720,   88,    0
 18136,101392,20220721,    0,    0
 18136,101392,20220722,    0,    0
 18136,101392,20220723,    0,    0
 18136,101392,20220724,  357,    0
 18136,101392,20220725,  126,    0
 18136,101392,20220726,   65,    0
 18136,101392,20220727,    1,    0
 18136,101392,20220728,    0,    0
 18136,101392,20220729,    0,    0
 18136,101392,20220730,  187,    0
 18136,101392,20220731,    1,    0
 18136,101392,20220801,    1,    0
 18136,101392,20220802,  113,    0
 18136,101392,20220803,  136,    0
 18136,101392,20220804,   80,    0
 18136,101392,20220805,   97,    0
 18136,101392,20220806,  123,    0
 18136,101392,20220807,  148,    0
 18136,101392,20220808,    9,    0
 18136,101392,20220809,   21,    0
 18136,101392,20220810,    0,    0
 18136,101392,20220811,   49,    0
 18136,101392,20220812,    2,    0
 18136,101392,20220813,    2,    0
 18136,101392,20220814,    0,    0
 18136,101392,20220815,   72,    0
 18136,101392,20220816,  165,    0
 18136,101392,20220817,    0,    0
 18136,101392,20220818,    2,    0
 18136,101392,20220819,   86,    0
 18136,101392,20220820,  207,    0
 18136,101392,20220821,   54,    0
 18136,101392,20220822,   10,    0
 18136,101392,20220823,    0,    0
 18136,101392,20220824,   61,    0
 18136,101392,20220825,  337,    0
 18136,101392,20220826,    1,    0
 18136,101392,20220827,    0,    0
 18136,101392,20220828,    0,    0
 18136,101392,20220829,    0,    0
 18136,101392,20220830,    0,    0
 18136,101392,20220831,    0,    0
 18136,101392,20220901,    0,    0
 18136,101392,20220902,    0,    0
 18136,101392,20220903,    0,    0
 18136,101392,20220904,    0,    0
 18136,101392,20220905,    0,    0
 18136,101392,20220906,    0,    0
 18136,101392,20220907,    0,    0
 18136,101392,20220908,    0,    0
 18136,101392,20220909,    0,    0
 18136,101392,20220910,    0,    0
 18136,101392,20220911,   68,    0
 18136,101392,20220912,  247,    0
 18136,101392,20220913,   30,    0
 18136,101392,20220914,  109,    0
 18136,101392,20220915,   78,    0
 18136,101392,20220916,    2,    0
 18136,101392,20220917,   16,    0
 18136,101392,20220918,    1,    0
 18136,101392,20220919,    0,    0
 18136,101392,20220920,    0,    0
 18136,101392,20220921,    0,    0
 18136,101392,20220922,  493,    0
 18136,101392,20220923,    2,    0
 18136,101392,20220924,    2,    0
 18136,101392,20220925,  465,    0
 18136,101392,20220926,  170,    0
 18136,101392,20220927,    2,    0
 18136,101392,20220928,    0,    0
 18136,101392,20220929,    0,    0
 18136,101392,20220930,   22,    0
 18136,101392,20221001,   45,    0
 18136,101392,20221002,  103,    0
 18136,101392,20221003,   14,    0
 18136,101392,20221004,  470,    0
 18136,101392,20221005,  218,    0
 18136,101392,20221006,   92,    0
 18136,101392,20221007,   65,    0
 18136,101392,20221008,   86,    0
 18136,101392,20221009,  205,    0
 18136,101392,20221010,  148,    0
 18136,101392,20221011,   33,    0
 18136,101392,20221012,  269,    0
 18136,101392,20221013,    7,    0
 18136,101392,20221014,  249,    0
 18136,101392,20221015,  105,    0
 18136,101392,20221016,  231,    0
 18136,101392,20221017,  111,    0
 18136,101392,20221018,    9,    0
 18136,101392,20221019,    0,    0
 18136,101392,20221020,    0,    0
 18136,101392,20221021,   22,    0
 18136,101392,20221022,   32,    0
 18136,101392,20221023,   72,    0
 18136,101392,20221024,    2,    0
 18136,101392,20221025,   15,    0
 18136,101392,20221026,   42,    0
 18136,101392,20221027,   11,    0
 18136,101392,20221028,  133,    0
 18136,101392,20221029,    5,    0
 18136,101392,20221030,  133,    0
 18136,101392,20221031,-9999,    9
