EUROPEAN CLIMATE ASSESSMENT & DATASET (ECA&D), file created on: 16-11-2022
THESE DATA CAN BE USED FOR NON-COMMERCIAL RESEARCH AND EDUCATION PROVIDED THAT THE FOLLOWING SOURCE IS ACKNOWLEDGED: 

Klein Tank, A.M.G. and Coauthors, 2002. Daily dataset of 20th-century surface
air temperature and precipitation series for the European Climate Assessment.
Int. J. of Climatol., 22, 1441-1453.
Data and metadata available at http://www.ecad.eu

FILE FORMAT (MISSING VALUE CODE = -9999):

01-06 STAID: Station identifier
08-13 SOUID: Source identifier
15-22 DATE : Date YYYYMMDD
24-28 RR   : Precipitation amount in 0.1 mm
30-34 Q_RR : quality code for RR (0='valid'; 1='suspect'; 9='missing')

This is the blended series of station SUKOW-ZIETLITZ, GERMANY (STAID: 22401)
Blended and updated with sources:120736 
See files sources.txt and stations.txt for more info.

STAID, SOUID,    DATE,   RR, Q_RR
 22401,120736,20181001,    3,    0
 22401,120736,20181002,   40,    0
 22401,120736,20181003,    0,    0
 22401,120736,20181004,    2,    0
 22401,120736,20181005,    0,    0
 22401,120736,20181006,   32,    0
 22401,120736,20181007,    0,    0
 22401,120736,20181008,    0,    0
 22401,120736,20181009,    0,    0
 22401,120736,20181010,    0,    0
 22401,120736,20181011,    0,    0
 22401,120736,20181012,    0,    0
 22401,120736,20181013,    0,    0
 22401,120736,20181014,    0,    0
 22401,120736,20181015,    0,    0
 22401,120736,20181016,    0,    0
 22401,120736,20181017,    0,    0
 22401,120736,20181018,    0,    0
 22401,120736,20181019,    0,    0
 22401,120736,20181020,    0,    0
 22401,120736,20181021,    0,    0
 22401,120736,20181022,    0,    0
 22401,120736,20181023,   25,    0
 22401,120736,20181024,   10,    0
 22401,120736,20181025,    0,    0
 22401,120736,20181026,   17,    0
 22401,120736,20181027,    0,    0
 22401,120736,20181028,    5,    0
 22401,120736,20181029,    0,    0
 22401,120736,20181030,   30,    0
 22401,120736,20181031,    0,    0
 22401,120736,20181101,    0,    0
 22401,120736,20181102,    1,    0
 22401,120736,20181103,    0,    0
 22401,120736,20181104,    0,    0
 22401,120736,20181105,    2,    0
 22401,120736,20181106,    0,    0
 22401,120736,20181107,    0,    0
 22401,120736,20181108,    2,    0
 22401,120736,20181109,    0,    0
 22401,120736,20181110,   10,    0
 22401,120736,20181111,   14,    0
 22401,120736,20181112,   20,    0
 22401,120736,20181113,    5,    0
 22401,120736,20181114,    0,    0
 22401,120736,20181115,    0,    0
 22401,120736,20181116,    0,    0
 22401,120736,20181117,    0,    0
 22401,120736,20181118,   17,    0
 22401,120736,20181119,    2,    0
 22401,120736,20181120,    2,    0
 22401,120736,20181121,    1,    0
 22401,120736,20181122,    0,    0
 22401,120736,20181123,    0,    0
 22401,120736,20181124,    1,    0
 22401,120736,20181125,    1,    0
 22401,120736,20181126,    0,    0
 22401,120736,20181127,    1,    0
 22401,120736,20181128,    0,    0
 22401,120736,20181129,    4,    0
 22401,120736,20181130,    1,    0
 22401,120736,20181201,    0,    0
 22401,120736,20181202,   48,    0
 22401,120736,20181203,   22,    0
 22401,120736,20181204,    0,    0
 22401,120736,20181205,    5,    0
 22401,120736,20181206,   24,    0
 22401,120736,20181207,   68,    0
 22401,120736,20181208,   68,    0
 22401,120736,20181209,    2,    0
 22401,120736,20181210,    2,    0
 22401,120736,20181211,   32,    0
 22401,120736,20181212,    5,    0
 22401,120736,20181213,    0,    0
 22401,120736,20181214,    0,    0
 22401,120736,20181215,    0,    0
 22401,120736,20181216,    1,    0
 22401,120736,20181217,    7,    0
 22401,120736,20181218,    1,    0
 22401,120736,20181219,    1,    0
 22401,120736,20181220,   20,    0
 22401,120736,20181221,   85,    0
 22401,120736,20181222,   25,    0
 22401,120736,20181223,   56,    0
 22401,120736,20181224,    2,    0
 22401,120736,20181225,    1,    0
 22401,120736,20181226,    5,    0
 22401,120736,20181227,    3,    0
 22401,120736,20181228,    5,    0
 22401,120736,20181229,   56,    0
 22401,120736,20181230,    1,    0
 22401,120736,20181231,   10,    0
 22401,120736,20190101,   28,    0
 22401,120736,20190102,    0,    0
 22401,120736,20190103,    0,    0
 22401,120736,20190104,    7,    0
 22401,120736,20190105,    1,    0
 22401,120736,20190106,   32,    0
 22401,120736,20190107,   46,    0
 22401,120736,20190108,  110,    0
 22401,120736,20190109,    8,    0
 22401,120736,20190110,   10,    0
 22401,120736,20190111,    4,    0
 22401,120736,20190112,   53,    0
 22401,120736,20190113,   42,    0
 22401,120736,20190114,    0,    0
 22401,120736,20190115,   22,    0
 22401,120736,20190116,   20,    0
 22401,120736,20190117,   28,    0
 22401,120736,20190118,    0,    0
 22401,120736,20190119,    2,    0
 22401,120736,20190120,    0,    0
 22401,120736,20190121,    5,    0
 22401,120736,20190122,    0,    0
 22401,120736,20190123,    0,    0
 22401,120736,20190124,    0,    0
 22401,120736,20190125,   15,    0
 22401,120736,20190126,   65,    0
 22401,120736,20190127,   38,    0
 22401,120736,20190128,    9,    0
 22401,120736,20190129,    0,    0
 22401,120736,20190130,    2,    0
 22401,120736,20190131,    0,    0
 22401,120736,20190201,    0,    0
 22401,120736,20190202,   30,    0
 22401,120736,20190203,    0,    0
 22401,120736,20190204,    3,    0
 22401,120736,20190205,    0,    0
 22401,120736,20190206,   13,    0
 22401,120736,20190207,   13,    0
 22401,120736,20190208,   15,    0
 22401,120736,20190209,    7,    0
 22401,120736,20190210,  115,    0
 22401,120736,20190211,    7,    0
 22401,120736,20190212,    0,    0
 22401,120736,20190213,    1,    0
 22401,120736,20190214,    0,    0
 22401,120736,20190215,    0,    0
 22401,120736,20190216,    0,    0
 22401,120736,20190217,    0,    0
 22401,120736,20190218,    0,    0
 22401,120736,20190219,    3,    0
 22401,120736,20190220,    6,    0
 22401,120736,20190221,   12,    0
 22401,120736,20190222,    0,    0
 22401,120736,20190223,    0,    0
 22401,120736,20190224,    0,    0
 22401,120736,20190225,    0,    0
 22401,120736,20190226,    0,    0
 22401,120736,20190227,    0,    0
 22401,120736,20190228,    0,    0
 22401,120736,20190301,    0,    0
 22401,120736,20190302,    0,    0
 22401,120736,20190303,   37,    0
 22401,120736,20190304,   51,    0
 22401,120736,20190305,    4,    0
 22401,120736,20190306,   40,    0
 22401,120736,20190307,   21,    0
 22401,120736,20190308,   35,    0
 22401,120736,20190309,   63,    0
 22401,120736,20190310,   16,    0
 22401,120736,20190311,   82,    0
 22401,120736,20190312,   17,    0
 22401,120736,20190313,   20,    0
 22401,120736,20190314,   82,    0
 22401,120736,20190315,   35,    0
 22401,120736,20190316,   45,    0
 22401,120736,20190317,   18,    0
 22401,120736,20190318,   15,    0
 22401,120736,20190319,    0,    0
 22401,120736,20190320,    0,    0
 22401,120736,20190321,    1,    0
 22401,120736,20190322,    0,    0
 22401,120736,20190323,    1,    0
 22401,120736,20190324,    3,    0
 22401,120736,20190325,    3,    0
 22401,120736,20190326,   13,    0
 22401,120736,20190327,    3,    0
 22401,120736,20190328,    3,    0
 22401,120736,20190329,    0,    0
 22401,120736,20190330,    0,    0
 22401,120736,20190331,    0,    0
 22401,120736,20190401,    0,    0
 22401,120736,20190402,    0,    0
 22401,120736,20190403,    5,    0
 22401,120736,20190404,    0,    0
 22401,120736,20190405,    0,    0
 22401,120736,20190406,    0,    0
 22401,120736,20190407,    0,    0
 22401,120736,20190408,    0,    0
 22401,120736,20190409,    0,    0
 22401,120736,20190410,    0,    0
 22401,120736,20190411,    0,    0
 22401,120736,20190412,    4,    0
 22401,120736,20190413,    0,    0
 22401,120736,20190414,    0,    0
 22401,120736,20190415,    0,    0
 22401,120736,20190416,    0,    0
 22401,120736,20190417,    0,    0
 22401,120736,20190418,    0,    0
 22401,120736,20190419,    0,    0
 22401,120736,20190420,    0,    0
 22401,120736,20190421,    0,    0
 22401,120736,20190422,    0,    0
 22401,120736,20190423,    0,    0
 22401,120736,20190424,    0,    0
 22401,120736,20190425,    0,    0
 22401,120736,20190426,   60,    0
 22401,120736,20190427,   25,    0
 22401,120736,20190428,   31,    0
 22401,120736,20190429,    4,    0
 22401,120736,20190430,    0,    0
 22401,120736,20190501,    0,    0
 22401,120736,20190502,    2,    0
 22401,120736,20190503,    5,    0
 22401,120736,20190504,    0,    0
 22401,120736,20190505,    0,    0
 22401,120736,20190506,    5,    0
 22401,120736,20190507,    0,    0
 22401,120736,20190508,   30,    0
 22401,120736,20190509,   25,    0
 22401,120736,20190510,   15,    0
 22401,120736,20190511,    0,    0
 22401,120736,20190512,    0,    0
 22401,120736,20190513,    0,    0
 22401,120736,20190514,    0,    0
 22401,120736,20190515,    0,    0
 22401,120736,20190516,   65,    0
 22401,120736,20190517,    0,    0
 22401,120736,20190518,    0,    0
 22401,120736,20190519,    0,    0
 22401,120736,20190520,   17,    0
 22401,120736,20190521,   55,    0
 22401,120736,20190522,   12,    0
 22401,120736,20190523,    0,    0
 22401,120736,20190524,    0,    0
 22401,120736,20190525,    0,    0
 22401,120736,20190526,   36,    0
 22401,120736,20190527,    0,    0
 22401,120736,20190528,    0,    0
 22401,120736,20190529,    0,    0
 22401,120736,20190530,    0,    0
 22401,120736,20190531,   23,    0
 22401,120736,20190601,    0,    0
 22401,120736,20190602,    0,    0
 22401,120736,20190603,   40,    0
 22401,120736,20190604,    0,    0
 22401,120736,20190605,    1,    0
 22401,120736,20190606,   36,    0
 22401,120736,20190607,  140,    0
 22401,120736,20190608,    0,    0
 22401,120736,20190609,    0,    0
 22401,120736,20190610,    0,    0
 22401,120736,20190611,  190,    0
 22401,120736,20190612,   54,    0
 22401,120736,20190613,   25,    0
 22401,120736,20190614,    0,    0
 22401,120736,20190615,   14,    0
 22401,120736,20190616,    0,    0
 22401,120736,20190617,    0,    0
 22401,120736,20190618,    0,    0
 22401,120736,20190619,    0,    0
 22401,120736,20190620,   32,    0
 22401,120736,20190621,    0,    0
 22401,120736,20190622,    0,    0
 22401,120736,20190623,    0,    0
 22401,120736,20190624,    0,    0
 22401,120736,20190625,    0,    0
 22401,120736,20190626,    0,    0
 22401,120736,20190627,    0,    0
 22401,120736,20190628,    0,    0
 22401,120736,20190629,    0,    0
 22401,120736,20190630,    0,    0
 22401,120736,20190701,    0,    0
 22401,120736,20190702,    0,    0
 22401,120736,20190703,    0,    0
 22401,120736,20190704,    0,    0
 22401,120736,20190705,    2,    0
 22401,120736,20190706,   11,    0
 22401,120736,20190707,    0,    0
 22401,120736,20190708,    0,    0
 22401,120736,20190709,    0,    0
 22401,120736,20190710,    0,    0
 22401,120736,20190711,    3,    0
 22401,120736,20190712,   92,    0
 22401,120736,20190713,   18,    0
 22401,120736,20190714,    0,    0
 22401,120736,20190715,    0,    0
 22401,120736,20190716,    0,    0
 22401,120736,20190717,    0,    0
 22401,120736,20190718,    0,    0
 22401,120736,20190719,    0,    0
 22401,120736,20190720,   65,    0
 22401,120736,20190721,    0,    0
 22401,120736,20190722,   17,    0
 22401,120736,20190723,    0,    0
 22401,120736,20190724,    0,    0
 22401,120736,20190725,    0,    0
 22401,120736,20190726,    0,    0
 22401,120736,20190727,    0,    0
 22401,120736,20190728,    0,    0
 22401,120736,20190729,   32,    0
 22401,120736,20190730,   55,    0
 22401,120736,20190731,  195,    0
 22401,120736,20190801,    1,    0
 22401,120736,20190802,   25,    0
 22401,120736,20190803,    0,    0
 22401,120736,20190804,    0,    0
 22401,120736,20190805,    0,    0
 22401,120736,20190806,    1,    0
 22401,120736,20190807,    0,    0
 22401,120736,20190808,   12,    0
 22401,120736,20190809,    5,    0
 22401,120736,20190810,    5,    0
 22401,120736,20190811,    0,    0
 22401,120736,20190812,   35,    0
 22401,120736,20190813,   10,    0
 22401,120736,20190814,    3,    0
 22401,120736,20190815,   62,    0
 22401,120736,20190816,    2,    0
 22401,120736,20190817,   27,    0
 22401,120736,20190818,   17,    0
 22401,120736,20190819,    0,    0
 22401,120736,20190820,    0,    0
 22401,120736,20190821,    0,    0
 22401,120736,20190822,    0,    0
 22401,120736,20190823,    0,    0
 22401,120736,20190824,    0,    0
 22401,120736,20190825,    0,    0
 22401,120736,20190826,    2,    0
 22401,120736,20190827,   62,    0
 22401,120736,20190828,   57,    0
 22401,120736,20190829,    2,    0
 22401,120736,20190830,    0,    0
 22401,120736,20190831,    0,    0
 22401,120736,20190901,    0,    0
 22401,120736,20190902,    5,    0
 22401,120736,20190903,   17,    0
 22401,120736,20190904,    5,    0
 22401,120736,20190905,    2,    0
 22401,120736,20190906,    0,    0
 22401,120736,20190907,    0,    0
 22401,120736,20190908,    0,    0
 22401,120736,20190909,  160,    0
 22401,120736,20190910,    3,    0
 22401,120736,20190911,   10,    0
 22401,120736,20190912,    0,    0
 22401,120736,20190913,   30,    0
 22401,120736,20190914,    0,    0
 22401,120736,20190915,    1,    0
 22401,120736,20190916,    0,    0
 22401,120736,20190917,   26,    0
 22401,120736,20190918,    0,    0
 22401,120736,20190919,    0,    0
 22401,120736,20190920,    0,    0
 22401,120736,20190921,    0,    0
 22401,120736,20190922,    0,    0
 22401,120736,20190923,    0,    0
 22401,120736,20190924,    2,    0
 22401,120736,20190925,   38,    0
 22401,120736,20190926,   91,    0
 22401,120736,20190927,    2,    0
 22401,120736,20190928,   38,    0
 22401,120736,20190929,  275,    0
 22401,120736,20190930,   52,    0
 22401,120736,20191001,  165,    0
 22401,120736,20191002,   32,    0
 22401,120736,20191003,    7,    0
 22401,120736,20191004,   63,    0
 22401,120736,20191005,    9,    0
 22401,120736,20191006,    0,    0
 22401,120736,20191007,    4,    0
 22401,120736,20191008,   63,    0
 22401,120736,20191009,   35,    0
 22401,120736,20191010,   38,    0
 22401,120736,20191011,   18,    0
 22401,120736,20191012,   22,    0
 22401,120736,20191013,   10,    0
 22401,120736,20191014,    0,    0
 22401,120736,20191015,    5,    0
 22401,120736,20191016,  125,    0
 22401,120736,20191017,   20,    0
 22401,120736,20191018,   34,    0
 22401,120736,20191019,    3,    0
 22401,120736,20191020,   57,    0
 22401,120736,20191021,    2,    0
 22401,120736,20191022,    0,    0
 22401,120736,20191023,    2,    0
 22401,120736,20191024,    0,    0
 22401,120736,20191025,    0,    0
 22401,120736,20191026,    4,    0
 22401,120736,20191027,    0,    0
 22401,120736,20191028,    2,    0
 22401,120736,20191029,    0,    0
 22401,120736,20191030,    0,    0
 22401,120736,20191031,    0,    0
 22401,120736,20191101,   50,    0
 22401,120736,20191102,   68,    0
 22401,120736,20191103,   15,    0
 22401,120736,20191104,  102,    0
 22401,120736,20191105,  112,    0
 22401,120736,20191106,   12,    0
 22401,120736,20191107,    2,    0
 22401,120736,20191108,    2,    0
 22401,120736,20191109,    1,    0
 22401,120736,20191110,    2,    0
 22401,120736,20191111,    2,    0
 22401,120736,20191112,    0,    0
 22401,120736,20191113,    0,    0
 22401,120736,20191114,    0,    0
 22401,120736,20191115,    0,    0
 22401,120736,20191116,   81,    0
 22401,120736,20191117,   17,    0
 22401,120736,20191118,   18,    0
 22401,120736,20191119,    8,    0
 22401,120736,20191120,   18,    0
 22401,120736,20191121,   48,    0
 22401,120736,20191122,    2,    0
 22401,120736,20191123,    0,    0
 22401,120736,20191124,    0,    0
 22401,120736,20191125,    0,    0
 22401,120736,20191126,    2,    0
 22401,120736,20191127,   15,    0
 22401,120736,20191128,   60,    0
 22401,120736,20191129,    0,    0
 22401,120736,20191130,    0,    0
 22401,120736,20191201,    7,    0
 22401,120736,20191202,    2,    0
 22401,120736,20191203,    0,    0
 22401,120736,20191204,    0,    0
 22401,120736,20191205,    5,    0
 22401,120736,20191206,   23,    0
 22401,120736,20191207,   20,    0
 22401,120736,20191208,  118,    0
 22401,120736,20191209,    8,    0
 22401,120736,20191210,   17,    0
 22401,120736,20191211,   98,    0
 22401,120736,20191212,    1,    0
 22401,120736,20191213,   15,    0
 22401,120736,20191214,   12,    0
 22401,120736,20191215,   10,    0
 22401,120736,20191216,    1,    0
 22401,120736,20191217,   30,    0
 22401,120736,20191218,    2,    0
 22401,120736,20191219,    0,    0
 22401,120736,20191220,    1,    0
 22401,120736,20191221,    2,    0
 22401,120736,20191222,    8,    0
 22401,120736,20191223,    2,    0
 22401,120736,20191224,   36,    0
 22401,120736,20191225,   14,    0
 22401,120736,20191226,    8,    0
 22401,120736,20191227,    5,    0
 22401,120736,20191228,    0,    0
 22401,120736,20191229,    0,    0
 22401,120736,20191230,    0,    0
 22401,120736,20191231,    0,    0
 22401,120736,20200101,    0,    0
 22401,120736,20200102,    2,    0
 22401,120736,20200103,   56,    0
 22401,120736,20200104,   58,    0
 22401,120736,20200105,   12,    0
 22401,120736,20200106,    5,    0
 22401,120736,20200107,    8,    0
 22401,120736,20200108,   12,    0
 22401,120736,20200109,   48,    0
 22401,120736,20200110,   10,    0
 22401,120736,20200111,    0,    0
 22401,120736,20200112,   14,    0
 22401,120736,20200113,    3,    0
 22401,120736,20200114,   18,    0
 22401,120736,20200115,    2,    0
 22401,120736,20200116,    0,    0
 22401,120736,20200117,    9,    0
 22401,120736,20200118,    0,    0
 22401,120736,20200119,    1,    0
 22401,120736,20200120,    0,    0
 22401,120736,20200121,    0,    0
 22401,120736,20200122,    0,    0
 22401,120736,20200123,    0,    0
 22401,120736,20200124,    3,    0
 22401,120736,20200125,    1,    0
 22401,120736,20200126,    0,    0
 22401,120736,20200127,   56,    0
 22401,120736,20200128,   98,    0
 22401,120736,20200129,  159,    0
 22401,120736,20200130,   44,    0
 22401,120736,20200131,    6,    0
 22401,120736,20200201,   28,    0
 22401,120736,20200202,    9,    0
 22401,120736,20200203,   26,    0
 22401,120736,20200204,   21,    0
 22401,120736,20200205,    0,    0
 22401,120736,20200206,    0,    0
 22401,120736,20200207,    0,    0
 22401,120736,20200208,    0,    0
 22401,120736,20200209,  112,    0
 22401,120736,20200210,   98,    0
 22401,120736,20200211,   98,    0
 22401,120736,20200212,    9,    0
 22401,120736,20200213,   44,    0
 22401,120736,20200214,   18,    0
 22401,120736,20200215,    0,    0
 22401,120736,20200216,   36,    0
 22401,120736,20200217,    5,    0
 22401,120736,20200218,   14,    0
 22401,120736,20200219,   32,    0
 22401,120736,20200220,   46,    0
 22401,120736,20200221,    2,    0
 22401,120736,20200222,   28,    0
 22401,120736,20200223,   72,    0
 22401,120736,20200224,  136,    0
 22401,120736,20200225,    2,    0
 22401,120736,20200226,   13,    0
 22401,120736,20200227,    2,    0
 22401,120736,20200228,   54,    0
 22401,120736,20200229,   35,    0
 22401,120736,20200301,   33,    0
 22401,120736,20200302,    2,    0
 22401,120736,20200303,    2,    0
 22401,120736,20200304,    5,    0
 22401,120736,20200305,   12,    0
 22401,120736,20200306,   47,    0
 22401,120736,20200307,    2,    0
 22401,120736,20200308,    7,    0
 22401,120736,20200309,   15,    0
 22401,120736,20200310,   76,    0
 22401,120736,20200311,   76,    0
 22401,120736,20200312,   10,    0
 22401,120736,20200313,   28,    0
 22401,120736,20200314,    0,    0
 22401,120736,20200315,    0,    0
 22401,120736,20200316,    0,    0
 22401,120736,20200317,    0,    0
 22401,120736,20200318,   10,    0
 22401,120736,20200319,    3,    0
 22401,120736,20200320,    2,    0
 22401,120736,20200321,    0,    0
 22401,120736,20200322,    0,    0
 22401,120736,20200323,    0,    0
 22401,120736,20200324,    0,    0
 22401,120736,20200325,    0,    0
 22401,120736,20200326,    0,    0
 22401,120736,20200327,    0,    0
 22401,120736,20200328,    5,    0
 22401,120736,20200329,   20,    0
 22401,120736,20200330,    5,    0
 22401,120736,20200331,    0,    0
 22401,120736,20200401,    0,    0
 22401,120736,20200402,   12,    0
 22401,120736,20200403,    0,    0
 22401,120736,20200404,    0,    0
 22401,120736,20200405,    0,    0
 22401,120736,20200406,    0,    0
 22401,120736,20200407,    0,    0
 22401,120736,20200408,    0,    0
 22401,120736,20200409,    0,    0
 22401,120736,20200410,    0,    0
 22401,120736,20200411,    0,    0
 22401,120736,20200412,    0,    0
 22401,120736,20200413,    1,    0
 22401,120736,20200414,    0,    0
 22401,120736,20200415,    0,    0
 22401,120736,20200416,    0,    0
 22401,120736,20200417,    0,    0
 22401,120736,20200418,    0,    0
 22401,120736,20200419,    0,    0
 22401,120736,20200420,    0,    0
 22401,120736,20200421,    0,    0
 22401,120736,20200422,    0,    0
 22401,120736,20200423,    0,    0
 22401,120736,20200424,    0,    0
 22401,120736,20200425,    0,    0
 22401,120736,20200426,    0,    0
 22401,120736,20200427,    0,    0
 22401,120736,20200428,    8,    0
 22401,120736,20200429,   38,    0
 22401,120736,20200430,  145,    0
 22401,120736,20200501,   25,    0
 22401,120736,20200502,    0,    0
 22401,120736,20200503,    0,    0
 22401,120736,20200504,    3,    0
 22401,120736,20200505,    7,    0
 22401,120736,20200506,    0,    0
 22401,120736,20200507,    0,    0
 22401,120736,20200508,    0,    0
 22401,120736,20200509,    0,    0
 22401,120736,20200510,   19,    0
 22401,120736,20200511,    1,    0
 22401,120736,20200512,   14,    0
 22401,120736,20200513,    7,    0
 22401,120736,20200514,    0,    0
 22401,120736,20200515,    0,    0
 22401,120736,20200516,    0,    0
 22401,120736,20200517,    0,    0
 22401,120736,20200518,    0,    0
 22401,120736,20200519,    0,    0
 22401,120736,20200520,    0,    0
 22401,120736,20200521,    0,    0
 22401,120736,20200522,   42,    0
 22401,120736,20200523,   54,    0
 22401,120736,20200524,   19,    0
 22401,120736,20200525,    0,    0
 22401,120736,20200526,    0,    0
 22401,120736,20200527,    0,    0
 22401,120736,20200528,    0,    0
 22401,120736,20200529,    0,    0
 22401,120736,20200530,    0,    0
 22401,120736,20200531,    0,    0
 22401,120736,20200601,    0,    0
 22401,120736,20200602,    0,    0
 22401,120736,20200603,    0,    0
 22401,120736,20200604,  174,    0
 22401,120736,20200605,   33,    0
 22401,120736,20200606,    3,    0
 22401,120736,20200607,    1,    0
 22401,120736,20200608,    0,    0
 22401,120736,20200609,    0,    0
 22401,120736,20200610,    8,    0
 22401,120736,20200611,    3,    0
 22401,120736,20200612,   37,    0
 22401,120736,20200613,  149,    0
 22401,120736,20200614,    0,    0
 22401,120736,20200615,    0,    0
 22401,120736,20200616,    0,    0
 22401,120736,20200617,    0,    0
 22401,120736,20200618,   37,    0
 22401,120736,20200619,  103,    0
 22401,120736,20200620,    0,    0
 22401,120736,20200621,    0,    0
 22401,120736,20200622,    0,    0
 22401,120736,20200623,    0,    0
 22401,120736,20200624,    0,    0
 22401,120736,20200625,    0,    0
 22401,120736,20200626,    0,    0
 22401,120736,20200627,   13,    0
 22401,120736,20200628,   24,    0
 22401,120736,20200629,    0,    0
 22401,120736,20200630,    0,    0
 22401,120736,20200701,    0,    0
 22401,120736,20200702,    4,    0
 22401,120736,20200703,    2,    0
 22401,120736,20200704,   17,    0
 22401,120736,20200705,    5,    0
 22401,120736,20200706,   18,    0
 22401,120736,20200707,   38,    0
 22401,120736,20200708,    4,    0
 22401,120736,20200709,  230,    0
 22401,120736,20200710,   47,    0
 22401,120736,20200711,    0,    0
 22401,120736,20200712,    0,    0
 22401,120736,20200713,    0,    0
 22401,120736,20200714,   24,    0
 22401,120736,20200715,   22,    0
 22401,120736,20200716,    0,    0
 22401,120736,20200717,    0,    0
 22401,120736,20200718,    0,    0
 22401,120736,20200719,    0,    0
 22401,120736,20200720,   70,    0
 22401,120736,20200721,    2,    0
 22401,120736,20200722,    0,    0
 22401,120736,20200723,    0,    0
 22401,120736,20200724,    0,    0
 22401,120736,20200725,   24,    0
 22401,120736,20200726,   30,    0
 22401,120736,20200727,    5,    0
 22401,120736,20200728,    0,    0
 22401,120736,20200729,    0,    0
 22401,120736,20200730,    0,    0
 22401,120736,20200731,    0,    0
 22401,120736,20200801,   12,    0
 22401,120736,20200802,    7,    0
 22401,120736,20200803,    0,    0
 22401,120736,20200804,    0,    0
 22401,120736,20200805,    0,    0
 22401,120736,20200806,    0,    0
 22401,120736,20200807,    0,    0
 22401,120736,20200808,    0,    0
 22401,120736,20200809,    0,    0
 22401,120736,20200810,   66,    0
 22401,120736,20200811,    0,    0
 22401,120736,20200812,    0,    0
 22401,120736,20200813,    0,    0
 22401,120736,20200814,    0,    0
 22401,120736,20200815,    0,    0
 22401,120736,20200816,    0,    0
 22401,120736,20200817,   88,    0
 22401,120736,20200818,  154,    0
 22401,120736,20200819,    1,    0
 22401,120736,20200820,    0,    0
 22401,120736,20200821,    1,    0
 22401,120736,20200822,   44,    0
 22401,120736,20200823,    6,    0
 22401,120736,20200824,   40,    0
 22401,120736,20200825,   63,    0
 22401,120736,20200826,   99,    0
 22401,120736,20200827,    1,    0
 22401,120736,20200828,   18,    0
 22401,120736,20200829,    0,    0
 22401,120736,20200830,    0,    0
 22401,120736,20200831,    8,    0
 22401,120736,20200901,    0,    0
 22401,120736,20200902,    3,    0
 22401,120736,20200903,   54,    0
 22401,120736,20200904,    4,    0
 22401,120736,20200905,    1,    0
 22401,120736,20200906,    8,    0
 22401,120736,20200907,    0,    0
 22401,120736,20200908,    0,    0
 22401,120736,20200909,    8,    0
 22401,120736,20200910,    0,    0
 22401,120736,20200911,    0,    0
 22401,120736,20200912,    0,    0
 22401,120736,20200913,    0,    0
 22401,120736,20200914,    0,    0
 22401,120736,20200915,    0,    0
 22401,120736,20200916,    0,    0
 22401,120736,20200917,    0,    0
 22401,120736,20200918,    0,    0
 22401,120736,20200919,    0,    0
 22401,120736,20200920,    0,    0
 22401,120736,20200921,    0,    0
 22401,120736,20200922,    0,    0
 22401,120736,20200923,    0,    0
 22401,120736,20200924,   91,    0
 22401,120736,20200925,    2,    0
 22401,120736,20200926,  203,    0
 22401,120736,20200927,   54,    0
 22401,120736,20200928,    0,    0
 22401,120736,20200929,    0,    0
 22401,120736,20200930,    0,    0
 22401,120736,20201001,    0,    0
 22401,120736,20201002,    0,    0
 22401,120736,20201003,    0,    0
 22401,120736,20201004,    0,    0
 22401,120736,20201005,   12,    0
 22401,120736,20201006,   25,    0
 22401,120736,20201007,    2,    0
 22401,120736,20201008,  133,    0
 22401,120736,20201009,    2,    0
 22401,120736,20201010,    5,    0
 22401,120736,20201011,   36,    0
 22401,120736,20201012,    4,    0
 22401,120736,20201013,    1,    0
 22401,120736,20201014,   54,    0
 22401,120736,20201015,    0,    0
 22401,120736,20201016,    0,    0
 22401,120736,20201017,    2,    0
 22401,120736,20201018,    7,    0
 22401,120736,20201019,    0,    0
 22401,120736,20201020,   24,    0
 22401,120736,20201021,    9,    0
 22401,120736,20201022,    0,    0
 22401,120736,20201023,    8,    0
 22401,120736,20201024,    1,    0
 22401,120736,20201025,   42,    0
 22401,120736,20201026,   18,    0
 22401,120736,20201027,    2,    0
 22401,120736,20201028,   22,    0
 22401,120736,20201029,   78,    0
 22401,120736,20201030,   95,    0
 22401,120736,20201031,   14,    0
 22401,120736,20201101,    6,    0
 22401,120736,20201102,   18,    0
 22401,120736,20201103,    0,    0
 22401,120736,20201104,    0,    0
 22401,120736,20201105,    0,    0
 22401,120736,20201106,    0,    0
 22401,120736,20201107,    1,    0
 22401,120736,20201108,    0,    0
 22401,120736,20201109,    0,    0
 22401,120736,20201110,    0,    0
 22401,120736,20201111,    0,    0
 22401,120736,20201112,   23,    0
 22401,120736,20201113,    4,    0
 22401,120736,20201114,    1,    0
 22401,120736,20201115,   19,    0
 22401,120736,20201116,    3,    0
 22401,120736,20201117,   14,    0
 22401,120736,20201118,   10,    0
 22401,120736,20201119,    0,    0
 22401,120736,20201120,    1,    0
 22401,120736,20201121,    5,    0
 22401,120736,20201122,   22,    0
 22401,120736,20201123,    2,    0
 22401,120736,20201124,    1,    0
 22401,120736,20201125,    0,    0
 22401,120736,20201126,    2,    0
 22401,120736,20201127,    0,    0
 22401,120736,20201128,    3,    0
 22401,120736,20201129,    9,    0
 22401,120736,20201130,   14,    0
 22401,120736,20201201,    2,    0
 22401,120736,20201202,    0,    0
 22401,120736,20201203,    0,    0
 22401,120736,20201204,    0,    0
 22401,120736,20201205,    0,    0
 22401,120736,20201206,    0,    0
 22401,120736,20201207,    0,    0
 22401,120736,20201208,    0,    0
 22401,120736,20201209,   18,    0
 22401,120736,20201210,    3,    0
 22401,120736,20201211,    0,    0
 22401,120736,20201212,    0,    0
 22401,120736,20201213,    0,    0
 22401,120736,20201214,    4,    0
 22401,120736,20201215,   21,    0
 22401,120736,20201216,    1,    0
 22401,120736,20201217,   14,    0
 22401,120736,20201218,    1,    0
 22401,120736,20201219,    6,    0
 22401,120736,20201220,   18,    0
 22401,120736,20201221,   98,    0
 22401,120736,20201222,   62,    0
 22401,120736,20201223,  176,    0
 22401,120736,20201224,   66,    0
 22401,120736,20201225,    0,    0
 22401,120736,20201226,    2,    0
 22401,120736,20201227,   10,    0
 22401,120736,20201228,   80,    0
 22401,120736,20201229,    2,    0
 22401,120736,20201230,    3,    0
 22401,120736,20201231,    0,    0
 22401,120736,20210101,   30,    0
 22401,120736,20210102,   20,    0
 22401,120736,20210103,    5,    0
 22401,120736,20210104,   39,    0
 22401,120736,20210105,   26,    0
 22401,120736,20210106,   72,    0
 22401,120736,20210107,   17,    0
 22401,120736,20210108,   32,    0
 22401,120736,20210109,    1,    0
 22401,120736,20210110,    2,    0
 22401,120736,20210111,   70,    0
 22401,120736,20210112,   58,    0
 22401,120736,20210113,   71,    0
 22401,120736,20210114,    2,    0
 22401,120736,20210115,    0,    0
 22401,120736,20210116,    0,    0
 22401,120736,20210117,    1,    0
 22401,120736,20210118,   41,    0
 22401,120736,20210119,  130,    0
 22401,120736,20210120,    9,    0
 22401,120736,20210121,   19,    0
 22401,120736,20210122,    9,    0
 22401,120736,20210123,    0,    0
 22401,120736,20210124,   18,    0
 22401,120736,20210125,    0,    0
 22401,120736,20210126,    0,    0
 22401,120736,20210127,   24,    0
 22401,120736,20210128,    0,    0
 22401,120736,20210129,   25,    0
 22401,120736,20210130,    0,    0
 22401,120736,20210131,    0,    0
 22401,120736,20210201,    3,    0
 22401,120736,20210202,    3,    0
 22401,120736,20210203,  103,    0
 22401,120736,20210204,   12,    0
 22401,120736,20210205,    0,    0
 22401,120736,20210206,    0,    0
 22401,120736,20210207,    0,    0
 22401,120736,20210208,    5,    0
 22401,120736,20210209,    0,    0
 22401,120736,20210210,    0,    0
 22401,120736,20210211,    5,    0
 22401,120736,20210212,    0,    0
 22401,120736,20210213,    0,    0
 22401,120736,20210214,    0,    0
 22401,120736,20210215,   40,    0
 22401,120736,20210216,    8,    0
 22401,120736,20210217,   26,    0
 22401,120736,20210218,   76,    0
 22401,120736,20210219,    2,    0
 22401,120736,20210220,    0,    0
 22401,120736,20210221,    0,    0
 22401,120736,20210222,    0,    0
 22401,120736,20210223,    0,    0
 22401,120736,20210224,    0,    0
 22401,120736,20210225,    1,    0
 22401,120736,20210226,    0,    0
 22401,120736,20210227,    0,    0
 22401,120736,20210228,    0,    0
 22401,120736,20210301,    0,    0
 22401,120736,20210302,    0,    0
 22401,120736,20210303,    0,    0
 22401,120736,20210304,    0,    0
 22401,120736,20210305,    0,    0
 22401,120736,20210306,    0,    0
 22401,120736,20210307,    4,    0
 22401,120736,20210308,    0,    0
 22401,120736,20210309,    0,    0
 22401,120736,20210310,  110,    0
 22401,120736,20210311,   82,    0
 22401,120736,20210312,   21,    0
 22401,120736,20210313,  139,    0
 22401,120736,20210314,   21,    0
 22401,120736,20210315,   39,    0
 22401,120736,20210316,    2,    0
 22401,120736,20210317,   35,    0
 22401,120736,20210318,    0,    0
 22401,120736,20210319,    0,    0
 22401,120736,20210320,    8,    0
 22401,120736,20210321,    0,    0
 22401,120736,20210322,    0,    0
 22401,120736,20210323,    2,    0
 22401,120736,20210324,    0,    0
 22401,120736,20210325,    0,    0
 22401,120736,20210326,    1,    0
 22401,120736,20210327,   56,    0
 22401,120736,20210328,    9,    0
 22401,120736,20210329,    0,    0
 22401,120736,20210330,    0,    0
 22401,120736,20210331,    2,    0
 22401,120736,20210401,    0,    0
 22401,120736,20210402,   21,    0
 22401,120736,20210403,    0,    0
 22401,120736,20210404,   18,    0
 22401,120736,20210405,    3,    0
 22401,120736,20210406,   18,    0
 22401,120736,20210407,    8,    0
 22401,120736,20210408,    0,    0
 22401,120736,20210409,    0,    0
 22401,120736,20210410,   69,    0
 22401,120736,20210411,   63,    0
 22401,120736,20210412,    1,    0
 22401,120736,20210413,    6,    0
 22401,120736,20210414,    0,    0
 22401,120736,20210415,    0,    0
 22401,120736,20210416,    0,    0
 22401,120736,20210417,    0,    0
 22401,120736,20210418,   18,    0
 22401,120736,20210419,    0,    0
 22401,120736,20210420,    0,    0
 22401,120736,20210421,    0,    0
 22401,120736,20210422,    0,    0
 22401,120736,20210423,    0,    0
 22401,120736,20210424,    0,    0
 22401,120736,20210425,    0,    0
 22401,120736,20210426,    0,    0
 22401,120736,20210427,    0,    0
 22401,120736,20210428,    8,    0
 22401,120736,20210429,   56,    0
 22401,120736,20210430,    2,    0
 22401,120736,20210501,    2,    0
 22401,120736,20210502,  130,    0
 22401,120736,20210503,    5,    0
 22401,120736,20210504,   26,    0
 22401,120736,20210505,   16,    0
 22401,120736,20210506,    0,    0
 22401,120736,20210507,   13,    0
 22401,120736,20210508,   13,    0
 22401,120736,20210509,    0,    0
 22401,120736,20210510,   36,    0
 22401,120736,20210511,   20,    0
 22401,120736,20210512,   28,    0
 22401,120736,20210513,   73,    0
 22401,120736,20210514,   29,    0
 22401,120736,20210515,   42,    0
 22401,120736,20210516,   56,    0
 22401,120736,20210517,   92,    0
 22401,120736,20210518,    2,    0
 22401,120736,20210519,    0,    0
 22401,120736,20210520,    4,    0
 22401,120736,20210521,   43,    0
 22401,120736,20210522,   19,    0
 22401,120736,20210523,    1,    0
 22401,120736,20210524,    2,    0
 22401,120736,20210525,   45,    0
 22401,120736,20210526,   18,    0
 22401,120736,20210527,   17,    0
 22401,120736,20210528,    0,    0
 22401,120736,20210529,    0,    0
 22401,120736,20210530,    0,    0
 22401,120736,20210531,    0,    0
 22401,120736,20210601,    0,    0
 22401,120736,20210602,    0,    0
 22401,120736,20210603,    6,    0
 22401,120736,20210604,    0,    0
 22401,120736,20210605,    0,    0
 22401,120736,20210606,    0,    0
 22401,120736,20210607,    0,    0
 22401,120736,20210608,    0,    0
 22401,120736,20210609,    0,    0
 22401,120736,20210610,    0,    0
 22401,120736,20210611,    0,    0
 22401,120736,20210612,    1,    0
 22401,120736,20210613,    0,    0
 22401,120736,20210614,    0,    0
 22401,120736,20210615,    0,    0
 22401,120736,20210616,    0,    0
 22401,120736,20210617,    0,    0
 22401,120736,20210618,    0,    0
 22401,120736,20210619,    0,    0
 22401,120736,20210620,  118,    0
 22401,120736,20210621,    0,    0
 22401,120736,20210622,    0,    0
 22401,120736,20210623,    0,    0
 22401,120736,20210624,   17,    0
 22401,120736,20210625,    0,    0
 22401,120736,20210626,    0,    0
 22401,120736,20210627,    0,    0
 22401,120736,20210628,    0,    0
 22401,120736,20210629,  184,    0
 22401,120736,20210630,  114,    0
 22401,120736,20210701,   89,    0
 22401,120736,20210702,    1,    0
 22401,120736,20210703,    0,    0
 22401,120736,20210704,    0,    0
 22401,120736,20210705,   53,    0
 22401,120736,20210706,  180,    0
 22401,120736,20210707,    1,    0
 22401,120736,20210708,    0,    0
 22401,120736,20210709,  360,    0
 22401,120736,20210710,   13,    0
 22401,120736,20210711,    0,    0
 22401,120736,20210712,    1,    0
 22401,120736,20210713,    4,    0
 22401,120736,20210714,    0,    0
 22401,120736,20210715,    0,    0
 22401,120736,20210716,    0,    0
 22401,120736,20210717,    0,    0
 22401,120736,20210718,    0,    0
 22401,120736,20210719,    0,    0
 22401,120736,20210720,    0,    0
 22401,120736,20210721,    1,    0
 22401,120736,20210722,    0,    0
 22401,120736,20210723,    0,    0
 22401,120736,20210724,    7,    0
 22401,120736,20210725,   18,    0
 22401,120736,20210726,    0,    0
 22401,120736,20210727,    4,    0
 22401,120736,20210728,   20,    0
 22401,120736,20210729,   17,    0
 22401,120736,20210730,    0,    0
 22401,120736,20210731,   15,    0
 22401,120736,20210801,   30,    0
 22401,120736,20210802,    8,    0
 22401,120736,20210803,    0,    0
 22401,120736,20210804,    0,    0
 22401,120736,20210805,    0,    0
 22401,120736,20210806,   19,    0
 22401,120736,20210807,   13,    0
 22401,120736,20210808,   16,    0
 22401,120736,20210809,    6,    0
 22401,120736,20210810,   19,    0
 22401,120736,20210811,    1,    0
 22401,120736,20210812,    0,    0
 22401,120736,20210813,    0,    0
 22401,120736,20210814,    9,    0
 22401,120736,20210815,   79,    0
 22401,120736,20210816,   65,    0
 22401,120736,20210817,   21,    0
 22401,120736,20210818,   13,    0
 22401,120736,20210819,    3,    0
 22401,120736,20210820,   33,    0
 22401,120736,20210821,    4,    0
 22401,120736,20210822,   14,    0
 22401,120736,20210823,    0,    0
 22401,120736,20210824,    0,    0
 22401,120736,20210825,   18,    0
 22401,120736,20210826,  178,    0
 22401,120736,20210827,   13,    0
 22401,120736,20210828,   48,    0
 22401,120736,20210829,   56,    0
 22401,120736,20210830,    0,    0
 22401,120736,20210831,    0,    0
 22401,120736,20210901,    0,    0
 22401,120736,20210902,    0,    0
 22401,120736,20210903,    0,    0
 22401,120736,20210904,    0,    0
 22401,120736,20210905,    0,    0
 22401,120736,20210906,    0,    0
 22401,120736,20210907,    0,    0
 22401,120736,20210908,    0,    0
 22401,120736,20210909,    0,    0
 22401,120736,20210910,   19,    0
 22401,120736,20210911,    0,    0
 22401,120736,20210912,    3,    0
 22401,120736,20210913,    0,    0
 22401,120736,20210914,    2,    0
 22401,120736,20210915,  200,    0
 22401,120736,20210916,   11,    0
 22401,120736,20210917,    2,    0
 22401,120736,20210918,    2,    0
 22401,120736,20210919,    0,    0
 22401,120736,20210920,    0,    0
 22401,120736,20210921,   18,    0
 22401,120736,20210922,    0,    0
 22401,120736,20210923,    4,    0
 22401,120736,20210924,    0,    0
 22401,120736,20210925,    0,    0
 22401,120736,20210926,  105,    0
 22401,120736,20210927,    3,    0
 22401,120736,20210928,    1,    0
 22401,120736,20210929,   88,    0
 22401,120736,20210930,    0,    0
 22401,120736,20211001,   13,    0
 22401,120736,20211002,    3,    0
 22401,120736,20211003,    0,    0
 22401,120736,20211004,    2,    0
 22401,120736,20211005,  128,    0
 22401,120736,20211006,    0,    0
 22401,120736,20211007,    0,    0
 22401,120736,20211008,    0,    0
 22401,120736,20211009,    0,    0
 22401,120736,20211010,    2,    0
 22401,120736,20211011,   10,    0
 22401,120736,20211012,    0,    0
 22401,120736,20211013,   13,    0
 22401,120736,20211014,   22,    0
 22401,120736,20211015,   30,    0
 22401,120736,20211016,    1,    0
 22401,120736,20211017,   24,    0
 22401,120736,20211018,    0,    0
 22401,120736,20211019,   20,    0
 22401,120736,20211020,  162,    0
 22401,120736,20211021,   80,    0
 22401,120736,20211022,   53,    0
 22401,120736,20211023,    2,    0
 22401,120736,20211024,    0,    0
 22401,120736,20211025,    0,    0
 22401,120736,20211026,    0,    0
 22401,120736,20211027,    0,    0
 22401,120736,20211028,    0,    0
 22401,120736,20211029,    0,    0
 22401,120736,20211030,    0,    0
 22401,120736,20211031,    2,    0
 22401,120736,20211101,   11,    0
 22401,120736,20211102,    1,    0
 22401,120736,20211103,   18,    0
 22401,120736,20211104,  250,    0
 22401,120736,20211105,    3,    0
 22401,120736,20211106,   17,    0
 22401,120736,20211107,   53,    0
 22401,120736,20211108,   27,    0
 22401,120736,20211109,    2,    0
 22401,120736,20211110,    0,    0
 22401,120736,20211111,    0,    0
 22401,120736,20211112,    0,    0
 22401,120736,20211113,    2,    0
 22401,120736,20211114,    0,    0
 22401,120736,20211115,    0,    0
 22401,120736,20211116,    5,    0
 22401,120736,20211117,    6,    0
 22401,120736,20211118,   20,    0
 22401,120736,20211119,    2,    0
 22401,120736,20211120,   18,    0
 22401,120736,20211121,   25,    0
 22401,120736,20211122,    3,    0
 22401,120736,20211123,    2,    0
 22401,120736,20211124,    2,    0
 22401,120736,20211125,    2,    0
 22401,120736,20211126,   15,    0
 22401,120736,20211127,   29,    0
 22401,120736,20211128,    9,    0
 22401,120736,20211129,   16,    0
 22401,120736,20211130,   52,    0
 22401,120736,20211201,   71,    0
 22401,120736,20211202,    0,    0
 22401,120736,20211203,   27,    0
 22401,120736,20211204,   35,    0
 22401,120736,20211205,    3,    0
 22401,120736,20211206,    0,    0
 22401,120736,20211207,    0,    0
 22401,120736,20211208,   10,    0
 22401,120736,20211209,    5,    0
 22401,120736,20211210,    0,    0
 22401,120736,20211211,    4,    0
 22401,120736,20211212,   35,    0
 22401,120736,20211213,    6,    0
 22401,120736,20211214,    1,    0
 22401,120736,20211215,    0,    0
 22401,120736,20211216,    0,    0
 22401,120736,20211217,   10,    0
 22401,120736,20211218,    2,    0
 22401,120736,20211219,    0,    0
 22401,120736,20211220,    0,    0
 22401,120736,20211221,    0,    0
 22401,120736,20211222,    0,    0
 22401,120736,20211223,  155,    0
 22401,120736,20211224,   20,    0
 22401,120736,20211225,    0,    0
 22401,120736,20211226,    0,    0
 22401,120736,20211227,    0,    0
 22401,120736,20211228,    6,    0
 22401,120736,20211229,    5,    0
 22401,120736,20211230,   28,    0
 22401,120736,20211231,   36,    0
 22401,120736,20220101,   18,    0
 22401,120736,20220102,  126,    0
 22401,120736,20220103,   68,    0
 22401,120736,20220104,   24,    0
 22401,120736,20220105,    6,    0
 22401,120736,20220106,    0,    0
 22401,120736,20220107,   30,    0
 22401,120736,20220108,    2,    0
 22401,120736,20220109,   25,    0
 22401,120736,20220110,    6,    0
 22401,120736,20220111,    6,    0
 22401,120736,20220112,    2,    0
 22401,120736,20220113,    0,    0
 22401,120736,20220114,    0,    0
 22401,120736,20220115,    0,    0
 22401,120736,20220116,    3,    0
 22401,120736,20220117,   19,    0
 22401,120736,20220118,    1,    0
 22401,120736,20220119,    6,    0
 22401,120736,20220120,    0,    0
 22401,120736,20220121,    9,    0
 22401,120736,20220122,   16,    0
 22401,120736,20220123,    6,    0
 22401,120736,20220124,    0,    0
 22401,120736,20220125,    4,    0
 22401,120736,20220126,    4,    0
 22401,120736,20220127,    4,    0
 22401,120736,20220128,   40,    0
 22401,120736,20220129,   12,    0
 22401,120736,20220130,    2,    0
 22401,120736,20220131,    0,    0
 22401,120736,20220201,   28,    0
 22401,120736,20220202,    3,    0
 22401,120736,20220203,   62,    0
 22401,120736,20220204,   74,    0
 22401,120736,20220205,   36,    0
 22401,120736,20220206,  238,    0
 22401,120736,20220207,    8,    0
 22401,120736,20220208,   23,    0
 22401,120736,20220209,   13,    0
 22401,120736,20220210,   46,    0
 22401,120736,20220211,    0,    0
 22401,120736,20220212,    0,    0
 22401,120736,20220213,    0,    0
 22401,120736,20220214,   22,    0
 22401,120736,20220215,   36,    0
 22401,120736,20220216,  182,    0
 22401,120736,20220217,   86,    0
 22401,120736,20220218,   64,    0
 22401,120736,20220219,   23,    0
 22401,120736,20220220,  116,    0
 22401,120736,20220221,   46,    0
 22401,120736,20220222,   22,    0
 22401,120736,20220223,    0,    0
 22401,120736,20220224,    7,    0
 22401,120736,20220225,   18,    0
 22401,120736,20220226,    0,    0
 22401,120736,20220227,    0,    0
 22401,120736,20220228,    0,    0
 22401,120736,20220301,    0,    0
 22401,120736,20220302,    0,    0
 22401,120736,20220303,    0,    0
 22401,120736,20220304,    0,    0
 22401,120736,20220305,    0,    0
 22401,120736,20220306,    0,    0
 22401,120736,20220307,    0,    0
 22401,120736,20220308,    0,    0
 22401,120736,20220309,    0,    0
 22401,120736,20220310,    0,    0
 22401,120736,20220311,    0,    0
 22401,120736,20220312,    0,    0
 22401,120736,20220313,    0,    0
 22401,120736,20220314,    4,    0
 22401,120736,20220315,    1,    0
 22401,120736,20220316,    0,    0
 22401,120736,20220317,    3,    0
 22401,120736,20220318,    0,    0
 22401,120736,20220319,    0,    0
 22401,120736,20220320,    0,    0
 22401,120736,20220321,    0,    0
 22401,120736,20220322,    0,    0
 22401,120736,20220323,    0,    0
 22401,120736,20220324,    0,    0
 22401,120736,20220325,    0,    0
 22401,120736,20220326,    0,    0
 22401,120736,20220327,    0,    0
 22401,120736,20220328,    0,    0
 22401,120736,20220329,    0,    0
 22401,120736,20220330,    1,    0
 22401,120736,20220331,    0,    0
 22401,120736,20220401,    0,    0
 22401,120736,20220402,    0,    0
 22401,120736,20220403,    1,    0
 22401,120736,20220404,   65,    0
 22401,120736,20220405,   49,    0
 22401,120736,20220406,    4,    0
 22401,120736,20220407,  119,    0
 22401,120736,20220408,    1,    0
 22401,120736,20220409,   50,    0
 22401,120736,20220410,    5,    0
 22401,120736,20220411,    0,    0
 22401,120736,20220412,    0,    0
 22401,120736,20220413,   42,    0
 22401,120736,20220414,    2,    0
 22401,120736,20220415,    3,    0
 22401,120736,20220416,    0,    0
 22401,120736,20220417,    0,    0
 22401,120736,20220418,    0,    0
 22401,120736,20220419,    0,    0
 22401,120736,20220420,    0,    0
 22401,120736,20220421,    0,    0
 22401,120736,20220422,    0,    0
 22401,120736,20220423,    0,    0
 22401,120736,20220424,    0,    0
 22401,120736,20220425,    0,    0
 22401,120736,20220426,    0,    0
 22401,120736,20220427,    0,    0
 22401,120736,20220428,    0,    0
 22401,120736,20220429,    0,    0
 22401,120736,20220430,    0,    0
 22401,120736,20220501,    0,    0
 22401,120736,20220502,    0,    0
 22401,120736,20220503,    0,    0
 22401,120736,20220504,    0,    0
 22401,120736,20220505,    0,    0
 22401,120736,20220506,    0,    0
 22401,120736,20220507,    0,    0
 22401,120736,20220508,    0,    0
 22401,120736,20220509,    0,    0
 22401,120736,20220510,    2,    0
 22401,120736,20220511,    5,    0
 22401,120736,20220512,    0,    0
 22401,120736,20220513,    9,    0
 22401,120736,20220514,    0,    0
 22401,120736,20220515,    0,    0
 22401,120736,20220516,   17,    0
 22401,120736,20220517,    0,    0
 22401,120736,20220518,    0,    0
 22401,120736,20220519,   18,    0
 22401,120736,20220520,    8,    0
 22401,120736,20220521,   28,    0
 22401,120736,20220522,    0,    0
 22401,120736,20220523,   14,    0
 22401,120736,20220524,   17,    0
 22401,120736,20220525,    6,    0
 22401,120736,20220526,   20,    0
 22401,120736,20220527,   55,    0
 22401,120736,20220528,    0,    0
 22401,120736,20220529,   37,    0
 22401,120736,20220530,   13,    0
 22401,120736,20220531,    0,    0
 22401,120736,20220601,   22,    0
 22401,120736,20220602,    0,    0
 22401,120736,20220603,    0,    0
 22401,120736,20220604,    0,    0
 22401,120736,20220605,    8,    0
 22401,120736,20220606,    8,    0
 22401,120736,20220607,    0,    0
 22401,120736,20220608,   60,    0
 22401,120736,20220609,    1,    0
 22401,120736,20220610,    0,    0
 22401,120736,20220611,    0,    0
 22401,120736,20220612,    0,    0
 22401,120736,20220613,   43,    0
 22401,120736,20220614,    1,    0
 22401,120736,20220615,    0,    0
 22401,120736,20220616,    0,    0
 22401,120736,20220617,    0,    0
 22401,120736,20220618,    0,    0
 22401,120736,20220619,    2,    0
 22401,120736,20220620,    1,    0
 22401,120736,20220621,    0,    0
 22401,120736,20220622,    0,    0
 22401,120736,20220623,    0,    0
 22401,120736,20220624,    0,    0
 22401,120736,20220625,    0,    0
 22401,120736,20220626,    0,    0
 22401,120736,20220627,    0,    0
 22401,120736,20220628,    0,    0
 22401,120736,20220629,    0,    0
 22401,120736,20220630,   10,    0
 22401,120736,20220701,   49,    0
 22401,120736,20220702,    1,    0
 22401,120736,20220703,    0,    0
 22401,120736,20220704,    0,    0
 22401,120736,20220705,    0,    0
 22401,120736,20220706,   50,    0
 22401,120736,20220707,   13,    0
 22401,120736,20220708,    2,    0
 22401,120736,20220709,   32,    0
 22401,120736,20220710,    1,    0
 22401,120736,20220711,    0,    0
 22401,120736,20220712,    0,    0
 22401,120736,20220713,    0,    0
 22401,120736,20220714,    0,    0
 22401,120736,20220715,   16,    0
 22401,120736,20220716,    1,    0
 22401,120736,20220717,    0,    0
 22401,120736,20220718,    0,    0
 22401,120736,20220719,    0,    0
 22401,120736,20220720,    0,    0
 22401,120736,20220721,   82,    0
 22401,120736,20220722,    1,    0
 22401,120736,20220723,    0,    0
 22401,120736,20220724,    0,    0
 22401,120736,20220725,   17,    0
 22401,120736,20220726,    0,    0
 22401,120736,20220727,    0,    0
 22401,120736,20220728,    0,    0
 22401,120736,20220729,    0,    0
 22401,120736,20220730,    0,    0
 22401,120736,20220731,   18,    0
 22401,120736,20220801,    0,    0
 22401,120736,20220802,    0,    0
 22401,120736,20220803,    0,    0
 22401,120736,20220804,    4,    0
 22401,120736,20220805,   70,    0
 22401,120736,20220806,    0,    0
 22401,120736,20220807,    0,    0
 22401,120736,20220808,    0,    0
 22401,120736,20220809,    0,    0
 22401,120736,20220810,    0,    0
 22401,120736,20220811,    0,    0
 22401,120736,20220812,    0,    0
 22401,120736,20220813,    0,    0
 22401,120736,20220814,    0,    0
 22401,120736,20220815,   84,    0
 22401,120736,20220816,    1,    0
 22401,120736,20220817,    6,    0
 22401,120736,20220818,   26,    0
 22401,120736,20220819,   34,    0
 22401,120736,20220820,    1,    0
 22401,120736,20220821,    0,    0
 22401,120736,20220822,    0,    0
 22401,120736,20220823,    0,    0
 22401,120736,20220824,    0,    0
 22401,120736,20220825,    0,    0
 22401,120736,20220826,   24,    0
 22401,120736,20220827,    3,    0
 22401,120736,20220828,    1,    0
 22401,120736,20220829,    8,    0
 22401,120736,20220830,    1,    0
 22401,120736,20220831,    0,    0
 22401,120736,20220901,    0,    0
 22401,120736,20220902,    0,    0
 22401,120736,20220903,    0,    0
 22401,120736,20220904,    0,    0
 22401,120736,20220905,    0,    0
 22401,120736,20220906,    0,    0
 22401,120736,20220907,   30,    0
 22401,120736,20220908,  280,    0
 22401,120736,20220909,  165,    0
 22401,120736,20220910,  180,    0
 22401,120736,20220911,    1,    0
 22401,120736,20220912,    4,    0
 22401,120736,20220913,   13,    0
 22401,120736,20220914,    1,    0
 22401,120736,20220915,    6,    0
 22401,120736,20220916,    9,    0
 22401,120736,20220917,   50,    0
 22401,120736,20220918,  126,    0
 22401,120736,20220919,    8,    0
 22401,120736,20220920,    0,    0
 22401,120736,20220921,    0,    0
 22401,120736,20220922,    0,    0
 22401,120736,20220923,    0,    0
 22401,120736,20220924,   24,    0
 22401,120736,20220925,    4,    0
 22401,120736,20220926,   24,    0
 22401,120736,20220927,   54,    0
 22401,120736,20220928,    1,    0
 22401,120736,20220929,   22,    0
 22401,120736,20220930,    3,    0
 22401,120736,20221001,  100,    0
 22401,120736,20221002,   44,    0
 22401,120736,20221003,    1,    0
 22401,120736,20221004,    0,    0
 22401,120736,20221005,    0,    0
 22401,120736,20221006,    0,    0
 22401,120736,20221007,    0,    0
 22401,120736,20221008,   16,    0
 22401,120736,20221009,    1,    0
 22401,120736,20221010,    2,    0
 22401,120736,20221011,    0,    0
 22401,120736,20221012,    0,    0
 22401,120736,20221013,    0,    0
 22401,120736,20221014,   12,    0
 22401,120736,20221015,    5,    0
 22401,120736,20221016,    0,    0
 22401,120736,20221017,    1,    0
 22401,120736,20221018,    0,    0
 22401,120736,20221019,    0,    0
 22401,120736,20221020,   10,    0
 22401,120736,20221021,   24,    0
 22401,120736,20221022,    2,    0
 22401,120736,20221023,   12,    0
 22401,120736,20221024,   19,    0
 22401,120736,20221025,    2,    0
 22401,120736,20221026,    1,    0
 22401,120736,20221027,    0,    0
 22401,120736,20221028,    0,    0
 22401,120736,20221029,    0,    0
 22401,120736,20221030,    1,    0
 22401,120736,20221031,    0,    0
