EUROPEAN CLIMATE ASSESSMENT & DATASET (ECA&D), file created on: 16-11-2022
THESE DATA CAN BE USED FOR NON-COMMERCIAL RESEARCH AND EDUCATION PROVIDED THAT THE FOLLOWING SOURCE IS ACKNOWLEDGED: 

Klein Tank, A.M.G. and Coauthors, 2002. Daily dataset of 20th-century surface
air temperature and precipitation series for the European Climate Assessment.
Int. J. of Climatol., 22, 1441-1453.
Data and metadata available at http://www.ecad.eu

FILE FORMAT (MISSING VALUE CODE = -9999):

01-06 STAID: Station identifier
08-13 SOUID: Source identifier
15-22 DATE : Date YYYYMMDD
24-28 RR   : Precipitation amount in 0.1 mm
30-34 Q_RR : quality code for RR (0='valid'; 1='suspect'; 9='missing')

This is the blended series of station MASSOTERES, SPAIN (STAID: 11386)
Blended and updated with sources:75690 
See files sources.txt and stations.txt for more info.

STAID, SOUID,    DATE,   RR, Q_RR
 11386, 75690,20170501,-9999,    9
 11386, 75690,20170502,-9999,    9
 11386, 75690,20170503,-9999,    9
 11386, 75690,20170504,-9999,    9
 11386, 75690,20170505,-9999,    9
 11386, 75690,20170506,-9999,    9
 11386, 75690,20170507,-9999,    9
 11386, 75690,20170508,-9999,    9
 11386, 75690,20170509,-9999,    9
 11386, 75690,20170510,-9999,    9
 11386, 75690,20170511,-9999,    9
 11386, 75690,20170512,-9999,    9
 11386, 75690,20170513,-9999,    9
 11386, 75690,20170514,-9999,    9
 11386, 75690,20170515,-9999,    9
 11386, 75690,20170516,-9999,    9
 11386, 75690,20170517,-9999,    9
 11386, 75690,20170518,   29,    0
 11386, 75690,20170519,    0,    0
 11386, 75690,20170520,    0,    0
 11386, 75690,20170521,    0,    0
 11386, 75690,20170522,    0,    0
 11386, 75690,20170523,    0,    0
 11386, 75690,20170524,    0,    0
 11386, 75690,20170525,    0,    0
 11386, 75690,20170526,    0,    0
 11386, 75690,20170527,    0,    0
 11386, 75690,20170528,    0,    0
 11386, 75690,20170529,    0,    0
 11386, 75690,20170530,    0,    0
 11386, 75690,20170531,    0,    0
 11386, 75690,20170601,    0,    0
 11386, 75690,20170602,   59,    0
 11386, 75690,20170603,   14,    0
 11386, 75690,20170604,   71,    0
 11386, 75690,20170605,   78,    0
 11386, 75690,20170606,    0,    0
 11386, 75690,20170607,    0,    0
 11386, 75690,20170608,    0,    0
 11386, 75690,20170609,    2,    0
 11386, 75690,20170610,    0,    0
 11386, 75690,20170611,    0,    0
 11386, 75690,20170612,    0,    0
 11386, 75690,20170613,    0,    0
 11386, 75690,20170614,    0,    0
 11386, 75690,20170615,    0,    0
 11386, 75690,20170616,    0,    0
 11386, 75690,20170617,    0,    0
 11386, 75690,20170618,    0,    0
 11386, 75690,20170619,    0,    0
 11386, 75690,20170620,    0,    0
 11386, 75690,20170621,    0,    0
 11386, 75690,20170622,    0,    0
 11386, 75690,20170623,    0,    0
 11386, 75690,20170624,    0,    0
 11386, 75690,20170625,    6,    0
 11386, 75690,20170626,   46,    0
 11386, 75690,20170627,    2,    0
 11386, 75690,20170628,   33,    0
 11386, 75690,20170629,    0,    0
 11386, 75690,20170630,    0,    0
 11386, 75690,20170701,    0,    0
 11386, 75690,20170702,    0,    0
 11386, 75690,20170703,    0,    0
 11386, 75690,20170704,    0,    0
 11386, 75690,20170705,    0,    0
 11386, 75690,20170706,    0,    0
 11386, 75690,20170707,    0,    0
 11386, 75690,20170708,   10,    0
 11386, 75690,20170709,    1,    0
 11386, 75690,20170710,    0,    0
 11386, 75690,20170711,    0,    0
 11386, 75690,20170712,    0,    0
 11386, 75690,20170713,    0,    0
 11386, 75690,20170714,    0,    0
 11386, 75690,20170715,    0,    0
 11386, 75690,20170716,    0,    0
 11386, 75690,20170717,    0,    0
 11386, 75690,20170718,    0,    0
 11386, 75690,20170719,    0,    0
 11386, 75690,20170720,    0,    0
 11386, 75690,20170721,    0,    0
 11386, 75690,20170722,    0,    0
 11386, 75690,20170723,    0,    0
 11386, 75690,20170724,    0,    0
 11386, 75690,20170725,    0,    0
 11386, 75690,20170726,    0,    0
 11386, 75690,20170727,    0,    0
 11386, 75690,20170728,    0,    0
 11386, 75690,20170729,    0,    0
 11386, 75690,20170730,    0,    0
 11386, 75690,20170731,    0,    0
 11386, 75690,20170801,   13,    0
 11386, 75690,20170802,    0,    0
 11386, 75690,20170803,    0,    0
 11386, 75690,20170804,    0,    0
 11386, 75690,20170805,    0,    0
 11386, 75690,20170806,    0,    0
 11386, 75690,20170807,    0,    0
 11386, 75690,20170808,    0,    0
 11386, 75690,20170809,   15,    0
 11386, 75690,20170810,    0,    0
 11386, 75690,20170811,    0,    0
 11386, 75690,20170812,    0,    0
 11386, 75690,20170813,    0,    0
 11386, 75690,20170814,    0,    0
 11386, 75690,20170815,    1,    0
 11386, 75690,20170816,    0,    0
 11386, 75690,20170817,    0,    0
 11386, 75690,20170818,    0,    0
 11386, 75690,20170819,   62,    0
 11386, 75690,20170820,    0,    0
 11386, 75690,20170821,    0,    0
 11386, 75690,20170822,    0,    0
 11386, 75690,20170823,    0,    0
 11386, 75690,20170824,    7,    0
 11386, 75690,20170825,    0,    0
 11386, 75690,20170826,    0,    0
 11386, 75690,20170827,    5,    0
 11386, 75690,20170828,    2,    0
 11386, 75690,20170829,    1,    0
 11386, 75690,20170830,   10,    0
 11386, 75690,20170831,    1,    0
 11386, 75690,20170901,    0,    0
 11386, 75690,20170902,    0,    0
 11386, 75690,20170903,    0,    0
 11386, 75690,20170904,    6,    0
 11386, 75690,20170905,    0,    0
 11386, 75690,20170906,    0,    0
 11386, 75690,20170907,    0,    0
 11386, 75690,20170908,    0,    0
 11386, 75690,20170909,   20,    0
 11386, 75690,20170910,    0,    0
 11386, 75690,20170911,    0,    0
 11386, 75690,20170912,    0,    0
 11386, 75690,20170913,    0,    0
 11386, 75690,20170914,    2,    0
 11386, 75690,20170915,  231,    0
 11386, 75690,20170916,    0,    0
 11386, 75690,20170917,    0,    0
 11386, 75690,20170918,    2,    0
 11386, 75690,20170919,    0,    0
 11386, 75690,20170920,    0,    0
 11386, 75690,20170921,    0,    0
 11386, 75690,20170922,   38,    0
 11386, 75690,20170923,    1,    0
 11386, 75690,20170924,    1,    0
 11386, 75690,20170925,    3,    0
 11386, 75690,20170926,    0,    0
 11386, 75690,20170927,    0,    0
 11386, 75690,20170928,    0,    0
 11386, 75690,20170929,    0,    0
 11386, 75690,20170930,   21,    0
 11386, 75690,20171001,    0,    0
 11386, 75690,20171002,    0,    0
 11386, 75690,20171003,    0,    0
 11386, 75690,20171004,    0,    0
 11386, 75690,20171005,    1,    0
 11386, 75690,20171006,    0,    0
 11386, 75690,20171007,    0,    0
 11386, 75690,20171008,    0,    0
 11386, 75690,20171009,    0,    0
 11386, 75690,20171010,    3,    0
 11386, 75690,20171011,    2,    0
 11386, 75690,20171012,    1,    0
 11386, 75690,20171013,    1,    0
 11386, 75690,20171014,    1,    0
 11386, 75690,20171015,    0,    0
 11386, 75690,20171016,    1,    0
 11386, 75690,20171017,    0,    0
 11386, 75690,20171018,  216,    0
 11386, 75690,20171019,  114,    0
 11386, 75690,20171020,    1,    0
 11386, 75690,20171021,    1,    0
 11386, 75690,20171022,    0,    0
 11386, 75690,20171023,    0,    0
 11386, 75690,20171024,    0,    0
 11386, 75690,20171025,    0,    0
 11386, 75690,20171026,    0,    0
 11386, 75690,20171027,    1,    0
 11386, 75690,20171028,    0,    0
 11386, 75690,20171029,    0,    0
 11386, 75690,20171030,    0,    0
 11386, 75690,20171031,    0,    0
 11386, 75690,20171101,    1,    0
 11386, 75690,20171102,    2,    0
 11386, 75690,20171103,    1,    0
 11386, 75690,20171104,  454,    0
 11386, 75690,20171105,    0,    0
 11386, 75690,20171106,    0,    0
 11386, 75690,20171107,    0,    0
 11386, 75690,20171108,    0,    0
 11386, 75690,20171109,    0,    0
 11386, 75690,20171110,    0,    0
 11386, 75690,20171111,    0,    0
 11386, 75690,20171112,    0,    0
 11386, 75690,20171113,    0,    0
 11386, 75690,20171114,    0,    0
 11386, 75690,20171115,    0,    0
 11386, 75690,20171116,    0,    0
 11386, 75690,20171117,    0,    0
 11386, 75690,20171118,    0,    0
 11386, 75690,20171119,    1,    0
 11386, 75690,20171120,    1,    0
 11386, 75690,20171121,    0,    0
 11386, 75690,20171122,    0,    0
 11386, 75690,20171123,    1,    0
 11386, 75690,20171124,    0,    0
 11386, 75690,20171125,    0,    0
 11386, 75690,20171126,    0,    0
 11386, 75690,20171127,    0,    0
 11386, 75690,20171128,    1,    0
 11386, 75690,20171129,    1,    0
 11386, 75690,20171130,    1,    0
 11386, 75690,20171201,    0,    0
 11386, 75690,20171202,    0,    0
 11386, 75690,20171203,    0,    0
 11386, 75690,20171204,    0,    0
 11386, 75690,20171205,    0,    0
 11386, 75690,20171206,    4,    0
 11386, 75690,20171207,    1,    0
 11386, 75690,20171208,    1,    0
 11386, 75690,20171209,    4,    0
 11386, 75690,20171210,   16,    0
 11386, 75690,20171211,   17,    0
 11386, 75690,20171212,    0,    0
 11386, 75690,20171213,    2,    0
 11386, 75690,20171214,   11,    0
 11386, 75690,20171215,   31,    0
 11386, 75690,20171216,    0,    0
 11386, 75690,20171217,    1,    0
 11386, 75690,20171218,    0,    0
 11386, 75690,20171219,    1,    0
 11386, 75690,20171220,    1,    0
 11386, 75690,20171221,    1,    0
 11386, 75690,20171222,    1,    0
 11386, 75690,20171223,    0,    0
 11386, 75690,20171224,    3,    0
 11386, 75690,20171225,    2,    0
 11386, 75690,20171226,    3,    0
 11386, 75690,20171227,   53,    0
 11386, 75690,20171228,    2,    0
 11386, 75690,20171229,    8,    0
 11386, 75690,20171230,    2,    0
 11386, 75690,20171231,    1,    0
 11386, 75690,20180101,    0,    0
 11386, 75690,20180102,    0,    0
 11386, 75690,20180103,    1,    0
 11386, 75690,20180104,    0,    0
 11386, 75690,20180105,    0,    0
 11386, 75690,20180106,   28,    0
 11386, 75690,20180107,  118,    0
 11386, 75690,20180108,    1,    0
 11386, 75690,20180109,    0,    0
 11386, 75690,20180110,    2,    0
 11386, 75690,20180111,    0,    0
 11386, 75690,20180112,    0,    0
 11386, 75690,20180113,    2,    0
 11386, 75690,20180114,   13,    0
 11386, 75690,20180115,    1,    0
 11386, 75690,20180116,    2,    0
 11386, 75690,20180117,    0,    0
 11386, 75690,20180118,    0,    0
 11386, 75690,20180119,    2,    0
 11386, 75690,20180120,    1,    0
 11386, 75690,20180121,    0,    0
 11386, 75690,20180122,    0,    0
 11386, 75690,20180123,    1,    0
 11386, 75690,20180124,    2,    0
 11386, 75690,20180125,   18,    0
 11386, 75690,20180126,  253,    0
 11386, 75690,20180127,    0,    0
 11386, 75690,20180128,    0,    0
 11386, 75690,20180129,    2,    0
 11386, 75690,20180130,    1,    0
 11386, 75690,20180131,    1,    0
 11386, 75690,20180201,    9,    0
 11386, 75690,20180202,    0,    0
 11386, 75690,20180203,    0,    0
 11386, 75690,20180204,   79,    0
 11386, 75690,20180205,  135,    0
 11386, 75690,20180206,   37,    0
 11386, 75690,20180207,    0,    0
 11386, 75690,20180208,    0,    0
 11386, 75690,20180209,    0,    0
 11386, 75690,20180210,    0,    0
 11386, 75690,20180211,    0,    0
 11386, 75690,20180212,   46,    0
 11386, 75690,20180213,    0,    0
 11386, 75690,20180214,    1,    0
 11386, 75690,20180215,    0,    0
 11386, 75690,20180216,   11,    0
 11386, 75690,20180217,    1,    0
 11386, 75690,20180218,    0,    0
 11386, 75690,20180219,    0,    0
 11386, 75690,20180220,    0,    0
 11386, 75690,20180221,    0,    0
 11386, 75690,20180222,    0,    0
 11386, 75690,20180223,    0,    0
 11386, 75690,20180224,    0,    0
 11386, 75690,20180225,    0,    0
 11386, 75690,20180226,    0,    0
 11386, 75690,20180227,   10,    0
 11386, 75690,20180228,  196,    0
 11386, 75690,20180301,   51,    0
 11386, 75690,20180302,   31,    0
 11386, 75690,20180303,    2,    0
 11386, 75690,20180304,    0,    0
 11386, 75690,20180305,   80,    0
 11386, 75690,20180306,    0,    0
 11386, 75690,20180307,    0,    0
 11386, 75690,20180308,    0,    0
 11386, 75690,20180309,    8,    0
 11386, 75690,20180310,   64,    0
 11386, 75690,20180311,    3,    0
 11386, 75690,20180312,    0,    0
 11386, 75690,20180313,    3,    0
 11386, 75690,20180314,    9,    0
 11386, 75690,20180315,   30,    0
 11386, 75690,20180316,    0,    0
 11386, 75690,20180317,   28,    0
 11386, 75690,20180318,    0,    0
 11386, 75690,20180319,   43,    0
 11386, 75690,20180320,   22,    0
 11386, 75690,20180321,    0,    0
 11386, 75690,20180322,    0,    0
 11386, 75690,20180323,    0,    0
 11386, 75690,20180324,  343,    0
 11386, 75690,20180325,   23,    0
 11386, 75690,20180326,   10,    0
 11386, 75690,20180327,    0,    0
 11386, 75690,20180328,    0,    0
 11386, 75690,20180329,    0,    0
 11386, 75690,20180330,    0,    0
 11386, 75690,20180331,    1,    0
 11386, 75690,20180401,    0,    0
 11386, 75690,20180402,    0,    0
 11386, 75690,20180403,    0,    0
 11386, 75690,20180404,    1,    0
 11386, 75690,20180405,    0,    0
 11386, 75690,20180406,   11,    0
 11386, 75690,20180407,    0,    0
 11386, 75690,20180408,   94,    0
 11386, 75690,20180409,   14,    0
 11386, 75690,20180410,   46,    0
 11386, 75690,20180411,  357,    0
 11386, 75690,20180412,    2,    0
 11386, 75690,20180413,  108,    0
 11386, 75690,20180414,   10,    0
 11386, 75690,20180415,    0,    0
 11386, 75690,20180416,   11,    0
 11386, 75690,20180417,    0,    0
 11386, 75690,20180418,    0,    0
 11386, 75690,20180419,    0,    0
 11386, 75690,20180420,    0,    0
 11386, 75690,20180421,    0,    0
 11386, 75690,20180422,    0,    0
 11386, 75690,20180423,    0,    0
 11386, 75690,20180424,    0,    0
 11386, 75690,20180425,    0,    0
 11386, 75690,20180426,    0,    0
 11386, 75690,20180427,    0,    0
 11386, 75690,20180428,    0,    0
 11386, 75690,20180429,  116,    0
 11386, 75690,20180430,    0,    0
 11386, 75690,20180501,    1,    0
 11386, 75690,20180502,    0,    0
 11386, 75690,20180503,    0,    0
 11386, 75690,20180504,    1,    0
 11386, 75690,20180505,    5,    0
 11386, 75690,20180506,   33,    0
 11386, 75690,20180507,   12,    0
 11386, 75690,20180508,    1,    0
 11386, 75690,20180509,    0,    0
 11386, 75690,20180510,    0,    0
 11386, 75690,20180511,    0,    0
 11386, 75690,20180512,  238,    0
 11386, 75690,20180513,    1,    0
 11386, 75690,20180514,    0,    0
 11386, 75690,20180515,    0,    0
 11386, 75690,20180516,    0,    0
 11386, 75690,20180517,   16,    0
 11386, 75690,20180518,   52,    0
 11386, 75690,20180519,   91,    0
 11386, 75690,20180520,   13,    0
 11386, 75690,20180521,  173,    0
 11386, 75690,20180522,    1,    0
 11386, 75690,20180523,    2,    0
 11386, 75690,20180524,    0,    0
 11386, 75690,20180525,   11,    0
 11386, 75690,20180526,    1,    0
 11386, 75690,20180527,   23,    0
 11386, 75690,20180528,   71,    0
 11386, 75690,20180529,   11,    0
 11386, 75690,20180530,  468,    0
 11386, 75690,20180531,    1,    0
 11386, 75690,20180601,   85,    0
 11386, 75690,20180602,    0,    0
 11386, 75690,20180603,   12,    0
 11386, 75690,20180604,    1,    0
 11386, 75690,20180605,    0,    0
 11386, 75690,20180606,   63,    0
 11386, 75690,20180607,   22,    0
 11386, 75690,20180608,    1,    0
 11386, 75690,20180609,    0,    0
 11386, 75690,20180610,   13,    0
 11386, 75690,20180611,    0,    0
 11386, 75690,20180612,    0,    0
 11386, 75690,20180613,    0,    0
 11386, 75690,20180614,    0,    0
 11386, 75690,20180615,    0,    0
 11386, 75690,20180616,    0,    0
 11386, 75690,20180617,    0,    0
 11386, 75690,20180618,    0,    0
 11386, 75690,20180619,    0,    0
 11386, 75690,20180620,    0,    0
 11386, 75690,20180621,    0,    0
 11386, 75690,20180622,    0,    0
 11386, 75690,20180623,    0,    0
 11386, 75690,20180624,    0,    0
 11386, 75690,20180625,    0,    0
 11386, 75690,20180626,    0,    0
 11386, 75690,20180627,    0,    0
 11386, 75690,20180628,  118,    0
 11386, 75690,20180629,    0,    0
 11386, 75690,20180630,    0,    0
 11386, 75690,20180701,    0,    0
 11386, 75690,20180702,    0,    0
 11386, 75690,20180703,    0,    0
 11386, 75690,20180704,    0,    0
 11386, 75690,20180705,    0,    0
 11386, 75690,20180706,    0,    0
 11386, 75690,20180707,    0,    0
 11386, 75690,20180708,    0,    0
 11386, 75690,20180709,    0,    0
 11386, 75690,20180710,    0,    0
 11386, 75690,20180711,    0,    0
 11386, 75690,20180712,    0,    0
 11386, 75690,20180713,    0,    0
 11386, 75690,20180714,    0,    0
 11386, 75690,20180715,    0,    0
 11386, 75690,20180716,   36,    0
 11386, 75690,20180717,    0,    0
 11386, 75690,20180718,    0,    0
 11386, 75690,20180719,    0,    0
 11386, 75690,20180720,   25,    0
 11386, 75690,20180721,    1,    0
 11386, 75690,20180722,    2,    0
 11386, 75690,20180723,    0,    0
 11386, 75690,20180724,    0,    0
 11386, 75690,20180725,    0,    0
 11386, 75690,20180726,    0,    0
 11386, 75690,20180727,    0,    0
 11386, 75690,20180728,    0,    0
 11386, 75690,20180729,    0,    0
 11386, 75690,20180730,    0,    0
 11386, 75690,20180731,    0,    0
 11386, 75690,20180801,    0,    0
 11386, 75690,20180802,    0,    0
 11386, 75690,20180803,    0,    0
 11386, 75690,20180804,    0,    0
 11386, 75690,20180805,    0,    0
 11386, 75690,20180806,    6,    0
 11386, 75690,20180807,    0,    0
 11386, 75690,20180808,   11,    0
 11386, 75690,20180809,   32,    0
 11386, 75690,20180810,    0,    0
 11386, 75690,20180811,    0,    0
 11386, 75690,20180812,    0,    0
 11386, 75690,20180813,    0,    0
 11386, 75690,20180814,    0,    0
 11386, 75690,20180815,    0,    0
 11386, 75690,20180816,    0,    0
 11386, 75690,20180817,  194,    0
 11386, 75690,20180818,    1,    0
 11386, 75690,20180819,    0,    0
 11386, 75690,20180820,    0,    0
 11386, 75690,20180821,    0,    0
 11386, 75690,20180822,   14,    0
 11386, 75690,20180823,   16,    0
 11386, 75690,20180824,    0,    0
 11386, 75690,20180825,    0,    0
 11386, 75690,20180826,    0,    0
 11386, 75690,20180827,    0,    0
 11386, 75690,20180828,   13,    0
 11386, 75690,20180829,    0,    0
 11386, 75690,20180830,    0,    0
 11386, 75690,20180831,    0,    0
 11386, 75690,20180901,    0,    0
 11386, 75690,20180902,    0,    0
 11386, 75690,20180903,    0,    0
 11386, 75690,20180904,    0,    0
 11386, 75690,20180905,   80,    0
 11386, 75690,20180906,    0,    0
 11386, 75690,20180907,    0,    0
 11386, 75690,20180908,    0,    0
 11386, 75690,20180909,    0,    0
 11386, 75690,20180910,   85,    0
 11386, 75690,20180911,    0,    0
 11386, 75690,20180912,    0,    0
 11386, 75690,20180913,    0,    0
 11386, 75690,20180914,    0,    0
 11386, 75690,20180915,    0,    0
 11386, 75690,20180916,   24,    0
 11386, 75690,20180917,    0,    0
 11386, 75690,20180918,    0,    0
 11386, 75690,20180919,    0,    0
 11386, 75690,20180920,    0,    0
 11386, 75690,20180921,    0,    0
 11386, 75690,20180922,    0,    0
 11386, 75690,20180923,    0,    0
 11386, 75690,20180924,    0,    0
 11386, 75690,20180925,    0,    0
 11386, 75690,20180926,    0,    0
 11386, 75690,20180927,    0,    0
 11386, 75690,20180928,    0,    0
 11386, 75690,20180929,    0,    0
 11386, 75690,20180930,    0,    0
 11386, 75690,20181001,    0,    0
 11386, 75690,20181002,    0,    0
 11386, 75690,20181003,    0,    0
 11386, 75690,20181004,    0,    0
 11386, 75690,20181005,    0,    0
 11386, 75690,20181006,    1,    0
 11386, 75690,20181007,    0,    0
 11386, 75690,20181008,    6,    0
 11386, 75690,20181009,   46,    0
 11386, 75690,20181010,   32,    0
 11386, 75690,20181011,    1,    0
 11386, 75690,20181012,    0,    0
 11386, 75690,20181013,    0,    0
 11386, 75690,20181014,  760,    0
 11386, 75690,20181015,   60,    0
 11386, 75690,20181016,   10,    0
 11386, 75690,20181017,   24,    0
 11386, 75690,20181018,    4,    0
 11386, 75690,20181019,    1,    0
 11386, 75690,20181020,   13,    0
 11386, 75690,20181021,    1,    0
 11386, 75690,20181022,    3,    0
 11386, 75690,20181023,    2,    0
 11386, 75690,20181024,    1,    0
 11386, 75690,20181025,    2,    0
 11386, 75690,20181026,   29,    0
 11386, 75690,20181027,  113,    0
 11386, 75690,20181028,   31,    0
 11386, 75690,20181029,    0,    0
 11386, 75690,20181030,   26,    0
 11386, 75690,20181031,  208,    0
 11386, 75690,20181101,   32,    0
 11386, 75690,20181102,    1,    0
 11386, 75690,20181103,    2,    0
 11386, 75690,20181104,    2,    0
 11386, 75690,20181105,  237,    0
 11386, 75690,20181106,    1,    0
 11386, 75690,20181107,    0,    0
 11386, 75690,20181108,    2,    0
 11386, 75690,20181109,  112,    0
 11386, 75690,20181110,    0,    0
 11386, 75690,20181111,    0,    0
 11386, 75690,20181112,    0,    0
 11386, 75690,20181113,    0,    0
 11386, 75690,20181114,    0,    0
 11386, 75690,20181115,  160,    0
 11386, 75690,20181116,    2,    0
 11386, 75690,20181117,   41,    0
 11386, 75690,20181118,    0,    0
 11386, 75690,20181119,   48,    0
 11386, 75690,20181120,   92,    0
 11386, 75690,20181121,    1,    0
 11386, 75690,20181122,    2,    0
 11386, 75690,20181123,   30,    0
 11386, 75690,20181124,    0,    0
 11386, 75690,20181125,    2,    0
 11386, 75690,20181126,   35,    0
 11386, 75690,20181127,    1,    0
 11386, 75690,20181128,    2,    0
 11386, 75690,20181129,    1,    0
 11386, 75690,20181130,   10,    0
 11386, 75690,20181201,    2,    0
 11386, 75690,20181202,    1,    0
 11386, 75690,20181203,    1,    0
 11386, 75690,20181204,    3,    0
 11386, 75690,20181205,    4,    0
 11386, 75690,20181206,    2,    0
 11386, 75690,20181207,    4,    0
 11386, 75690,20181208,    0,    0
 11386, 75690,20181209,    1,    0
 11386, 75690,20181210,    0,    0
 11386, 75690,20181211,    2,    0
 11386, 75690,20181212,    2,    0
 11386, 75690,20181213,   49,    0
 11386, 75690,20181214,    1,    0
 11386, 75690,20181215,    0,    0
 11386, 75690,20181216,   23,    0
 11386, 75690,20181217,    1,    0
 11386, 75690,20181218,    2,    0
 11386, 75690,20181219,    3,    0
 11386, 75690,20181220,    0,    0
 11386, 75690,20181221,    2,    0
 11386, 75690,20181222,    1,    0
 11386, 75690,20181223,    2,    0
 11386, 75690,20181224,    4,    0
 11386, 75690,20181225,    1,    0
 11386, 75690,20181226,    2,    0
 11386, 75690,20181227,    3,    0
 11386, 75690,20181228,    1,    0
 11386, 75690,20181229,    0,    0
 11386, 75690,20181230,    1,    0
 11386, 75690,20181231,    2,    0
 11386, 75690,20190101,    2,    0
 11386, 75690,20190102,   99,    0
 11386, 75690,20190103,    0,    0
 11386, 75690,20190104,    0,    0
 11386, 75690,20190105,    0,    0
 11386, 75690,20190106,    0,    0
 11386, 75690,20190107,-9999,    9
 11386, 75690,20190108,-9999,    9
 11386, 75690,20190109,-9999,    9
 11386, 75690,20190110,-9999,    9
 11386, 75690,20190111,-9999,    9
 11386, 75690,20190112,-9999,    9
 11386, 75690,20190113,-9999,    9
 11386, 75690,20190114,-9999,    9
 11386, 75690,20190115,-9999,    9
 11386, 75690,20190116,-9999,    9
 11386, 75690,20190117,-9999,    9
 11386, 75690,20190118,-9999,    9
 11386, 75690,20190119,-9999,    9
 11386, 75690,20190120,-9999,    9
 11386, 75690,20190121,-9999,    9
 11386, 75690,20190122,-9999,    9
 11386, 75690,20190123,-9999,    9
 11386, 75690,20190124,-9999,    9
 11386, 75690,20190125,-9999,    9
 11386, 75690,20190126,-9999,    9
 11386, 75690,20190127,-9999,    9
 11386, 75690,20190128,-9999,    9
 11386, 75690,20190129,-9999,    9
 11386, 75690,20190130,-9999,    9
 11386, 75690,20190131,-9999,    9
 11386, 75690,20190201,    4,    0
 11386, 75690,20190202,    0,    0
 11386, 75690,20190203,    0,    0
 11386, 75690,20190204,    0,    0
 11386, 75690,20190205,    7,    0
 11386, 75690,20190206,    0,    0
 11386, 75690,20190207,-9999,    9
 11386, 75690,20190208,-9999,    9
 11386, 75690,20190209,-9999,    9
 11386, 75690,20190210,-9999,    9
 11386, 75690,20190211,-9999,    9
 11386, 75690,20190212,-9999,    9
 11386, 75690,20190213,-9999,    9
 11386, 75690,20190214,-9999,    9
 11386, 75690,20190215,-9999,    9
 11386, 75690,20190216,-9999,    9
 11386, 75690,20190217,-9999,    9
 11386, 75690,20190218,-9999,    9
 11386, 75690,20190219,-9999,    9
 11386, 75690,20190220,-9999,    9
 11386, 75690,20190221,-9999,    9
 11386, 75690,20190222,-9999,    9
 11386, 75690,20190223,-9999,    9
 11386, 75690,20190224,-9999,    9
 11386, 75690,20190225,-9999,    9
 11386, 75690,20190226,-9999,    9
 11386, 75690,20190227,-9999,    9
 11386, 75690,20190228,-9999,    9
 11386, 75690,20190301,    1,    0
 11386, 75690,20190302,    0,    0
 11386, 75690,20190303,    0,    0
 11386, 75690,20190304,    2,    0
 11386, 75690,20190305,   59,    0
 11386, 75690,20190306,    0,    0
 11386, 75690,20190307,-9999,    9
 11386, 75690,20190308,-9999,    9
 11386, 75690,20190309,-9999,    9
 11386, 75690,20190310,-9999,    9
 11386, 75690,20190311,-9999,    9
 11386, 75690,20190312,-9999,    9
 11386, 75690,20190313,-9999,    9
 11386, 75690,20190314,-9999,    9
 11386, 75690,20190315,-9999,    9
 11386, 75690,20190316,-9999,    9
 11386, 75690,20190317,-9999,    9
 11386, 75690,20190318,-9999,    9
 11386, 75690,20190319,-9999,    9
 11386, 75690,20190320,-9999,    9
 11386, 75690,20190321,-9999,    9
 11386, 75690,20190322,-9999,    9
 11386, 75690,20190323,-9999,    9
 11386, 75690,20190324,-9999,    9
 11386, 75690,20190325,-9999,    9
 11386, 75690,20190326,-9999,    9
 11386, 75690,20190327,-9999,    9
 11386, 75690,20190328,-9999,    9
 11386, 75690,20190329,-9999,    9
 11386, 75690,20190330,-9999,    9
 11386, 75690,20190331,-9999,    9
 11386, 75690,20190401,    1,    0
 11386, 75690,20190402,    0,    0
 11386, 75690,20190403,    0,    0
 11386, 75690,20190404,    0,    0
 11386, 75690,20190405,    1,    0
 11386, 75690,20190406,    0,    0
 11386, 75690,20190407,-9999,    9
 11386, 75690,20190408,-9999,    9
 11386, 75690,20190409,-9999,    9
 11386, 75690,20190410,-9999,    9
 11386, 75690,20190411,-9999,    9
 11386, 75690,20190412,-9999,    9
 11386, 75690,20190413,-9999,    9
 11386, 75690,20190414,-9999,    9
 11386, 75690,20190415,-9999,    9
 11386, 75690,20190416,-9999,    9
 11386, 75690,20190417,-9999,    9
 11386, 75690,20190418,-9999,    9
 11386, 75690,20190419,-9999,    9
 11386, 75690,20190420,-9999,    9
 11386, 75690,20190421,-9999,    9
 11386, 75690,20190422,-9999,    9
 11386, 75690,20190423,-9999,    9
 11386, 75690,20190424,-9999,    9
 11386, 75690,20190425,-9999,    9
 11386, 75690,20190426,-9999,    9
 11386, 75690,20190427,-9999,    9
 11386, 75690,20190428,-9999,    9
 11386, 75690,20190429,-9999,    9
 11386, 75690,20190430,-9999,    9
 11386, 75690,20190501,    0,    0
 11386, 75690,20190502,    0,    0
 11386, 75690,20190503,    0,    0
 11386, 75690,20190504,  132,    0
 11386, 75690,20190505,    0,    0
 11386, 75690,20190506,    6,    0
 11386, 75690,20190507,-9999,    9
 11386, 75690,20190508,-9999,    9
 11386, 75690,20190509,-9999,    9
 11386, 75690,20190510,-9999,    9
 11386, 75690,20190511,-9999,    9
 11386, 75690,20190512,-9999,    9
 11386, 75690,20190513,-9999,    9
 11386, 75690,20190514,-9999,    9
 11386, 75690,20190515,-9999,    9
 11386, 75690,20190516,-9999,    9
 11386, 75690,20190517,-9999,    9
 11386, 75690,20190518,-9999,    9
 11386, 75690,20190519,-9999,    9
 11386, 75690,20190520,-9999,    9
 11386, 75690,20190521,-9999,    9
 11386, 75690,20190522,-9999,    9
 11386, 75690,20190523,-9999,    9
 11386, 75690,20190524,-9999,    9
 11386, 75690,20190525,-9999,    9
 11386, 75690,20190526,-9999,    9
 11386, 75690,20190527,-9999,    9
 11386, 75690,20190528,-9999,    9
 11386, 75690,20190529,-9999,    9
 11386, 75690,20190530,-9999,    9
 11386, 75690,20190531,-9999,    9
 11386, 75690,20190601,    4,    0
 11386, 75690,20190602,    1,    0
 11386, 75690,20190603,   12,    0
 11386, 75690,20190604,   26,    0
 11386, 75690,20190605,    0,    0
 11386, 75690,20190606,    0,    0
 11386, 75690,20190607,-9999,    9
 11386, 75690,20190608,-9999,    9
 11386, 75690,20190609,-9999,    9
 11386, 75690,20190610,-9999,    9
 11386, 75690,20190611,-9999,    9
 11386, 75690,20190612,-9999,    9
 11386, 75690,20190613,-9999,    9
 11386, 75690,20190614,-9999,    9
 11386, 75690,20190615,-9999,    9
 11386, 75690,20190616,-9999,    9
 11386, 75690,20190617,-9999,    9
 11386, 75690,20190618,-9999,    9
 11386, 75690,20190619,-9999,    9
 11386, 75690,20190620,-9999,    9
 11386, 75690,20190621,-9999,    9
 11386, 75690,20190622,-9999,    9
 11386, 75690,20190623,-9999,    9
 11386, 75690,20190624,-9999,    9
 11386, 75690,20190625,-9999,    9
 11386, 75690,20190626,-9999,    9
 11386, 75690,20190627,-9999,    9
 11386, 75690,20190628,-9999,    9
 11386, 75690,20190629,-9999,    9
 11386, 75690,20190630,-9999,    9
 11386, 75690,20190701,    0,    0
 11386, 75690,20190702,    0,    0
 11386, 75690,20190703,    0,    0
 11386, 75690,20190704,    0,    0
 11386, 75690,20190705,    0,    0
 11386, 75690,20190706,    0,    0
 11386, 75690,20190707,    3,    0
 11386, 75690,20190708,  164,    0
 11386, 75690,20190709,  285,    0
 11386, 75690,20190710,    0,    0
 11386, 75690,20190711,    0,    0
 11386, 75690,20190712,    0,    0
 11386, 75690,20190713,    0,    0
 11386, 75690,20190714,    0,    0
 11386, 75690,20190715,    0,    0
 11386, 75690,20190716,    0,    0
 11386, 75690,20190717,    4,    0
 11386, 75690,20190718,    0,    0
 11386, 75690,20190719,    0,    0
 11386, 75690,20190720,    0,    0
 11386, 75690,20190721,    0,    0
 11386, 75690,20190722,    0,    0
 11386, 75690,20190723,    0,    0
 11386, 75690,20190724,    0,    0
 11386, 75690,20190725,    0,    0
 11386, 75690,20190726,    2,    0
 11386, 75690,20190727,   17,    0
 11386, 75690,20190728,    0,    0
 11386, 75690,20190729,    0,    0
 11386, 75690,20190730,    0,    0
 11386, 75690,20190731,    0,    0
 11386, 75690,20190801,    0,    0
 11386, 75690,20190802,    0,    0
 11386, 75690,20190803,    0,    0
 11386, 75690,20190804,    0,    0
 11386, 75690,20190805,    0,    0
 11386, 75690,20190806,    0,    0
 11386, 75690,20190807,    0,    0
 11386, 75690,20190808,    0,    0
 11386, 75690,20190809,    0,    0
 11386, 75690,20190810,    0,    0
 11386, 75690,20190811,    0,    0
 11386, 75690,20190812,    0,    0
 11386, 75690,20190813,    0,    0
 11386, 75690,20190814,    0,    0
 11386, 75690,20190815,    0,    0
 11386, 75690,20190816,    0,    0
 11386, 75690,20190817,    0,    0
 11386, 75690,20190818,    0,    0
 11386, 75690,20190819,    0,    0
 11386, 75690,20190820,  128,    0
 11386, 75690,20190821,    0,    0
 11386, 75690,20190822,    0,    0
 11386, 75690,20190823,    0,    0
 11386, 75690,20190824,    0,    0
 11386, 75690,20190825,    0,    0
 11386, 75690,20190826,    1,    0
 11386, 75690,20190827,    6,    0
 11386, 75690,20190828,    0,    0
 11386, 75690,20190829,    0,    0
 11386, 75690,20190830,    0,    0
 11386, 75690,20190831,    0,    0
 11386, 75690,20190901,    0,    0
 11386, 75690,20190902,    0,    0
 11386, 75690,20190903,    0,    0
 11386, 75690,20190904,    0,    0
 11386, 75690,20190905,    0,    0
 11386, 75690,20190906,    0,    0
 11386, 75690,20190907,    0,    0
 11386, 75690,20190908,    0,    0
 11386, 75690,20190909,    0,    0
 11386, 75690,20190910,   19,    0
 11386, 75690,20190911,   14,    0
 11386, 75690,20190912,    0,    0
 11386, 75690,20190913,   38,    0
 11386, 75690,20190914,   44,    0
 11386, 75690,20190915,    0,    0
 11386, 75690,20190916,    0,    0
 11386, 75690,20190917,    0,    0
 11386, 75690,20190918,    0,    0
 11386, 75690,20190919,    0,    0
 11386, 75690,20190920,    0,    0
 11386, 75690,20190921,   55,    0
 11386, 75690,20190922,    0,    0
 11386, 75690,20190923,    0,    0
 11386, 75690,20190924,    0,    0
 11386, 75690,20190925,    0,    0
 11386, 75690,20190926,    0,    0
 11386, 75690,20190927,    0,    0
 11386, 75690,20190928,    0,    0
 11386, 75690,20190929,    0,    0
 11386, 75690,20190930,    0,    0
 11386, 75690,20191001,    0,    0
 11386, 75690,20191002,    0,    0
 11386, 75690,20191003,    0,    0
 11386, 75690,20191004,    0,    0
 11386, 75690,20191005,    0,    0
 11386, 75690,20191006,    1,    0
 11386, 75690,20191007,    0,    0
 11386, 75690,20191008,    0,    0
 11386, 75690,20191009,    0,    0
 11386, 75690,20191010,    0,    0
 11386, 75690,20191011,    0,    0
 11386, 75690,20191012,    0,    0
 11386, 75690,20191013,    0,    0
 11386, 75690,20191014,  140,    0
 11386, 75690,20191015,    0,    0
 11386, 75690,20191016,    0,    0
 11386, 75690,20191017,    0,    0
 11386, 75690,20191018,    1,    0
 11386, 75690,20191019,    0,    0
 11386, 75690,20191020,   84,    0
 11386, 75690,20191021,    0,    0
 11386, 75690,20191022,  982,    0
 11386, 75690,20191023,  148,    0
 11386, 75690,20191024,    0,    0
 11386, 75690,20191025,    0,    0
 11386, 75690,20191026,    0,    0
 11386, 75690,20191027,    0,    0
 11386, 75690,20191028,    0,    0
 11386, 75690,20191029,    1,    0
 11386, 75690,20191030,    1,    0
 11386, 75690,20191031,   12,    0
 11386, 75690,20191101,    9,    0
 11386, 75690,20191102,    5,    0
 11386, 75690,20191103,   12,    0
 11386, 75690,20191104,   31,    0
 11386, 75690,20191105,    1,    0
 11386, 75690,20191106,    0,    0
 11386, 75690,20191107,    0,    0
 11386, 75690,20191108,    0,    0
 11386, 75690,20191109,    0,    0
 11386, 75690,20191110,    8,    0
 11386, 75690,20191111,    0,    0
 11386, 75690,20191112,    0,    0
 11386, 75690,20191113,    0,    0
 11386, 75690,20191114,   17,    0
 11386, 75690,20191115,    1,    0
 11386, 75690,20191116,    0,    0
 11386, 75690,20191117,    1,    0
 11386, 75690,20191118,    0,    0
 11386, 75690,20191119,    0,    0
 11386, 75690,20191120,    1,    0
 11386, 75690,20191121,    0,    0
 11386, 75690,20191122,  139,    0
 11386, 75690,20191123,   19,    0
 11386, 75690,20191124,    0,    0
 11386, 75690,20191125,    0,    0
 11386, 75690,20191126,    4,    0
 11386, 75690,20191127,    6,    0
 11386, 75690,20191128,    0,    0
 11386, 75690,20191129,    0,    0
 11386, 75690,20191130,    0,    0
 11386, 75690,20191201,    1,    0
 11386, 75690,20191202,    0,    0
 11386, 75690,20191203,    1,    0
 11386, 75690,20191204,  112,    0
 11386, 75690,20191205,  103,    0
 11386, 75690,20191206,    3,    0
 11386, 75690,20191207,    1,    0
 11386, 75690,20191208,    3,    0
 11386, 75690,20191209,    3,    0
 11386, 75690,20191210,    0,    0
 11386, 75690,20191211,    1,    0
 11386, 75690,20191212,   15,    0
 11386, 75690,20191213,    4,    0
 11386, 75690,20191214,    0,    0
 11386, 75690,20191215,    0,    0
 11386, 75690,20191216,    1,    0
 11386, 75690,20191217,    3,    0
 11386, 75690,20191218,    0,    0
 11386, 75690,20191219,   33,    0
 11386, 75690,20191220,  158,    0
 11386, 75690,20191221,   94,    0
 11386, 75690,20191222,    0,    0
 11386, 75690,20191223,    0,    0
 11386, 75690,20191224,    0,    0
 11386, 75690,20191225,    1,    0
 11386, 75690,20191226,    3,    0
 11386, 75690,20191227,    0,    0
 11386, 75690,20191228,    2,    0
 11386, 75690,20191229,    2,    0
 11386, 75690,20191230,    2,    0
 11386, 75690,20191231,    1,    0
 11386, 75690,20200101,    1,    0
 11386, 75690,20200102,    2,    0
 11386, 75690,20200103,    3,    0
 11386, 75690,20200104,    2,    0
 11386, 75690,20200105,    1,    0
 11386, 75690,20200106,    4,    0
 11386, 75690,20200107,    1,    0
 11386, 75690,20200108,    2,    0
 11386, 75690,20200109,    1,    0
 11386, 75690,20200110,    5,    0
 11386, 75690,20200111,    0,    0
 11386, 75690,20200112,    3,    0
 11386, 75690,20200113,    0,    0
 11386, 75690,20200114,    3,    0
 11386, 75690,20200115,    1,    0
 11386, 75690,20200116,    0,    0
 11386, 75690,20200117,    0,    0
 11386, 75690,20200118,    0,    0
 11386, 75690,20200119,    7,    0
 11386, 75690,20200120,    0,    0
 11386, 75690,20200121,  285,    0
 11386, 75690,20200122,  265,    0
 11386, 75690,20200123,  201,    0
 11386, 75690,20200124,    1,    0
 11386, 75690,20200125,    0,    0
 11386, 75690,20200126,    1,    0
 11386, 75690,20200127,    0,    0
 11386, 75690,20200128,    0,    0
 11386, 75690,20200129,    1,    0
 11386, 75690,20200130,    0,    0
 11386, 75690,20200131,    0,    0
 11386, 75690,20200201,    0,    0
 11386, 75690,20200202,    1,    0
 11386, 75690,20200203,    2,    0
 11386, 75690,20200204,    1,    0
 11386, 75690,20200205,    0,    0
 11386, 75690,20200206,    1,    0
 11386, 75690,20200207,    0,    0
 11386, 75690,20200208,    0,    0
 11386, 75690,20200209,    1,    0
 11386, 75690,20200210,    0,    0
 11386, 75690,20200211,    0,    0
 11386, 75690,20200212,    0,    0
 11386, 75690,20200213,    0,    0
 11386, 75690,20200214,    0,    0
 11386, 75690,20200215,    1,    0
 11386, 75690,20200216,    1,    0
 11386, 75690,20200217,    2,    0
 11386, 75690,20200218,    0,    0
 11386, 75690,20200219,    0,    0
 11386, 75690,20200220,    1,    0
 11386, 75690,20200221,    0,    0
 11386, 75690,20200222,    0,    0
 11386, 75690,20200223,    0,    0
 11386, 75690,20200224,    1,    0
 11386, 75690,20200225,    0,    0
 11386, 75690,20200226,    0,    0
 11386, 75690,20200227,    0,    0
 11386, 75690,20200228,    0,    0
 11386, 75690,20200229,    0,    0
 11386, 75690,20200301,    0,    0
 11386, 75690,20200302,   74,    0
 11386, 75690,20200303,    0,    0
 11386, 75690,20200304,    0,    0
 11386, 75690,20200305,    6,    0
 11386, 75690,20200306,    1,    0
 11386, 75690,20200307,    0,    0
 11386, 75690,20200308,    0,    0
 11386, 75690,20200309,    0,    0
 11386, 75690,20200310,    0,    0
 11386, 75690,20200311,    0,    0
 11386, 75690,20200312,    0,    0
 11386, 75690,20200313,    0,    0
 11386, 75690,20200314,    0,    0
 11386, 75690,20200315,    2,    0
 11386, 75690,20200316,  130,    0
 11386, 75690,20200317,    2,    0
 11386, 75690,20200318,    0,    0
 11386, 75690,20200319,    0,    0
 11386, 75690,20200320,    0,    0
 11386, 75690,20200321,    0,    0
 11386, 75690,20200322,    0,    0
 11386, 75690,20200323,    0,    0
 11386, 75690,20200324,    1,    0
 11386, 75690,20200325,    9,    0
 11386, 75690,20200326,    5,    0
 11386, 75690,20200327,    3,    0
 11386, 75690,20200328,    1,    0
 11386, 75690,20200329,    0,    0
 11386, 75690,20200330,    1,    0
 11386, 75690,20200331,   45,    0
 11386, 75690,20200401,   56,    0
 11386, 75690,20200402,    5,    0
 11386, 75690,20200403,    0,    0
 11386, 75690,20200404,    0,    0
 11386, 75690,20200405,    0,    0
 11386, 75690,20200406,    0,    0
 11386, 75690,20200407,   38,    0
 11386, 75690,20200408,    0,    0
 11386, 75690,20200409,    0,    0
 11386, 75690,20200410,    0,    0
 11386, 75690,20200411,    0,    0
 11386, 75690,20200412,    0,    0
 11386, 75690,20200413,   53,    0
 11386, 75690,20200414,    0,    0
 11386, 75690,20200415,    0,    0
 11386, 75690,20200416,    0,    0
 11386, 75690,20200417,    0,    0
 11386, 75690,20200418,   47,    0
 11386, 75690,20200419,   79,    0
 11386, 75690,20200420,  113,    0
 11386, 75690,20200421,  287,    0
 11386, 75690,20200422,    7,    0
 11386, 75690,20200423,    6,    0
 11386, 75690,20200424,    0,    0
 11386, 75690,20200425,    0,    0
 11386, 75690,20200426,    1,    0
 11386, 75690,20200427,  130,    0
 11386, 75690,20200428,   16,    0
 11386, 75690,20200429,    0,    0
 11386, 75690,20200430,    0,    0
 11386, 75690,20200501,    0,    0
 11386, 75690,20200502,    0,    0
 11386, 75690,20200503,    0,    0
 11386, 75690,20200504,    0,    0
 11386, 75690,20200505,    0,    0
 11386, 75690,20200506,    0,    0
 11386, 75690,20200507,    0,    0
 11386, 75690,20200508,    0,    0
 11386, 75690,20200509,    9,    0
 11386, 75690,20200510,  129,    0
 11386, 75690,20200511,    1,    0
 11386, 75690,20200512,    2,    0
 11386, 75690,20200513,    3,    0
 11386, 75690,20200514,  170,    0
 11386, 75690,20200515,    5,    0
 11386, 75690,20200516,   55,    0
 11386, 75690,20200517,    0,    0
 11386, 75690,20200518,    0,    0
 11386, 75690,20200519,    0,    0
 11386, 75690,20200520,    0,    0
 11386, 75690,20200521,    0,    0
 11386, 75690,20200522,    0,    0
 11386, 75690,20200523,    3,    0
 11386, 75690,20200524,    0,    0
 11386, 75690,20200525,    0,    0
 11386, 75690,20200526,    0,    0
 11386, 75690,20200527,    0,    0
 11386, 75690,20200528,    0,    0
 11386, 75690,20200529,   78,    0
 11386, 75690,20200530,    0,    0
 11386, 75690,20200531,   12,    0
 11386, 75690,20200601,  164,    0
 11386, 75690,20200602,  157,    0
 11386, 75690,20200603,  230,    0
 11386, 75690,20200604,   21,    0
 11386, 75690,20200605,    0,    0
 11386, 75690,20200606,   11,    0
 11386, 75690,20200607,    9,    0
 11386, 75690,20200608,   16,    0
 11386, 75690,20200609,   30,    0
 11386, 75690,20200610,    3,    0
 11386, 75690,20200611,  103,    0
 11386, 75690,20200612,    0,    0
 11386, 75690,20200613,    0,    0
 11386, 75690,20200614,    0,    0
 11386, 75690,20200615,    7,    0
 11386, 75690,20200616,  127,    0
 11386, 75690,20200617,    0,    0
 11386, 75690,20200618,  145,    0
 11386, 75690,20200619,    0,    0
 11386, 75690,20200620,    0,    0
 11386, 75690,20200621,    0,    0
 11386, 75690,20200622,    0,    0
 11386, 75690,20200623,    0,    0
 11386, 75690,20200624,    0,    0
 11386, 75690,20200625,    0,    0
 11386, 75690,20200626,    0,    0
 11386, 75690,20200627,    0,    0
 11386, 75690,20200628,    0,    0
 11386, 75690,20200629,    0,    0
 11386, 75690,20200630,    7,    0
 11386, 75690,20200701,    1,    0
 11386, 75690,20200702,    7,    0
 11386, 75690,20200703,   14,    0
 11386, 75690,20200704,    0,    0
 11386, 75690,20200705,    0,    0
 11386, 75690,20200706,    0,    0
 11386, 75690,20200707,    0,    0
 11386, 75690,20200708,    0,    0
 11386, 75690,20200709,    0,    0
 11386, 75690,20200710,   32,    0
 11386, 75690,20200711,    0,    0
 11386, 75690,20200712,    0,    0
 11386, 75690,20200713,    9,    0
 11386, 75690,20200714,    0,    0
 11386, 75690,20200715,    0,    0
 11386, 75690,20200716,    0,    0
 11386, 75690,20200717,    0,    0
 11386, 75690,20200718,    0,    0
 11386, 75690,20200719,    0,    0
 11386, 75690,20200720,    0,    0
 11386, 75690,20200721,    0,    0
 11386, 75690,20200722,    0,    0
 11386, 75690,20200723,    3,    0
 11386, 75690,20200724,   32,    0
 11386, 75690,20200725,    0,    0
 11386, 75690,20200726,    0,    0
 11386, 75690,20200727,    0,    0
 11386, 75690,20200728,    2,    0
 11386, 75690,20200729,    0,    0
 11386, 75690,20200730,    0,    0
 11386, 75690,20200731,    0,    0
 11386, 75690,20200801,    0,    0
 11386, 75690,20200802,    0,    0
 11386, 75690,20200803,    3,    0
 11386, 75690,20200804,    0,    0
 11386, 75690,20200805,    0,    0
 11386, 75690,20200806,    0,    0
 11386, 75690,20200807,    0,    0
 11386, 75690,20200808,    0,    0
 11386, 75690,20200809,    0,    0
 11386, 75690,20200810,    0,    0
 11386, 75690,20200811,    0,    0
 11386, 75690,20200812,   83,    0
 11386, 75690,20200813,    0,    0
 11386, 75690,20200814,    0,    0
 11386, 75690,20200815,    0,    0
 11386, 75690,20200816,    0,    0
 11386, 75690,20200817,    0,    0
 11386, 75690,20200818,    0,    0
 11386, 75690,20200819,    0,    0
 11386, 75690,20200820,    0,    0
 11386, 75690,20200821,    0,    0
 11386, 75690,20200822,    0,    0
 11386, 75690,20200823,    0,    0
 11386, 75690,20200824,    0,    0
 11386, 75690,20200825,    0,    0
 11386, 75690,20200826,    0,    0
 11386, 75690,20200827,    0,    0
 11386, 75690,20200828,  159,    0
 11386, 75690,20200829,    8,    0
 11386, 75690,20200830,    0,    0
 11386, 75690,20200831,    0,    0
 11386, 75690,20200901,    0,    0
 11386, 75690,20200902,    0,    0
 11386, 75690,20200903,    0,    0
 11386, 75690,20200904,    0,    0
 11386, 75690,20200905,    0,    0
 11386, 75690,20200906,    0,    0
 11386, 75690,20200907,    0,    0
 11386, 75690,20200908,    4,    0
 11386, 75690,20200909,  156,    0
 11386, 75690,20200910,   32,    0
 11386, 75690,20200911,    0,    0
 11386, 75690,20200912,    0,    0
 11386, 75690,20200913,    0,    0
 11386, 75690,20200914,    0,    0
 11386, 75690,20200915,    0,    0
 11386, 75690,20200916,    0,    0
 11386, 75690,20200917,    0,    0
 11386, 75690,20200918,  164,    0
 11386, 75690,20200919,   21,    0
 11386, 75690,20200920,    0,    0
 11386, 75690,20200921,    0,    0
 11386, 75690,20200922,    0,    0
 11386, 75690,20200923,    0,    0
 11386, 75690,20200924,    0,    0
 11386, 75690,20200925,    0,    0
 11386, 75690,20200926,    2,    0
 11386, 75690,20200927,    0,    0
 11386, 75690,20200928,    0,    0
 11386, 75690,20200929,    0,    0
 11386, 75690,20200930,    0,    0
 11386, 75690,20201001,    0,    0
 11386, 75690,20201002,  134,    0
 11386, 75690,20201003,    1,    0
 11386, 75690,20201004,    0,    0
 11386, 75690,20201005,    0,    0
 11386, 75690,20201006,    0,    0
 11386, 75690,20201007,    0,    0
 11386, 75690,20201008,    0,    0
 11386, 75690,20201009,    0,    0
 11386, 75690,20201010,    0,    0
 11386, 75690,20201011,    0,    0
 11386, 75690,20201012,    0,    0
 11386, 75690,20201013,    0,    0
 11386, 75690,20201014,    0,    0
 11386, 75690,20201015,    0,    0
 11386, 75690,20201016,    0,    0
 11386, 75690,20201017,    0,    0
 11386, 75690,20201018,    0,    0
 11386, 75690,20201019,    0,    0
 11386, 75690,20201020,    0,    0
 11386, 75690,20201021,    0,    0
 11386, 75690,20201022,   90,    0
 11386, 75690,20201023,    0,    0
 11386, 75690,20201024,    0,    0
 11386, 75690,20201025,    7,    0
 11386, 75690,20201026,    4,    0
 11386, 75690,20201027,    0,    0
 11386, 75690,20201028,    0,    0
 11386, 75690,20201029,    0,    0
 11386, 75690,20201030,    0,    0
 11386, 75690,20201031,    0,    0
 11386, 75690,20201101,    0,    0
 11386, 75690,20201102,    0,    0
 11386, 75690,20201103,   25,    0
 11386, 75690,20201104,  139,    0
 11386, 75690,20201105,    2,    0
 11386, 75690,20201106,   14,    0
 11386, 75690,20201107,  150,    0
 11386, 75690,20201108,    2,    0
 11386, 75690,20201109,    2,    0
 11386, 75690,20201110,    0,    0
 11386, 75690,20201111,    3,    0
 11386, 75690,20201112,    2,    0
 11386, 75690,20201113,    1,    0
 11386, 75690,20201114,    1,    0
 11386, 75690,20201115,    1,    0
 11386, 75690,20201116,    0,    0
 11386, 75690,20201117,    0,    0
 11386, 75690,20201118,    0,    0
 11386, 75690,20201119,    1,    0
 11386, 75690,20201120,    1,    0
 11386, 75690,20201121,    0,    0
 11386, 75690,20201122,    0,    0
 11386, 75690,20201123,    1,    0
 11386, 75690,20201124,    0,    0
 11386, 75690,20201125,    0,    0
 11386, 75690,20201126,    5,    0
 11386, 75690,20201127,   37,    0
 11386, 75690,20201128,    3,    0
 11386, 75690,20201129,    2,    0
 11386, 75690,20201130,    3,    0
 11386, 75690,20201201,    5,    0
 11386, 75690,20201202,    1,    0
 11386, 75690,20201203,    0,    0
 11386, 75690,20201204,    0,    0
 11386, 75690,20201205,    0,    0
 11386, 75690,20201206,    0,    0
 11386, 75690,20201207,   46,    0
 11386, 75690,20201208,    1,    0
 11386, 75690,20201209,    0,    0
 11386, 75690,20201210,    6,    0
 11386, 75690,20201211,   48,    0
 11386, 75690,20201212,    0,    0
 11386, 75690,20201213,    0,    0
 11386, 75690,20201214,    3,    0
 11386, 75690,20201215,    0,    0
 11386, 75690,20201216,    2,    0
 11386, 75690,20201217,    0,    0
 11386, 75690,20201218,    0,    0
 11386, 75690,20201219,   11,    0
 11386, 75690,20201220,   16,    0
 11386, 75690,20201221,    2,    0
 11386, 75690,20201222,    1,    0
 11386, 75690,20201223,    1,    0
 11386, 75690,20201224,    2,    0
 11386, 75690,20201225,    0,    0
 11386, 75690,20201226,    0,    0
 11386, 75690,20201227,    0,    0
 11386, 75690,20201228,    0,    0
 11386, 75690,20201229,    0,    0
 11386, 75690,20201230,    0,    0
 11386, 75690,20201231,    1,    0
 11386, 75690,20210101,    0,    0
 11386, 75690,20210102,    0,    0
 11386, 75690,20210103,    0,    0
 11386, 75690,20210104,    0,    0
 11386, 75690,20210105,    0,    0
 11386, 75690,20210106,    0,    0
 11386, 75690,20210107,    0,    0
 11386, 75690,20210108,    0,    0
 11386, 75690,20210109,  152,    0
 11386, 75690,20210110,   43,    0
 11386, 75690,20210111,    0,    0
 11386, 75690,20210112,    0,    0
 11386, 75690,20210113,    0,    0
 11386, 75690,20210114,    1,    0
 11386, 75690,20210115,    0,    0
 11386, 75690,20210116,    1,    0
 11386, 75690,20210117,    0,    0
 11386, 75690,20210118,    0,    0
 11386, 75690,20210119,    1,    0
 11386, 75690,20210120,    1,    0
 11386, 75690,20210121,    0,    0
 11386, 75690,20210122,   63,    0
 11386, 75690,20210123,   16,    0
 11386, 75690,20210124,    4,    0
 11386, 75690,20210125,    1,    0
 11386, 75690,20210126,    0,    0
 11386, 75690,20210127,    0,    0
 11386, 75690,20210128,    0,    0
 11386, 75690,20210129,    0,    0
 11386, 75690,20210130,    6,    0
 11386, 75690,20210131,    1,    0
 11386, 75690,20210201,    3,    0
 11386, 75690,20210202,    0,    0
 11386, 75690,20210203,    0,    0
 11386, 75690,20210204,    0,    0
 11386, 75690,20210205,    0,    0
 11386, 75690,20210206,    0,    0
 11386, 75690,20210207,    5,    0
 11386, 75690,20210208,   26,    0
 11386, 75690,20210209,   21,    0
 11386, 75690,20210210,    0,    0
 11386, 75690,20210211,    0,    0
 11386, 75690,20210212,   46,    0
 11386, 75690,20210213,    0,    0
 11386, 75690,20210214,    4,    0
 11386, 75690,20210215,    0,    0
 11386, 75690,20210216,    0,    0
 11386, 75690,20210217,    0,    0
 11386, 75690,20210218,    0,    0
 11386, 75690,20210219,    0,    0
 11386, 75690,20210220,    0,    0
 11386, 75690,20210221,    0,    0
 11386, 75690,20210222,   59,    0
 11386, 75690,20210223,    9,    0
 11386, 75690,20210224,    0,    0
 11386, 75690,20210225,    0,    0
 11386, 75690,20210226,    0,    0
 11386, 75690,20210227,    1,    0
 11386, 75690,20210228,    0,    0
 11386, 75690,20210301,    0,    0
 11386, 75690,20210302,    0,    0
 11386, 75690,20210303,    0,    0
 11386, 75690,20210304,    0,    0
 11386, 75690,20210305,    0,    0
 11386, 75690,20210306,    0,    0
 11386, 75690,20210307,   20,    0
 11386, 75690,20210308,  302,    0
 11386, 75690,20210309,    1,    0
 11386, 75690,20210310,    0,    0
 11386, 75690,20210311,    0,    0
 11386, 75690,20210312,    0,    0
 11386, 75690,20210313,    0,    0
 11386, 75690,20210314,    0,    0
 11386, 75690,20210315,    0,    0
 11386, 75690,20210316,    0,    0
 11386, 75690,20210317,    0,    0
 11386, 75690,20210318,    0,    0
 11386, 75690,20210319,    0,    0
 11386, 75690,20210320,    0,    0
 11386, 75690,20210321,    0,    0
 11386, 75690,20210322,    0,    0
 11386, 75690,20210323,    0,    0
 11386, 75690,20210324,    0,    0
 11386, 75690,20210325,    0,    0
 11386, 75690,20210326,    0,    0
 11386, 75690,20210327,    0,    0
 11386, 75690,20210328,    0,    0
 11386, 75690,20210329,    0,    0
 11386, 75690,20210330,    0,    0
 11386, 75690,20210331,    0,    0
 11386, 75690,20210401,    0,    0
 11386, 75690,20210402,    0,    0
 11386, 75690,20210403,    0,    0
 11386, 75690,20210404,    0,    0
 11386, 75690,20210405,    0,    0
 11386, 75690,20210406,    0,    0
 11386, 75690,20210407,    0,    0
 11386, 75690,20210408,    0,    0
 11386, 75690,20210409,   29,    0
 11386, 75690,20210410,    0,    0
 11386, 75690,20210411,   43,    0
 11386, 75690,20210412,    0,    0
 11386, 75690,20210413,    0,    0
 11386, 75690,20210414,    0,    0
 11386, 75690,20210415,   20,    0
 11386, 75690,20210416,   58,    0
 11386, 75690,20210417,    1,    0
 11386, 75690,20210418,    0,    0
 11386, 75690,20210419,    0,    0
 11386, 75690,20210420,    0,    0
 11386, 75690,20210421,    2,    0
 11386, 75690,20210422,    0,    0
 11386, 75690,20210423,    0,    0
 11386, 75690,20210424,    0,    0
 11386, 75690,20210425,    8,    0
 11386, 75690,20210426,  117,    0
 11386, 75690,20210427,    0,    0
 11386, 75690,20210428,   38,    0
 11386, 75690,20210429,   80,    0
 11386, 75690,20210430,   98,    0
 11386, 75690,20210501,  273,    0
 11386, 75690,20210502,    0,    0
 11386, 75690,20210503,    0,    0
 11386, 75690,20210504,    0,    0
 11386, 75690,20210505,    0,    0
 11386, 75690,20210506,    0,    0
 11386, 75690,20210507,    0,    0
 11386, 75690,20210508,    0,    0
 11386, 75690,20210509,   17,    0
 11386, 75690,20210510,   16,    0
 11386, 75690,20210511,    2,    0
 11386, 75690,20210512,    0,    0
 11386, 75690,20210513,    0,    0
 11386, 75690,20210514,    0,    0
 11386, 75690,20210515,    0,    0
 11386, 75690,20210516,    0,    0
 11386, 75690,20210517,    0,    0
 11386, 75690,20210518,    0,    0
 11386, 75690,20210519,    0,    0
 11386, 75690,20210520,    0,    0
 11386, 75690,20210521,    0,    0
 11386, 75690,20210522,    0,    0
 11386, 75690,20210523,    3,    0
 11386, 75690,20210524,    0,    0
 11386, 75690,20210525,    0,    0
 11386, 75690,20210526,    0,    0
 11386, 75690,20210527,    0,    0
 11386, 75690,20210528,    0,    0
 11386, 75690,20210529,   53,    0
 11386, 75690,20210530,  106,    0
 11386, 75690,20210531,    4,    0
 11386, 75690,20210601,  111,    0
 11386, 75690,20210602,    0,    0
 11386, 75690,20210603,    0,    0
 11386, 75690,20210604,    1,    0
 11386, 75690,20210605,    0,    0
 11386, 75690,20210606,    7,    0
 11386, 75690,20210607,    0,    0
 11386, 75690,20210608,    0,    0
 11386, 75690,20210609,    0,    0
 11386, 75690,20210610,    0,    0
 11386, 75690,20210611,    1,    0
 11386, 75690,20210612,    0,    0
 11386, 75690,20210613,    0,    0
 11386, 75690,20210614,    0,    0
 11386, 75690,20210615,    0,    0
 11386, 75690,20210616,    0,    0
 11386, 75690,20210617,  211,    0
 11386, 75690,20210618,    0,    0
 11386, 75690,20210619,   11,    0
 11386, 75690,20210620,  185,    0
 11386, 75690,20210621,    0,    0
 11386, 75690,20210622,    0,    0
 11386, 75690,20210623,   23,    0
 11386, 75690,20210624,    0,    0
 11386, 75690,20210625,    0,    0
 11386, 75690,20210626,    0,    0
 11386, 75690,20210627,    0,    0
 11386, 75690,20210628,    0,    0
 11386, 75690,20210629,    0,    0
 11386, 75690,20210630,    0,    0
 11386, 75690,20210701,    0,    0
 11386, 75690,20210702,    0,    0
 11386, 75690,20210703,    0,    0
 11386, 75690,20210704,    0,    0
 11386, 75690,20210705,    0,    0
 11386, 75690,20210706,    1,    0
 11386, 75690,20210707,    3,    0
 11386, 75690,20210708,    0,    0
 11386, 75690,20210709,    0,    0
 11386, 75690,20210710,    0,    0
 11386, 75690,20210711,   55,    0
 11386, 75690,20210712,    0,    0
 11386, 75690,20210713,    0,    0
 11386, 75690,20210714,    0,    0
 11386, 75690,20210715,    0,    0
 11386, 75690,20210716,    0,    0
 11386, 75690,20210717,    0,    0
 11386, 75690,20210718,    0,    0
 11386, 75690,20210719,    0,    0
 11386, 75690,20210720,    6,    0
 11386, 75690,20210721,    0,    0
 11386, 75690,20210722,    0,    0
 11386, 75690,20210723,    0,    0
 11386, 75690,20210724,    0,    0
 11386, 75690,20210725,    0,    0
 11386, 75690,20210726,   22,    0
 11386, 75690,20210727,    0,    0
 11386, 75690,20210728,    0,    0
 11386, 75690,20210729,    0,    0
 11386, 75690,20210730,    0,    0
 11386, 75690,20210731,  108,    0
 11386, 75690,20210801,    1,    0
 11386, 75690,20210802,    0,    0
 11386, 75690,20210803,    0,    0
 11386, 75690,20210804,    7,    0
 11386, 75690,20210805,    0,    0
 11386, 75690,20210806,    0,    0
 11386, 75690,20210807,    0,    0
 11386, 75690,20210808,    0,    0
 11386, 75690,20210809,    0,    0
 11386, 75690,20210810,    0,    0
 11386, 75690,20210811,    0,    0
 11386, 75690,20210812,    0,    0
 11386, 75690,20210813,    0,    0
 11386, 75690,20210814,    0,    0
 11386, 75690,20210815,    0,    0
 11386, 75690,20210816,    0,    0
 11386, 75690,20210817,    0,    0
 11386, 75690,20210818,    0,    0
 11386, 75690,20210819,    9,    0
 11386, 75690,20210820,    0,    0
 11386, 75690,20210821,    0,    0
 11386, 75690,20210822,    0,    0
 11386, 75690,20210823,    0,    0
 11386, 75690,20210824,    0,    0
 11386, 75690,20210825,   17,    0
 11386, 75690,20210826,    0,    0
 11386, 75690,20210827,    0,    0
 11386, 75690,20210828,    1,    0
 11386, 75690,20210829,    0,    0
 11386, 75690,20210830,    1,    0
 11386, 75690,20210831,    0,    0
 11386, 75690,20210901,   10,    0
 11386, 75690,20210902,   21,    0
 11386, 75690,20210903,   20,    0
 11386, 75690,20210904,    0,    0
 11386, 75690,20210905,    0,    0
 11386, 75690,20210906,    0,    0
 11386, 75690,20210907,    0,    0
 11386, 75690,20210908,    0,    0
 11386, 75690,20210909,   57,    0
 11386, 75690,20210910,    0,    0
 11386, 75690,20210911,    0,    0
 11386, 75690,20210912,    0,    0
 11386, 75690,20210913,    0,    0
 11386, 75690,20210914,   75,    0
 11386, 75690,20210915,    0,    0
 11386, 75690,20210916,   50,    0
 11386, 75690,20210917,    0,    0
 11386, 75690,20210918,   25,    0
 11386, 75690,20210919,    0,    0
 11386, 75690,20210920,    0,    0
 11386, 75690,20210921,    0,    0
 11386, 75690,20210922,    0,    0
 11386, 75690,20210923,    6,    0
 11386, 75690,20210924,    0,    0
 11386, 75690,20210925,    0,    0
 11386, 75690,20210926,    0,    0
 11386, 75690,20210927,    0,    0
 11386, 75690,20210928,    0,    0
 11386, 75690,20210929,    0,    0
 11386, 75690,20210930,    0,    0
 11386, 75690,20211001,    0,    0
 11386, 75690,20211002,    1,    0
 11386, 75690,20211003,   72,    0
 11386, 75690,20211004,   32,    0
 11386, 75690,20211005,    0,    0
 11386, 75690,20211006,    0,    0
 11386, 75690,20211007,    0,    0
 11386, 75690,20211008,    0,    0
 11386, 75690,20211009,    0,    0
 11386, 75690,20211010,    0,    0
 11386, 75690,20211011,    0,    0
 11386, 75690,20211012,    0,    0
 11386, 75690,20211013,    0,    0
 11386, 75690,20211014,    0,    0
 11386, 75690,20211015,    0,    0
 11386, 75690,20211016,    0,    0
 11386, 75690,20211017,    0,    0
 11386, 75690,20211018,    2,    0
 11386, 75690,20211019,    1,    0
 11386, 75690,20211020,    1,    0
 11386, 75690,20211021,    0,    0
 11386, 75690,20211022,    0,    0
 11386, 75690,20211023,    0,    0
 11386, 75690,20211024,    0,    0
 11386, 75690,20211025,    0,    0
 11386, 75690,20211026,    1,    0
 11386, 75690,20211027,    0,    0
 11386, 75690,20211028,    0,    0
 11386, 75690,20211029,    3,    0
 11386, 75690,20211030,   55,    0
 11386, 75690,20211031,    3,    0
 11386, 75690,20211101,   19,    0
 11386, 75690,20211102,    0,    0
 11386, 75690,20211103,    0,    0
 11386, 75690,20211104,    0,    0
 11386, 75690,20211105,    0,    0
 11386, 75690,20211106,    0,    0
 11386, 75690,20211107,    1,    0
 11386, 75690,20211108,    0,    0
 11386, 75690,20211109,    1,    0
 11386, 75690,20211110,   11,    0
 11386, 75690,20211111,   25,    0
 11386, 75690,20211112,    5,    0
 11386, 75690,20211113,    1,    0
 11386, 75690,20211114,    1,    0
 11386, 75690,20211115,    0,    0
 11386, 75690,20211116,    7,    0
 11386, 75690,20211117,    0,    0
 11386, 75690,20211118,    0,    0
 11386, 75690,20211119,    1,    0
 11386, 75690,20211120,    0,    0
 11386, 75690,20211121,    0,    0
 11386, 75690,20211122,    0,    0
 11386, 75690,20211123,  362,    0
 11386, 75690,20211124,  179,    0
 11386, 75690,20211125,    3,    0
 11386, 75690,20211126,    0,    0
 11386, 75690,20211127,    4,    0
 11386, 75690,20211128,    0,    0
 11386, 75690,20211129,    1,    0
 11386, 75690,20211130,    0,    0
 11386, 75690,20211201,    1,    0
 11386, 75690,20211202,    0,    0
 11386, 75690,20211203,    0,    0
 11386, 75690,20211204,    0,    0
 11386, 75690,20211205,    0,    0
 11386, 75690,20211206,    1,    0
 11386, 75690,20211207,    1,    0
 11386, 75690,20211208,    6,    0
 11386, 75690,20211209,    0,    0
 11386, 75690,20211210,    3,    0
 11386, 75690,20211211,    0,    0
 11386, 75690,20211212,    1,    0
 11386, 75690,20211213,    1,    0
 11386, 75690,20211214,    4,    0
 11386, 75690,20211215,    2,    0
 11386, 75690,20211216,    1,    0
 11386, 75690,20211217,    2,    0
 11386, 75690,20211218,    3,    0
 11386, 75690,20211219,    1,    0
 11386, 75690,20211220,    5,    0
 11386, 75690,20211221,    1,    0
 11386, 75690,20211222,    1,    0
 11386, 75690,20211223,    2,    0
 11386, 75690,20211224,    2,    0
 11386, 75690,20211225,    2,    0
 11386, 75690,20211226,    3,    0
 11386, 75690,20211227,    1,    0
 11386, 75690,20211228,    0,    0
 11386, 75690,20211229,    0,    0
 11386, 75690,20211230,    2,    0
 11386, 75690,20211231,    1,    0
 11386, 75690,20220101,-9999,    9
 11386, 75690,20220102,-9999,    9
 11386, 75690,20220103,-9999,    9
 11386, 75690,20220104,-9999,    9
 11386, 75690,20220105,-9999,    9
 11386, 75690,20220106,-9999,    9
 11386, 75690,20220107,-9999,    9
 11386, 75690,20220108,-9999,    9
 11386, 75690,20220109,-9999,    9
 11386, 75690,20220110,-9999,    9
 11386, 75690,20220111,-9999,    9
 11386, 75690,20220112,-9999,    9
 11386, 75690,20220113,-9999,    9
 11386, 75690,20220114,-9999,    9
 11386, 75690,20220115,-9999,    9
 11386, 75690,20220116,-9999,    9
 11386, 75690,20220117,-9999,    9
 11386, 75690,20220118,-9999,    9
 11386, 75690,20220119,-9999,    9
 11386, 75690,20220120,-9999,    9
 11386, 75690,20220121,-9999,    9
 11386, 75690,20220122,-9999,    9
 11386, 75690,20220123,-9999,    9
 11386, 75690,20220124,-9999,    9
 11386, 75690,20220125,-9999,    9
 11386, 75690,20220126,-9999,    9
 11386, 75690,20220127,-9999,    9
 11386, 75690,20220128,-9999,    9
 11386, 75690,20220129,-9999,    9
 11386, 75690,20220130,-9999,    9
 11386, 75690,20220131,-9999,    9
 11386, 75690,20220201,-9999,    9
 11386, 75690,20220202,-9999,    9
 11386, 75690,20220203,-9999,    9
 11386, 75690,20220204,-9999,    9
 11386, 75690,20220205,-9999,    9
 11386, 75690,20220206,-9999,    9
 11386, 75690,20220207,-9999,    9
 11386, 75690,20220208,-9999,    9
 11386, 75690,20220209,-9999,    9
 11386, 75690,20220210,-9999,    9
 11386, 75690,20220211,-9999,    9
 11386, 75690,20220212,-9999,    9
 11386, 75690,20220213,-9999,    9
 11386, 75690,20220214,-9999,    9
 11386, 75690,20220215,-9999,    9
 11386, 75690,20220216,-9999,    9
 11386, 75690,20220217,-9999,    9
 11386, 75690,20220218,-9999,    9
 11386, 75690,20220219,-9999,    9
 11386, 75690,20220220,-9999,    9
 11386, 75690,20220221,-9999,    9
 11386, 75690,20220222,-9999,    9
 11386, 75690,20220223,-9999,    9
 11386, 75690,20220224,-9999,    9
 11386, 75690,20220225,-9999,    9
 11386, 75690,20220226,-9999,    9
 11386, 75690,20220227,-9999,    9
 11386, 75690,20220228,-9999,    9
 11386, 75690,20220301,-9999,    9
 11386, 75690,20220302,-9999,    9
 11386, 75690,20220303,-9999,    9
 11386, 75690,20220304,-9999,    9
 11386, 75690,20220305,-9999,    9
 11386, 75690,20220306,-9999,    9
 11386, 75690,20220307,-9999,    9
 11386, 75690,20220308,-9999,    9
 11386, 75690,20220309,-9999,    9
 11386, 75690,20220310,-9999,    9
 11386, 75690,20220311,-9999,    9
 11386, 75690,20220312,-9999,    9
 11386, 75690,20220313,-9999,    9
 11386, 75690,20220314,-9999,    9
 11386, 75690,20220315,-9999,    9
 11386, 75690,20220316,-9999,    9
 11386, 75690,20220317,-9999,    9
 11386, 75690,20220318,-9999,    9
 11386, 75690,20220319,-9999,    9
 11386, 75690,20220320,-9999,    9
 11386, 75690,20220321,-9999,    9
 11386, 75690,20220322,-9999,    9
 11386, 75690,20220323,-9999,    9
 11386, 75690,20220324,-9999,    9
 11386, 75690,20220325,-9999,    9
 11386, 75690,20220326,-9999,    9
 11386, 75690,20220327,-9999,    9
 11386, 75690,20220328,-9999,    9
 11386, 75690,20220329,-9999,    9
 11386, 75690,20220330,-9999,    9
 11386, 75690,20220331,-9999,    9
 11386, 75690,20220401,-9999,    9
 11386, 75690,20220402,-9999,    9
 11386, 75690,20220403,-9999,    9
 11386, 75690,20220404,-9999,    9
 11386, 75690,20220405,-9999,    9
 11386, 75690,20220406,-9999,    9
 11386, 75690,20220407,-9999,    9
 11386, 75690,20220408,-9999,    9
 11386, 75690,20220409,-9999,    9
 11386, 75690,20220410,-9999,    9
 11386, 75690,20220411,-9999,    9
 11386, 75690,20220412,-9999,    9
 11386, 75690,20220413,-9999,    9
 11386, 75690,20220414,-9999,    9
 11386, 75690,20220415,-9999,    9
 11386, 75690,20220416,-9999,    9
 11386, 75690,20220417,-9999,    9
 11386, 75690,20220418,-9999,    9
 11386, 75690,20220419,-9999,    9
 11386, 75690,20220420,-9999,    9
 11386, 75690,20220421,-9999,    9
 11386, 75690,20220422,-9999,    9
 11386, 75690,20220423,-9999,    9
 11386, 75690,20220424,-9999,    9
 11386, 75690,20220425,-9999,    9
 11386, 75690,20220426,-9999,    9
 11386, 75690,20220427,-9999,    9
 11386, 75690,20220428,-9999,    9
 11386, 75690,20220429,-9999,    9
 11386, 75690,20220430,-9999,    9
 11386, 75690,20220501,-9999,    9
 11386, 75690,20220502,-9999,    9
 11386, 75690,20220503,-9999,    9
 11386, 75690,20220504,-9999,    9
 11386, 75690,20220505,-9999,    9
 11386, 75690,20220506,-9999,    9
 11386, 75690,20220507,-9999,    9
 11386, 75690,20220508,-9999,    9
 11386, 75690,20220509,-9999,    9
 11386, 75690,20220510,-9999,    9
 11386, 75690,20220511,-9999,    9
 11386, 75690,20220512,-9999,    9
 11386, 75690,20220513,-9999,    9
 11386, 75690,20220514,-9999,    9
 11386, 75690,20220515,-9999,    9
 11386, 75690,20220516,-9999,    9
 11386, 75690,20220517,-9999,    9
 11386, 75690,20220518,-9999,    9
 11386, 75690,20220519,-9999,    9
 11386, 75690,20220520,-9999,    9
 11386, 75690,20220521,-9999,    9
 11386, 75690,20220522,-9999,    9
 11386, 75690,20220523,-9999,    9
 11386, 75690,20220524,-9999,    9
 11386, 75690,20220525,-9999,    9
 11386, 75690,20220526,-9999,    9
 11386, 75690,20220527,-9999,    9
 11386, 75690,20220528,-9999,    9
 11386, 75690,20220529,-9999,    9
 11386, 75690,20220530,-9999,    9
 11386, 75690,20220531,-9999,    9
 11386, 75690,20220601,-9999,    9
 11386, 75690,20220602,-9999,    9
 11386, 75690,20220603,-9999,    9
 11386, 75690,20220604,-9999,    9
 11386, 75690,20220605,-9999,    9
 11386, 75690,20220606,-9999,    9
 11386, 75690,20220607,-9999,    9
 11386, 75690,20220608,-9999,    9
 11386, 75690,20220609,-9999,    9
 11386, 75690,20220610,-9999,    9
 11386, 75690,20220611,-9999,    9
 11386, 75690,20220612,-9999,    9
 11386, 75690,20220613,-9999,    9
 11386, 75690,20220614,-9999,    9
 11386, 75690,20220615,-9999,    9
 11386, 75690,20220616,-9999,    9
 11386, 75690,20220617,-9999,    9
 11386, 75690,20220618,-9999,    9
 11386, 75690,20220619,-9999,    9
 11386, 75690,20220620,-9999,    9
 11386, 75690,20220621,-9999,    9
 11386, 75690,20220622,-9999,    9
 11386, 75690,20220623,-9999,    9
 11386, 75690,20220624,-9999,    9
 11386, 75690,20220625,-9999,    9
 11386, 75690,20220626,-9999,    9
 11386, 75690,20220627,-9999,    9
 11386, 75690,20220628,-9999,    9
 11386, 75690,20220629,-9999,    9
 11386, 75690,20220630,-9999,    9
 11386, 75690,20220701,-9999,    9
 11386, 75690,20220702,-9999,    9
 11386, 75690,20220703,-9999,    9
 11386, 75690,20220704,-9999,    9
 11386, 75690,20220705,-9999,    9
 11386, 75690,20220706,-9999,    9
 11386, 75690,20220707,-9999,    9
 11386, 75690,20220708,-9999,    9
 11386, 75690,20220709,-9999,    9
 11386, 75690,20220710,-9999,    9
 11386, 75690,20220711,-9999,    9
 11386, 75690,20220712,-9999,    9
 11386, 75690,20220713,-9999,    9
 11386, 75690,20220714,-9999,    9
 11386, 75690,20220715,-9999,    9
 11386, 75690,20220716,-9999,    9
 11386, 75690,20220717,-9999,    9
 11386, 75690,20220718,-9999,    9
 11386, 75690,20220719,-9999,    9
 11386, 75690,20220720,-9999,    9
 11386, 75690,20220721,-9999,    9
 11386, 75690,20220722,-9999,    9
 11386, 75690,20220723,-9999,    9
 11386, 75690,20220724,-9999,    9
 11386, 75690,20220725,-9999,    9
 11386, 75690,20220726,-9999,    9
 11386, 75690,20220727,-9999,    9
 11386, 75690,20220728,-9999,    9
 11386, 75690,20220729,-9999,    9
 11386, 75690,20220730,-9999,    9
 11386, 75690,20220731,-9999,    9
 11386, 75690,20220801,-9999,    9
 11386, 75690,20220802,-9999,    9
 11386, 75690,20220803,-9999,    9
 11386, 75690,20220804,-9999,    9
 11386, 75690,20220805,-9999,    9
 11386, 75690,20220806,-9999,    9
 11386, 75690,20220807,-9999,    9
 11386, 75690,20220808,-9999,    9
 11386, 75690,20220809,-9999,    9
 11386, 75690,20220810,-9999,    9
 11386, 75690,20220811,-9999,    9
 11386, 75690,20220812,-9999,    9
 11386, 75690,20220813,-9999,    9
 11386, 75690,20220814,-9999,    9
 11386, 75690,20220815,-9999,    9
 11386, 75690,20220816,-9999,    9
 11386, 75690,20220817,-9999,    9
 11386, 75690,20220818,-9999,    9
 11386, 75690,20220819,-9999,    9
 11386, 75690,20220820,-9999,    9
 11386, 75690,20220821,-9999,    9
 11386, 75690,20220822,-9999,    9
 11386, 75690,20220823,-9999,    9
 11386, 75690,20220824,-9999,    9
 11386, 75690,20220825,-9999,    9
 11386, 75690,20220826,-9999,    9
 11386, 75690,20220827,-9999,    9
 11386, 75690,20220828,-9999,    9
 11386, 75690,20220829,-9999,    9
 11386, 75690,20220830,-9999,    9
 11386, 75690,20220831,-9999,    9
 11386, 75690,20220901,-9999,    9
 11386, 75690,20220902,-9999,    9
 11386, 75690,20220903,-9999,    9
 11386, 75690,20220904,-9999,    9
 11386, 75690,20220905,-9999,    9
 11386, 75690,20220906,-9999,    9
 11386, 75690,20220907,-9999,    9
 11386, 75690,20220908,-9999,    9
 11386, 75690,20220909,-9999,    9
 11386, 75690,20220910,-9999,    9
 11386, 75690,20220911,-9999,    9
 11386, 75690,20220912,-9999,    9
 11386, 75690,20220913,-9999,    9
 11386, 75690,20220914,-9999,    9
 11386, 75690,20220915,-9999,    9
 11386, 75690,20220916,-9999,    9
 11386, 75690,20220917,-9999,    9
 11386, 75690,20220918,-9999,    9
 11386, 75690,20220919,-9999,    9
 11386, 75690,20220920,-9999,    9
 11386, 75690,20220921,-9999,    9
 11386, 75690,20220922,-9999,    9
 11386, 75690,20220923,-9999,    9
 11386, 75690,20220924,-9999,    9
 11386, 75690,20220925,-9999,    9
 11386, 75690,20220926,-9999,    9
 11386, 75690,20220927,-9999,    9
 11386, 75690,20220928,-9999,    9
 11386, 75690,20220929,-9999,    9
 11386, 75690,20220930,-9999,    9
 11386, 75690,20221001,-9999,    9
 11386, 75690,20221002,-9999,    9
 11386, 75690,20221003,-9999,    9
 11386, 75690,20221004,-9999,    9
 11386, 75690,20221005,-9999,    9
 11386, 75690,20221006,-9999,    9
 11386, 75690,20221007,-9999,    9
 11386, 75690,20221008,-9999,    9
 11386, 75690,20221009,-9999,    9
 11386, 75690,20221010,-9999,    9
 11386, 75690,20221011,-9999,    9
 11386, 75690,20221012,-9999,    9
 11386, 75690,20221013,-9999,    9
 11386, 75690,20221014,-9999,    9
 11386, 75690,20221015,-9999,    9
 11386, 75690,20221016,-9999,    9
 11386, 75690,20221017,-9999,    9
 11386, 75690,20221018,-9999,    9
 11386, 75690,20221019,-9999,    9
 11386, 75690,20221020,-9999,    9
 11386, 75690,20221021,-9999,    9
 11386, 75690,20221022,-9999,    9
 11386, 75690,20221023,-9999,    9
 11386, 75690,20221024,-9999,    9
 11386, 75690,20221025,-9999,    9
 11386, 75690,20221026,-9999,    9
 11386, 75690,20221027,-9999,    9
 11386, 75690,20221028,-9999,    9
 11386, 75690,20221029,-9999,    9
 11386, 75690,20221030,-9999,    9
 11386, 75690,20221031,-9999,    9
