EUROPEAN CLIMATE ASSESSMENT & DATASET (ECA&D), file created on: 16-11-2022
THESE DATA CAN BE USED FOR NON-COMMERCIAL RESEARCH AND EDUCATION PROVIDED THAT THE FOLLOWING SOURCE IS ACKNOWLEDGED: 

Klein Tank, A.M.G. and Coauthors, 2002. Daily dataset of 20th-century surface
air temperature and precipitation series for the European Climate Assessment.
Int. J. of Climatol., 22, 1441-1453.
Data and metadata available at http://www.ecad.eu

FILE FORMAT (MISSING VALUE CODE = -9999):

01-06 STAID: Station identifier
08-13 SOUID: Source identifier
15-22 DATE : Date YYYYMMDD
24-28 RR   : Precipitation amount in 0.1 mm
30-34 Q_RR : quality code for RR (0='valid'; 1='suspect'; 9='missing')

This is the blended series of station TROSSINGEN-SCHURA, GERMANY (STAID: 22404)
Blended and updated with sources:120742 
See files sources.txt and stations.txt for more info.

STAID, SOUID,    DATE,   RR, Q_RR
 22404,120742,20190101,   24,    0
 22404,120742,20190102,    1,    0
 22404,120742,20190103,   10,    0
 22404,120742,20190104,    2,    0
 22404,120742,20190105,   93,    0
 22404,120742,20190106,   30,    0
 22404,120742,20190107,   20,    0
 22404,120742,20190108,   83,    0
 22404,120742,20190109,   27,    0
 22404,120742,20190110,    5,    0
 22404,120742,20190111,   19,    0
 22404,120742,20190112,   57,    0
 22404,120742,20190113,  188,    0
 22404,120742,20190114,   46,    0
 22404,120742,20190115,    0,    0
 22404,120742,20190116,    0,    0
 22404,120742,20190117,   32,    0
 22404,120742,20190118,    0,    0
 22404,120742,20190119,    0,    0
 22404,120742,20190120,    0,    0
 22404,120742,20190121,    0,    0
 22404,120742,20190122,    0,    0
 22404,120742,20190123,    5,    0
 22404,120742,20190124,    5,    0
 22404,120742,20190125,    0,    0
 22404,120742,20190126,    7,    0
 22404,120742,20190127,   62,    0
 22404,120742,20190128,   24,    0
 22404,120742,20190129,    0,    0
 22404,120742,20190130,    6,    0
 22404,120742,20190131,    6,    0
 22404,120742,20190201,   42,    0
 22404,120742,20190202,    0,    0
 22404,120742,20190203,   37,    0
 22404,120742,20190204,    0,    0
 22404,120742,20190205,    0,    0
 22404,120742,20190206,    0,    0
 22404,120742,20190207,    2,    0
 22404,120742,20190208,    6,    0
 22404,120742,20190209,    2,    0
 22404,120742,20190210,  117,    0
 22404,120742,20190211,   30,    0
 22404,120742,20190212,    0,    0
 22404,120742,20190213,    0,    0
 22404,120742,20190214,    0,    0
 22404,120742,20190215,    0,    0
 22404,120742,20190216,    0,    0
 22404,120742,20190217,    0,    0
 22404,120742,20190218,    0,    0
 22404,120742,20190219,    0,    0
 22404,120742,20190220,    0,    0
 22404,120742,20190221,    0,    0
 22404,120742,20190222,    0,    0
 22404,120742,20190223,    0,    0
 22404,120742,20190224,    0,    0
 22404,120742,20190225,    0,    0
 22404,120742,20190226,    0,    0
 22404,120742,20190227,    0,    0
 22404,120742,20190228,   45,    0
 22404,120742,20190301,   39,    0
 22404,120742,20190302,    3,    0
 22404,120742,20190303,    0,    0
 22404,120742,20190304,   93,    0
 22404,120742,20190305,    0,    0
 22404,120742,20190306,    0,    0
 22404,120742,20190307,   12,    0
 22404,120742,20190308,    2,    0
 22404,120742,20190309,   43,    0
 22404,120742,20190310,   66,    0
 22404,120742,20190311,   95,    0
 22404,120742,20190312,   10,    0
 22404,120742,20190313,   65,    0
 22404,120742,20190314,  168,    0
 22404,120742,20190315,  102,    0
 22404,120742,20190316,    0,    0
 22404,120742,20190317,   38,    0
 22404,120742,20190318,   14,    0
 22404,120742,20190319,    6,    0
 22404,120742,20190320,    0,    0
 22404,120742,20190321,    0,    0
 22404,120742,20190322,    0,    0
 22404,120742,20190323,    0,    0
 22404,120742,20190324,    0,    0
 22404,120742,20190325,    6,    0
 22404,120742,20190326,    0,    0
 22404,120742,20190327,    0,    0
 22404,120742,20190328,    0,    0
 22404,120742,20190329,    0,    0
 22404,120742,20190330,    0,    0
 22404,120742,20190331,    0,    0
 22404,120742,20190401,    0,    0
 22404,120742,20190402,    0,    0
 22404,120742,20190403,    0,    0
 22404,120742,20190404,   72,    0
 22404,120742,20190405,    0,    0
 22404,120742,20190406,    0,    0
 22404,120742,20190407,  145,    0
 22404,120742,20190408,   46,    0
 22404,120742,20190409,   79,    0
 22404,120742,20190410,   69,    0
 22404,120742,20190411,    0,    0
 22404,120742,20190412,    0,    0
 22404,120742,20190413,   17,    0
 22404,120742,20190414,    6,    0
 22404,120742,20190415,    0,    0
 22404,120742,20190416,    5,    0
 22404,120742,20190417,    0,    0
 22404,120742,20190418,    0,    0
 22404,120742,20190419,    0,    0
 22404,120742,20190420,    0,    0
 22404,120742,20190421,    0,    0
 22404,120742,20190422,    0,    0
 22404,120742,20190423,    0,    0
 22404,120742,20190424,    0,    0
 22404,120742,20190425,    9,    0
 22404,120742,20190426,   89,    0
 22404,120742,20190427,   62,    0
 22404,120742,20190428,   37,    0
 22404,120742,20190429,    8,    0
 22404,120742,20190430,   11,    0
 22404,120742,20190501,    0,    0
 22404,120742,20190502,   50,    0
 22404,120742,20190503,   68,    0
 22404,120742,20190504,   41,    0
 22404,120742,20190505,    0,    0
 22404,120742,20190506,    0,    0
 22404,120742,20190507,    0,    0
 22404,120742,20190508,  145,    0
 22404,120742,20190509,   29,    0
 22404,120742,20190510,   37,    0
 22404,120742,20190511,   17,    0
 22404,120742,20190512,    0,    0
 22404,120742,20190513,    0,    0
 22404,120742,20190514,    0,    0
 22404,120742,20190515,    0,    0
 22404,120742,20190516,    0,    0
 22404,120742,20190517,    0,    0
 22404,120742,20190518,   94,    0
 22404,120742,20190519,  124,    0
 22404,120742,20190520,  280,    0
 22404,120742,20190521,   58,    0
 22404,120742,20190522,    2,    0
 22404,120742,20190523,    0,    0
 22404,120742,20190524,    0,    0
 22404,120742,20190525,   17,    0
 22404,120742,20190526,    0,    0
 22404,120742,20190527,   39,    0
 22404,120742,20190528,   77,    0
 22404,120742,20190529,   42,    0
 22404,120742,20190530,    0,    0
 22404,120742,20190531,    0,    0
 22404,120742,20190601,    0,    0
 22404,120742,20190602,    0,    0
 22404,120742,20190603,    8,    0
 22404,120742,20190604,    0,    0
 22404,120742,20190605,    0,    0
 22404,120742,20190606,    0,    0
 22404,120742,20190607,   30,    0
 22404,120742,20190608,    0,    0
 22404,120742,20190609,   28,    0
 22404,120742,20190610,  425,    0
 22404,120742,20190611,    3,    0
 22404,120742,20190612,   87,    0
 22404,120742,20190613,    0,    0
 22404,120742,20190614,    0,    0
 22404,120742,20190615,  160,    0
 22404,120742,20190616,    3,    0
 22404,120742,20190617,    0,    0
 22404,120742,20190618,    0,    0
 22404,120742,20190619,   35,    0
 22404,120742,20190620,   85,    0
 22404,120742,20190621,   40,    0
 22404,120742,20190622,   20,    0
 22404,120742,20190623,    0,    0
 22404,120742,20190624,    0,    0
 22404,120742,20190625,    0,    0
 22404,120742,20190626,    0,    0
 22404,120742,20190627,    0,    0
 22404,120742,20190628,    0,    0
 22404,120742,20190629,    0,    0
 22404,120742,20190630,    0,    0
 22404,120742,20190701,   10,    0
 22404,120742,20190702,    0,    0
 22404,120742,20190703,    0,    0
 22404,120742,20190704,    0,    0
 22404,120742,20190705,    0,    0
 22404,120742,20190706,   72,    0
 22404,120742,20190707,    0,    0
 22404,120742,20190708,    0,    0
 22404,120742,20190709,    0,    0
 22404,120742,20190710,    0,    0
 22404,120742,20190711,   83,    0
 22404,120742,20190712,  130,    0
 22404,120742,20190713,    0,    0
 22404,120742,20190714,    0,    0
 22404,120742,20190715,    0,    0
 22404,120742,20190716,    0,    0
 22404,120742,20190717,    0,    0
 22404,120742,20190718,    0,    0
 22404,120742,20190719,    0,    0
 22404,120742,20190720,   10,    0
 22404,120742,20190721,    0,    0
 22404,120742,20190722,    0,    0
 22404,120742,20190723,    0,    0
 22404,120742,20190724,    0,    0
 22404,120742,20190725,    0,    0
 22404,120742,20190726,   10,    0
 22404,120742,20190727,   70,    0
 22404,120742,20190728,    5,    0
 22404,120742,20190729,    0,    0
 22404,120742,20190730,   26,    0
 22404,120742,20190731,    0,    0
 22404,120742,20190801,    0,    0
 22404,120742,20190802,    0,    0
 22404,120742,20190803,    0,    0
 22404,120742,20190804,    0,    0
 22404,120742,20190805,   39,    0
 22404,120742,20190806,   94,    0
 22404,120742,20190807,  126,    0
 22404,120742,20190808,    0,    0
 22404,120742,20190809,  107,    0
 22404,120742,20190810,   17,    0
 22404,120742,20190811,  134,    0
 22404,120742,20190812,    2,    0
 22404,120742,20190813,    0,    0
 22404,120742,20190814,    0,    0
 22404,120742,20190815,   13,    0
 22404,120742,20190816,    0,    0
 22404,120742,20190817,    0,    0
 22404,120742,20190818,  178,    0
 22404,120742,20190819,   40,    0
 22404,120742,20190820,   72,    0
 22404,120742,20190821,    0,    0
 22404,120742,20190822,    0,    0
 22404,120742,20190823,    0,    0
 22404,120742,20190824,    0,    0
 22404,120742,20190825,    0,    0
 22404,120742,20190826,    0,    0
 22404,120742,20190827,    0,    0
 22404,120742,20190828,    0,    0
 22404,120742,20190829,    0,    0
 22404,120742,20190830,    0,    0
 22404,120742,20190831,    0,    0
 22404,120742,20190901,    5,    0
 22404,120742,20190902,    0,    0
 22404,120742,20190903,    0,    0
 22404,120742,20190904,    0,    0
 22404,120742,20190905,    3,    0
 22404,120742,20190906,    0,    0
 22404,120742,20190907,   25,    0
 22404,120742,20190908,  136,    0
 22404,120742,20190909,    0,    0
 22404,120742,20190910,    0,    0
 22404,120742,20190911,    0,    0
 22404,120742,20190912,    0,    0
 22404,120742,20190913,    0,    0
 22404,120742,20190914,    0,    0
 22404,120742,20190915,    0,    0
 22404,120742,20190916,    0,    0
 22404,120742,20190917,    0,    0
 22404,120742,20190918,    0,    0
 22404,120742,20190919,    0,    0
 22404,120742,20190920,    0,    0
 22404,120742,20190921,    0,    0
 22404,120742,20190922,  134,    0
 22404,120742,20190923,   53,    0
 22404,120742,20190924,   19,    0
 22404,120742,20190925,   10,    0
 22404,120742,20190926,    4,    0
 22404,120742,20190927,   39,    0
 22404,120742,20190928,    2,    0
 22404,120742,20190929,   13,    0
 22404,120742,20190930,    0,    0
 22404,120742,20191001,   14,    0
 22404,120742,20191002,   67,    0
 22404,120742,20191003,    0,    0
 22404,120742,20191004,   23,    0
 22404,120742,20191005,   23,    0
 22404,120742,20191006,   39,    0
 22404,120742,20191007,    0,    0
 22404,120742,20191008,   27,    0
 22404,120742,20191009,  120,    0
 22404,120742,20191010,  112,    0
 22404,120742,20191011,    0,    0
 22404,120742,20191012,    0,    0
 22404,120742,20191013,    0,    0
 22404,120742,20191014,    0,    0
 22404,120742,20191015,   91,    0
 22404,120742,20191016,    5,    0
 22404,120742,20191017,   24,    0
 22404,120742,20191018,  148,    0
 22404,120742,20191019,   74,    0
 22404,120742,20191020,    3,    0
 22404,120742,20191021,   23,    0
 22404,120742,20191022,    0,    0
 22404,120742,20191023,    0,    0
 22404,120742,20191024,    0,    0
 22404,120742,20191025,    0,    0
 22404,120742,20191026,    0,    0
 22404,120742,20191027,   43,    0
 22404,120742,20191028,   40,    0
 22404,120742,20191029,   53,    0
 22404,120742,20191030,   93,    0
 22404,120742,20191031,    2,    0
 22404,120742,20191101,   12,    0
 22404,120742,20191102,   92,    0
 22404,120742,20191103,  113,    0
 22404,120742,20191104,   73,    0
 22404,120742,20191105,   19,    0
 22404,120742,20191106,    7,    0
 22404,120742,20191107,   18,    0
 22404,120742,20191108,  181,    0
 22404,120742,20191109,    0,    0
 22404,120742,20191110,    0,    0
 22404,120742,20191111,    2,    0
 22404,120742,20191112,    0,    0
 22404,120742,20191113,    0,    0
 22404,120742,20191114,    0,    0
 22404,120742,20191115,    0,    0
 22404,120742,20191116,    0,    0
 22404,120742,20191117,   22,    0
 22404,120742,20191118,    2,    0
 22404,120742,20191119,    0,    0
 22404,120742,20191120,    0,    0
 22404,120742,20191121,    0,    0
 22404,120742,20191122,    0,    0
 22404,120742,20191123,    0,    0
 22404,120742,20191124,    0,    0
 22404,120742,20191125,    7,    0
 22404,120742,20191126,   10,    0
 22404,120742,20191127,    7,    0
 22404,120742,20191128,  129,    0
 22404,120742,20191129,   74,    0
 22404,120742,20191130,    0,    0
 22404,120742,20191201,   30,    0
 22404,120742,20191202,    0,    0
 22404,120742,20191203,    0,    0
 22404,120742,20191204,    0,    0
 22404,120742,20191205,    0,    0
 22404,120742,20191206,   10,    0
 22404,120742,20191207,    5,    0
 22404,120742,20191208,   24,    0
 22404,120742,20191209,   75,    0
 22404,120742,20191210,    0,    0
 22404,120742,20191211,    6,    0
 22404,120742,20191212,    6,    0
 22404,120742,20191213,  145,    0
 22404,120742,20191214,   26,    0
 22404,120742,20191215,   14,    0
 22404,120742,20191216,    0,    0
 22404,120742,20191217,    3,    0
 22404,120742,20191218,    0,    0
 22404,120742,20191219,    0,    0
 22404,120742,20191220,   22,    0
 22404,120742,20191221,   18,    0
 22404,120742,20191222,   57,    0
 22404,120742,20191223,   39,    0
 22404,120742,20191224,   15,    0
 22404,120742,20191225,   35,    0
 22404,120742,20191226,   15,    0
 22404,120742,20191227,   10,    0
 22404,120742,20191228,    0,    0
 22404,120742,20191229,    0,    0
 22404,120742,20191230,    0,    0
 22404,120742,20191231,    0,    0
 22404,120742,20200101,    0,    0
 22404,120742,20200102,    0,    0
 22404,120742,20200103,   13,    0
 22404,120742,20200104,    0,    0
 22404,120742,20200105,    0,    0
 22404,120742,20200106,    0,    0
 22404,120742,20200107,    0,    0
 22404,120742,20200108,    0,    0
 22404,120742,20200109,    0,    0
 22404,120742,20200110,   10,    0
 22404,120742,20200111,    0,    0
 22404,120742,20200112,    0,    0
 22404,120742,20200113,    0,    0
 22404,120742,20200114,    0,    0
 22404,120742,20200115,    0,    0
 22404,120742,20200116,    0,    0
 22404,120742,20200117,   42,    0
 22404,120742,20200118,    2,    0
 22404,120742,20200119,   12,    0
 22404,120742,20200120,    0,    0
 22404,120742,20200121,    0,    0
 22404,120742,20200122,    0,    0
 22404,120742,20200123,    0,    0
 22404,120742,20200124,    0,    0
 22404,120742,20200125,    0,    0
 22404,120742,20200126,    8,    0
 22404,120742,20200127,   58,    0
 22404,120742,20200128,  114,    0
 22404,120742,20200129,    4,    0
 22404,120742,20200130,   12,    0
 22404,120742,20200131,    0,    0
 22404,120742,20200201,   45,    0
 22404,120742,20200202,   57,    0
 22404,120742,20200203,  204,    0
 22404,120742,20200204,   65,    0
 22404,120742,20200205,    0,    0
 22404,120742,20200206,    0,    0
 22404,120742,20200207,    0,    0
 22404,120742,20200208,    0,    0
 22404,120742,20200209,   10,    0
 22404,120742,20200210,  155,    0
 22404,120742,20200211,   70,    0
 22404,120742,20200212,   26,    0
 22404,120742,20200213,   86,    0
 22404,120742,20200214,    2,    0
 22404,120742,20200215,    0,    0
 22404,120742,20200216,    0,    0
 22404,120742,20200217,   28,    0
 22404,120742,20200218,    4,    0
 22404,120742,20200219,   60,    0
 22404,120742,20200220,   10,    0
 22404,120742,20200221,    0,    0
 22404,120742,20200222,    0,    0
 22404,120742,20200223,    4,    0
 22404,120742,20200224,    0,    0
 22404,120742,20200225,   42,    0
 22404,120742,20200226,   55,    0
 22404,120742,20200227,  138,    0
 22404,120742,20200228,    0,    0
 22404,120742,20200229,   44,    0
 22404,120742,20200301,    4,    0
 22404,120742,20200302,   17,    0
 22404,120742,20200303,    0,    0
 22404,120742,20200304,    3,    0
 22404,120742,20200305,  148,    0
 22404,120742,20200306,   15,    0
 22404,120742,20200307,    0,    0
 22404,120742,20200308,    9,    0
 22404,120742,20200309,    4,    0
 22404,120742,20200310,   25,    0
 22404,120742,20200311,    2,    0
 22404,120742,20200312,    3,    0
 22404,120742,20200313,    0,    0
 22404,120742,20200314,    0,    0
 22404,120742,20200315,    0,    0
 22404,120742,20200316,    0,    0
 22404,120742,20200317,    0,    0
 22404,120742,20200318,    0,    0
 22404,120742,20200319,    0,    0
 22404,120742,20200320,-9999,    9
 22404,120742,20200321,   14,    0
 22404,120742,20200322,    0,    0
 22404,120742,20200323,    0,    0
 22404,120742,20200324,    0,    0
 22404,120742,20200325,    0,    0
 22404,120742,20200326,    0,    0
 22404,120742,20200327,    0,    0
 22404,120742,20200328,    0,    0
 22404,120742,20200329,   35,    0
 22404,120742,20200330,    0,    0
 22404,120742,20200331,    0,    0
 22404,120742,20200401,    0,    0
 22404,120742,20200402,    0,    0
 22404,120742,20200403,    0,    0
 22404,120742,20200404,    0,    0
 22404,120742,20200405,    0,    0
 22404,120742,20200406,    0,    0
 22404,120742,20200407,    0,    0
 22404,120742,20200408,    0,    0
 22404,120742,20200409,    0,    0
 22404,120742,20200410,    0,    0
 22404,120742,20200411,    0,    0
 22404,120742,20200412,    3,    0
 22404,120742,20200413,    3,    0
 22404,120742,20200414,    0,    0
 22404,120742,20200415,    0,    0
 22404,120742,20200416,    0,    0
 22404,120742,20200417,    0,    0
 22404,120742,20200418,    0,    0
 22404,120742,20200419,    0,    0
 22404,120742,20200420,    0,    0
 22404,120742,20200421,    0,    0
 22404,120742,20200422,    0,    0
 22404,120742,20200423,    0,    0
 22404,120742,20200424,    0,    0
 22404,120742,20200425,    0,    0
 22404,120742,20200426,    1,    0
 22404,120742,20200427,    9,    0
 22404,120742,20200428,  111,    0
 22404,120742,20200429,    4,    0
 22404,120742,20200430,   10,    0
 22404,120742,20200501,   27,    0
 22404,120742,20200502,   56,    0
 22404,120742,20200503,    0,    0
 22404,120742,20200504,    0,    0
 22404,120742,20200505,   10,    0
 22404,120742,20200506,    0,    0
 22404,120742,20200507,    0,    0
 22404,120742,20200508,    0,    0
 22404,120742,20200509,    9,    0
 22404,120742,20200510,   28,    0
 22404,120742,20200511,  134,    0
 22404,120742,20200512,    0,    0
 22404,120742,20200513,  208,    0
 22404,120742,20200514,    0,    0
 22404,120742,20200515,    0,    0
 22404,120742,20200516,    0,    0
 22404,120742,20200517,    0,    0
 22404,120742,20200518,    0,    0
 22404,120742,20200519,    0,    0
 22404,120742,20200520,    0,    0
 22404,120742,20200521,    0,    0
 22404,120742,20200522,   35,    0
 22404,120742,20200523,  201,    0
 22404,120742,20200524,    0,    0
 22404,120742,20200525,    0,    0
 22404,120742,20200526,    0,    0
 22404,120742,20200527,    0,    0
 22404,120742,20200528,    0,    0
 22404,120742,20200529,    0,    0
 22404,120742,20200530,    0,    0
 22404,120742,20200531,    0,    0
 22404,120742,20200601,    0,    0
 22404,120742,20200602,    0,    0
 22404,120742,20200603,  169,    0
 22404,120742,20200604,   88,    0
 22404,120742,20200605,   68,    0
 22404,120742,20200606,   69,    0
 22404,120742,20200607,   29,    0
 22404,120742,20200608,   13,    0
 22404,120742,20200609,   19,    0
 22404,120742,20200610,    4,    0
 22404,120742,20200611,    0,    0
 22404,120742,20200612,    0,    0
 22404,120742,20200613,   19,    0
 22404,120742,20200614,    3,    0
 22404,120742,20200615,   11,    0
 22404,120742,20200616,   58,    0
 22404,120742,20200617,   71,    0
 22404,120742,20200618,    0,    0
 22404,120742,20200619,   13,    0
 22404,120742,20200620,    0,    0
 22404,120742,20200621,    0,    0
 22404,120742,20200622,    0,    0
 22404,120742,20200623,    0,    0
 22404,120742,20200624,    0,    0
 22404,120742,20200625,    0,    0
 22404,120742,20200626,   19,    0
 22404,120742,20200627,   77,    0
 22404,120742,20200628,   30,    0
 22404,120742,20200629,   10,    0
 22404,120742,20200630,    0,    0
 22404,120742,20200701,   64,    0
 22404,120742,20200702,    6,    0
 22404,120742,20200703,    0,    0
 22404,120742,20200704,    0,    0
 22404,120742,20200705,    0,    0
 22404,120742,20200706,    1,    0
 22404,120742,20200707,    0,    0
 22404,120742,20200708,    0,    0
 22404,120742,20200709,    0,    0
 22404,120742,20200710,    6,    0
 22404,120742,20200711,    0,    0
 22404,120742,20200712,    0,    0
 22404,120742,20200713,    0,    0
 22404,120742,20200714,    1,    0
 22404,120742,20200715,   37,    0
 22404,120742,20200716,   42,    0
 22404,120742,20200717,   10,    0
 22404,120742,20200718,    0,    0
 22404,120742,20200719,    0,    0
 22404,120742,20200720,    0,    0
 22404,120742,20200721,    0,    0
 22404,120742,20200722,    0,    0
 22404,120742,20200723,    0,    0
 22404,120742,20200724,   28,    0
 22404,120742,20200725,   26,    0
 22404,120742,20200726,    5,    0
 22404,120742,20200727,    0,    0
 22404,120742,20200728,    0,    0
 22404,120742,20200729,    0,    0
 22404,120742,20200730,    0,    0
 22404,120742,20200731,    0,    0
 22404,120742,20200801,   46,    0
 22404,120742,20200802,  157,    0
 22404,120742,20200803,  189,    0
 22404,120742,20200804,    0,    0
 22404,120742,20200805,    0,    0
 22404,120742,20200806,    0,    0
 22404,120742,20200807,    0,    0
 22404,120742,20200808,    0,    0
 22404,120742,20200809,    0,    0
 22404,120742,20200810,    0,    0
 22404,120742,20200811,    7,    0
 22404,120742,20200812,    0,    0
 22404,120742,20200813,   62,    0
 22404,120742,20200814,    6,    0
 22404,120742,20200815,    0,    0
 22404,120742,20200816,  118,    0
 22404,120742,20200817,   52,    0
 22404,120742,20200818,    3,    0
 22404,120742,20200819,    0,    0
 22404,120742,20200820,    0,    0
 22404,120742,20200821,    0,    0
 22404,120742,20200822,   75,    0
 22404,120742,20200823,    0,    0
 22404,120742,20200824,    0,    0
 22404,120742,20200825,    0,    0
 22404,120742,20200826,    0,    0
 22404,120742,20200827,    0,    0
 22404,120742,20200828,  110,    0
 22404,120742,20200829,   12,    0
 22404,120742,20200830,  312,    0
 22404,120742,20200831,    0,    0
 22404,120742,20200901,   12,    0
 22404,120742,20200902,    0,    0
 22404,120742,20200903,    0,    0
 22404,120742,20200904,    0,    0
 22404,120742,20200905,    0,    0
 22404,120742,20200906,    0,    0
 22404,120742,20200907,    0,    0
 22404,120742,20200908,    0,    0
 22404,120742,20200909,    0,    0
 22404,120742,20200910,    0,    0
 22404,120742,20200911,    0,    0
 22404,120742,20200912,    0,    0
 22404,120742,20200913,    0,    0
 22404,120742,20200914,    0,    0
 22404,120742,20200915,    0,    0
 22404,120742,20200916,    0,    0
 22404,120742,20200917,    0,    0
 22404,120742,20200918,    0,    0
 22404,120742,20200919,    0,    0
 22404,120742,20200920,    0,    0
 22404,120742,20200921,    0,    0
 22404,120742,20200922,    4,    0
 22404,120742,20200923,    4,    0
 22404,120742,20200924,   82,    0
 22404,120742,20200925,   54,    0
 22404,120742,20200926,   14,    0
 22404,120742,20200927,    2,    0
 22404,120742,20200928,    0,    0
 22404,120742,20200929,    0,    0
 22404,120742,20200930,    0,    0
 22404,120742,20201001,    7,    0
 22404,120742,20201002,    0,    0
 22404,120742,20201003,   93,    0
 22404,120742,20201004,   34,    0
 22404,120742,20201005,   20,    0
 22404,120742,20201006,  142,    0
 22404,120742,20201007,   70,    0
 22404,120742,20201008,    0,    0
 22404,120742,20201009,   29,    0
 22404,120742,20201010,   15,    0
 22404,120742,20201011,   15,    0
 22404,120742,20201012,    3,    0
 22404,120742,20201013,    0,    0
 22404,120742,20201014,    3,    0
 22404,120742,20201015,   35,    0
 22404,120742,20201016,   42,    0
 22404,120742,20201017,    3,    0
 22404,120742,20201018,    0,    0
 22404,120742,20201019,    0,    0
 22404,120742,20201020,    0,    0
 22404,120742,20201021,    0,    0
 22404,120742,20201022,   63,    0
 22404,120742,20201023,  119,    0
 22404,120742,20201024,    0,    0
 22404,120742,20201025,   28,    0
 22404,120742,20201026,  130,    0
 22404,120742,20201027,    8,    0
 22404,120742,20201028,   45,    0
 22404,120742,20201029,   32,    0
 22404,120742,20201030,    2,    0
 22404,120742,20201031,    0,    0
 22404,120742,20201101,   12,    0
 22404,120742,20201102,    5,    0
 22404,120742,20201103,   63,    0
 22404,120742,20201104,    5,    0
 22404,120742,20201105,    0,    0
 22404,120742,20201106,    0,    0
 22404,120742,20201107,    0,    0
 22404,120742,20201108,    0,    0
 22404,120742,20201109,    0,    0
 22404,120742,20201110,    0,    0
 22404,120742,20201111,    0,    0
 22404,120742,20201112,    9,    0
 22404,120742,20201113,    0,    0
 22404,120742,20201114,    0,    0
 22404,120742,20201115,   13,    0
 22404,120742,20201116,    0,    0
 22404,120742,20201117,    0,    0
 22404,120742,20201118,    0,    0
 22404,120742,20201119,   78,    0
 22404,120742,20201120,    0,    0
 22404,120742,20201121,    0,    0
 22404,120742,20201122,    0,    0
 22404,120742,20201123,    0,    0
 22404,120742,20201124,    0,    0
 22404,120742,20201125,    0,    0
 22404,120742,20201126,    0,    0
 22404,120742,20201127,    0,    0
 22404,120742,20201128,    0,    0
 22404,120742,20201129,    0,    0
 22404,120742,20201130,   18,    0
 22404,120742,20201201,   30,    0
 22404,120742,20201202,    0,    0
 22404,120742,20201203,    0,    0
 22404,120742,20201204,   44,    0
 22404,120742,20201205,   45,    0
 22404,120742,20201206,   88,    0
 22404,120742,20201207,    1,    0
 22404,120742,20201208,   25,    0
 22404,120742,20201209,   50,    0
 22404,120742,20201210,    0,    0
 22404,120742,20201211,   17,    0
 22404,120742,20201212,   22,    0
 22404,120742,20201213,    0,    0
 22404,120742,20201214,    3,    0
 22404,120742,20201215,   33,    0
 22404,120742,20201216,    0,    0
 22404,120742,20201217,    0,    0
 22404,120742,20201218,    0,    0
 22404,120742,20201219,    0,    0
 22404,120742,20201220,    7,    0
 22404,120742,20201221,   19,    0
 22404,120742,20201222,   20,    0
 22404,120742,20201223,   29,    0
 22404,120742,20201224,   32,    0
 22404,120742,20201225,   19,    0
 22404,120742,20201226,    0,    0
 22404,120742,20201227,   35,    0
 22404,120742,20201228,   65,    0
 22404,120742,20201229,    6,    0
 22404,120742,20201230,    3,    0
 22404,120742,20201231,   17,    0
 22404,120742,20210101,    0,    0
 22404,120742,20210102,   14,    0
 22404,120742,20210103,    0,    0
 22404,120742,20210104,    0,    0
 22404,120742,20210105,   22,    0
 22404,120742,20210106,   45,    0
 22404,120742,20210107,    6,    0
 22404,120742,20210108,    0,    0
 22404,120742,20210109,    0,    0
 22404,120742,20210110,    0,    0
 22404,120742,20210111,    0,    0
 22404,120742,20210112,   60,    0
 22404,120742,20210113,  148,    0
 22404,120742,20210114,  164,    0
 22404,120742,20210115,    0,    0
 22404,120742,20210116,   34,    0
 22404,120742,20210117,    4,    0
 22404,120742,20210118,    0,    0
 22404,120742,20210119,    0,    0
 22404,120742,20210120,    0,    0
 22404,120742,20210121,   12,    0
 22404,120742,20210122,  100,    0
 22404,120742,20210123,   30,    0
 22404,120742,20210124,   29,    0
 22404,120742,20210125,   18,    0
 22404,120742,20210126,    0,    0
 22404,120742,20210127,   27,    0
 22404,120742,20210128,  128,    0
 22404,120742,20210129,   55,    0
 22404,120742,20210130,   37,    0
 22404,120742,20210131,   38,    0
 22404,120742,20210201,   29,    0
 22404,120742,20210202,  118,    0
 22404,120742,20210203,   37,    0
 22404,120742,20210204,    0,    0
 22404,120742,20210205,    5,    0
 22404,120742,20210206,    2,    0
 22404,120742,20210207,   79,    0
 22404,120742,20210208,   18,    0
 22404,120742,20210209,   28,    0
 22404,120742,20210210,   30,    0
 22404,120742,20210211,    0,    0
 22404,120742,20210212,    0,    0
 22404,120742,20210213,    0,    0
 22404,120742,20210214,    0,    0
 22404,120742,20210215,    2,    0
 22404,120742,20210216,   12,    0
 22404,120742,20210217,    0,    0
 22404,120742,20210218,    9,    0
 22404,120742,20210219,    0,    0
 22404,120742,20210220,    0,    0
 22404,120742,20210221,    0,    0
 22404,120742,20210222,    0,    0
 22404,120742,20210223,    0,    0
 22404,120742,20210224,    0,    0
 22404,120742,20210225,    0,    0
 22404,120742,20210226,    0,    0
 22404,120742,20210227,    0,    0
 22404,120742,20210228,    0,    0
 22404,120742,20210301,    0,    0
 22404,120742,20210302,    0,    0
 22404,120742,20210303,    0,    0
 22404,120742,20210304,   39,    0
 22404,120742,20210305,    1,    0
 22404,120742,20210306,    0,    0
 22404,120742,20210307,    0,    0
 22404,120742,20210308,    0,    0
 22404,120742,20210309,    1,    0
 22404,120742,20210310,    0,    0
 22404,120742,20210311,  172,    0
 22404,120742,20210312,    4,    0
 22404,120742,20210313,  153,    0
 22404,120742,20210314,   48,    0
 22404,120742,20210315,   19,    0
 22404,120742,20210316,   34,    0
 22404,120742,20210317,    3,    0
 22404,120742,20210318,    0,    0
 22404,120742,20210319,   12,    0
 22404,120742,20210320,    0,    0
 22404,120742,20210321,    0,    0
 22404,120742,20210322,    0,    0
 22404,120742,20210323,    0,    0
 22404,120742,20210324,    0,    0
 22404,120742,20210325,    0,    0
 22404,120742,20210326,   50,    0
 22404,120742,20210327,    0,    0
 22404,120742,20210328,    0,    0
 22404,120742,20210329,    0,    0
 22404,120742,20210330,    0,    0
 22404,120742,20210331,    0,    0
 22404,120742,20210401,    0,    0
 22404,120742,20210402,    0,    0
 22404,120742,20210403,    0,    0
 22404,120742,20210404,    0,    0
 22404,120742,20210405,   46,    0
 22404,120742,20210406,   15,    0
 22404,120742,20210407,    0,    0
 22404,120742,20210408,    0,    0
 22404,120742,20210409,    0,    0
 22404,120742,20210410,    0,    0
 22404,120742,20210411,  118,    0
 22404,120742,20210412,   16,    0
 22404,120742,20210413,    0,    0
 22404,120742,20210414,    0,    0
 22404,120742,20210415,    0,    0
 22404,120742,20210416,    0,    0
 22404,120742,20210417,    0,    0
 22404,120742,20210418,    2,    0
 22404,120742,20210419,    5,    0
 22404,120742,20210420,    0,    0
 22404,120742,20210421,    3,    0
 22404,120742,20210422,    0,    0
 22404,120742,20210423,    0,    0
 22404,120742,20210424,    0,    0
 22404,120742,20210425,    0,    0
 22404,120742,20210426,    0,    0
 22404,120742,20210427,    0,    0
 22404,120742,20210428,   35,    0
 22404,120742,20210429,    3,    0
 22404,120742,20210430,  174,    0
 22404,120742,20210501,  168,    0
 22404,120742,20210502,   22,    0
 22404,120742,20210503,    0,    0
 22404,120742,20210504,   78,    0
 22404,120742,20210505,   16,    0
 22404,120742,20210506,  212,    0
 22404,120742,20210507,   38,    0
 22404,120742,20210508,    0,    0
 22404,120742,20210509,    0,    0
 22404,120742,20210510,    0,    0
 22404,120742,20210511,   62,    0
 22404,120742,20210512,    2,    0
 22404,120742,20210513,   20,    0
 22404,120742,20210514,   16,    0
 22404,120742,20210515,   52,    0
 22404,120742,20210516,   77,    0
 22404,120742,20210517,   25,    0
 22404,120742,20210518,   94,    0
 22404,120742,20210519,   12,    0
 22404,120742,20210520,   34,    0
 22404,120742,20210521,  110,    0
 22404,120742,20210522,    0,    0
 22404,120742,20210523,    0,    0
 22404,120742,20210524,   32,    0
 22404,120742,20210525,    9,    0
 22404,120742,20210526,   34,    0
 22404,120742,20210527,    3,    0
 22404,120742,20210528,    0,    0
 22404,120742,20210529,    0,    0
 22404,120742,20210530,    0,    0
 22404,120742,20210531,    0,    0
 22404,120742,20210601,    0,    0
 22404,120742,20210602,    0,    0
 22404,120742,20210603,    2,    0
 22404,120742,20210604,   76,    0
 22404,120742,20210605,   34,    0
 22404,120742,20210606,   53,    0
 22404,120742,20210607,  117,    0
 22404,120742,20210608,    3,    0
 22404,120742,20210609,   27,    0
 22404,120742,20210610,   33,    0
 22404,120742,20210611,    0,    0
 22404,120742,20210612,    0,    0
 22404,120742,20210613,    0,    0
 22404,120742,20210614,    0,    0
 22404,120742,20210615,    0,    0
 22404,120742,20210616,    0,    0
 22404,120742,20210617,    0,    0
 22404,120742,20210618,  110,    0
 22404,120742,20210619,    0,    0
 22404,120742,20210620,  172,    0
 22404,120742,20210621,  183,    0
 22404,120742,20210622,   49,    0
 22404,120742,20210623,  124,    0
 22404,120742,20210624,  168,    0
 22404,120742,20210625,   12,    0
 22404,120742,20210626,    0,    0
 22404,120742,20210627,   60,    0
 22404,120742,20210628,  525,    0
 22404,120742,20210629,  149,    0
 22404,120742,20210630,   47,    0
 22404,120742,20210701,    0,    0
 22404,120742,20210702,    0,    0
 22404,120742,20210703,   23,    0
 22404,120742,20210704,   67,    0
 22404,120742,20210705,    7,    0
 22404,120742,20210706,  107,    0
 22404,120742,20210707,   78,    0
 22404,120742,20210708,   67,    0
 22404,120742,20210709,    2,    0
 22404,120742,20210710,   87,    0
 22404,120742,20210711,    3,    0
 22404,120742,20210712,  230,    0
 22404,120742,20210713,   97,    0
 22404,120742,20210714,  137,    0
 22404,120742,20210715,  130,    0
 22404,120742,20210716,   32,    0
 22404,120742,20210717,    8,    0
 22404,120742,20210718,    0,    0
 22404,120742,20210719,    0,    0
 22404,120742,20210720,    0,    0
 22404,120742,20210721,    0,    0
 22404,120742,20210722,    0,    0
 22404,120742,20210723,    0,    0
 22404,120742,20210724,   34,    0
 22404,120742,20210725,   64,    0
 22404,120742,20210726,  239,    0
 22404,120742,20210727,   10,    0
 22404,120742,20210728,   36,    0
 22404,120742,20210729,    0,    0
 22404,120742,20210730,   30,    0
 22404,120742,20210731,  149,    0
 22404,120742,20210801,  219,    0
 22404,120742,20210802,    3,    0
 22404,120742,20210803,   20,    0
 22404,120742,20210804,   13,    0
 22404,120742,20210805,   77,    0
 22404,120742,20210806,    2,    0
 22404,120742,20210807,  101,    0
 22404,120742,20210808,    0,    0
 22404,120742,20210809,    0,    0
 22404,120742,20210810,    0,    0
 22404,120742,20210811,    0,    0
 22404,120742,20210812,    0,    0
 22404,120742,20210813,    0,    0
 22404,120742,20210814,    0,    0
 22404,120742,20210815,  186,    0
 22404,120742,20210816,   23,    0
 22404,120742,20210817,    3,    0
 22404,120742,20210818,    0,    0
 22404,120742,20210819,    0,    0
 22404,120742,20210820,    0,    0
 22404,120742,20210821,    7,    0
 22404,120742,20210822,   19,    0
 22404,120742,20210823,    0,    0
 22404,120742,20210824,    0,    0
 22404,120742,20210825,    0,    0
 22404,120742,20210826,    0,    0
 22404,120742,20210827,   12,    0
 22404,120742,20210828,   26,    0
 22404,120742,20210829,   78,    0
 22404,120742,20210830,   65,    0
 22404,120742,20210831,    3,    0
 22404,120742,20210901,    0,    0
 22404,120742,20210902,    0,    0
 22404,120742,20210903,    0,    0
 22404,120742,20210904,    0,    0
 22404,120742,20210905,   20,    0
 22404,120742,20210906,    0,    0
 22404,120742,20210907,    0,    0
 22404,120742,20210908,    0,    0
 22404,120742,20210909,    7,    0
 22404,120742,20210910,   64,    0
 22404,120742,20210911,   27,    0
 22404,120742,20210912,    0,    0
 22404,120742,20210913,    0,    0
 22404,120742,20210914,   17,    0
 22404,120742,20210915,   30,    0
 22404,120742,20210916,   58,    0
 22404,120742,20210917,    0,    0
 22404,120742,20210918,    0,    0
 22404,120742,20210919,  199,    0
 22404,120742,20210920,    7,    0
 22404,120742,20210921,    0,    0
 22404,120742,20210922,    0,    0
 22404,120742,20210923,    0,    0
 22404,120742,20210924,    0,    0
 22404,120742,20210925,    9,    0
 22404,120742,20210926,  144,    0
 22404,120742,20210927,   22,    0
 22404,120742,20210928,    0,    0
 22404,120742,20210929,   13,    0
 22404,120742,20210930,    0,    0
 22404,120742,20211001,    0,    0
 22404,120742,20211002,    0,    0
 22404,120742,20211003,    9,    0
 22404,120742,20211004,  110,    0
 22404,120742,20211005,    9,    0
 22404,120742,20211006,   31,    0
 22404,120742,20211007,    0,    0
 22404,120742,20211008,    0,    0
 22404,120742,20211009,    0,    0
 22404,120742,20211010,    0,    0
 22404,120742,20211011,    0,    0
 22404,120742,20211012,   59,    0
 22404,120742,20211013,    0,    0
 22404,120742,20211014,    0,    0
 22404,120742,20211015,    0,    0
 22404,120742,20211016,    0,    0
 22404,120742,20211017,    0,    0
 22404,120742,20211018,    0,    0
 22404,120742,20211019,    8,    0
 22404,120742,20211020,   61,    0
 22404,120742,20211021,   36,    0
 22404,120742,20211022,    0,    0
 22404,120742,20211023,    0,    0
 22404,120742,20211024,    0,    0
 22404,120742,20211025,    4,    0
 22404,120742,20211026,    6,    0
 22404,120742,20211027,    0,    0
 22404,120742,20211028,    0,    0
 22404,120742,20211029,    0,    0
 22404,120742,20211030,   19,    0
 22404,120742,20211031,   67,    0
 22404,120742,20211101,   27,    0
 22404,120742,20211102,    9,    0
 22404,120742,20211103,   14,    0
 22404,120742,20211104,    0,    0
 22404,120742,20211105,    2,    0
 22404,120742,20211106,    0,    0
 22404,120742,20211107,    5,    0
 22404,120742,20211108,    0,    0
 22404,120742,20211109,    0,    0
 22404,120742,20211110,    0,    0
 22404,120742,20211111,    0,    0
 22404,120742,20211112,    0,    0
 22404,120742,20211113,    9,    0
 22404,120742,20211114,    4,    0
 22404,120742,20211115,    2,    0
 22404,120742,20211116,    3,    0
 22404,120742,20211117,    0,    0
 22404,120742,20211118,    0,    0
 22404,120742,20211119,    0,    0
 22404,120742,20211120,    0,    0
 22404,120742,20211121,   15,    0
 22404,120742,20211122,   18,    0
 22404,120742,20211123,    0,    0
 22404,120742,20211124,    0,    0
 22404,120742,20211125,    5,    0
 22404,120742,20211126,    2,    0
 22404,120742,20211127,   22,    0
 22404,120742,20211128,   20,    0
 22404,120742,20211129,   22,    0
 22404,120742,20211130,    7,    0
 22404,120742,20211201,   52,    0
 22404,120742,20211202,   28,    0
 22404,120742,20211203,   35,    0
 22404,120742,20211204,  152,    0
 22404,120742,20211205,    5,    0
 22404,120742,20211206,    7,    0
 22404,120742,20211207,   39,    0
 22404,120742,20211208,   34,    0
 22404,120742,20211209,    3,    0
 22404,120742,20211210,   25,    0
 22404,120742,20211211,    9,    0
 22404,120742,20211212,    2,    0
 22404,120742,20211213,    5,    0
 22404,120742,20211214,    3,    0
 22404,120742,20211215,    4,    0
 22404,120742,20211216,    2,    0
 22404,120742,20211217,    0,    0
 22404,120742,20211218,    0,    0
 22404,120742,20211219,    0,    0
 22404,120742,20211220,    0,    0
 22404,120742,20211221,    0,    0
 22404,120742,20211222,    0,    0
 22404,120742,20211223,    2,    0
 22404,120742,20211224,   37,    0
 22404,120742,20211225,   18,    0
 22404,120742,20211226,   19,    0
 22404,120742,20211227,   49,    0
 22404,120742,20211228,   91,    0
 22404,120742,20211229,   19,    0
 22404,120742,20211230,    1,    0
 22404,120742,20211231,    0,    0
 22404,120742,20220101,    0,    0
 22404,120742,20220102,    0,    0
 22404,120742,20220103,   36,    0
 22404,120742,20220104,  162,    0
 22404,120742,20220105,    9,    0
 22404,120742,20220106,    5,    0
 22404,120742,20220107,   14,    0
 22404,120742,20220108,   92,    0
 22404,120742,20220109,   87,    0
 22404,120742,20220110,    0,    0
 22404,120742,20220111,    0,    0
 22404,120742,20220112,    0,    0
 22404,120742,20220113,    0,    0
 22404,120742,20220114,    0,    0
 22404,120742,20220115,    0,    0
 22404,120742,20220116,    0,    0
 22404,120742,20220117,   10,    0
 22404,120742,20220118,    0,    0
 22404,120742,20220119,    2,    0
 22404,120742,20220120,    2,    0
 22404,120742,20220121,    0,    0
 22404,120742,20220122,    0,    0
 22404,120742,20220123,    0,    0
 22404,120742,20220124,    0,    0
 22404,120742,20220125,    0,    0
 22404,120742,20220126,    0,    0
 22404,120742,20220127,    7,    0
 22404,120742,20220128,    0,    0
 22404,120742,20220129,    9,    0
 22404,120742,20220130,    0,    0
 22404,120742,20220131,   29,    0
 22404,120742,20220201,   10,    0
 22404,120742,20220202,   51,    0
 22404,120742,20220203,    0,    0
 22404,120742,20220204,   16,    0
 22404,120742,20220205,    0,    0
 22404,120742,20220206,  202,    0
 22404,120742,20220207,    1,    0
 22404,120742,20220208,    0,    0
 22404,120742,20220209,    0,    0
 22404,120742,20220210,   24,    0
 22404,120742,20220211,    8,    0
 22404,120742,20220212,    0,    0
 22404,120742,20220213,    0,    0
 22404,120742,20220214,    9,    0
 22404,120742,20220215,    2,    0
 22404,120742,20220216,   16,    0
 22404,120742,20220217,    0,    0
 22404,120742,20220218,    0,    0
 22404,120742,20220219,    0,    0
 22404,120742,20220220,   23,    0
 22404,120742,20220221,   66,    0
 22404,120742,20220222,   26,    0
 22404,120742,20220223,    8,    0
 22404,120742,20220224,   22,    0
 22404,120742,20220225,   16,    0
 22404,120742,20220226,    0,    0
 22404,120742,20220227,    0,    0
 22404,120742,20220228,    0,    0
 22404,120742,20220301,    0,    0
 22404,120742,20220302,    0,    0
 22404,120742,20220303,    0,    0
 22404,120742,20220304,    0,    0
 22404,120742,20220305,    0,    0
 22404,120742,20220306,    0,    0
 22404,120742,20220307,    0,    0
 22404,120742,20220308,    0,    0
 22404,120742,20220309,    0,    0
 22404,120742,20220310,    0,    0
 22404,120742,20220311,    0,    0
 22404,120742,20220312,    0,    0
 22404,120742,20220313,    3,    0
 22404,120742,20220314,    2,    0
 22404,120742,20220315,   12,    0
 22404,120742,20220316,    0,    0
 22404,120742,20220317,   25,    0
 22404,120742,20220318,    0,    0
 22404,120742,20220319,    0,    0
 22404,120742,20220320,    0,    0
 22404,120742,20220321,    0,    0
 22404,120742,20220322,    0,    0
 22404,120742,20220323,    0,    0
 22404,120742,20220324,    0,    0
 22404,120742,20220325,    0,    0
 22404,120742,20220326,    0,    0
 22404,120742,20220327,    0,    0
 22404,120742,20220328,    0,    0
 22404,120742,20220329,    5,    0
 22404,120742,20220330,   90,    0
 22404,120742,20220331,  153,    0
 22404,120742,20220401,   53,    0
 22404,120742,20220402,   29,    0
 22404,120742,20220403,   10,    0
 22404,120742,20220404,    0,    0
 22404,120742,20220405,    0,    0
 22404,120742,20220406,    6,    0
 22404,120742,20220407,  149,    0
 22404,120742,20220408,  129,    0
 22404,120742,20220409,    6,    0
 22404,120742,20220410,    2,    0
 22404,120742,20220411,    0,    0
 22404,120742,20220412,    0,    0
 22404,120742,20220413,    0,    0
 22404,120742,20220414,    0,    0
 22404,120742,20220415,    0,    0
 22404,120742,20220416,    0,    0
 22404,120742,20220417,    0,    0
 22404,120742,20220418,    0,    0
 22404,120742,20220419,    0,    0
 22404,120742,20220420,    0,    0
 22404,120742,20220421,    0,    0
 22404,120742,20220422,    0,    0
 22404,120742,20220423,   97,    0
 22404,120742,20220424,   59,    0
 22404,120742,20220425,   98,    0
 22404,120742,20220426,   19,    0
 22404,120742,20220427,    0,    0
 22404,120742,20220428,    0,    0
 22404,120742,20220429,   11,    0
 22404,120742,20220430,   96,    0
 22404,120742,20220501,    0,    0
 22404,120742,20220502,    0,    0
 22404,120742,20220503,    4,    0
 22404,120742,20220504,   20,    0
 22404,120742,20220505,   83,    0
 22404,120742,20220506,    2,    0
 22404,120742,20220507,    0,    0
 22404,120742,20220508,    0,    0
 22404,120742,20220509,    0,    0
 22404,120742,20220510,    0,    0
 22404,120742,20220511,    0,    0
 22404,120742,20220512,   25,    0
 22404,120742,20220513,   27,    0
 22404,120742,20220514,    0,    0
 22404,120742,20220515,    0,    0
 22404,120742,20220516,   18,    0
 22404,120742,20220517,    0,    0
 22404,120742,20220518,    0,    0
 22404,120742,20220519,   17,    0
 22404,120742,20220520,   75,    0
 22404,120742,20220521,    0,    0
 22404,120742,20220522,    1,    0
 22404,120742,20220523,   75,    0
 22404,120742,20220524,    7,    0
 22404,120742,20220525,    0,    0
 22404,120742,20220526,    0,    0
 22404,120742,20220527,    0,    0
 22404,120742,20220528,    0,    0
 22404,120742,20220529,    0,    0
 22404,120742,20220530,    0,    0
 22404,120742,20220531,    1,    0
 22404,120742,20220601,    3,    0
 22404,120742,20220602,   27,    0
 22404,120742,20220603,   28,    0
 22404,120742,20220604,   60,    0
 22404,120742,20220605,   83,    0
 22404,120742,20220606,   28,    0
 22404,120742,20220607,  166,    0
 22404,120742,20220608,   29,    0
 22404,120742,20220609,    0,    0
 22404,120742,20220610,    0,    0
 22404,120742,20220611,    0,    0
 22404,120742,20220612,   39,    0
 22404,120742,20220613,    0,    0
 22404,120742,20220614,    0,    0
 22404,120742,20220615,    8,    0
 22404,120742,20220616,    0,    0
 22404,120742,20220617,    0,    0
 22404,120742,20220618,    0,    0
 22404,120742,20220619,   10,    0
 22404,120742,20220620,   13,    0
 22404,120742,20220621,    6,    0
 22404,120742,20220622,   47,    0
 22404,120742,20220623,  237,    0
 22404,120742,20220624,   47,    0
 22404,120742,20220625,    6,    0
 22404,120742,20220626,   29,    0
 22404,120742,20220627,   66,    0
 22404,120742,20220628,    9,    0
 22404,120742,20220629,    0,    0
 22404,120742,20220630,  137,    0
 22404,120742,20220701,   52,    0
 22404,120742,20220702,    0,    0
 22404,120742,20220703,    7,    0
 22404,120742,20220704,    0,    0
 22404,120742,20220705,    0,    0
 22404,120742,20220706,    0,    0
 22404,120742,20220707,    0,    0
 22404,120742,20220708,    0,    0
 22404,120742,20220709,    0,    0
 22404,120742,20220710,    0,    0
 22404,120742,20220711,    0,    0
 22404,120742,20220712,    0,    0
 22404,120742,20220713,    0,    0
 22404,120742,20220714,    0,    0
 22404,120742,20220715,    0,    0
 22404,120742,20220716,    0,    0
 22404,120742,20220717,    0,    0
 22404,120742,20220718,    0,    0
 22404,120742,20220719,    0,    0
 22404,120742,20220720,   87,    0
 22404,120742,20220721,    0,    0
 22404,120742,20220722,   53,    0
 22404,120742,20220723,    0,    0
 22404,120742,20220724,    0,    0
 22404,120742,20220725,    0,    0
 22404,120742,20220726,    0,    0
 22404,120742,20220727,    0,    0
 22404,120742,20220728,  365,    0
 22404,120742,20220729,    0,    0
 22404,120742,20220730,    0,    0
 22404,120742,20220731,    0,    0
 22404,120742,20220801,   14,    0
 22404,120742,20220802,    0,    0
 22404,120742,20220803,    0,    0
 22404,120742,20220804,    0,    0
 22404,120742,20220805,   23,    0
 22404,120742,20220806,    0,    0
 22404,120742,20220807,    0,    0
 22404,120742,20220808,    0,    0
 22404,120742,20220809,    0,    0
 22404,120742,20220810,    0,    0
 22404,120742,20220811,    0,    0
 22404,120742,20220812,    0,    0
 22404,120742,20220813,    0,    0
 22404,120742,20220814,   17,    0
 22404,120742,20220815,    0,    0
 22404,120742,20220816,    0,    0
 22404,120742,20220817,  340,    0
 22404,120742,20220818,  224,    0
 22404,120742,20220819,    2,    0
 22404,120742,20220820,   17,    0
 22404,120742,20220821,    0,    0
 22404,120742,20220822,    0,    0
 22404,120742,20220823,    0,    0
 22404,120742,20220824,    0,    0
 22404,120742,20220825,    0,    0
 22404,120742,20220826,    5,    0
 22404,120742,20220827,   51,    0
 22404,120742,20220828,    0,    0
 22404,120742,20220829,    0,    0
 22404,120742,20220830,  268,    0
 22404,120742,20220831,   34,    0
 22404,120742,20220901,    0,    0
 22404,120742,20220902,   34,    0
 22404,120742,20220903,   44,    0
 22404,120742,20220904,    0,    0
 22404,120742,20220905,    5,    0
 22404,120742,20220906,    5,    0
 22404,120742,20220907,  102,    0
 22404,120742,20220908,   10,    0
 22404,120742,20220909,   12,    0
 22404,120742,20220910,   25,    0
 22404,120742,20220911,    2,    0
 22404,120742,20220912,    0,    0
 22404,120742,20220913,   77,    0
 22404,120742,20220914,   48,    0
 22404,120742,20220915,   59,    0
 22404,120742,20220916,   37,    0
 22404,120742,20220917,   11,    0
 22404,120742,20220918,    2,    0
 22404,120742,20220919,    0,    0
 22404,120742,20220920,    0,    0
 22404,120742,20220921,    0,    0
 22404,120742,20220922,    0,    0
 22404,120742,20220923,    4,    0
 22404,120742,20220924,   15,    0
 22404,120742,20220925,   14,    0
 22404,120742,20220926,   59,    0
 22404,120742,20220927,   86,    0
 22404,120742,20220928,   70,    0
 22404,120742,20220929,   82,    0
 22404,120742,20220930,    0,    0
 22404,120742,20221001,    6,    0
 22404,120742,20221002,  108,    0
 22404,120742,20221003,    0,    0
 22404,120742,20221004,    0,    0
 22404,120742,20221005,    0,    0
 22404,120742,20221006,    0,    0
 22404,120742,20221007,    0,    0
 22404,120742,20221008,    0,    0
 22404,120742,20221009,    0,    0
 22404,120742,20221010,    0,    0
 22404,120742,20221011,    0,    0
 22404,120742,20221012,    0,    0
 22404,120742,20221013,    8,    0
 22404,120742,20221014,  126,    0
 22404,120742,20221015,    4,    0
 22404,120742,20221016,    0,    0
 22404,120742,20221017,    0,    0
 22404,120742,20221018,    0,    0
 22404,120742,20221019,    0,    0
 22404,120742,20221020,   50,    0
 22404,120742,20221021,  178,    0
 22404,120742,20221022,    3,    0
 22404,120742,20221023,   32,    0
 22404,120742,20221024,   69,    0
 22404,120742,20221025,   10,    0
 22404,120742,20221026,    0,    0
 22404,120742,20221027,    0,    0
 22404,120742,20221028,    0,    0
 22404,120742,20221029,    0,    0
 22404,120742,20221030,    0,    0
 22404,120742,20221031,-9999,    9
