EUROPEAN CLIMATE ASSESSMENT & DATASET (ECA&D), file created on: 16-11-2022
THESE DATA CAN BE USED FOR NON-COMMERCIAL RESEARCH AND EDUCATION PROVIDED THAT THE FOLLOWING SOURCE IS ACKNOWLEDGED: 

Klein Tank, A.M.G. and Coauthors, 2002. Daily dataset of 20th-century surface
air temperature and precipitation series for the European Climate Assessment.
Int. J. of Climatol., 22, 1441-1453.
Data and metadata available at http://www.ecad.eu

FILE FORMAT (MISSING VALUE CODE = -9999):

01-06 STAID: Station identifier
08-13 SOUID: Source identifier
15-22 DATE : Date YYYYMMDD
24-28 RR   : Precipitation amount in 0.1 mm
30-34 Q_RR : quality code for RR (0='valid'; 1='suspect'; 9='missing')

This is the blended series of station GOTHA, GERMANY (STAID: 22413)
Blended and updated with sources:120760 
See files sources.txt and stations.txt for more info.

STAID, SOUID,    DATE,   RR, Q_RR
 22413,120760,20201101,    4,    0
 22413,120760,20201102,    2,    0
 22413,120760,20201103,    0,    0
 22413,120760,20201104,    0,    0
 22413,120760,20201105,    0,    0
 22413,120760,20201106,    0,    0
 22413,120760,20201107,    0,    0
 22413,120760,20201108,    0,    0
 22413,120760,20201109,    0,    0
 22413,120760,20201110,    0,    0
 22413,120760,20201111,    0,    0
 22413,120760,20201112,    0,    0
 22413,120760,20201113,    0,    0
 22413,120760,20201114,    0,    0
 22413,120760,20201115,    0,    0
 22413,120760,20201116,    1,    0
 22413,120760,20201117,    0,    0
 22413,120760,20201118,    0,    0
 22413,120760,20201119,   29,    0
 22413,120760,20201120,    7,    0
 22413,120760,20201121,    0,    0
 22413,120760,20201122,   10,    0
 22413,120760,20201123,    0,    0
 22413,120760,20201124,    0,    0
 22413,120760,20201125,    0,    0
 22413,120760,20201126,    0,    0
 22413,120760,20201127,    0,    0
 22413,120760,20201128,    0,    0
 22413,120760,20201129,    0,    0
 22413,120760,20201130,    5,    0
 22413,120760,20201201,    0,    0
 22413,120760,20201202,    0,    0
 22413,120760,20201203,    0,    0
 22413,120760,20201204,    0,    0
 22413,120760,20201205,    3,    0
 22413,120760,20201206,    0,    0
 22413,120760,20201207,    0,    0
 22413,120760,20201208,    0,    0
 22413,120760,20201209,   20,    0
 22413,120760,20201210,    0,    0
 22413,120760,20201211,    1,    0
 22413,120760,20201212,    0,    0
 22413,120760,20201213,    0,    0
 22413,120760,20201214,    0,    0
 22413,120760,20201215,    0,    0
 22413,120760,20201216,    0,    0
 22413,120760,20201217,    0,    0
 22413,120760,20201218,    0,    0
 22413,120760,20201219,    0,    0
 22413,120760,20201220,    5,    0
 22413,120760,20201221,   14,    0
 22413,120760,20201222,   27,    0
 22413,120760,20201223,   35,    0
 22413,120760,20201224,    3,    0
 22413,120760,20201225,    0,    0
 22413,120760,20201226,    1,    0
 22413,120760,20201227,   14,    0
 22413,120760,20201228,    1,    0
 22413,120760,20201229,    5,    0
 22413,120760,20201230,    0,    0
 22413,120760,20201231,    2,    0
 22413,120760,20210101,    1,    0
 22413,120760,20210102,    5,    0
 22413,120760,20210103,   25,    0
 22413,120760,20210104,    5,    0
 22413,120760,20210105,   15,    0
 22413,120760,20210106,    0,    0
 22413,120760,20210107,    1,    0
 22413,120760,20210108,    5,    0
 22413,120760,20210109,    0,    0
 22413,120760,20210110,    0,    0
 22413,120760,20210111,    2,    0
 22413,120760,20210112,    5,    0
 22413,120760,20210113,    4,    0
 22413,120760,20210114,    0,    0
 22413,120760,20210115,    1,    0
 22413,120760,20210116,    0,    0
 22413,120760,20210117,    2,    0
 22413,120760,20210118,    3,    0
 22413,120760,20210119,    9,    0
 22413,120760,20210120,    0,    0
 22413,120760,20210121,    5,    0
 22413,120760,20210122,   57,    0
 22413,120760,20210123,    4,    0
 22413,120760,20210124,    4,    0
 22413,120760,20210125,    5,    0
 22413,120760,20210126,    1,    0
 22413,120760,20210127,    0,    0
 22413,120760,20210128,   77,    0
 22413,120760,20210129,   94,    0
 22413,120760,20210130,    0,    0
 22413,120760,20210131,    1,    0
 22413,120760,20210201,    6,    0
 22413,120760,20210202,   11,    0
 22413,120760,20210203,  129,    0
 22413,120760,20210204,    2,    0
 22413,120760,20210205,   28,    0
 22413,120760,20210206,  183,    0
 22413,120760,20210207,  165,    0
 22413,120760,20210208,    8,    0
 22413,120760,20210209,    0,    0
 22413,120760,20210210,    0,    0
 22413,120760,20210211,    0,    0
 22413,120760,20210212,    0,    0
 22413,120760,20210213,    0,    0
 22413,120760,20210214,    0,    0
 22413,120760,20210215,    2,    0
 22413,120760,20210216,   11,    0
 22413,120760,20210217,    1,    0
 22413,120760,20210218,    2,    0
 22413,120760,20210219,    0,    0
 22413,120760,20210220,    0,    0
 22413,120760,20210221,    0,    0
 22413,120760,20210222,    0,    0
 22413,120760,20210223,    0,    0
 22413,120760,20210224,    0,    0
 22413,120760,20210225,    0,    0
 22413,120760,20210226,   46,    0
 22413,120760,20210227,    0,    0
 22413,120760,20210228,    0,    0
 22413,120760,20210301,    0,    0
 22413,120760,20210302,    0,    0
 22413,120760,20210303,    0,    0
 22413,120760,20210304,   58,    0
 22413,120760,20210305,    1,    0
 22413,120760,20210306,    0,    0
 22413,120760,20210307,    0,    0
 22413,120760,20210308,    0,    0
 22413,120760,20210309,    9,    0
 22413,120760,20210310,    0,    0
 22413,120760,20210311,   11,    0
 22413,120760,20210312,   32,    0
 22413,120760,20210313,   61,    0
 22413,120760,20210314,   10,    0
 22413,120760,20210315,   27,    0
 22413,120760,20210316,    2,    0
 22413,120760,20210317,    7,    0
 22413,120760,20210318,   15,    0
 22413,120760,20210319,    9,    0
 22413,120760,20210320,    0,    0
 22413,120760,20210321,    2,    0
 22413,120760,20210322,    0,    0
 22413,120760,20210323,    0,    0
 22413,120760,20210324,    0,    0
 22413,120760,20210325,    0,    0
 22413,120760,20210326,    1,    0
 22413,120760,20210327,   64,    0
 22413,120760,20210328,    0,    0
 22413,120760,20210329,    0,    0
 22413,120760,20210330,    0,    0
 22413,120760,20210331,    0,    0
 22413,120760,20210401,    0,    0
 22413,120760,20210402,    0,    0
 22413,120760,20210403,    0,    0
 22413,120760,20210404,    0,    0
 22413,120760,20210405,   28,    0
 22413,120760,20210406,   12,    0
 22413,120760,20210407,    8,    0
 22413,120760,20210408,    1,    0
 22413,120760,20210409,   48,    0
 22413,120760,20210410,   17,    0
 22413,120760,20210411,  109,    0
 22413,120760,20210412,    0,    0
 22413,120760,20210413,    5,    0
 22413,120760,20210414,   23,    0
 22413,120760,20210415,    4,    0
 22413,120760,20210416,    0,    0
 22413,120760,20210417,   13,    0
 22413,120760,20210418,   23,    0
 22413,120760,20210419,    4,    0
 22413,120760,20210420,   37,    0
 22413,120760,20210421,    0,    0
 22413,120760,20210422,    0,    0
 22413,120760,20210423,    0,    0
 22413,120760,20210424,    0,    0
 22413,120760,20210425,    0,    0
 22413,120760,20210426,    0,    0
 22413,120760,20210427,    0,    0
 22413,120760,20210428,    2,    0
 22413,120760,20210429,    1,    0
 22413,120760,20210430,    0,    0
 22413,120760,20210501,   80,    0
 22413,120760,20210502,    0,    0
 22413,120760,20210503,    0,    0
 22413,120760,20210504,   11,    0
 22413,120760,20210505,   11,    0
 22413,120760,20210506,   38,    0
 22413,120760,20210507,    4,    0
 22413,120760,20210508,    0,    0
 22413,120760,20210509,    0,    0
 22413,120760,20210510,    0,    0
 22413,120760,20210511,   32,    0
 22413,120760,20210512,   93,    0
 22413,120760,20210513,   12,    0
 22413,120760,20210514,    1,    0
 22413,120760,20210515,   28,    0
 22413,120760,20210516,   11,    0
 22413,120760,20210517,    9,    0
 22413,120760,20210518,   54,    0
 22413,120760,20210519,   34,    0
 22413,120760,20210520,    0,    0
 22413,120760,20210521,   16,    0
 22413,120760,20210522,    3,    0
 22413,120760,20210523,    0,    0
 22413,120760,20210524,    4,    0
 22413,120760,20210525,   19,    0
 22413,120760,20210526,  107,    0
 22413,120760,20210527,   76,    0
 22413,120760,20210528,    0,    0
 22413,120760,20210529,   14,    0
 22413,120760,20210530,    0,    0
 22413,120760,20210531,    0,    0
 22413,120760,20210601,    0,    0
 22413,120760,20210602,    0,    0
 22413,120760,20210603,    0,    0
 22413,120760,20210604,   35,    0
 22413,120760,20210605,   93,    0
 22413,120760,20210606,   96,    0
 22413,120760,20210607,    1,    0
 22413,120760,20210608,   19,    0
 22413,120760,20210609,    4,    0
 22413,120760,20210610,   50,    0
 22413,120760,20210611,    1,    0
 22413,120760,20210612,    0,    0
 22413,120760,20210613,    0,    0
 22413,120760,20210614,    0,    0
 22413,120760,20210615,    0,    0
 22413,120760,20210616,    0,    0
 22413,120760,20210617,    0,    0
 22413,120760,20210618,    0,    0
 22413,120760,20210619,    4,    0
 22413,120760,20210620,  219,    0
 22413,120760,20210621,    0,    0
 22413,120760,20210622,    0,    0
 22413,120760,20210623,    0,    0
 22413,120760,20210624,   27,    0
 22413,120760,20210625,    0,    0
 22413,120760,20210626,    0,    0
 22413,120760,20210627,    0,    0
 22413,120760,20210628,   63,    0
 22413,120760,20210629,    1,    0
 22413,120760,20210630,    1,    0
 22413,120760,20210701,   31,    0
 22413,120760,20210702,    0,    0
 22413,120760,20210703,    0,    0
 22413,120760,20210704,    2,    0
 22413,120760,20210705,    2,    0
 22413,120760,20210706,   39,    0
 22413,120760,20210707,    0,    0
 22413,120760,20210708,   25,    0
 22413,120760,20210709,  226,    0
 22413,120760,20210710,    1,    0
 22413,120760,20210711,    1,    0
 22413,120760,20210712,    0,    0
 22413,120760,20210713,  144,    0
 22413,120760,20210714,    0,    0
 22413,120760,20210715,    0,    0
 22413,120760,20210716,   20,    0
 22413,120760,20210717,    1,    0
 22413,120760,20210718,    0,    0
 22413,120760,20210719,    0,    0
 22413,120760,20210720,    0,    0
 22413,120760,20210721,    0,    0
 22413,120760,20210722,    0,    0
 22413,120760,20210723,    0,    0
 22413,120760,20210724,    0,    0
 22413,120760,20210725,   96,    0
 22413,120760,20210726,    3,    0
 22413,120760,20210727,   72,    0
 22413,120760,20210728,   19,    0
 22413,120760,20210729,    0,    0
 22413,120760,20210730,    0,    0
 22413,120760,20210731,    0,    0
 22413,120760,20210801,    1,    0
 22413,120760,20210802,   70,    0
 22413,120760,20210803,   26,    0
 22413,120760,20210804,    0,    0
 22413,120760,20210805,    8,    0
 22413,120760,20210806,    4,    0
 22413,120760,20210807,    0,    0
 22413,120760,20210808,   17,    0
 22413,120760,20210809,    4,    0
 22413,120760,20210810,   93,    0
 22413,120760,20210811,    0,    0
 22413,120760,20210812,    0,    0
 22413,120760,20210813,  148,    0
 22413,120760,20210814,    0,    0
 22413,120760,20210815,    0,    0
 22413,120760,20210816,   49,    0
 22413,120760,20210817,    0,    0
 22413,120760,20210818,    8,    0
 22413,120760,20210819,    1,    0
 22413,120760,20210820,    0,    0
 22413,120760,20210821,    2,    0
 22413,120760,20210822,   86,    0
 22413,120760,20210823,   18,    0
 22413,120760,20210824,    0,    0
 22413,120760,20210825,   19,    0
 22413,120760,20210826,   82,    0
 22413,120760,20210827,   45,    0
 22413,120760,20210828,  101,    0
 22413,120760,20210829,  209,    0
 22413,120760,20210830,  219,    0
 22413,120760,20210831,    0,    0
 22413,120760,20210901,    0,    0
 22413,120760,20210902,    0,    0
 22413,120760,20210903,    0,    0
 22413,120760,20210904,    0,    0
 22413,120760,20210905,    0,    0
 22413,120760,20210906,    0,    0
 22413,120760,20210907,    0,    0
 22413,120760,20210908,    0,    0
 22413,120760,20210909,    0,    0
 22413,120760,20210910,    2,    0
 22413,120760,20210911,   71,    0
 22413,120760,20210912,    0,    0
 22413,120760,20210913,    0,    0
 22413,120760,20210914,    0,    0
 22413,120760,20210915,   48,    0
 22413,120760,20210916,    1,    0
 22413,120760,20210917,    0,    0
 22413,120760,20210918,    0,    0
 22413,120760,20210919,    0,    0
 22413,120760,20210920,    0,    0
 22413,120760,20210921,    0,    0
 22413,120760,20210922,    0,    0
 22413,120760,20210923,    2,    0
 22413,120760,20210924,    0,    0
 22413,120760,20210925,    0,    0
 22413,120760,20210926,   61,    0
 22413,120760,20210927,   11,    0
 22413,120760,20210928,    0,    0
 22413,120760,20210929,   27,    0
 22413,120760,20210930,    0,    0
 22413,120760,20211001,    0,    0
 22413,120760,20211002,    0,    0
 22413,120760,20211003,    0,    0
 22413,120760,20211004,   56,    0
 22413,120760,20211005,   54,    0
 22413,120760,20211006,    0,    0
 22413,120760,20211007,    0,    0
 22413,120760,20211008,    0,    0
 22413,120760,20211009,    0,    0
 22413,120760,20211010,    0,    0
 22413,120760,20211011,    0,    0
 22413,120760,20211012,   19,    0
 22413,120760,20211013,   17,    0
 22413,120760,20211014,    1,    0
 22413,120760,20211015,    2,    0
 22413,120760,20211016,    0,    0
 22413,120760,20211017,    0,    0
 22413,120760,20211018,    0,    0
 22413,120760,20211019,    0,    0
 22413,120760,20211020,   24,    0
 22413,120760,20211021,   39,    0
 22413,120760,20211022,   18,    0
 22413,120760,20211023,    0,    0
 22413,120760,20211024,    0,    0
 22413,120760,20211025,    0,    0
 22413,120760,20211026,    0,    0
 22413,120760,20211027,    0,    0
 22413,120760,20211028,    0,    0
 22413,120760,20211029,    0,    0
 22413,120760,20211030,    0,    0
 22413,120760,20211031,    0,    0
 22413,120760,20211101,    9,    0
 22413,120760,20211102,    5,    0
 22413,120760,20211103,   56,    0
 22413,120760,20211104,  158,    0
 22413,120760,20211105,   15,    0
 22413,120760,20211106,    0,    0
 22413,120760,20211107,   20,    0
 22413,120760,20211108,    0,    0
 22413,120760,20211109,    0,    0
 22413,120760,20211110,    0,    0
 22413,120760,20211111,    0,    0
 22413,120760,20211112,    0,    0
 22413,120760,20211113,    0,    0
 22413,120760,20211114,    2,    0
 22413,120760,20211115,    2,    0
 22413,120760,20211116,    0,    0
 22413,120760,20211117,    0,    0
 22413,120760,20211118,    0,    0
 22413,120760,20211119,    0,    0
 22413,120760,20211120,    0,    0
 22413,120760,20211121,    1,    0
 22413,120760,20211122,    2,    0
 22413,120760,20211123,    0,    0
 22413,120760,20211124,    0,    0
 22413,120760,20211125,    0,    0
 22413,120760,20211126,    0,    0
 22413,120760,20211127,    0,    0
 22413,120760,20211128,    5,    0
 22413,120760,20211129,    2,    0
 22413,120760,20211130,   69,    0
 22413,120760,20211201,   25,    0
 22413,120760,20211202,   22,    0
 22413,120760,20211203,    0,    0
 22413,120760,20211204,    9,    0
 22413,120760,20211205,    0,    0
 22413,120760,20211206,    0,    0
 22413,120760,20211207,    0,    0
 22413,120760,20211208,   15,    0
 22413,120760,20211209,    0,    0
 22413,120760,20211210,    0,    0
 22413,120760,20211211,    0,    0
 22413,120760,20211212,    8,    0
 22413,120760,20211213,    0,    0
 22413,120760,20211214,    0,    0
 22413,120760,20211215,    0,    0
 22413,120760,20211216,    0,    0
 22413,120760,20211217,    0,    0
 22413,120760,20211218,    0,    0
 22413,120760,20211219,    0,    0
 22413,120760,20211220,    0,    0
 22413,120760,20211221,    0,    0
 22413,120760,20211222,    0,    0
 22413,120760,20211223,   18,    0
 22413,120760,20211224,   45,    0
 22413,120760,20211225,   13,    0
 22413,120760,20211226,   13,    0
 22413,120760,20211227,    7,    0
 22413,120760,20211228,   14,    0
 22413,120760,20211229,   11,    0
 22413,120760,20211230,    4,    0
 22413,120760,20211231,    0,    0
 22413,120760,20220101,    0,    0
 22413,120760,20220102,   58,    0
 22413,120760,20220103,  159,    0
 22413,120760,20220104,  197,    0
 22413,120760,20220105,   14,    0
 22413,120760,20220106,    0,    0
 22413,120760,20220107,    1,    0
 22413,120760,20220108,    0,    0
 22413,120760,20220109,   24,    0
 22413,120760,20220110,    2,    0
 22413,120760,20220111,    4,    0
 22413,120760,20220112,    0,    0
 22413,120760,20220113,    0,    0
 22413,120760,20220114,    0,    0
 22413,120760,20220115,    0,    0
 22413,120760,20220116,    1,    0
 22413,120760,20220117,   14,    0
 22413,120760,20220118,    0,    0
 22413,120760,20220119,    7,    0
 22413,120760,20220120,   25,    0
 22413,120760,20220121,    1,    0
 22413,120760,20220122,    8,    0
 22413,120760,20220123,    1,    0
 22413,120760,20220124,    0,    0
 22413,120760,20220125,    0,    0
 22413,120760,20220126,    0,    0
 22413,120760,20220127,   15,    0
 22413,120760,20220128,    0,    0
 22413,120760,20220129,   12,    0
 22413,120760,20220130,    0,    0
 22413,120760,20220131,   26,    0
 22413,120760,20220201,   55,    0
 22413,120760,20220202,    8,    0
 22413,120760,20220203,    0,    0
 22413,120760,20220204,   24,    0
 22413,120760,20220205,    1,    0
 22413,120760,20220206,   27,    0
 22413,120760,20220207,    2,    0
 22413,120760,20220208,    0,    0
 22413,120760,20220209,    0,    0
 22413,120760,20220210,   95,    0
 22413,120760,20220211,    2,    0
 22413,120760,20220212,    0,    0
 22413,120760,20220213,    0,    0
 22413,120760,20220214,    0,    0
 22413,120760,20220215,   24,    0
 22413,120760,20220216,   71,    0
 22413,120760,20220217,   38,    0
 22413,120760,20220218,   22,    0
 22413,120760,20220219,    6,    0
 22413,120760,20220220,   46,    0
 22413,120760,20220221,   47,    0
 22413,120760,20220222,    5,    0
 22413,120760,20220223,    0,    0
 22413,120760,20220224,   14,    0
 22413,120760,20220225,    5,    0
 22413,120760,20220226,    0,    0
 22413,120760,20220227,    0,    0
 22413,120760,20220228,    0,    0
 22413,120760,20220301,    0,    0
 22413,120760,20220302,    0,    0
 22413,120760,20220303,    0,    0
 22413,120760,20220304,    0,    0
 22413,120760,20220305,    0,    0
 22413,120760,20220306,    0,    0
 22413,120760,20220307,    0,    0
 22413,120760,20220308,    0,    0
 22413,120760,20220309,    0,    0
 22413,120760,20220310,    0,    0
 22413,120760,20220311,    0,    0
 22413,120760,20220312,    0,    0
 22413,120760,20220313,    0,    0
 22413,120760,20220314,   24,    0
 22413,120760,20220315,   60,    0
 22413,120760,20220316,    0,    0
 22413,120760,20220317,    3,    0
 22413,120760,20220318,    0,    0
 22413,120760,20220319,    0,    0
 22413,120760,20220320,    0,    0
 22413,120760,20220321,    0,    0
 22413,120760,20220322,    0,    0
 22413,120760,20220323,    0,    0
 22413,120760,20220324,    0,    0
 22413,120760,20220325,    0,    0
 22413,120760,20220326,    0,    0
 22413,120760,20220327,    0,    0
 22413,120760,20220328,    0,    0
 22413,120760,20220329,    4,    0
 22413,120760,20220330,   67,    0
 22413,120760,20220331,   67,    0
 22413,120760,20220401,   37,    0
 22413,120760,20220402,    0,    0
 22413,120760,20220403,    0,    0
 22413,120760,20220404,   10,    0
 22413,120760,20220405,   44,    0
 22413,120760,20220406,    1,    0
 22413,120760,20220407,   53,    0
 22413,120760,20220408,    0,    0
 22413,120760,20220409,    2,    0
 22413,120760,20220410,    0,    0
 22413,120760,20220411,    0,    0
 22413,120760,20220412,    0,    0
 22413,120760,20220413,    0,    0
 22413,120760,20220414,    3,    0
 22413,120760,20220415,    0,    0
 22413,120760,20220416,    0,    0
 22413,120760,20220417,    0,    0
 22413,120760,20220418,    0,    0
 22413,120760,20220419,    0,    0
 22413,120760,20220420,    0,    0
 22413,120760,20220421,    0,    0
 22413,120760,20220422,    8,    0
 22413,120760,20220423,    0,    0
 22413,120760,20220424,   54,    0
 22413,120760,20220425,   18,    0
 22413,120760,20220426,    0,    0
 22413,120760,20220427,    0,    0
 22413,120760,20220428,    0,    0
 22413,120760,20220429,    0,    0
 22413,120760,20220430,    0,    0
 22413,120760,20220501,    0,    0
 22413,120760,20220502,    0,    0
 22413,120760,20220503,    0,    0
 22413,120760,20220504,  117,    0
 22413,120760,20220505,    0,    0
 22413,120760,20220506,    0,    0
 22413,120760,20220507,    0,    0
 22413,120760,20220508,    0,    0
 22413,120760,20220509,    0,    0
 22413,120760,20220510,    0,    0
 22413,120760,20220511,    0,    0
 22413,120760,20220512,    0,    0
 22413,120760,20220513,    0,    0
 22413,120760,20220514,    0,    0
 22413,120760,20220515,    0,    0
 22413,120760,20220516,   60,    0
 22413,120760,20220517,    0,    0
 22413,120760,20220518,    0,    0
 22413,120760,20220519,   27,    0
 22413,120760,20220520,   41,    0
 22413,120760,20220521,    0,    0
 22413,120760,20220522,    0,    0
 22413,120760,20220523,   13,    0
 22413,120760,20220524,   15,    0
 22413,120760,20220525,    0,    0
 22413,120760,20220526,    2,    0
 22413,120760,20220527,    9,    0
 22413,120760,20220528,    0,    0
 22413,120760,20220529,    0,    0
 22413,120760,20220530,    0,    0
 22413,120760,20220531,   67,    0
 22413,120760,20220601,   16,    0
 22413,120760,20220602,    0,    0
 22413,120760,20220603,   17,    0
 22413,120760,20220604,    0,    0
 22413,120760,20220605,    2,    0
 22413,120760,20220606,   15,    0
 22413,120760,20220607,    0,    0
 22413,120760,20220608,    7,    0
 22413,120760,20220609,    3,    0
 22413,120760,20220610,    0,    0
 22413,120760,20220611,    0,    0
 22413,120760,20220612,    0,    0
 22413,120760,20220613,    0,    0
 22413,120760,20220614,    0,    0
 22413,120760,20220615,    0,    0
 22413,120760,20220616,    0,    0
 22413,120760,20220617,    0,    0
 22413,120760,20220618,    0,    0
 22413,120760,20220619,    0,    0
 22413,120760,20220620,   19,    0
 22413,120760,20220621,    0,    0
 22413,120760,20220622,    0,    0
 22413,120760,20220623,    0,    0
 22413,120760,20220624,    4,    0
 22413,120760,20220625,    0,    0
 22413,120760,20220626,    0,    0
 22413,120760,20220627,    2,    0
 22413,120760,20220628,    0,    0
 22413,120760,20220629,    0,    0
 22413,120760,20220630,    8,    0
 22413,120760,20220701,   82,    0
 22413,120760,20220702,    0,    0
 22413,120760,20220703,    0,    0
 22413,120760,20220704,    0,    0
 22413,120760,20220705,    0,    0
 22413,120760,20220706,   11,    0
 22413,120760,20220707,   72,    0
 22413,120760,20220708,   11,    0
 22413,120760,20220709,    0,    0
 22413,120760,20220710,    2,    0
 22413,120760,20220711,    1,    0
 22413,120760,20220712,    0,    0
 22413,120760,20220713,    0,    0
 22413,120760,20220714,    0,    0
 22413,120760,20220715,    0,    0
 22413,120760,20220716,    0,    0
 22413,120760,20220717,    0,    0
 22413,120760,20220718,    0,    0
 22413,120760,20220719,    0,    0
 22413,120760,20220720,   11,    0
 22413,120760,20220721,    0,    0
 22413,120760,20220722,   58,    0
 22413,120760,20220723,    0,    0
 22413,120760,20220724,    0,    0
 22413,120760,20220725,    3,    0
 22413,120760,20220726,    1,    0
 22413,120760,20220727,    0,    0
 22413,120760,20220728,    0,    0
 22413,120760,20220729,   33,    0
 22413,120760,20220730,   80,    0
 22413,120760,20220731,    0,    0
 22413,120760,20220801,    0,    0
 22413,120760,20220802,    0,    0
 22413,120760,20220803,    0,    0
 22413,120760,20220804,   14,    0
 22413,120760,20220805,    3,    0
 22413,120760,20220806,    0,    0
 22413,120760,20220807,    0,    0
 22413,120760,20220808,    0,    0
 22413,120760,20220809,    0,    0
 22413,120760,20220810,    0,    0
 22413,120760,20220811,    0,    0
 22413,120760,20220812,    0,    0
 22413,120760,20220813,    0,    0
 22413,120760,20220814,    0,    0
 22413,120760,20220815,    0,    0
 22413,120760,20220816,    0,    0
 22413,120760,20220817,    0,    0
 22413,120760,20220818,   26,    0
 22413,120760,20220819,    0,    0
 22413,120760,20220820,   77,    0
 22413,120760,20220821,    0,    0
 22413,120760,20220822,    0,    0
 22413,120760,20220823,    0,    0
 22413,120760,20220824,    0,    0
 22413,120760,20220825,    0,    0
 22413,120760,20220826,  119,    0
 22413,120760,20220827,    0,    0
 22413,120760,20220828,    0,    0
 22413,120760,20220829,    0,    0
 22413,120760,20220830,    0,    0
 22413,120760,20220831,    0,    0
 22413,120760,20220901,    0,    0
 22413,120760,20220902,    0,    0
 22413,120760,20220903,    8,    0
 22413,120760,20220904,    0,    0
 22413,120760,20220905,   84,    0
 22413,120760,20220906,   63,    0
 22413,120760,20220907,   46,    0
 22413,120760,20220908,   83,    0
 22413,120760,20220909,    0,    0
 22413,120760,20220910,    6,    0
 22413,120760,20220911,    0,    0
 22413,120760,20220912,    0,    0
 22413,120760,20220913,   28,    0
 22413,120760,20220914,  317,    0
 22413,120760,20220915,    9,    0
 22413,120760,20220916,   46,    0
 22413,120760,20220917,   39,    0
 22413,120760,20220918,   94,    0
 22413,120760,20220919,   46,    0
 22413,120760,20220920,   10,    0
 22413,120760,20220921,    0,    0
 22413,120760,20220922,    0,    0
 22413,120760,20220923,    0,    0
 22413,120760,20220924,    0,    0
 22413,120760,20220925,    0,    0
 22413,120760,20220926,    7,    0
 22413,120760,20220927,   39,    0
 22413,120760,20220928,   55,    0
 22413,120760,20220929,    0,    0
 22413,120760,20220930,    0,    0
 22413,120760,20221001,   24,    0
 22413,120760,20221002,    3,    0
 22413,120760,20221003,    0,    0
 22413,120760,20221004,    0,    0
 22413,120760,20221005,    0,    0
 22413,120760,20221006,    0,    0
 22413,120760,20221007,    0,    0
 22413,120760,20221008,    2,    0
 22413,120760,20221009,    0,    0
 22413,120760,20221010,    0,    0
 22413,120760,20221011,    0,    0
 22413,120760,20221012,    0,    0
 22413,120760,20221013,    0,    0
 22413,120760,20221014,    6,    0
 22413,120760,20221015,    0,    0
 22413,120760,20221016,    0,    0
 22413,120760,20221017,  189,    0
 22413,120760,20221018,  141,    0
 22413,120760,20221019,    0,    0
 22413,120760,20221020,   45,    0
 22413,120760,20221021,   87,    0
 22413,120760,20221022,    0,    0
 22413,120760,20221023,   50,    0
 22413,120760,20221024,    1,    0
 22413,120760,20221025,    0,    0
 22413,120760,20221026,    0,    0
 22413,120760,20221027,    0,    0
 22413,120760,20221028,    0,    0
 22413,120760,20221029,    0,    0
 22413,120760,20221030,    0,    0
 22413,120760,20221031,    0,    0
