EUROPEAN CLIMATE ASSESSMENT & DATASET (ECA&D), file created on: 16-11-2022
THESE DATA CAN BE USED FOR NON-COMMERCIAL RESEARCH AND EDUCATION PROVIDED THAT THE FOLLOWING SOURCE IS ACKNOWLEDGED: 

Klein Tank, A.M.G. and Coauthors, 2002. Daily dataset of 20th-century surface
air temperature and precipitation series for the European Climate Assessment.
Int. J. of Climatol., 22, 1441-1453.
Data and metadata available at http://www.ecad.eu

FILE FORMAT (MISSING VALUE CODE = -9999):

01-06 STAID: Station identifier
08-13 SOUID: Source identifier
15-22 DATE : Date YYYYMMDD
24-28 RR   : Precipitation amount in 0.1 mm
30-34 Q_RR : quality code for RR (0='valid'; 1='suspect'; 9='missing')

This is the blended series of station KOLASIN, MONTENEGRO (STAID: 11379)
Blended and updated with sources:75538 
See files sources.txt and stations.txt for more info.

STAID, SOUID,    DATE,   RR, Q_RR
 11379, 75538,20160701,    1,    0
 11379, 75538,20160702,   30,    0
 11379, 75538,20160703,    2,    0
 11379, 75538,20160704,    0,    0
 11379, 75538,20160705,    0,    0
 11379, 75538,20160706,   60,    0
 11379, 75538,20160707,    0,    0
 11379, 75538,20160708,    0,    0
 11379, 75538,20160709,    0,    0
 11379, 75538,20160710,    0,    0
 11379, 75538,20160711,    0,    0
 11379, 75538,20160712,    0,    0
 11379, 75538,20160713,    0,    0
 11379, 75538,20160714,    0,    0
 11379, 75538,20160715,  170,    0
 11379, 75538,20160716,  380,    0
 11379, 75538,20160717,    8,    0
 11379, 75538,20160718,    0,    0
 11379, 75538,20160719,    0,    0
 11379, 75538,20160720,    0,    0
 11379, 75538,20160721,    0,    0
 11379, 75538,20160722,    8,    0
 11379, 75538,20160723,    0,    0
 11379, 75538,20160724,   60,    0
 11379, 75538,20160725,    0,    0
 11379, 75538,20160726,   21,    0
 11379, 75538,20160727,    3,    0
 11379, 75538,20160728,    8,    0
 11379, 75538,20160729,    5,    0
 11379, 75538,20160730,    0,    0
 11379, 75538,20160731,    0,    0
 11379, 75538,20160801,    0,    0
 11379, 75538,20160802,    0,    0
 11379, 75538,20160803,    0,    0
 11379, 75538,20160804,    0,    0
 11379, 75538,20160805,    0,    0
 11379, 75538,20160806,    3,    0
 11379, 75538,20160807,  100,    0
 11379, 75538,20160808,   10,    0
 11379, 75538,20160809,    0,    0
 11379, 75538,20160810,    0,    0
 11379, 75538,20160811,  240,    0
 11379, 75538,20160812,    1,    0
 11379, 75538,20160813,    0,    0
 11379, 75538,20160814,    0,    0
 11379, 75538,20160815,    0,    0
 11379, 75538,20160816,    0,    0
 11379, 75538,20160817,    0,    0
 11379, 75538,20160818,    0,    0
 11379, 75538,20160819,    1,    0
 11379, 75538,20160820,    0,    0
 11379, 75538,20160821,    0,    0
 11379, 75538,20160822,    4,    0
 11379, 75538,20160823,   81,    0
 11379, 75538,20160824,    1,    0
 11379, 75538,20160825,    0,    0
 11379, 75538,20160826,    0,    0
 11379, 75538,20160827,    0,    0
 11379, 75538,20160828,    0,    0
 11379, 75538,20160829,    0,    0
 11379, 75538,20160830,    0,    0
 11379, 75538,20160831,    0,    0
 11379, 75538,20160901,    1,    0
 11379, 75538,20160902,   20,    0
 11379, 75538,20160903,    0,    0
 11379, 75538,20160904,    0,    0
 11379, 75538,20160905,  130,    0
 11379, 75538,20160906,  360,    0
 11379, 75538,20160907,   20,    0
 11379, 75538,20160908,    0,    0
 11379, 75538,20160909,    3,    0
 11379, 75538,20160910,   32,    0
 11379, 75538,20160911,    0,    0
 11379, 75538,20160912,    0,    0
 11379, 75538,20160913,    1,    0
 11379, 75538,20160914,   20,    0
 11379, 75538,20160915,    7,    0
 11379, 75538,20160916,    0,    0
 11379, 75538,20160917,   90,    0
 11379, 75538,20160918,   30,    0
 11379, 75538,20160919,  210,    0
 11379, 75538,20160920,    1,    0
 11379, 75538,20160921,    2,    0
 11379, 75538,20160922,    0,    0
 11379, 75538,20160923,    0,    0
 11379, 75538,20160924,    0,    0
 11379, 75538,20160925,    0,    0
 11379, 75538,20160926,    0,    0
 11379, 75538,20160927,    0,    0
 11379, 75538,20160928,    0,    0
 11379, 75538,20160929,    0,    0
 11379, 75538,20160930,    0,    0
 11379, 75538,20161001,    0,    0
 11379, 75538,20161002,   80,    0
 11379, 75538,20161003,  160,    0
 11379, 75538,20161004,   60,    0
 11379, 75538,20161005,    3,    0
 11379, 75538,20161006,   80,    0
 11379, 75538,20161007,  520,    0
 11379, 75538,20161008,    1,    0
 11379, 75538,20161009,   70,    0
 11379, 75538,20161010,  184,    0
 11379, 75538,20161011,   70,    0
 11379, 75538,20161012,  266,    0
 11379, 75538,20161013,    0,    0
 11379, 75538,20161014,    0,    0
 11379, 75538,20161015,    4,    0
 11379, 75538,20161016,   70,    0
 11379, 75538,20161017,    2,    0
 11379, 75538,20161018,    2,    0
 11379, 75538,20161019,  240,    0
 11379, 75538,20161020,    5,    0
 11379, 75538,20161021,  170,    0
 11379, 75538,20161022,  112,    0
 11379, 75538,20161023,    0,    0
 11379, 75538,20161024,    0,    0
 11379, 75538,20161025,    0,    0
 11379, 75538,20161026,    0,    0
 11379, 75538,20161027,    0,    0
 11379, 75538,20161028,    0,    0
 11379, 75538,20161029,    0,    0
 11379, 75538,20161030,    0,    0
 11379, 75538,20161031,    0,    0
 11379, 75538,20161101,    0,    0
 11379, 75538,20161102,    0,    0
 11379, 75538,20161103,  295,    0
 11379, 75538,20161104,   30,    0
 11379, 75538,20161105,    0,    0
 11379, 75538,20161106,  540,    0
 11379, 75538,20161107,  700,    0
 11379, 75538,20161108,  860,    0
 11379, 75538,20161109,  250,    0
 11379, 75538,20161110,   40,    0
 11379, 75538,20161111,   52,    0
 11379, 75538,20161112, 1150,    0
 11379, 75538,20161113,    6,    0
 11379, 75538,20161114,    0,    0
 11379, 75538,20161115,    0,    0
 11379, 75538,20161116,    0,    0
 11379, 75538,20161117,    0,    0
 11379, 75538,20161118,    0,    0
 11379, 75538,20161119,    0,    0
 11379, 75538,20161120,    0,    0
 11379, 75538,20161121,    0,    0
 11379, 75538,20161122,    0,    0
 11379, 75538,20161123,    0,    0
 11379, 75538,20161124,    0,    0
 11379, 75538,20161125,    8,    0
 11379, 75538,20161126,   60,    0
 11379, 75538,20161127,   74,    0
 11379, 75538,20161128,    2,    0
 11379, 75538,20161129,   21,    0
 11379, 75538,20161130,    0,    0
 11379, 75538,20161201,    0,    0
 11379, 75538,20161202,    0,    0
 11379, 75538,20161203,    0,    0
 11379, 75538,20161204,    0,    0
 11379, 75538,20161205,    0,    0
 11379, 75538,20161206,    0,    0
 11379, 75538,20161207,    0,    0
 11379, 75538,20161208,    0,    0
 11379, 75538,20161209,    0,    0
 11379, 75538,20161210,    0,    0
 11379, 75538,20161211,    0,    0
 11379, 75538,20161212,    1,    0
 11379, 75538,20161213,    2,    0
 11379, 75538,20161214,    0,    0
 11379, 75538,20161215,    0,    0
 11379, 75538,20161216,    0,    0
 11379, 75538,20161217,    0,    0
 11379, 75538,20161218,    0,    0
 11379, 75538,20161219,    0,    0
 11379, 75538,20161220,    0,    0
 11379, 75538,20161221,    0,    0
 11379, 75538,20161222,    0,    0
 11379, 75538,20161223,    0,    0
 11379, 75538,20161224,    0,    0
 11379, 75538,20161225,    0,    0
 11379, 75538,20161226,    0,    0
 11379, 75538,20161227,   60,    0
 11379, 75538,20161228,    7,    0
 11379, 75538,20161229,   21,    0
 11379, 75538,20161230,    0,    0
 11379, 75538,20161231,    0,    0
 11379, 75538,20170101,    0,    0
 11379, 75538,20170102,    0,    0
 11379, 75538,20170103,   91,    0
 11379, 75538,20170104,   61,    0
 11379, 75538,20170105,  200,    0
 11379, 75538,20170106,   22,    0
 11379, 75538,20170107,    0,    0
 11379, 75538,20170108,    0,    0
 11379, 75538,20170109,    0,    0
 11379, 75538,20170110,    2,    0
 11379, 75538,20170111,   10,    0
 11379, 75538,20170112,    3,    0
 11379, 75538,20170113,  180,    0
 11379, 75538,20170114,  350,    0
 11379, 75538,20170115,    0,    0
 11379, 75538,20170116,    1,    0
 11379, 75538,20170117,    3,    0
 11379, 75538,20170118,    1,    0
 11379, 75538,20170119,   20,    0
 11379, 75538,20170120,    0,    0
 11379, 75538,20170121,    0,    0
 11379, 75538,20170122,    0,    0
 11379, 75538,20170123,    0,    0
 11379, 75538,20170124,    0,    0
 11379, 75538,20170125,    0,    0
 11379, 75538,20170126,    0,    0
 11379, 75538,20170127,    0,    0
 11379, 75538,20170128,    0,    0
 11379, 75538,20170129,    0,    0
 11379, 75538,20170130,    0,    0
 11379, 75538,20170131,    0,    0
 11379, 75538,20170201,    8,    0
 11379, 75538,20170202,   40,    0
 11379, 75538,20170203,  210,    0
 11379, 75538,20170204,  480,    0
 11379, 75538,20170205,  162,    0
 11379, 75538,20170206,  260,    0
 11379, 75538,20170207,  150,    0
 11379, 75538,20170208,   10,    0
 11379, 75538,20170209,    0,    0
 11379, 75538,20170210,    0,    0
 11379, 75538,20170211,    0,    0
 11379, 75538,20170212,    0,    0
 11379, 75538,20170213,    0,    0
 11379, 75538,20170214,    0,    0
 11379, 75538,20170215,    0,    0
 11379, 75538,20170216,    0,    0
 11379, 75538,20170217,    0,    0
 11379, 75538,20170218,  120,    0
 11379, 75538,20170219,  100,    0
 11379, 75538,20170220,    3,    0
 11379, 75538,20170221,    0,    0
 11379, 75538,20170222,    0,    0
 11379, 75538,20170223,    0,    0
 11379, 75538,20170224,   60,    0
 11379, 75538,20170225,  640,    0
 11379, 75538,20170226,   30,    0
 11379, 75538,20170227,    0,    0
 11379, 75538,20170228,    0,    0
 11379, 75538,20170301,  380,    0
 11379, 75538,20170302,    7,    0
 11379, 75538,20170303,    0,    0
 11379, 75538,20170304,    0,    0
 11379, 75538,20170305,   40,    0
 11379, 75538,20170306,  320,    0
 11379, 75538,20170307,  230,    0
 11379, 75538,20170308,  130,    0
 11379, 75538,20170309,   10,    0
 11379, 75538,20170310,   80,    0
 11379, 75538,20170311,   40,    0
 11379, 75538,20170312,    3,    0
 11379, 75538,20170313,   11,    0
 11379, 75538,20170314,    0,    0
 11379, 75538,20170315,    0,    0
 11379, 75538,20170316,    0,    0
 11379, 75538,20170317,    0,    0
 11379, 75538,20170318,    0,    0
 11379, 75538,20170319,    0,    0
 11379, 75538,20170320,    0,    0
 11379, 75538,20170321,    0,    0
 11379, 75538,20170322,    0,    0
 11379, 75538,20170323,    0,    0
 11379, 75538,20170324,    0,    0
 11379, 75538,20170325,    0,    0
 11379, 75538,20170326,   70,    0
 11379, 75538,20170327,    2,    0
 11379, 75538,20170328,    0,    0
 11379, 75538,20170329,    0,    0
 11379, 75538,20170330,    0,    0
 11379, 75538,20170331,    0,    0
 11379, 75538,20170401,    0,    0
 11379, 75538,20170402,    0,    0
 11379, 75538,20170403,    0,    0
 11379, 75538,20170404,   12,    0
 11379, 75538,20170405,   35,    0
 11379, 75538,20170406,   30,    0
 11379, 75538,20170407,    2,    0
 11379, 75538,20170408,    0,    0
 11379, 75538,20170409,    0,    0
 11379, 75538,20170410,    0,    0
 11379, 75538,20170411,    1,    0
 11379, 75538,20170412,    2,    0
 11379, 75538,20170413,    5,    0
 11379, 75538,20170414,   20,    0
 11379, 75538,20170415,    5,    0
 11379, 75538,20170416,  100,    0
 11379, 75538,20170417,   20,    0
 11379, 75538,20170418,   10,    0
 11379, 75538,20170419,  790,    0
 11379, 75538,20170420,   33,    0
 11379, 75538,20170421,    3,    0
 11379, 75538,20170422,    0,    0
 11379, 75538,20170423,   30,    0
 11379, 75538,20170424,    0,    0
 11379, 75538,20170425,    0,    0
 11379, 75538,20170426,    0,    0
 11379, 75538,20170427,    0,    0
 11379, 75538,20170428,    0,    0
 11379, 75538,20170429,   90,    0
 11379, 75538,20170430,   10,    0
 11379, 75538,20170501,    8,    0
 11379, 75538,20170502,    0,    0
 11379, 75538,20170503,    0,    0
 11379, 75538,20170504,    0,    0
 11379, 75538,20170505,   80,    0
 11379, 75538,20170506,    2,    0
 11379, 75538,20170507,  110,    0
 11379, 75538,20170508,  116,    0
 11379, 75538,20170509,   10,    0
 11379, 75538,20170510,   40,    0
 11379, 75538,20170511,    0,    0
 11379, 75538,20170512,   10,    0
 11379, 75538,20170513,    4,    0
 11379, 75538,20170514,   20,    0
 11379, 75538,20170515,   10,    0
 11379, 75538,20170516,    0,    0
 11379, 75538,20170517,   52,    0
 11379, 75538,20170518,    0,    0
 11379, 75538,20170519,    0,    0
 11379, 75538,20170520,    0,    0
 11379, 75538,20170521,   70,    0
 11379, 75538,20170522,    4,    0
 11379, 75538,20170523,   40,    0
 11379, 75538,20170524,    0,    0
 11379, 75538,20170525,   74,    0
 11379, 75538,20170526,   30,    0
 11379, 75538,20170527,   10,    0
 11379, 75538,20170528,    6,    0
 11379, 75538,20170529,    0,    0
 11379, 75538,20170530,    0,    0
 11379, 75538,20170531,    6,    0
 11379, 75538,20170601,    4,    0
 11379, 75538,20170602,   30,    0
 11379, 75538,20170603,  120,    0
 11379, 75538,20170604,    0,    0
 11379, 75538,20170605,   60,    0
 11379, 75538,20170606,    0,    0
 11379, 75538,20170607,    0,    0
 11379, 75538,20170608,    0,    0
 11379, 75538,20170609,    0,    0
 11379, 75538,20170610,   60,    0
 11379, 75538,20170611,    3,    0
 11379, 75538,20170612,    0,    0
 11379, 75538,20170613,    0,    0
 11379, 75538,20170614,   90,    0
 11379, 75538,20170615,    2,    0
 11379, 75538,20170616,    0,    0
 11379, 75538,20170617,   21,    0
 11379, 75538,20170618,    8,    0
 11379, 75538,20170619,   40,    0
 11379, 75538,20170620,    0,    0
 11379, 75538,20170621,    0,    0
 11379, 75538,20170622,    0,    0
 11379, 75538,20170623,    0,    0
 11379, 75538,20170624,   10,    0
 11379, 75538,20170625,    0,    0
 11379, 75538,20170626,   70,    0
 11379, 75538,20170627,    0,    0
 11379, 75538,20170628,    0,    0
 11379, 75538,20170629,   10,    0
 11379, 75538,20170630,    0,    0
 11379, 75538,20170701,    1,    0
 11379, 75538,20170702,   20,    0
 11379, 75538,20170703,   82,    0
 11379, 75538,20170704,    0,    0
 11379, 75538,20170705,    0,    0
 11379, 75538,20170706,-9999,    9
 11379, 75538,20170707,    0,    0
 11379, 75538,20170708,    3,    0
 11379, 75538,20170709,   43,    0
 11379, 75538,20170710,    3,    0
 11379, 75538,20170711,    0,    0
 11379, 75538,20170712,    0,    0
 11379, 75538,20170713,    0,    0
 11379, 75538,20170714,    0,    0
 11379, 75538,20170715,    0,    0
 11379, 75538,20170716,   20,    0
 11379, 75538,20170717,    0,    0
 11379, 75538,20170718,    0,    0
 11379, 75538,20170719,    0,    0
 11379, 75538,20170720,   10,    0
 11379, 75538,20170721,    7,    0
 11379, 75538,20170722,    0,    0
 11379, 75538,20170723,    0,    0
 11379, 75538,20170724,    0,    0
 11379, 75538,20170725,  540,    0
 11379, 75538,20170726,  230,    0
 11379, 75538,20170727,    2,    0
 11379, 75538,20170728,    0,    0
 11379, 75538,20170729,    0,    0
 11379, 75538,20170730,-9999,    9
 11379, 75538,20170731,    0,    0
 11379, 75538,20170801,    0,    0
 11379, 75538,20170802,    0,    0
 11379, 75538,20170803,    0,    0
 11379, 75538,20170804,    0,    0
 11379, 75538,20170805,    0,    0
 11379, 75538,20170806,    0,    0
 11379, 75538,20170807,    0,    0
 11379, 75538,20170808,    0,    0
 11379, 75538,20170809,    0,    0
 11379, 75538,20170810,    0,    0
 11379, 75538,20170811,    0,    0
 11379, 75538,20170812,    0,    0
 11379, 75538,20170813,   14,    0
 11379, 75538,20170814,    0,    0
 11379, 75538,20170815,    0,    0
 11379, 75538,20170816,    0,    0
 11379, 75538,20170817,    0,    0
 11379, 75538,20170818,    0,    0
 11379, 75538,20170819,    0,    0
 11379, 75538,20170820,   10,    0
 11379, 75538,20170821,    2,    0
 11379, 75538,20170822,    0,    0
 11379, 75538,20170823,    0,    0
 11379, 75538,20170824,    0,    0
 11379, 75538,20170825,    0,    0
 11379, 75538,20170826,    0,    0
 11379, 75538,20170827,    0,    0
 11379, 75538,20170828,    4,    0
 11379, 75538,20170829,   21,    0
 11379, 75538,20170830,    0,    0
 11379, 75538,20170831,    0,    0
 11379, 75538,20170901,    0,    0
 11379, 75538,20170902,   30,    0
 11379, 75538,20170903,  180,    0
 11379, 75538,20170904,    3,    0
 11379, 75538,20170905,    0,    0
 11379, 75538,20170906,    0,    0
 11379, 75538,20170907,    0,    0
 11379, 75538,20170908,  110,    0
 11379, 75538,20170909, 3070,    1
 11379, 75538,20170910,    6,    0
 11379, 75538,20170911,   80,    0
 11379, 75538,20170912,  208,    0
 11379, 75538,20170913,   30,    0
 11379, 75538,20170914,    0,    0
 11379, 75538,20170915,    0,    0
 11379, 75538,20170916,    0,    0
 11379, 75538,20170917,   30,    0
 11379, 75538,20170918,    2,    0
 11379, 75538,20170919,    0,    0
 11379, 75538,20170920,   50,    0
 11379, 75538,20170921,   60,    0
 11379, 75538,20170922,    0,    0
 11379, 75538,20170923,    0,    0
 11379, 75538,20170924,    0,    0
 11379, 75538,20170925,   31,    0
 11379, 75538,20170926,    2,    0
 11379, 75538,20170927,    0,    0
 11379, 75538,20170928,    0,    0
 11379, 75538,20170929,    0,    0
 11379, 75538,20170930,    0,    0
 11379, 75538,20171001,    0,    0
 11379, 75538,20171002,    0,    0
 11379, 75538,20171003,    0,    0
 11379, 75538,20171004,    0,    0
 11379, 75538,20171005,    0,    0
 11379, 75538,20171006,   30,    0
 11379, 75538,20171007,  450,    0
 11379, 75538,20171008,   10,    0
 11379, 75538,20171009,    0,    0
 11379, 75538,20171010,    0,    0
 11379, 75538,20171011,    0,    0
 11379, 75538,20171012,    0,    0
 11379, 75538,20171013,    0,    0
 11379, 75538,20171014,    0,    0
 11379, 75538,20171015,    0,    0
 11379, 75538,20171016,    0,    0
 11379, 75538,20171017,    0,    0
 11379, 75538,20171018,    0,    0
 11379, 75538,20171019,    0,    0
 11379, 75538,20171020,    0,    0
 11379, 75538,20171021,    0,    0
 11379, 75538,20171022,    0,    0
 11379, 75538,20171023,  250,    0
 11379, 75538,20171024,  260,    0
 11379, 75538,20171025,   64,    0
 11379, 75538,20171026,    0,    0
 11379, 75538,20171027,    0,    0
 11379, 75538,20171028,   12,    0
 11379, 75538,20171029,    0,    0
 11379, 75538,20171030,   30,    0
 11379, 75538,20171031,    0,    0
 11379, 75538,20171101,    0,    0
 11379, 75538,20171102,    0,    0
 11379, 75538,20171103,    4,    0
 11379, 75538,20171104,    6,    0
 11379, 75538,20171105,    0,    0
 11379, 75538,20171106,    0,    0
 11379, 75538,20171107,  150,    0
 11379, 75538,20171108,  267,    0
 11379, 75538,20171109,   32,    0
 11379, 75538,20171110,    0,    0
 11379, 75538,20171111,  110,    0
 11379, 75538,20171112,    4,    0
 11379, 75538,20171113,  700,    0
 11379, 75538,20171114,  143,    0
 11379, 75538,20171115,   41,    0
 11379, 75538,20171116,    2,    0
 11379, 75538,20171117,    0,    0
 11379, 75538,20171118,    0,    0
 11379, 75538,20171119,   70,    0
 11379, 75538,20171120,  110,    0
 11379, 75538,20171121,    0,    0
 11379, 75538,20171122,    0,    0
 11379, 75538,20171123,    0,    0
 11379, 75538,20171124,    0,    0
 11379, 75538,20171125,    0,    0
 11379, 75538,20171126,  370,    0
 11379, 75538,20171127,   94,    0
 11379, 75538,20171128,    2,    0
 11379, 75538,20171129,    5,    0
 11379, 75538,20171130, 1230,    0
 11379, 75538,20171201,  190,    0
 11379, 75538,20171202,   70,    0
 11379, 75538,20171203,  430,    0
 11379, 75538,20171204,   90,    0
 11379, 75538,20171205,    0,    0
 11379, 75538,20171206,    0,    0
 11379, 75538,20171207,    0,    0
 11379, 75538,20171208,   10,    0
 11379, 75538,20171209,  820,    0
 11379, 75538,20171210,   60,    0
 11379, 75538,20171211,  110,    0
 11379, 75538,20171212,  140,    0
 11379, 75538,20171213,  380,    0
 11379, 75538,20171214,  110,    0
 11379, 75538,20171215,  250,    0
 11379, 75538,20171216,  680,    0
 11379, 75538,20171217,  140,    0
 11379, 75538,20171218,   20,    0
 11379, 75538,20171219,    1,    0
 11379, 75538,20171220,    1,    0
 11379, 75538,20171221,    0,    0
 11379, 75538,20171222,    0,    0
 11379, 75538,20171223,    0,    0
 11379, 75538,20171224,    0,    0
 11379, 75538,20171225,    0,    0
 11379, 75538,20171226,   20,    0
 11379, 75538,20171227,  320,    0
 11379, 75538,20171228,  820,    0
 11379, 75538,20171229,  136,    0
 11379, 75538,20171230,    1,    0
 11379, 75538,20171231,    0,    0
 11379, 75538,20180101,   20,    0
 11379, 75538,20180102,  210,    0
 11379, 75538,20180103,    2,    0
 11379, 75538,20180104,   30,    0
 11379, 75538,20180105,    0,    0
 11379, 75538,20180106,    0,    0
 11379, 75538,20180107,    2,    0
 11379, 75538,20180108,    0,    0
 11379, 75538,20180109,    0,    0
 11379, 75538,20180110,    0,    0
 11379, 75538,20180111,   40,    0
 11379, 75538,20180112,    0,    0
 11379, 75538,20180113,    0,    0
 11379, 75538,20180114,   70,    0
 11379, 75538,20180115,   50,    0
 11379, 75538,20180116,   60,    0
 11379, 75538,20180117,  280,    0
 11379, 75538,20180118,   30,    0
 11379, 75538,20180119,   40,    0
 11379, 75538,20180120,  390,    0
 11379, 75538,20180121,   80,    0
 11379, 75538,20180122,    2,    0
 11379, 75538,20180123,    2,    0
 11379, 75538,20180124,    0,    0
 11379, 75538,20180125,    0,    0
 11379, 75538,20180126,    0,    0
 11379, 75538,20180127,    0,    0
 11379, 75538,20180128,    0,    0
 11379, 75538,20180129,    0,    0
 11379, 75538,20180130,    0,    0
 11379, 75538,20180131,    0,    0
 11379, 75538,20180201,   40,    0
 11379, 75538,20180202,  950,    0
 11379, 75538,20180203, 1310,    0
 11379, 75538,20180204,   80,    0
 11379, 75538,20180205,    0,    0
 11379, 75538,20180206,    0,    0
 11379, 75538,20180207,  205,    0
 11379, 75538,20180208,   68,    0
 11379, 75538,20180209,   10,    0
 11379, 75538,20180210,   20,    0
 11379, 75538,20180211,   37,    0
 11379, 75538,20180212,    0,    0
 11379, 75538,20180213,  160,    0
 11379, 75538,20180214,   20,    0
 11379, 75538,20180215,    0,    0
 11379, 75538,20180216,    0,    0
 11379, 75538,20180217,    0,    0
 11379, 75538,20180218,   30,    0
 11379, 75538,20180219,  100,    0
 11379, 75538,20180220,  240,    0
 11379, 75538,20180221,  110,    0
 11379, 75538,20180222,   48,    0
 11379, 75538,20180223,    0,    0
 11379, 75538,20180224,    0,    0
 11379, 75538,20180225,   50,    0
 11379, 75538,20180226,   30,    0
 11379, 75538,20180227,  100,    0
 11379, 75538,20180228,   10,    0
 11379, 75538,20180301,   50,    0
 11379, 75538,20180302,  560,    0
 11379, 75538,20180303,  110,    0
 11379, 75538,20180304,  187,    0
 11379, 75538,20180305,    1,    0
 11379, 75538,20180306,  440,    0
 11379, 75538,20180307,  560,    0
 11379, 75538,20180308,  197,    0
 11379, 75538,20180309,    0,    0
 11379, 75538,20180310,    0,    0
 11379, 75538,20180311,    0,    0
 11379, 75538,20180312,  650,    0
 11379, 75538,20180313,   90,    0
 11379, 75538,20180314,   60,    0
 11379, 75538,20180315,    0,    0
 11379, 75538,20180316,  280,    0
 11379, 75538,20180317,  610,    0
 11379, 75538,20180318,  205,    0
 11379, 75538,20180319,  270,    0
 11379, 75538,20180320,  160,    0
 11379, 75538,20180321,  370,    0
 11379, 75538,20180322,  100,    0
 11379, 75538,20180323,  100,    0
 11379, 75538,20180324,    4,    0
 11379, 75538,20180325,   11,    0
 11379, 75538,20180326,   20,    0
 11379, 75538,20180327,   64,    0
 11379, 75538,20180328,    0,    0
 11379, 75538,20180329,    0,    0
 11379, 75538,20180330,    0,    0
 11379, 75538,20180331,  220,    0
 11379, 75538,20180401,  530,    0
 11379, 75538,20180402,    2,    0
 11379, 75538,20180403,    0,    0
 11379, 75538,20180404,    0,    0
 11379, 75538,20180405,   60,    0
 11379, 75538,20180406,   50,    0
 11379, 75538,20180407,    1,    0
 11379, 75538,20180408,    0,    0
 11379, 75538,20180409,    0,    0
 11379, 75538,20180410,    0,    0
 11379, 75538,20180411,    0,    0
 11379, 75538,20180412,    0,    0
 11379, 75538,20180413,    6,    0
 11379, 75538,20180414,    0,    0
 11379, 75538,20180415,    0,    0
 11379, 75538,20180416,    0,    0
 11379, 75538,20180417,   70,    0
 11379, 75538,20180418,   13,    0
 11379, 75538,20180419,    3,    0
 11379, 75538,20180420,    0,    0
 11379, 75538,20180421,    0,    0
 11379, 75538,20180422,    0,    0
 11379, 75538,20180423,    0,    0
 11379, 75538,20180424,    0,    0
 11379, 75538,20180425,    0,    0
 11379, 75538,20180426,    0,    0
 11379, 75538,20180427,    0,    0
 11379, 75538,20180428,   20,    0
 11379, 75538,20180429,    0,    0
 11379, 75538,20180430,    0,    0
 11379, 75538,20180501,    0,    0
 11379, 75538,20180502,    0,    0
 11379, 75538,20180503,    0,    0
 11379, 75538,20180504,   30,    0
 11379, 75538,20180505,  150,    0
 11379, 75538,20180506,  720,    0
 11379, 75538,20180507,   80,    0
 11379, 75538,20180508,    0,    0
 11379, 75538,20180509,   20,    0
 11379, 75538,20180510,    0,    0
 11379, 75538,20180511,    0,    0
 11379, 75538,20180512,    4,    0
 11379, 75538,20180513,   20,    0
 11379, 75538,20180514,  240,    0
 11379, 75538,20180515,  380,    0
 11379, 75538,20180516,  141,    0
 11379, 75538,20180517,    0,    0
 11379, 75538,20180518,    0,    0
 11379, 75538,20180519,    0,    0
 11379, 75538,20180520,    0,    0
 11379, 75538,20180521,   20,    0
 11379, 75538,20180522,    0,    0
 11379, 75538,20180523,  100,    0
 11379, 75538,20180524,   60,    0
 11379, 75538,20180525,    5,    0
 11379, 75538,20180526,   10,    0
 11379, 75538,20180527,    0,    0
 11379, 75538,20180528,    1,    0
 11379, 75538,20180529,    0,    0
 11379, 75538,20180530,    0,    0
 11379, 75538,20180531,    0,    0
 11379, 75538,20180601,    3,    0
 11379, 75538,20180602,    0,    0
 11379, 75538,20180603,  140,    0
 11379, 75538,20180604,  152,    0
 11379, 75538,20180605,    3,    0
 11379, 75538,20180606,    0,    0
 11379, 75538,20180607,    3,    0
 11379, 75538,20180608,    0,    0
 11379, 75538,20180609,  130,    0
 11379, 75538,20180610,    0,    0
 11379, 75538,20180611,    0,    0
 11379, 75538,20180612,    6,    0
 11379, 75538,20180613,   30,    0
 11379, 75538,20180614,   20,    0
 11379, 75538,20180615,  178,    0
 11379, 75538,20180616,   30,    0
 11379, 75538,20180617,    4,    0
 11379, 75538,20180618,   24,    0
 11379, 75538,20180619,    5,    0
 11379, 75538,20180620,    2,    0
 11379, 75538,20180621,   22,    0
 11379, 75538,20180622,   90,    0
 11379, 75538,20180623,   60,    0
 11379, 75538,20180624,    0,    0
 11379, 75538,20180625,    0,    0
 11379, 75538,20180626,   21,    0
 11379, 75538,20180627,   70,    0
 11379, 75538,20180628,   45,    0
 11379, 75538,20180629,   10,    0
 11379, 75538,20180630,   32,    0
 11379, 75538,20180701,   20,    0
 11379, 75538,20180702,    0,    0
 11379, 75538,20180703,    0,    0
 11379, 75538,20180704,  130,    0
 11379, 75538,20180705,    0,    0
 11379, 75538,20180706,   20,    0
 11379, 75538,20180707,   70,    0
 11379, 75538,20180708,   10,    0
 11379, 75538,20180709,    2,    0
 11379, 75538,20180710,    0,    0
 11379, 75538,20180711,    0,    0
 11379, 75538,20180712,    0,    0
 11379, 75538,20180713,   20,    0
 11379, 75538,20180714,    3,    0
 11379, 75538,20180715,   60,    0
 11379, 75538,20180716,    2,    0
 11379, 75538,20180717,   60,    0
 11379, 75538,20180718,    0,    0
 11379, 75538,20180719,    0,    0
 11379, 75538,20180720,    0,    0
 11379, 75538,20180721,    0,    0
 11379, 75538,20180722,    0,    0
 11379, 75538,20180723,  130,    0
 11379, 75538,20180724,   50,    0
 11379, 75538,20180725,   80,    0
 11379, 75538,20180726,    5,    0
 11379, 75538,20180727,    0,    0
 11379, 75538,20180728,   11,    0
 11379, 75538,20180729,    0,    0
 11379, 75538,20180730,   10,    0
 11379, 75538,20180731,-9999,    9
 11379, 75538,20180801,    2,    0
 11379, 75538,20180802,   10,    0
 11379, 75538,20180803,    6,    0
 11379, 75538,20180804,    0,    0
 11379, 75538,20180805,    0,    0
 11379, 75538,20180806,    0,    0
 11379, 75538,20180807,-9999,    9
 11379, 75538,20180808,    0,    0
 11379, 75538,20180809,    0,    0
 11379, 75538,20180810,    0,    0
 11379, 75538,20180811,   90,    0
 11379, 75538,20180812,    2,    0
 11379, 75538,20180813,    0,    0
 11379, 75538,20180814,    0,    0
 11379, 75538,20180815,  140,    0
 11379, 75538,20180816,  220,    0
 11379, 75538,20180817,    0,    0
 11379, 75538,20180818,    0,    0
 11379, 75538,20180819,    0,    0
 11379, 75538,20180820,    0,    0
 11379, 75538,20180821,    0,    0
 11379, 75538,20180822,    0,    0
 11379, 75538,20180823,    0,    0
 11379, 75538,20180824,    0,    0
 11379, 75538,20180825,    2,    0
 11379, 75538,20180826,   31,    0
 11379, 75538,20180827,    1,    0
 11379, 75538,20180828,    0,    0
 11379, 75538,20180829,    0,    0
 11379, 75538,20180830,    0,    0
 11379, 75538,20180831,    0,    0
 11379, 75538,20180901,    0,    0
 11379, 75538,20180902,    0,    0
 11379, 75538,20180903,   20,    0
 11379, 75538,20180904,   20,    0
 11379, 75538,20180905,    8,    0
 11379, 75538,20180906,    0,    0
 11379, 75538,20180907,  150,    0
 11379, 75538,20180908,   21,    0
 11379, 75538,20180909,    0,    0
 11379, 75538,20180910,    0,    0
 11379, 75538,20180911,    0,    0
 11379, 75538,20180912,    0,    0
 11379, 75538,20180913,    0,    0
 11379, 75538,20180914,    0,    0
 11379, 75538,20180915,    0,    0
 11379, 75538,20180916,    0,    0
 11379, 75538,20180917,    0,    0
 11379, 75538,20180918,    0,    0
 11379, 75538,20180919,    0,    0
 11379, 75538,20180920,    0,    0
 11379, 75538,20180921,    0,    0
 11379, 75538,20180922,    0,    0
 11379, 75538,20180923,    0,    0
 11379, 75538,20180924,   50,    0
 11379, 75538,20180925,    2,    0
 11379, 75538,20180926,    0,    0
 11379, 75538,20180927,    0,    0
 11379, 75538,20180928,    0,    0
 11379, 75538,20180929,    0,    0
 11379, 75538,20180930,    0,    0
 11379, 75538,20181001,    0,    0
 11379, 75538,20181002,  134,    0
 11379, 75538,20181003,    0,    0
 11379, 75538,20181004,    0,    0
 11379, 75538,20181005,    0,    0
 11379, 75538,20181006,    0,    0
 11379, 75538,20181007,   40,    0
 11379, 75538,20181008,   22,    0
 11379, 75538,20181009,    0,    0
 11379, 75538,20181010,    0,    0
 11379, 75538,20181011,    0,    0
 11379, 75538,20181012,    0,    0
 11379, 75538,20181013,    0,    0
 11379, 75538,20181014,    0,    0
 11379, 75538,20181015,    0,    0
 11379, 75538,20181016,    0,    0
 11379, 75538,20181017,    0,    0
 11379, 75538,20181018,    0,    0
 11379, 75538,20181019,    0,    0
 11379, 75538,20181020,    0,    0
 11379, 75538,20181021,    3,    0
 11379, 75538,20181022,    1,    0
 11379, 75538,20181023,    0,    0
 11379, 75538,20181024,    0,    0
 11379, 75538,20181025,    7,    0
 11379, 75538,20181026,    0,    0
 11379, 75538,20181027,   50,    0
 11379, 75538,20181028,  190,    0
 11379, 75538,20181029,  101,    0
 11379, 75538,20181030,  510,    0
 11379, 75538,20181031,    0,    0
 11379, 75538,20181101,   20,    0
 11379, 75538,20181102,   50,    0
 11379, 75538,20181103,    0,    0
 11379, 75538,20181104,    0,    0
 11379, 75538,20181105,    0,    0
 11379, 75538,20181106,    0,    0
 11379, 75538,20181107,    0,    0
 11379, 75538,20181108,    0,    0
 11379, 75538,20181109,    0,    0
 11379, 75538,20181110,    0,    0
 11379, 75538,20181111,    0,    0
 11379, 75538,20181112,    0,    0
 11379, 75538,20181113,    0,    0
 11379, 75538,20181114,    0,    0
 11379, 75538,20181115,    0,    0
 11379, 75538,20181116,    0,    0
 11379, 75538,20181117,    1,    0
 11379, 75538,20181118,   20,    0
 11379, 75538,20181119,   21,    0
 11379, 75538,20181120,  930,    0
 11379, 75538,20181121,  317,    0
 11379, 75538,20181122,    0,    0
 11379, 75538,20181123,    0,    0
 11379, 75538,20181124,    0,    0
 11379, 75538,20181125,   30,    0
 11379, 75538,20181126,  620,    0
 11379, 75538,20181127,  370,    0
 11379, 75538,20181128,  130,    0
 11379, 75538,20181129,   10,    0
 11379, 75538,20181130,    0,    0
 11379, 75538,20181201,    0,    0
 11379, 75538,20181202,    0,    0
 11379, 75538,20181203,    6,    0
 11379, 75538,20181204,    0,    0
 11379, 75538,20181205,   60,    0
 11379, 75538,20181206,    0,    0
 11379, 75538,20181207,    0,    0
 11379, 75538,20181208,  171,    0
 11379, 75538,20181209,   40,    0
 11379, 75538,20181210,   90,    0
 11379, 75538,20181211,    2,    0
 11379, 75538,20181212,    0,    0
 11379, 75538,20181213,   30,    0
 11379, 75538,20181214,-9999,    9
 11379, 75538,20181215,  620,    0
 11379, 75538,20181216,  101,    0
 11379, 75538,20181217,    3,    0
 11379, 75538,20181218,    0,    0
 11379, 75538,20181219,    0,    0
 11379, 75538,20181220,    0,    0
 11379, 75538,20181221,   30,    0
 11379, 75538,20181222,    1,    0
 11379, 75538,20181223,    0,    0
 11379, 75538,20181224,  100,    0
 11379, 75538,20181225,   30,    0
 11379, 75538,20181226,    0,    0
 11379, 75538,20181227,    0,    0
 11379, 75538,20181228,    0,    0
 11379, 75538,20181229,    0,    0
 11379, 75538,20181230,    0,    0
 11379, 75538,20181231,    3,    0
 11379, 75538,20190101,   13,    0
 11379, 75538,20190102,   20,    0
 11379, 75538,20190103,    2,    0
 11379, 75538,20190104,   22,    0
 11379, 75538,20190105,    0,    0
 11379, 75538,20190106,    6,    0
 11379, 75538,20190107,    7,    0
 11379, 75538,20190108,    0,    0
 11379, 75538,20190109,  210,    0
 11379, 75538,20190110,  180,    0
 11379, 75538,20190111,    6,    0
 11379, 75538,20190112,    0,    0
 11379, 75538,20190113,    0,    0
 11379, 75538,20190114,   40,    0
 11379, 75538,20190115,    7,    0
 11379, 75538,20190116,    0,    0
 11379, 75538,20190117,    0,    0
 11379, 75538,20190118,   58,    0
 11379, 75538,20190119,  220,    0
 11379, 75538,20190120,  150,    0
 11379, 75538,20190121,    1,    0
 11379, 75538,20190122,  230,    0
 11379, 75538,20190123,  200,    0
 11379, 75538,20190124,   40,    0
 11379, 75538,20190125,   25,    0
 11379, 75538,20190126,   20,    0
 11379, 75538,20190127,    0,    0
 11379, 75538,20190128,  380,    0
 11379, 75538,20190129,   70,    0
 11379, 75538,20190130,   10,    0
 11379, 75538,20190131,  100,    0
 11379, 75538,20190201,   80,    0
 11379, 75538,20190202,  250,    0
 11379, 75538,20190203,   50,    0
 11379, 75538,20190204,  210,    0
 11379, 75538,20190205,    0,    0
 11379, 75538,20190206,    0,    0
 11379, 75538,20190207,    0,    0
 11379, 75538,20190208,    0,    0
 11379, 75538,20190209,    0,    0
 11379, 75538,20190210,    0,    0
 11379, 75538,20190211,  400,    0
 11379, 75538,20190212,   50,    0
 11379, 75538,20190213,   10,    0
 11379, 75538,20190214,    0,    0
 11379, 75538,20190215,   13,    0
 11379, 75538,20190216,    0,    0
 11379, 75538,20190217,    0,    0
 11379, 75538,20190218,    0,    0
 11379, 75538,20190219,    0,    0
 11379, 75538,20190220,    0,    0
 11379, 75538,20190221,    0,    0
 11379, 75538,20190222,   30,    0
 11379, 75538,20190223,    2,    0
 11379, 75538,20190224,    0,    0
 11379, 75538,20190225,    1,    0
 11379, 75538,20190226,    0,    0
 11379, 75538,20190227,    0,    0
 11379, 75538,20190228,    0,    0
 11379, 75538,20190301,    0,    0
 11379, 75538,20190302,    2,    0
 11379, 75538,20190303,    0,    0
 11379, 75538,20190304,    0,    0
 11379, 75538,20190305,   60,    0
 11379, 75538,20190306,   20,    0
 11379, 75538,20190307,    0,    0
 11379, 75538,20190308,    0,    0
 11379, 75538,20190309,    6,    0
 11379, 75538,20190310,    0,    0
 11379, 75538,20190311,  240,    0
 11379, 75538,20190312,  234,    0
 11379, 75538,20190313,    0,    0
 11379, 75538,20190314,   20,    0
 11379, 75538,20190315,    0,    0
 11379, 75538,20190316,    0,    0
 11379, 75538,20190317,    0,    0
 11379, 75538,20190318,    0,    0
 11379, 75538,20190319,    0,    0
 11379, 75538,20190320,    0,    0
 11379, 75538,20190321,    0,    0
 11379, 75538,20190322,    0,    0
 11379, 75538,20190323,    0,    0
 11379, 75538,20190324,    0,    0
 11379, 75538,20190325,    0,    0
 11379, 75538,20190326,    0,    0
 11379, 75538,20190327,    0,    0
 11379, 75538,20190328,    0,    0
 11379, 75538,20190329,    0,    0
 11379, 75538,20190330,    0,    0
 11379, 75538,20190331,    0,    0
 11379, 75538,20190401,    0,    0
 11379, 75538,20190402,    0,    0
 11379, 75538,20190403,    0,    0
 11379, 75538,20190404,    1,    0
 11379, 75538,20190405,  180,    0
 11379, 75538,20190406,   70,    0
 11379, 75538,20190407,    2,    0
 11379, 75538,20190408,   70,    0
 11379, 75538,20190409,   40,    0
 11379, 75538,20190410,   22,    0
 11379, 75538,20190411,  110,    0
 11379, 75538,20190412,    7,    0
 11379, 75538,20190413,  120,    0
 11379, 75538,20190414,   30,    0
 11379, 75538,20190415,    5,    0
 11379, 75538,20190416,    2,    0
 11379, 75538,20190417,    0,    0
 11379, 75538,20190418,    5,    0
 11379, 75538,20190419,    0,    0
 11379, 75538,20190420,    0,    0
 11379, 75538,20190421,    0,    0
 11379, 75538,20190422,    0,    0
 11379, 75538,20190423,   11,    0
 11379, 75538,20190424,  190,    0
 11379, 75538,20190425,    0,    0
 11379, 75538,20190426,    0,    0
 11379, 75538,20190427,  150,    0
 11379, 75538,20190428,    0,    0
 11379, 75538,20190429,  190,    0
 11379, 75538,20190430,  290,    0
 11379, 75538,20190501,   30,    0
 11379, 75538,20190502,    1,    0
 11379, 75538,20190503,    0,    0
 11379, 75538,20190504,   40,    0
 11379, 75538,20190505,  250,    0
 11379, 75538,20190506,  190,    0
 11379, 75538,20190507,    7,    0
 11379, 75538,20190508,    0,    0
 11379, 75538,20190509,   30,    0
 11379, 75538,20190510,    3,    0
 11379, 75538,20190511,    0,    0
 11379, 75538,20190512,   21,    0
 11379, 75538,20190513,   66,    0
 11379, 75538,20190514,  100,    0
 11379, 75538,20190515,   40,    0
 11379, 75538,20190516,  100,    0
 11379, 75538,20190517,   22,    0
 11379, 75538,20190518,    0,    0
 11379, 75538,20190519,  100,    0
 11379, 75538,20190520,  250,    0
 11379, 75538,20190521,  120,    0
 11379, 75538,20190522,    0,    0
 11379, 75538,20190523,   90,    0
 11379, 75538,20190524,   24,    0
 11379, 75538,20190525,    0,    0
 11379, 75538,20190526,   20,    0
 11379, 75538,20190527,   40,    0
 11379, 75538,20190528,  280,    0
 11379, 75538,20190529,  370,    0
 11379, 75538,20190530,  110,    0
 11379, 75538,20190531,    1,    0
 11379, 75538,20190601,   42,    0
 11379, 75538,20190602,   40,    0
 11379, 75538,20190603,  150,    0
 11379, 75538,20190604,   13,    0
 11379, 75538,20190605,   70,    0
 11379, 75538,20190606,    7,    0
 11379, 75538,20190607,    0,    0
 11379, 75538,20190608,   60,    0
 11379, 75538,20190609,    2,    0
 11379, 75538,20190610,    0,    0
 11379, 75538,20190611,-9999,    9
 11379, 75538,20190612,   20,    0
 11379, 75538,20190613,    0,    0
 11379, 75538,20190614,    0,    0
 11379, 75538,20190615,    0,    0
 11379, 75538,20190616,    0,    0
 11379, 75538,20190617,    0,    0
 11379, 75538,20190618,   20,    0
 11379, 75538,20190619,    1,    0
 11379, 75538,20190620,   50,    0
 11379, 75538,20190621,   90,    0
 11379, 75538,20190622,    0,    0
 11379, 75538,20190623,    5,    0
 11379, 75538,20190624,  321,    0
 11379, 75538,20190625,   20,    0
 11379, 75538,20190626,    0,    0
 11379, 75538,20190627,    0,    0
 11379, 75538,20190628,    0,    0
 11379, 75538,20190629,    0,    0
 11379, 75538,20190630,    0,    0
 11379, 75538,20190701,    0,    0
 11379, 75538,20190702,    0,    0
 11379, 75538,20190703,    0,    0
 11379, 75538,20190704,  330,    0
 11379, 75538,20190705,  440,    0
 11379, 75538,20190706,    0,    0
 11379, 75538,20190707,    0,    0
 11379, 75538,20190708,    5,    0
 11379, 75538,20190709,   93,    0
 11379, 75538,20190710,  300,    0
 11379, 75538,20190711,    0,    0
 11379, 75538,20190712,   20,    0
 11379, 75538,20190713,    4,    0
 11379, 75538,20190714,   10,    0
 11379, 75538,20190715,    0,    0
 11379, 75538,20190716,    2,    0
 11379, 75538,20190717,    0,    0
 11379, 75538,20190718,    0,    0
 11379, 75538,20190719,    0,    0
 11379, 75538,20190720,    2,    0
 11379, 75538,20190721,    0,    0
 11379, 75538,20190722,    0,    0
 11379, 75538,20190723,    0,    0
 11379, 75538,20190724,    0,    0
 11379, 75538,20190725,    0,    0
 11379, 75538,20190726,   80,    0
 11379, 75538,20190727,    0,    0
 11379, 75538,20190728,  140,    0
 11379, 75538,20190729,  240,    0
 11379, 75538,20190730,    0,    0
 11379, 75538,20190731,    0,    0
 11379, 75538,20190801,    0,    0
 11379, 75538,20190802,    0,    0
 11379, 75538,20190803,   90,    0
 11379, 75538,20190804,    0,    0
 11379, 75538,20190805,    0,    0
 11379, 75538,20190806,    0,    0
 11379, 75538,20190807,    0,    0
 11379, 75538,20190808,    0,    0
 11379, 75538,20190809,    0,    0
 11379, 75538,20190810,    0,    0
 11379, 75538,20190811,    0,    0
 11379, 75538,20190812,    0,    0
 11379, 75538,20190813,    0,    0
 11379, 75538,20190814,   50,    0
 11379, 75538,20190815,    0,    0
 11379, 75538,20190816,    0,    0
 11379, 75538,20190817,    0,    0
 11379, 75538,20190818,    0,    0
 11379, 75538,20190819,    0,    0
 11379, 75538,20190820,    0,    0
 11379, 75538,20190821,    0,    0
 11379, 75538,20190822,    0,    0
 11379, 75538,20190823,    0,    0
 11379, 75538,20190824,   10,    0
 11379, 75538,20190825,    0,    0
 11379, 75538,20190826,    0,    0
 11379, 75538,20190827,    0,    0
 11379, 75538,20190828,    0,    0
 11379, 75538,20190829,    0,    0
 11379, 75538,20190830,    0,    0
 11379, 75538,20190831,    0,    0
 11379, 75538,20190901,    0,    0
 11379, 75538,20190902,    0,    0
 11379, 75538,20190903,    0,    0
 11379, 75538,20190904,   50,    0
 11379, 75538,20190905,    0,    0
 11379, 75538,20190906,   31,    0
 11379, 75538,20190907,    3,    0
 11379, 75538,20190908,    1,    0
 11379, 75538,20190909,   22,    0
 11379, 75538,20190910,    0,    0
 11379, 75538,20190911,    0,    0
 11379, 75538,20190912,    0,    0
 11379, 75538,20190913,    0,    0
 11379, 75538,20190914,    0,    0
 11379, 75538,20190915,    0,    0
 11379, 75538,20190916,    0,    0
 11379, 75538,20190917,    0,    0
 11379, 75538,20190918,    0,    0
 11379, 75538,20190919,   80,    0
 11379, 75538,20190920,    6,    0
 11379, 75538,20190921,    0,    0
 11379, 75538,20190922,    0,    0
 11379, 75538,20190923,  190,    0
 11379, 75538,20190924,  110,    0
 11379, 75538,20190925,    0,    0
 11379, 75538,20190926,    7,    0
 11379, 75538,20190927,    0,    0
 11379, 75538,20190928,    0,    0
 11379, 75538,20190929,    0,    0
 11379, 75538,20190930,    0,    0
 11379, 75538,20191001,    0,    0
 11379, 75538,20191002,    0,    0
 11379, 75538,20191003,  440,    0
 11379, 75538,20191004,   30,    0
 11379, 75538,20191005,   20,    0
 11379, 75538,20191006,    0,    0
 11379, 75538,20191007,    0,    0
 11379, 75538,20191008,    0,    0
 11379, 75538,20191009,    0,    0
 11379, 75538,20191010,    6,    0
 11379, 75538,20191011,    0,    0
 11379, 75538,20191012,    0,    0
 11379, 75538,20191013,    0,    0
 11379, 75538,20191014,    0,    0
 11379, 75538,20191015,    0,    0
 11379, 75538,20191016,    0,    0
 11379, 75538,20191017,    0,    0
 11379, 75538,20191018,    0,    0
 11379, 75538,20191019,    0,    0
 11379, 75538,20191020,    0,    0
 11379, 75538,20191021,    0,    0
 11379, 75538,20191022,    0,    0
 11379, 75538,20191023,    0,    0
 11379, 75538,20191024,    0,    0
 11379, 75538,20191025,    0,    0
 11379, 75538,20191026,    0,    0
 11379, 75538,20191027,    0,    0
 11379, 75538,20191028,    0,    0
 11379, 75538,20191029,    0,    0
 11379, 75538,20191030,    0,    0
 11379, 75538,20191031,    0,    0
 11379, 75538,20191101,    0,    0
 11379, 75538,20191102,  130,    0
 11379, 75538,20191103,  730,    0
 11379, 75538,20191104,  650,    0
 11379, 75538,20191105,  120,    0
 11379, 75538,20191106, 2340,    0
 11379, 75538,20191107,  150,    0
 11379, 75538,20191108,   80,    0
 11379, 75538,20191109,  200,    0
 11379, 75538,20191110,  420,    0
 11379, 75538,20191111,    3,    0
 11379, 75538,20191112,  230,    0
 11379, 75538,20191113,  530,    0
 11379, 75538,20191114,  364,    0
 11379, 75538,20191115,   12,    0
 11379, 75538,20191116,   10,    0
 11379, 75538,20191117,    0,    0
 11379, 75538,20191118,  150,    0
 11379, 75538,20191119,    1,    0
 11379, 75538,20191120,   90,    0
 11379, 75538,20191121,    5,    0
 11379, 75538,20191122,    0,    0
 11379, 75538,20191123,    0,    0
 11379, 75538,20191124,    0,    0
 11379, 75538,20191125,    0,    0
 11379, 75538,20191126,    0,    0
 11379, 75538,20191127,   10,    0
 11379, 75538,20191128,  460,    0
 11379, 75538,20191129,  160,    0
 11379, 75538,20191130,  170,    0
 11379, 75538,20191201,    0,    0
 11379, 75538,20191202,   10,    0
 11379, 75538,20191203,  270,    0
 11379, 75538,20191204,    0,    0
 11379, 75538,20191205,    0,    0
 11379, 75538,20191206,    0,    0
 11379, 75538,20191207,  120,    0
 11379, 75538,20191208,    0,    0
 11379, 75538,20191209,    4,    0
 11379, 75538,20191210,   57,    0
 11379, 75538,20191211,    7,    0
 11379, 75538,20191212,    3,    0
 11379, 75538,20191213,  130,    0
 11379, 75538,20191214,  140,    0
 11379, 75538,20191215,    0,    0
 11379, 75538,20191216,    0,    0
 11379, 75538,20191217,    0,    0
 11379, 75538,20191218,    0,    0
 11379, 75538,20191219,    0,    0
 11379, 75538,20191220,  230,    0
 11379, 75538,20191221,  410,    0
 11379, 75538,20191222,  810,    0
 11379, 75538,20191223,  160,    0
 11379, 75538,20191224,    2,    0
 11379, 75538,20191225,    0,    0
 11379, 75538,20191226,    1,    0
 11379, 75538,20191227,    0,    0
 11379, 75538,20191228,    0,    0
 11379, 75538,20191229,   10,    0
 11379, 75538,20191230,   11,    0
 11379, 75538,20191231,    0,    0
 11379, 75538,20200101,    0,    0
 11379, 75538,20200102,    0,    0
 11379, 75538,20200103,    0,    0
 11379, 75538,20200104,    0,    0
 11379, 75538,20200105,   30,    0
 11379, 75538,20200106,   20,    0
 11379, 75538,20200107,    0,    0
 11379, 75538,20200108,    0,    0
 11379, 75538,20200109,    0,    0
 11379, 75538,20200110,    0,    0
 11379, 75538,20200111,    0,    0
 11379, 75538,20200112,    0,    0
 11379, 75538,20200113,    0,    0
 11379, 75538,20200114,    0,    0
 11379, 75538,20200115,    0,    0
 11379, 75538,20200116,    0,    0
 11379, 75538,20200117,    0,    0
 11379, 75538,20200118,    0,    0
 11379, 75538,20200119,    0,    0
 11379, 75538,20200120,    0,    0
 11379, 75538,20200121,    0,    0
 11379, 75538,20200122,    0,    0
 11379, 75538,20200123,-9999,    9
 11379, 75538,20200124,    0,    0
 11379, 75538,20200125,   30,    0
 11379, 75538,20200126,  110,    0
 11379, 75538,20200127,  250,    0
 11379, 75538,20200128,   30,    0
 11379, 75538,20200129,  190,    0
 11379, 75538,20200130,   20,    0
 11379, 75538,20200131,    0,    0
 11379, 75538,20200201,    0,    0
 11379, 75538,20200202,    0,    0
 11379, 75538,20200203,    0,    0
 11379, 75538,20200204,  120,    0
 11379, 75538,20200205,  140,    0
 11379, 75538,20200206,    1,    0
 11379, 75538,20200207,    0,    0
 11379, 75538,20200208,    0,    0
 11379, 75538,20200209,    0,    0
 11379, 75538,20200210,   20,    0
 11379, 75538,20200211,   21,    0
 11379, 75538,20200212,   30,    0
 11379, 75538,20200213,    0,    0
 11379, 75538,20200214,   78,    0
 11379, 75538,20200215,    3,    0
 11379, 75538,20200216,    0,    0
 11379, 75538,20200217,    0,    0
 11379, 75538,20200218,    0,    0
 11379, 75538,20200219,    0,    0
 11379, 75538,20200220,  110,    0
 11379, 75538,20200221,    0,    0
 11379, 75538,20200222,    4,    0
 11379, 75538,20200223,    0,    0
 11379, 75538,20200224,    0,    0
 11379, 75538,20200225,    0,    0
 11379, 75538,20200226,  230,    0
 11379, 75538,20200227,  260,    0
 11379, 75538,20200228,  130,    0
 11379, 75538,20200229,    0,    0
 11379, 75538,20200301,   20,    0
 11379, 75538,20200302,  341,    0
 11379, 75538,20200303,  590,    0
 11379, 75538,20200304,  210,    0
 11379, 75538,20200305,    2,    0
 11379, 75538,20200306,  180,    0
 11379, 75538,20200307,  190,    0
 11379, 75538,20200308,  140,    0
 11379, 75538,20200309,    0,    0
 11379, 75538,20200310,    1,    0
 11379, 75538,20200311,    2,    0
 11379, 75538,20200312,    0,    0
 11379, 75538,20200313,    0,    0
 11379, 75538,20200314,   10,    0
 11379, 75538,20200315,   12,    0
 11379, 75538,20200316,    0,    0
 11379, 75538,20200317,    0,    0
 11379, 75538,20200318,    0,    0
 11379, 75538,20200319,    0,    0
 11379, 75538,20200320,    0,    0
 11379, 75538,20200321,    0,    0
 11379, 75538,20200322,    0,    0
 11379, 75538,20200323,   22,    0
 11379, 75538,20200324,   21,    0
 11379, 75538,20200325,   20,    0
 11379, 75538,20200326,    0,    0
 11379, 75538,20200327,    0,    0
 11379, 75538,20200328,    1,    0
 11379, 75538,20200329,    0,    0
 11379, 75538,20200330,    0,    0
 11379, 75538,20200331,   20,    0
 11379, 75538,20200401,  100,    0
 11379, 75538,20200402,    0,    0
 11379, 75538,20200403,    0,    0
 11379, 75538,20200404,    5,    0
 11379, 75538,20200405,    0,    0
 11379, 75538,20200406,    0,    0
 11379, 75538,20200407,    0,    0
 11379, 75538,20200408,    0,    0
 11379, 75538,20200409,    0,    0
 11379, 75538,20200410,    0,    0
 11379, 75538,20200411,    0,    0
 11379, 75538,20200412,    0,    0
 11379, 75538,20200413,    0,    0
 11379, 75538,20200414,  170,    0
 11379, 75538,20200415,   31,    0
 11379, 75538,20200416,    0,    0
 11379, 75538,20200417,    0,    0
 11379, 75538,20200418,    0,    0
 11379, 75538,20200419,    0,    0
 11379, 75538,20200420,    3,    0
 11379, 75538,20200421,  120,    0
 11379, 75538,20200422,   30,    0
 11379, 75538,20200423,    0,    0
 11379, 75538,20200424,    0,    0
 11379, 75538,20200425,    0,    0
 11379, 75538,20200426,    0,    0
 11379, 75538,20200427,    0,    0
 11379, 75538,20200428,    0,    0
 11379, 75538,20200429,  200,    0
 11379, 75538,20200430,    6,    0
 11379, 75538,20200501,    2,    0
 11379, 75538,20200502,  220,    0
 11379, 75538,20200503,    2,    0
 11379, 75538,20200504,    0,    0
 11379, 75538,20200505,    0,    0
 11379, 75538,20200506,   65,    0
 11379, 75538,20200507,    0,    0
 11379, 75538,20200508,    0,    0
 11379, 75538,20200509,    0,    0
 11379, 75538,20200510,    0,    0
 11379, 75538,20200511,    0,    0
 11379, 75538,20200512,    3,    0
 11379, 75538,20200513,    0,    0
 11379, 75538,20200514,    4,    0
 11379, 75538,20200515,    0,    0
 11379, 75538,20200516,    0,    0
 11379, 75538,20200517,    0,    0
 11379, 75538,20200518,    0,    0
 11379, 75538,20200519,    0,    0
 11379, 75538,20200520,    5,    0
 11379, 75538,20200521,   40,    0
 11379, 75538,20200522,    0,    0
 11379, 75538,20200523,    0,    0
 11379, 75538,20200524,   60,    0
 11379, 75538,20200525,    0,    0
 11379, 75538,20200526,   60,    0
 11379, 75538,20200527,   36,    0
 11379, 75538,20200528,   70,    0
 11379, 75538,20200529,    4,    0
 11379, 75538,20200530,   20,    0
 11379, 75538,20200531,   20,    0
 11379, 75538,20200601,   13,    0
 11379, 75538,20200602,    6,    0
 11379, 75538,20200603,   40,    0
 11379, 75538,20200604,    0,    0
 11379, 75538,20200605,   30,    0
 11379, 75538,20200606,  110,    0
 11379, 75538,20200607,    0,    0
 11379, 75538,20200608,    0,    0
 11379, 75538,20200609,    0,    0
 11379, 75538,20200610,   10,    0
 11379, 75538,20200611,    0,    0
 11379, 75538,20200612,    0,    0
 11379, 75538,20200613,    0,    0
 11379, 75538,20200614,    0,    0
 11379, 75538,20200615,   60,    0
 11379, 75538,20200616,   25,    0
 11379, 75538,20200617,   23,    0
 11379, 75538,20200618,    8,    0
 11379, 75538,20200619,    0,    0
 11379, 75538,20200620,   70,    0
 11379, 75538,20200621,    5,    0
 11379, 75538,20200622,   42,    0
 11379, 75538,20200623,  150,    0
 11379, 75538,20200624,    4,    0
 11379, 75538,20200625,    0,    0
 11379, 75538,20200626,    0,    0
 11379, 75538,20200627,   70,    0
 11379, 75538,20200628,    7,    0
 11379, 75538,20200629,    0,    0
 11379, 75538,20200630,    0,    0
 11379, 75538,20200701,-9999,    9
 11379, 75538,20200702,-9999,    9
 11379, 75538,20200703,-9999,    9
 11379, 75538,20200704,-9999,    9
 11379, 75538,20200705,-9999,    9
 11379, 75538,20200706,-9999,    9
 11379, 75538,20200707,-9999,    9
 11379, 75538,20200708,-9999,    9
 11379, 75538,20200709,-9999,    9
 11379, 75538,20200710,-9999,    9
 11379, 75538,20200711,-9999,    9
 11379, 75538,20200712,-9999,    9
 11379, 75538,20200713,-9999,    9
 11379, 75538,20200714,-9999,    9
 11379, 75538,20200715,-9999,    9
 11379, 75538,20200716,   30,    0
 11379, 75538,20200717,   20,    0
 11379, 75538,20200718,  125,    0
 11379, 75538,20200719,   60,    0
 11379, 75538,20200720,    0,    0
 11379, 75538,20200721,    0,    0
 11379, 75538,20200722,-9999,    9
 11379, 75538,20200723,   60,    0
 11379, 75538,20200724,    8,    0
 11379, 75538,20200725,   80,    0
 11379, 75538,20200726,   21,    0
 11379, 75538,20200727,    0,    0
 11379, 75538,20200728,    0,    0
 11379, 75538,20200729,    0,    0
 11379, 75538,20200730,    0,    0
 11379, 75538,20200731,   70,    0
 11379, 75538,20200801,    0,    0
 11379, 75538,20200802,    0,    0
 11379, 75538,20200803,    0,    0
 11379, 75538,20200804,    0,    0
 11379, 75538,20200805,  266,    0
 11379, 75538,20200806,   40,    0
 11379, 75538,20200807,    5,    0
 11379, 75538,20200808,   62,    0
 11379, 75538,20200809,    4,    0
 11379, 75538,20200810,   20,    0
 11379, 75538,20200811,    0,    0
 11379, 75538,20200812,   20,    0
 11379, 75538,20200813,    0,    0
 11379, 75538,20200814,   20,    0
 11379, 75538,20200815,   21,    0
 11379, 75538,20200816,    0,    0
 11379, 75538,20200817,    0,    0
 11379, 75538,20200818,   62,    0
 11379, 75538,20200819,   40,    0
 11379, 75538,20200820,    0,    0
 11379, 75538,20200821,    0,    0
 11379, 75538,20200822,    0,    0
 11379, 75538,20200823,    4,    0
 11379, 75538,20200824,    1,    0
 11379, 75538,20200825,  100,    0
 11379, 75538,20200826,    0,    0
 11379, 75538,20200827,    0,    0
 11379, 75538,20200828,    0,    0
 11379, 75538,20200829,    0,    0
 11379, 75538,20200830,    0,    0
 11379, 75538,20200831,    0,    0
 11379, 75538,20200901,   10,    0
 11379, 75538,20200902,    0,    0
 11379, 75538,20200903,    0,    0
 11379, 75538,20200904,   40,    0
 11379, 75538,20200905,    0,    0
 11379, 75538,20200906,    0,    0
 11379, 75538,20200907,    0,    0
 11379, 75538,20200908,    0,    0
 11379, 75538,20200909,    0,    0
 11379, 75538,20200910,    0,    0
 11379, 75538,20200911,    0,    0
 11379, 75538,20200912,    0,    0
 11379, 75538,20200913,    0,    0
 11379, 75538,20200914,    0,    0
 11379, 75538,20200915,    0,    0
 11379, 75538,20200916,    0,    0
 11379, 75538,20200917,    0,    0
 11379, 75538,20200918,    0,    0
 11379, 75538,20200919,    0,    0
 11379, 75538,20200920,    0,    0
 11379, 75538,20200921,    0,    0
 11379, 75538,20200922,    0,    0
 11379, 75538,20200923,  220,    0
 11379, 75538,20200924,   30,    0
 11379, 75538,20200925, 1190,    0
 11379, 75538,20200926,  850,    0
 11379, 75538,20200927,  130,    0
 11379, 75538,20200928,  620,    0
 11379, 75538,20200929,   50,    0
 11379, 75538,20200930,    3,    0
 11379, 75538,20201001,    6,    0
 11379, 75538,20201002,    0,    0
 11379, 75538,20201003,    5,    0
 11379, 75538,20201004,  370,    0
 11379, 75538,20201005,   90,    0
 11379, 75538,20201006,  880,    0
 11379, 75538,20201007,  350,    0
 11379, 75538,20201008,   11,    0
 11379, 75538,20201009,    0,    0
 11379, 75538,20201010,    0,    0
 11379, 75538,20201011,    0,    0
 11379, 75538,20201012,  355,    0
 11379, 75538,20201013,  310,    0
 11379, 75538,20201014,   80,    0
 11379, 75538,20201015,  510,    0
 11379, 75538,20201016,  150,    0
 11379, 75538,20201017,   20,    0
 11379, 75538,20201018,   10,    0
 11379, 75538,20201019,    0,    0
 11379, 75538,20201020,    0,    0
 11379, 75538,20201021,    0,    0
 11379, 75538,20201022,    0,    0
 11379, 75538,20201023,    0,    0
 11379, 75538,20201024,    0,    0
 11379, 75538,20201025,  130,    0
 11379, 75538,20201026,    0,    0
 11379, 75538,20201027,    0,    0
 11379, 75538,20201028,    0,    0
 11379, 75538,20201029,    0,    0
 11379, 75538,20201030,    0,    0
 11379, 75538,20201031,    0,    0
 11379, 75538,20201101,    0,    0
 11379, 75538,20201102,    0,    0
 11379, 75538,20201103,    0,    0
 11379, 75538,20201104,    0,    0
 11379, 75538,20201105,    2,    0
 11379, 75538,20201106,    1,    0
 11379, 75538,20201107,    0,    0
 11379, 75538,20201108,    0,    0
 11379, 75538,20201109,    0,    0
 11379, 75538,20201110,    0,    0
 11379, 75538,20201111,    0,    0
 11379, 75538,20201112,    0,    0
 11379, 75538,20201113,    2,    0
 11379, 75538,20201114,    0,    0
 11379, 75538,20201115,    0,    0
 11379, 75538,20201116,    0,    0
 11379, 75538,20201117,    0,    0
 11379, 75538,20201118,    1,    0
 11379, 75538,20201119,    0,    0
 11379, 75538,20201120,    0,    0
 11379, 75538,20201121,    8,    0
 11379, 75538,20201122,    0,    0
 11379, 75538,20201123,    0,    0
 11379, 75538,20201124,    0,    0
 11379, 75538,20201125,    0,    0
 11379, 75538,20201126,    0,    0
 11379, 75538,20201127,    0,    0
 11379, 75538,20201128,    0,    0
 11379, 75538,20201129,    0,    0
 11379, 75538,20201130,    0,    0
 11379, 75538,20201201,-9999,    9
 11379, 75538,20201202,-9999,    9
 11379, 75538,20201203,-9999,    9
 11379, 75538,20201204,-9999,    9
 11379, 75538,20201205,-9999,    9
 11379, 75538,20201206,-9999,    9
 11379, 75538,20201207,-9999,    9
 11379, 75538,20201208,-9999,    9
 11379, 75538,20201209,-9999,    9
 11379, 75538,20201210,-9999,    9
 11379, 75538,20201211,-9999,    9
 11379, 75538,20201212,-9999,    9
 11379, 75538,20201213,-9999,    9
 11379, 75538,20201214,-9999,    9
 11379, 75538,20201215,-9999,    9
 11379, 75538,20201216,    0,    0
 11379, 75538,20201217,    0,    0
 11379, 75538,20201218,    0,    0
 11379, 75538,20201219,    0,    0
 11379, 75538,20201220,    0,    0
 11379, 75538,20201221,    1,    0
 11379, 75538,20201222,    0,    0
 11379, 75538,20201223,    0,    0
 11379, 75538,20201224,   20,    0
 11379, 75538,20201225,  170,    0
 11379, 75538,20201226,  740,    0
 11379, 75538,20201227,  160,    0
 11379, 75538,20201228,  330,    0
 11379, 75538,20201229,  920,    0
 11379, 75538,20201230,  790,    0
 11379, 75538,20201231,  370,    0
 11379, 75538,20210101,    2,    0
 11379, 75538,20210102,    3,    0
 11379, 75538,20210103,  270,    0
 11379, 75538,20210104,  225,    0
 11379, 75538,20210105,   20,    0
 11379, 75538,20210106,  430,    0
 11379, 75538,20210107,  390,    0
 11379, 75538,20210108,  560,    0
 11379, 75538,20210109,   60,    0
 11379, 75538,20210110,  380,    0
 11379, 75538,20210111,  460,    0
 11379, 75538,20210112,    0,    0
 11379, 75538,20210113,   30,    0
 11379, 75538,20210114,   20,    0
 11379, 75538,20210115,    0,    0
 11379, 75538,20210116,    1,    0
 11379, 75538,20210117,    1,    0
 11379, 75538,20210118,    0,    0
 11379, 75538,20210119,    1,    0
 11379, 75538,20210120,    0,    0
 11379, 75538,20210121,   60,    0
 11379, 75538,20210122,  470,    0
 11379, 75538,20210123,  670,    0
 11379, 75538,20210124,  520,    0
 11379, 75538,20210125,  500,    0
 11379, 75538,20210126,  180,    0
 11379, 75538,20210127,    7,    0
 11379, 75538,20210128,    0,    0
 11379, 75538,20210129,   50,    0
 11379, 75538,20210130,  273,    0
 11379, 75538,20210131,  300,    0
 11379, 75538,20210201,  270,    0
 11379, 75538,20210202,   44,    0
 11379, 75538,20210203,    0,    0
 11379, 75538,20210204,    1,    0
 11379, 75538,20210205,    0,    0
 11379, 75538,20210206,    0,    0
 11379, 75538,20210207,    0,    0
 11379, 75538,20210208,  760,    0
 11379, 75538,20210209,  410,    0
 11379, 75538,20210210,  490,    0
 11379, 75538,20210211,  670,    0
 11379, 75538,20210212,    0,    0
 11379, 75538,20210213,   42,    0
 11379, 75538,20210214,   30,    0
 11379, 75538,20210215,   10,    0
 11379, 75538,20210216,    0,    0
 11379, 75538,20210217,    7,    0
 11379, 75538,20210218,   10,    0
 11379, 75538,20210219,    0,    0
 11379, 75538,20210220,    2,    0
 11379, 75538,20210221,    1,    0
 11379, 75538,20210222,    0,    0
 11379, 75538,20210223,    0,    0
 11379, 75538,20210224,    0,    0
 11379, 75538,20210225,    0,    0
 11379, 75538,20210226,    0,    0
 11379, 75538,20210227,    0,    0
 11379, 75538,20210228,    0,    0
 11379, 75538,20210301,    0,    0
 11379, 75538,20210302,    0,    0
 11379, 75538,20210303,    0,    0
 11379, 75538,20210304,    0,    0
 11379, 75538,20210305,    0,    0
 11379, 75538,20210306,   20,    0
 11379, 75538,20210307,    0,    0
 11379, 75538,20210308,    0,    0
 11379, 75538,20210309,  110,    0
 11379, 75538,20210310,  260,    0
 11379, 75538,20210311,    6,    0
 11379, 75538,20210312,    0,    0
 11379, 75538,20210313,  130,    0
 11379, 75538,20210314,  120,    0
 11379, 75538,20210315,  280,    0
 11379, 75538,20210316,   10,    0
 11379, 75538,20210317,   21,    0
 11379, 75538,20210318,    0,    0
 11379, 75538,20210319,    3,    0
 11379, 75538,20210320,   10,    0
 11379, 75538,20210321,   12,    0
 11379, 75538,20210322,  101,    0
 11379, 75538,20210323,    6,    0
 11379, 75538,20210324,   14,    0
 11379, 75538,20210325,    5,    0
 11379, 75538,20210326,    0,    0
 11379, 75538,20210327,    0,    0
 11379, 75538,20210328,    0,    0
 11379, 75538,20210329,    1,    0
 11379, 75538,20210330,    0,    0
 11379, 75538,20210331,    0,    0
 11379, 75538,20210401,    0,    0
 11379, 75538,20210402,   90,    0
 11379, 75538,20210403,  410,    0
 11379, 75538,20210404,   94,    0
 11379, 75538,20210405,    0,    0
 11379, 75538,20210406,    2,    0
 11379, 75538,20210407,  410,    0
 11379, 75538,20210408,    1,    0
 11379, 75538,20210409,    0,    0
 11379, 75538,20210410,    0,    0
 11379, 75538,20210411,    1,    0
 11379, 75538,20210412,    0,    0
 11379, 75538,20210413,  220,    0
 11379, 75538,20210414,  112,    0
 11379, 75538,20210415,    0,    0
 11379, 75538,20210416,    0,    0
 11379, 75538,20210417,    8,    0
 11379, 75538,20210418,   14,    0
 11379, 75538,20210419,   10,    0
 11379, 75538,20210420,    2,    0
 11379, 75538,20210421,    0,    0
 11379, 75538,20210422,   30,    0
 11379, 75538,20210423,  200,    0
 11379, 75538,20210424,    0,    0
 11379, 75538,20210425,    0,    0
 11379, 75538,20210426,    0,    0
 11379, 75538,20210427,    0,    0
 11379, 75538,20210428,    0,    0
 11379, 75538,20210429,    0,    0
 11379, 75538,20210430,    0,    0
 11379, 75538,20210501,   80,    0
 11379, 75538,20210502,   80,    0
 11379, 75538,20210503,    0,    0
 11379, 75538,20210504,    0,    0
 11379, 75538,20210505,    0,    0
 11379, 75538,20210506,    0,    0
 11379, 75538,20210507,    0,    0
 11379, 75538,20210508,    0,    0
 11379, 75538,20210509,    0,    0
 11379, 75538,20210510,    0,    0
 11379, 75538,20210511,    0,    0
 11379, 75538,20210512,   80,    0
 11379, 75538,20210513,  192,    0
 11379, 75538,20210514,  130,    0
 11379, 75538,20210515,  143,    0
 11379, 75538,20210516,    0,    0
 11379, 75538,20210517,   40,    0
 11379, 75538,20210518,    0,    0
 11379, 75538,20210519,    0,    0
 11379, 75538,20210520,   70,    0
 11379, 75538,20210521,    5,    0
 11379, 75538,20210522,    0,    0
 11379, 75538,20210523,    0,    0
 11379, 75538,20210524,    0,    0
 11379, 75538,20210525,    0,    0
 11379, 75538,20210526,    0,    0
 11379, 75538,20210527,    0,    0
 11379, 75538,20210528,    0,    0
 11379, 75538,20210529,    0,    0
 11379, 75538,20210530,   40,    0
 11379, 75538,20210531,    0,    0
 11379, 75538,20210601,   12,    0
 11379, 75538,20210602,    0,    0
 11379, 75538,20210603,    0,    0
 11379, 75538,20210604,    0,    0
 11379, 75538,20210605,    0,    0
 11379, 75538,20210606,    4,    0
 11379, 75538,20210607,   40,    0
 11379, 75538,20210608,   10,    0
 11379, 75538,20210609,    7,    0
 11379, 75538,20210610,    2,    0
 11379, 75538,20210611,   10,    0
 11379, 75538,20210612,    5,    0
 11379, 75538,20210613,    5,    0
 11379, 75538,20210614,    0,    0
 11379, 75538,20210615,    0,    0
 11379, 75538,20210616,    0,    0
 11379, 75538,20210617,    7,    0
 11379, 75538,20210618,    0,    0
 11379, 75538,20210619,    0,    0
 11379, 75538,20210620,    0,    0
 11379, 75538,20210621,   30,    0
 11379, 75538,20210622,    0,    0
 11379, 75538,20210623,    0,    0
 11379, 75538,20210624,    0,    0
 11379, 75538,20210625,-9999,    9
 11379, 75538,20210626,    0,    0
 11379, 75538,20210627,    0,    0
 11379, 75538,20210628,    0,    0
 11379, 75538,20210629,    0,    0
 11379, 75538,20210630,    0,    0
 11379, 75538,20210701,   20,    0
 11379, 75538,20210702,    0,    0
 11379, 75538,20210703,   10,    0
 11379, 75538,20210704,    0,    0
 11379, 75538,20210705,   50,    0
 11379, 75538,20210706,    0,    0
 11379, 75538,20210707,    0,    0
 11379, 75538,20210708,    0,    0
 11379, 75538,20210709,    0,    0
 11379, 75538,20210710,    0,    0
 11379, 75538,20210711,    0,    0
 11379, 75538,20210712,    0,    0
 11379, 75538,20210713,    0,    0
 11379, 75538,20210714,    0,    0
 11379, 75538,20210715,    0,    0
 11379, 75538,20210716,    0,    0
 11379, 75538,20210717,    0,    0
 11379, 75538,20210718,   50,    0
 11379, 75538,20210719,   90,    0
 11379, 75538,20210720,    0,    0
 11379, 75538,20210721,    0,    0
 11379, 75538,20210722,    0,    0
 11379, 75538,20210723,    0,    0
 11379, 75538,20210724,    0,    0
 11379, 75538,20210725,    0,    0
 11379, 75538,20210726,    0,    0
 11379, 75538,20210727,    0,    0
 11379, 75538,20210728,    0,    0
 11379, 75538,20210729,    0,    0
 11379, 75538,20210730,    0,    0
 11379, 75538,20210731,    0,    0
 11379, 75538,20210801,    0,    0
 11379, 75538,20210802,    0,    0
 11379, 75538,20210803,    0,    0
 11379, 75538,20210804,    0,    0
 11379, 75538,20210805,    0,    0
 11379, 75538,20210806,    9,    0
 11379, 75538,20210807,   10,    0
 11379, 75538,20210808,    0,    0
 11379, 75538,20210809,-9999,    9
 11379, 75538,20210810,    0,    0
 11379, 75538,20210811,  150,    0
 11379, 75538,20210812,    0,    0
 11379, 75538,20210813,    0,    0
 11379, 75538,20210814,    0,    0
 11379, 75538,20210815,    0,    0
 11379, 75538,20210816,    0,    0
 11379, 75538,20210817,    0,    0
 11379, 75538,20210818,   20,    0
 11379, 75538,20210819,    0,    0
 11379, 75538,20210820,    0,    0
 11379, 75538,20210821,    0,    0
 11379, 75538,20210822,    0,    0
 11379, 75538,20210823,    0,    0
 11379, 75538,20210824,    0,    0
 11379, 75538,20210825,  290,    0
 11379, 75538,20210826,   30,    0
 11379, 75538,20210827,    0,    0
 11379, 75538,20210828,   90,    0
 11379, 75538,20210829,  337,    0
 11379, 75538,20210830,    0,    0
 11379, 75538,20210831,    0,    0
 11379, 75538,20210901,    0,    0
 11379, 75538,20210902,    0,    0
 11379, 75538,20210903,    0,    0
 11379, 75538,20210904,    0,    0
 11379, 75538,20210905,    0,    0
 11379, 75538,20210906,    0,    0
 11379, 75538,20210907,    0,    0
 11379, 75538,20210908,    0,    0
 11379, 75538,20210909,    0,    0
 11379, 75538,20210910,    0,    0
 11379, 75538,20210911,    0,    0
 11379, 75538,20210912,    0,    0
 11379, 75538,20210913,    0,    0
 11379, 75538,20210914,    0,    0
 11379, 75538,20210915,    0,    0
 11379, 75538,20210916,    6,    0
 11379, 75538,20210917,    1,    0
 11379, 75538,20210918,  450,    0
 11379, 75538,20210919,    2,    0
 11379, 75538,20210920,   30,    0
 11379, 75538,20210921,   40,    0
 11379, 75538,20210922,    0,    0
 11379, 75538,20210923,    1,    0
 11379, 75538,20210924,    0,    0
 11379, 75538,20210925,    0,    0
 11379, 75538,20210926,    0,    0
 11379, 75538,20210927,    0,    0
 11379, 75538,20210928,    0,    0
 11379, 75538,20210929,    0,    0
 11379, 75538,20210930,    3,    0
 11379, 75538,20211001,    0,    0
 11379, 75538,20211002,    0,    0
 11379, 75538,20211003,    0,    0
 11379, 75538,20211004,    0,    0
 11379, 75538,20211005,    0,    0
 11379, 75538,20211006,  150,    0
 11379, 75538,20211007,  150,    0
 11379, 75538,20211008,    0,    0
 11379, 75538,20211009,   28,    0
 11379, 75538,20211010,   80,    0
 11379, 75538,20211011,  140,    0
 11379, 75538,20211012,   14,    0
 11379, 75538,20211013,    4,    0
 11379, 75538,20211014,    1,    0
 11379, 75538,20211015,   28,    0
 11379, 75538,20211016,    7,    0
 11379, 75538,20211017,    0,    0
 11379, 75538,20211018,    0,    0
 11379, 75538,20211019,    0,    0
 11379, 75538,20211020,    0,    0
 11379, 75538,20211021,    0,    0
 11379, 75538,20211022,   12,    0
 11379, 75538,20211023,  110,    0
 11379, 75538,20211024,    2,    0
 11379, 75538,20211025,    0,    0
 11379, 75538,20211026,    0,    0
 11379, 75538,20211027,    0,    0
 11379, 75538,20211028,    0,    0
 11379, 75538,20211029,    0,    0
 11379, 75538,20211030,    0,    0
 11379, 75538,20211031,    0,    0
 11379, 75538,20211101,    0,    0
 11379, 75538,20211102,  130,    0
 11379, 75538,20211103,   40,    0
 11379, 75538,20211104,  230,    0
 11379, 75538,20211105,  172,    0
 11379, 75538,20211106,   40,    0
 11379, 75538,20211107,    0,    0
 11379, 75538,20211108,   10,    0
 11379, 75538,20211109,    4,    0
 11379, 75538,20211110,    0,    0
 11379, 75538,20211111,    0,    0
 11379, 75538,20211112,    0,    0
 11379, 75538,20211113,    0,    0
 11379, 75538,20211114,   10,    0
 11379, 75538,20211115,    3,    0
 11379, 75538,20211116,    0,    0
 11379, 75538,20211117,    0,    0
 11379, 75538,20211118,    2,    0
 11379, 75538,20211119,    0,    0
 11379, 75538,20211120,    0,    0
 11379, 75538,20211121,    0,    0
 11379, 75538,20211122,  124,    0
 11379, 75538,20211123,    8,    0
 11379, 75538,20211124,    0,    0
 11379, 75538,20211125,    3,    0
 11379, 75538,20211126,  300,    0
 11379, 75538,20211127,  590,    0
 11379, 75538,20211128,  720,    0
 11379, 75538,20211129,  300,    0
 11379, 75538,20211130,   93,    0
 11379, 75538,20211201,    0,    0
 11379, 75538,20211202,  350,    0
 11379, 75538,20211203,  480,    0
 11379, 75538,20211204,   44,    0
 11379, 75538,20211205,  280,    0
 11379, 75538,20211206,  490,    0
 11379, 75538,20211207,   47,    0
 11379, 75538,20211208,    1,    0
 11379, 75538,20211209,  500,    0
 11379, 75538,20211210,  290,    0
 11379, 75538,20211211,  120,    0
 11379, 75538,20211212,   90,    0
 11379, 75538,20211213,    0,    0
 11379, 75538,20211214,    0,    0
 11379, 75538,20211215,    0,    0
 11379, 75538,20211216,    0,    0
 11379, 75538,20211217,    0,    0
 11379, 75538,20211218,   34,    0
 11379, 75538,20211219,    1,    0
 11379, 75538,20211220,    0,    0
 11379, 75538,20211221,    0,    0
 11379, 75538,20211222,    0,    0
 11379, 75538,20211223,    0,    0
 11379, 75538,20211224,   26,    0
 11379, 75538,20211225,  170,    0
 11379, 75538,20211226,  500,    0
 11379, 75538,20211227,  680,    0
 11379, 75538,20211228,    0,    0
 11379, 75538,20211229,   16,    0
 11379, 75538,20211230,   14,    0
 11379, 75538,20211231,    0,    0
 11379, 75538,20220101,    0,    0
 11379, 75538,20220102,    0,    0
 11379, 75538,20220103,    0,    0
 11379, 75538,20220104,    0,    0
 11379, 75538,20220105,   40,    0
 11379, 75538,20220106,  420,    0
 11379, 75538,20220107,  140,    0
 11379, 75538,20220108,   80,    0
 11379, 75538,20220109,   96,    0
 11379, 75538,20220110,   10,    0
 11379, 75538,20220111,    7,    0
 11379, 75538,20220112,    2,    0
 11379, 75538,20220113,    3,    0
 11379, 75538,20220114,    0,    0
 11379, 75538,20220115,    0,    0
 11379, 75538,20220116,    0,    0
 11379, 75538,20220117,    0,    0
 11379, 75538,20220118,    4,    0
 11379, 75538,20220119,    0,    0
 11379, 75538,20220120,   30,    0
 11379, 75538,20220121,   36,    0
 11379, 75538,20220122,   10,    0
 11379, 75538,20220123,    6,    0
 11379, 75538,20220124,    5,    0
 11379, 75538,20220125,    0,    0
 11379, 75538,20220126,    0,    0
 11379, 75538,20220127,    0,    0
 11379, 75538,20220128,    1,    0
 11379, 75538,20220129,   11,    0
 11379, 75538,20220130,    0,    0
 11379, 75538,20220131,    0,    0
 11379, 75538,20220201,  180,    0
 11379, 75538,20220202,    2,    0
 11379, 75538,20220203,   30,    0
 11379, 75538,20220204,    0,    0
 11379, 75538,20220205,    1,    0
 11379, 75538,20220206,    0,    0
 11379, 75538,20220207,  110,    0
 11379, 75538,20220208,   32,    0
 11379, 75538,20220209,    0,    0
 11379, 75538,20220210,    0,    0
 11379, 75538,20220211,    0,    0
 11379, 75538,20220212,    0,    0
 11379, 75538,20220213,   20,    0
 11379, 75538,20220214,    2,    0
 11379, 75538,20220215,  160,    0
 11379, 75538,20220216,  420,    0
 11379, 75538,20220217,    0,    0
 11379, 75538,20220218,    0,    0
 11379, 75538,20220219,    0,    0
 11379, 75538,20220220,  156,    0
 11379, 75538,20220221,   75,    0
 11379, 75538,20220222,  170,    0
 11379, 75538,20220223,    1,    0
 11379, 75538,20220224,    0,    0
 11379, 75538,20220225,    0,    0
 11379, 75538,20220226,    1,    0
 11379, 75538,20220227,   50,    0
 11379, 75538,20220228,   23,    0
 11379, 75538,20220301,   10,    0
 11379, 75538,20220302,    5,    0
 11379, 75538,20220303,    0,    0
 11379, 75538,20220304,    0,    0
 11379, 75538,20220305,    4,    0
 11379, 75538,20220306,   78,    0
 11379, 75538,20220307,   12,    0
 11379, 75538,20220308,    0,    0
 11379, 75538,20220309,    7,    0
 11379, 75538,20220310,   20,    0
 11379, 75538,20220311,    0,    0
 11379, 75538,20220312,    0,    0
 11379, 75538,20220313,    0,    0
 11379, 75538,20220314,    0,    0
 11379, 75538,20220315,    0,    0
 11379, 75538,20220316,    0,    0
 11379, 75538,20220317,    0,    0
 11379, 75538,20220318,    0,    0
 11379, 75538,20220319,    0,    0
 11379, 75538,20220320,    0,    0
 11379, 75538,20220321,    0,    0
 11379, 75538,20220322,    0,    0
 11379, 75538,20220323,    0,    0
 11379, 75538,20220324,    0,    0
 11379, 75538,20220325,    0,    0
 11379, 75538,20220326,    0,    0
 11379, 75538,20220327,    0,    0
 11379, 75538,20220328,    0,    0
 11379, 75538,20220329,    0,    0
 11379, 75538,20220330,    3,    0
 11379, 75538,20220331,  680,    0
 11379, 75538,20220401,  410,    0
 11379, 75538,20220402,  170,    0
 11379, 75538,20220403,   90,    0
 11379, 75538,20220404,    0,    0
 11379, 75538,20220405,    0,    0
 11379, 75538,20220406,    0,    0
 11379, 75538,20220407,   60,    0
 11379, 75538,20220408,    0,    0
 11379, 75538,20220409,    6,    0
 11379, 75538,20220410,  280,    0
 11379, 75538,20220411,    0,    0
 11379, 75538,20220412,    0,    0
 11379, 75538,20220413,    0,    0
 11379, 75538,20220414,    0,    0
 11379, 75538,20220415,    0,    0
 11379, 75538,20220416,    8,    0
 11379, 75538,20220417,   54,    0
 11379, 75538,20220418,   10,    0
 11379, 75538,20220419,    0,    0
 11379, 75538,20220420,  200,    0
 11379, 75538,20220421,   42,    0
 11379, 75538,20220422,  340,    0
 11379, 75538,20220423,  256,    0
 11379, 75538,20220424,    0,    0
 11379, 75538,20220425,-9999,    9
 11379, 75538,20220426,    0,    0
 11379, 75538,20220427,    0,    0
 11379, 75538,20220428,    0,    0
 11379, 75538,20220429,    0,    0
 11379, 75538,20220430,   10,    0
 11379, 75538,20220501,   11,    0
 11379, 75538,20220502,   50,    0
 11379, 75538,20220503,   23,    0
 11379, 75538,20220504,    1,    0
 11379, 75538,20220505,    0,    0
 11379, 75538,20220506,    3,    0
 11379, 75538,20220507,   40,    0
 11379, 75538,20220508,   50,    0
 11379, 75538,20220509,   10,    0
 11379, 75538,20220510,    0,    0
 11379, 75538,20220511,    0,    0
 11379, 75538,20220512,    0,    0
 11379, 75538,20220513,    0,    0
 11379, 75538,20220514,    1,    0
 11379, 75538,20220515,    0,    0
 11379, 75538,20220516,    0,    0
 11379, 75538,20220517,    0,    0
 11379, 75538,20220518,    0,    0
 11379, 75538,20220519,    0,    0
 11379, 75538,20220520,    0,    0
 11379, 75538,20220521,    0,    0
 11379, 75538,20220522,    0,    0
 11379, 75538,20220523,   10,    0
 11379, 75538,20220524,    0,    0
 11379, 75538,20220525,    0,    0
 11379, 75538,20220526,    0,    0
 11379, 75538,20220527,    0,    0
 11379, 75538,20220528,    0,    0
 11379, 75538,20220529,  250,    0
 11379, 75538,20220530,    0,    0
 11379, 75538,20220531,    0,    0
 11379, 75538,20220601,    1,    0
 11379, 75538,20220602,    0,    0
 11379, 75538,20220603,    0,    0
 11379, 75538,20220604,   10,    0
 11379, 75538,20220605,    0,    0
 11379, 75538,20220606,    4,    0
 11379, 75538,20220607,    0,    0
 11379, 75538,20220608,   70,    0
 11379, 75538,20220609,  187,    0
 11379, 75538,20220610,   30,    0
 11379, 75538,20220611,  122,    0
 11379, 75538,20220612,   21,    0
 11379, 75538,20220613,   60,    0
 11379, 75538,20220614,    0,    0
 11379, 75538,20220615,    0,    0
 11379, 75538,20220616,    0,    0
 11379, 75538,20220617,  100,    0
 11379, 75538,20220618,    0,    0
 11379, 75538,20220619,    0,    0
 11379, 75538,20220620,    0,    0
 11379, 75538,20220621,    0,    0
 11379, 75538,20220622,   92,    0
 11379, 75538,20220623,    8,    0
 11379, 75538,20220624,   30,    0
 11379, 75538,20220625,    6,    0
 11379, 75538,20220626,    0,    0
 11379, 75538,20220627,    0,    0
 11379, 75538,20220628,-9999,    9
 11379, 75538,20220629,    0,    0
 11379, 75538,20220630,    0,    0
 11379, 75538,20220701,    0,    0
 11379, 75538,20220702,    0,    0
 11379, 75538,20220703,    0,    0
 11379, 75538,20220704,    0,    0
 11379, 75538,20220705,  100,    0
 11379, 75538,20220706,    0,    0
 11379, 75538,20220707,    0,    0
 11379, 75538,20220708,    0,    0
 11379, 75538,20220709,  102,    0
 11379, 75538,20220710,    0,    0
 11379, 75538,20220711,    0,    0
 11379, 75538,20220712,    0,    0
 11379, 75538,20220713,    0,    0
 11379, 75538,20220714,    0,    0
 11379, 75538,20220715,    0,    0
 11379, 75538,20220716,    0,    0
 11379, 75538,20220717,    0,    0
 11379, 75538,20220718,    0,    0
 11379, 75538,20220719,    0,    0
 11379, 75538,20220720,    0,    0
 11379, 75538,20220721,    0,    0
 11379, 75538,20220722,    0,    0
 11379, 75538,20220723,    0,    0
 11379, 75538,20220724,  170,    0
 11379, 75538,20220725,    2,    0
 11379, 75538,20220726,    0,    0
 11379, 75538,20220727,    2,    0
 11379, 75538,20220728,   50,    0
 11379, 75538,20220729,    0,    0
 11379, 75538,20220730,   20,    0
 11379, 75538,20220731,    0,    0
 11379, 75538,20220801,    0,    0
 11379, 75538,20220802,    0,    0
 11379, 75538,20220803,    0,    0
 11379, 75538,20220804,    0,    0
 11379, 75538,20220805,    0,    0
 11379, 75538,20220806,    0,    0
 11379, 75538,20220807,    1,    0
 11379, 75538,20220808,    0,    0
 11379, 75538,20220809,   50,    0
 11379, 75538,20220810,    0,    0
 11379, 75538,20220811,    0,    0
 11379, 75538,20220812,  121,    0
 11379, 75538,20220813,   20,    0
 11379, 75538,20220814,  303,    0
 11379, 75538,20220815,    0,    0
 11379, 75538,20220816,   16,    0
 11379, 75538,20220817,    0,    0
 11379, 75538,20220818,    0,    0
 11379, 75538,20220819,-9999,    9
 11379, 75538,20220820,  295,    0
 11379, 75538,20220821,    3,    0
 11379, 75538,20220822,   20,    0
 11379, 75538,20220823,  180,    0
 11379, 75538,20220824,    0,    0
 11379, 75538,20220825,    0,    0
 11379, 75538,20220826,    2,    0
 11379, 75538,20220827,    0,    0
 11379, 75538,20220828,    0,    0
 11379, 75538,20220829,  250,    0
 11379, 75538,20220830,    0,    0
 11379, 75538,20220831,   20,    0
 11379, 75538,20220901,    0,    0
 11379, 75538,20220902,  130,    0
 11379, 75538,20220903,    2,    0
 11379, 75538,20220904,  420,    0
 11379, 75538,20220905,   10,    0
 11379, 75538,20220906,    0,    0
 11379, 75538,20220907,    0,    0
 11379, 75538,20220908,   60,    0
 11379, 75538,20220909,  420,    0
 11379, 75538,20220910,   30,    0
 11379, 75538,20220911,   20,    0
 11379, 75538,20220912,    0,    0
 11379, 75538,20220913,    0,    0
 11379, 75538,20220914,    0,    0
 11379, 75538,20220915,    0,    0
 11379, 75538,20220916,  220,    0
 11379, 75538,20220917,  483,    0
 11379, 75538,20220918,   30,    0
 11379, 75538,20220919,    6,    0
 11379, 75538,20220920,    0,    0
 11379, 75538,20220921,    7,    0
 11379, 75538,20220922,    3,    0
 11379, 75538,20220923,    0,    0
 11379, 75538,20220924,    0,    0
 11379, 75538,20220925,    3,    0
 11379, 75538,20220926, 1370,    0
 11379, 75538,20220927,  272,    0
 11379, 75538,20220928,  120,    0
 11379, 75538,20220929,  340,    0
 11379, 75538,20220930,  850,    0
 11379, 75538,20221001,   70,    0
 11379, 75538,20221002,    0,    0
 11379, 75538,20221003,    0,    0
 11379, 75538,20221004,    0,    0
 11379, 75538,20221005,    0,    0
 11379, 75538,20221006,    0,    0
 11379, 75538,20221007,    0,    0
 11379, 75538,20221008,    0,    0
 11379, 75538,20221009,    0,    0
 11379, 75538,20221010,    0,    0
 11379, 75538,20221011,  120,    0
 11379, 75538,20221012,    0,    0
 11379, 75538,20221013,    2,    0
 11379, 75538,20221014,   20,    0
 11379, 75538,20221015,    0,    0
 11379, 75538,20221016,    0,    0
 11379, 75538,20221017,    0,    0
 11379, 75538,20221018,    0,    0
 11379, 75538,20221019,    0,    0
 11379, 75538,20221020,    0,    0
 11379, 75538,20221021,    0,    0
 11379, 75538,20221022,    0,    0
 11379, 75538,20221023,    0,    0
 11379, 75538,20221024,    0,    0
 11379, 75538,20221025,    0,    0
 11379, 75538,20221026,    0,    0
 11379, 75538,20221027,    0,    0
 11379, 75538,20221028,    0,    0
 11379, 75538,20221029,    0,    0
 11379, 75538,20221030,    0,    0
 11379, 75538,20221031,    0,    0
