EUROPEAN CLIMATE ASSESSMENT & DATASET (ECA&D), file created on: 16-11-2022
THESE DATA CAN BE USED FOR NON-COMMERCIAL RESEARCH AND EDUCATION PROVIDED THAT THE FOLLOWING SOURCE IS ACKNOWLEDGED: 

Klein Tank, A.M.G. and Coauthors, 2002. Daily dataset of 20th-century surface
air temperature and precipitation series for the European Climate Assessment.
Int. J. of Climatol., 22, 1441-1453.
Data and metadata available at http://www.ecad.eu

FILE FORMAT (MISSING VALUE CODE = -9999):

01-06 STAID: Station identifier
08-13 SOUID: Source identifier
15-22 DATE : Date YYYYMMDD
24-28 RR   : Precipitation amount in 0.1 mm
30-34 Q_RR : quality code for RR (0='valid'; 1='suspect'; 9='missing')

This is the blended series of station GASCHURN, AUSTRIA (STAID: 23891)
Blended and updated with sources:124252 
See files sources.txt and stations.txt for more info.

STAID, SOUID,    DATE,   RR, Q_RR
 23891,124252,20200901,    4,    0
 23891,124252,20200902,    6,    0
 23891,124252,20200903,    0,    0
 23891,124252,20200904,    0,    0
 23891,124252,20200905,   69,    0
 23891,124252,20200906,  184,    0
 23891,124252,20200907,    1,    0
 23891,124252,20200908,    0,    0
 23891,124252,20200909,    0,    0
 23891,124252,20200910,    0,    0
 23891,124252,20200911,    4,    0
 23891,124252,20200912,    0,    0
 23891,124252,20200913,    0,    0
 23891,124252,20200914,    0,    0
 23891,124252,20200915,    0,    0
 23891,124252,20200916,    0,    0
 23891,124252,20200917,    0,    0
 23891,124252,20200918,    0,    0
 23891,124252,20200919,    0,    0
 23891,124252,20200920,   21,    0
 23891,124252,20200921,    4,    0
 23891,124252,20200922,    7,    0
 23891,124252,20200923,   35,    0
 23891,124252,20200924,  301,    0
 23891,124252,20200925,  435,    0
 23891,124252,20200926,   42,    0
 23891,124252,20200927,    0,    0
 23891,124252,20200928,    4,    0
 23891,124252,20200929,   14,    0
 23891,124252,20200930,    0,    0
 23891,124252,20201001,    0,    0
 23891,124252,20201002,   39,    0
 23891,124252,20201003,  112,    0
 23891,124252,20201004,   69,    0
 23891,124252,20201005,    1,    0
 23891,124252,20201006,   80,    0
 23891,124252,20201007,   28,    0
 23891,124252,20201008,    0,    0
 23891,124252,20201009,    0,    0
 23891,124252,20201010,   63,    0
 23891,124252,20201011,   22,    0
 23891,124252,20201012,    4,    0
 23891,124252,20201013,    0,    0
 23891,124252,20201014,    0,    0
 23891,124252,20201015,   58,    0
 23891,124252,20201016,   36,    0
 23891,124252,20201017,    3,    0
 23891,124252,20201018,    0,    0
 23891,124252,20201019,    0,    0
 23891,124252,20201020,    0,    0
 23891,124252,20201021,    0,    0
 23891,124252,20201022,    6,    0
 23891,124252,20201023,  146,    0
 23891,124252,20201024,    8,    0
 23891,124252,20201025,    0,    0
 23891,124252,20201026,  391,    0
 23891,124252,20201027,    2,    0
 23891,124252,20201028,    0,    0
 23891,124252,20201029,   79,    0
 23891,124252,20201030,    0,    0
 23891,124252,20201031,    0,    0
 23891,124252,20201101,    0,    0
 23891,124252,20201102,    0,    0
 23891,124252,20201103,   39,    0
 23891,124252,20201104,    0,    0
 23891,124252,20201105,    0,    0
 23891,124252,20201106,    0,    0
 23891,124252,20201107,    0,    0
 23891,124252,20201108,    0,    0
 23891,124252,20201109,    0,    0
 23891,124252,20201110,    0,    0
 23891,124252,20201111,    0,    0
 23891,124252,20201112,    0,    0
 23891,124252,20201113,    0,    0
 23891,124252,20201114,    0,    0
 23891,124252,20201115,    5,    0
 23891,124252,20201116,    9,    0
 23891,124252,20201117,    0,    0
 23891,124252,20201118,    0,    0
 23891,124252,20201119,   74,    0
 23891,124252,20201120,   21,    0
 23891,124252,20201121,    0,    0
 23891,124252,20201122,    0,    0
 23891,124252,20201123,    0,    0
 23891,124252,20201124,    0,    0
 23891,124252,20201125,    0,    0
 23891,124252,20201126,    0,    0
 23891,124252,20201127,    0,    0
 23891,124252,20201128,    0,    0
 23891,124252,20201129,    1,    0
 23891,124252,20201130,    0,    0
 23891,124252,20201201,   65,    0
 23891,124252,20201202,    4,    0
 23891,124252,20201203,    1,    0
 23891,124252,20201204,   52,    0
 23891,124252,20201205,  199,    0
 23891,124252,20201206,  232,    0
 23891,124252,20201207,    0,    0
 23891,124252,20201208,   31,    0
 23891,124252,20201209,   69,    0
 23891,124252,20201210,    0,    0
 23891,124252,20201211,    0,    0
 23891,124252,20201212,   35,    0
 23891,124252,20201213,   23,    0
 23891,124252,20201214,    0,    0
 23891,124252,20201215,    0,    0
 23891,124252,20201216,    0,    0
 23891,124252,20201217,    0,    0
 23891,124252,20201218,    0,    0
 23891,124252,20201219,    0,    0
 23891,124252,20201220,    0,    0
 23891,124252,20201221,   47,    0
 23891,124252,20201222,    0,    0
 23891,124252,20201223,   20,    0
 23891,124252,20201224,   64,    0
 23891,124252,20201225,   10,    0
 23891,124252,20201226,    1,    0
 23891,124252,20201227,    1,    0
 23891,124252,20201228,   26,    0
 23891,124252,20201229,    0,    0
 23891,124252,20201230,    0,    0
 23891,124252,20201231,    0,    0
 23891,124252,20210101,    0,    0
 23891,124252,20210102,    0,    0
 23891,124252,20210103,    0,    0
 23891,124252,20210104,    0,    0
 23891,124252,20210105,    8,    0
 23891,124252,20210106,    0,    0
 23891,124252,20210107,    0,    0
 23891,124252,20210108,    0,    0
 23891,124252,20210109,    0,    0
 23891,124252,20210110,    0,    0
 23891,124252,20210111,    0,    0
 23891,124252,20210112,  176,    0
 23891,124252,20210113,  348,    0
 23891,124252,20210114,  288,    0
 23891,124252,20210115,   74,    0
 23891,124252,20210116,   13,    0
 23891,124252,20210117,  195,    0
 23891,124252,20210118,    7,    0
 23891,124252,20210119,    0,    0
 23891,124252,20210120,    0,    0
 23891,124252,20210121,    0,    0
 23891,124252,20210122,   48,    0
 23891,124252,20210123,   11,    0
 23891,124252,20210124,    0,    0
 23891,124252,20210125,   69,    0
 23891,124252,20210126,   14,    0
 23891,124252,20210127,  108,    0
 23891,124252,20210128,  177,    0
 23891,124252,20210129,  183,    0
 23891,124252,20210130,   65,    0
 23891,124252,20210131,    0,    0
 23891,124252,20210201,   17,    0
 23891,124252,20210202,    1,    0
 23891,124252,20210203,    1,    0
 23891,124252,20210204,    0,    0
 23891,124252,20210205,    0,    0
 23891,124252,20210206,    0,    0
 23891,124252,20210207,  192,    0
 23891,124252,20210208,    0,    0
 23891,124252,20210209,    0,    0
 23891,124252,20210210,   91,    0
 23891,124252,20210211,    1,    0
 23891,124252,20210212,    0,    0
 23891,124252,20210213,    0,    0
 23891,124252,20210214,    0,    0
 23891,124252,20210215,   47,    0
 23891,124252,20210216,   21,    0
 23891,124252,20210217,    0,    0
 23891,124252,20210218,    0,    0
 23891,124252,20210219,    0,    0
 23891,124252,20210220,    0,    0
 23891,124252,20210221,    0,    0
 23891,124252,20210222,    0,    0
 23891,124252,20210223,    0,    0
 23891,124252,20210224,    0,    0
 23891,124252,20210225,    0,    0
 23891,124252,20210226,    3,    0
 23891,124252,20210227,    5,    0
 23891,124252,20210228,    0,    0
 23891,124252,20210301,    0,    0
 23891,124252,20210302,    0,    0
 23891,124252,20210303,    0,    0
 23891,124252,20210304,   38,    0
 23891,124252,20210305,   14,    0
 23891,124252,20210306,    0,    0
 23891,124252,20210307,   17,    0
 23891,124252,20210308,   12,    0
 23891,124252,20210309,    7,    0
 23891,124252,20210310,    2,    0
 23891,124252,20210311,   69,    0
 23891,124252,20210312,    0,    0
 23891,124252,20210313,   42,    0
 23891,124252,20210314,   62,    0
 23891,124252,20210315,  163,    0
 23891,124252,20210316,   40,    0
 23891,124252,20210317,   43,    0
 23891,124252,20210318,   23,    0
 23891,124252,20210319,   16,    0
 23891,124252,20210320,    0,    0
 23891,124252,20210321,   48,    0
 23891,124252,20210322,    1,    0
 23891,124252,20210323,    0,    0
 23891,124252,20210324,    0,    0
 23891,124252,20210325,    0,    0
 23891,124252,20210326,    0,    0
 23891,124252,20210327,   40,    0
 23891,124252,20210328,    0,    0
 23891,124252,20210329,    0,    0
 23891,124252,20210330,    0,    0
 23891,124252,20210331,    0,    0
 23891,124252,20210401,   19,    0
 23891,124252,20210402,   10,    0
 23891,124252,20210403,    0,    0
 23891,124252,20210404,    0,    0
 23891,124252,20210405,   16,    0
 23891,124252,20210406,   24,    0
 23891,124252,20210407,   19,    0
 23891,124252,20210408,    0,    0
 23891,124252,20210409,    0,    0
 23891,124252,20210410,    0,    0
 23891,124252,20210411,   21,    0
 23891,124252,20210412,   41,    0
 23891,124252,20210413,   12,    0
 23891,124252,20210414,    1,    0
 23891,124252,20210415,    4,    0
 23891,124252,20210416,    0,    0
 23891,124252,20210417,    3,    0
 23891,124252,20210418,   11,    0
 23891,124252,20210419,    1,    0
 23891,124252,20210420,    0,    0
 23891,124252,20210421,    3,    0
 23891,124252,20210422,   10,    0
 23891,124252,20210423,    0,    0
 23891,124252,20210424,    0,    0
 23891,124252,20210425,    0,    0
 23891,124252,20210426,    0,    0
 23891,124252,20210427,    0,    0
 23891,124252,20210428,    0,    0
 23891,124252,20210429,   80,    0
 23891,124252,20210430,    1,    0
 23891,124252,20210501,  214,    0
 23891,124252,20210502,    9,    0
 23891,124252,20210503,    0,    0
 23891,124252,20210504,    0,    0
 23891,124252,20210505,   77,    0
 23891,124252,20210506,   56,    0
 23891,124252,20210507,   15,    0
 23891,124252,20210508,    0,    0
 23891,124252,20210509,    0,    0
 23891,124252,20210510,    0,    0
 23891,124252,20210511,  195,    0
 23891,124252,20210512,   21,    0
 23891,124252,20210513,   12,    0
 23891,124252,20210514,   24,    0
 23891,124252,20210515,   25,    0
 23891,124252,20210516,  102,    0
 23891,124252,20210517,   28,    0
 23891,124252,20210518,   85,    0
 23891,124252,20210519,   63,    0
 23891,124252,20210520,   11,    0
 23891,124252,20210521,  112,    0
 23891,124252,20210522,  122,    0
 23891,124252,20210523,   23,    0
 23891,124252,20210524,   94,    0
 23891,124252,20210525,    1,    0
 23891,124252,20210526,   17,    0
 23891,124252,20210527,   13,    0
 23891,124252,20210528,    0,    0
 23891,124252,20210529,    0,    0
 23891,124252,20210530,    0,    0
 23891,124252,20210531,    0,    0
 23891,124252,20210601,    0,    0
 23891,124252,20210602,    0,    0
 23891,124252,20210603,    0,    0
 23891,124252,20210604,    0,    0
 23891,124252,20210605,   48,    0
 23891,124252,20210606,   83,    0
 23891,124252,20210607,   15,    0
 23891,124252,20210608,   34,    0
 23891,124252,20210609,   53,    0
 23891,124252,20210610,   39,    0
 23891,124252,20210611,    0,    0
 23891,124252,20210612,    3,    0
 23891,124252,20210613,    0,    0
 23891,124252,20210614,    0,    0
 23891,124252,20210615,    0,    0
 23891,124252,20210616,    0,    0
 23891,124252,20210617,    0,    0
 23891,124252,20210618,    0,    0
 23891,124252,20210619,    0,    0
 23891,124252,20210620,   31,    0
 23891,124252,20210621,    1,    0
 23891,124252,20210622,   33,    0
 23891,124252,20210623,    3,    0
 23891,124252,20210624,  110,    0
 23891,124252,20210625,    0,    0
 23891,124252,20210626,    0,    0
 23891,124252,20210627,    0,    0
 23891,124252,20210628,    9,    0
 23891,124252,20210629,   47,    0
 23891,124252,20210630,   65,    0
 23891,124252,20210701,   14,    0
 23891,124252,20210702,    0,    0
 23891,124252,20210703,   32,    0
 23891,124252,20210704,  136,    0
 23891,124252,20210705,    0,    0
 23891,124252,20210706,   53,    0
 23891,124252,20210707,   26,    0
 23891,124252,20210708,  483,    0
 23891,124252,20210709,    6,    0
 23891,124252,20210710,  161,    0
 23891,124252,20210711,    0,    0
 23891,124252,20210712,    2,    0
 23891,124252,20210713,  109,    0
 23891,124252,20210714,  177,    0
 23891,124252,20210715,  144,    0
 23891,124252,20210716,   24,    0
 23891,124252,20210717,  277,    0
 23891,124252,20210718,   34,    0
 23891,124252,20210719,    9,    0
 23891,124252,20210720,    0,    0
 23891,124252,20210721,    0,    0
 23891,124252,20210722,    0,    0
 23891,124252,20210723,    0,    0
 23891,124252,20210724,   24,    0
 23891,124252,20210725,  118,    0
 23891,124252,20210726,   48,    0
 23891,124252,20210727,   22,    0
 23891,124252,20210728,   79,    0
 23891,124252,20210729,    0,    0
 23891,124252,20210730,  192,    0
 23891,124252,20210731,  232,    0
 23891,124252,20210801,  124,    0
 23891,124252,20210802,   19,    0
 23891,124252,20210803,   40,    0
 23891,124252,20210804,  226,    0
 23891,124252,20210805,   21,    0
 23891,124252,20210806,    0,    0
 23891,124252,20210807,  380,    0
 23891,124252,20210808,   10,    0
 23891,124252,20210809,    0,    0
 23891,124252,20210810,    0,    0
 23891,124252,20210811,    0,    0
 23891,124252,20210812,    0,    0
 23891,124252,20210813,    0,    0
 23891,124252,20210814,    0,    0
 23891,124252,20210815,  121,    0
 23891,124252,20210816,  280,    0
 23891,124252,20210817,   20,    0
 23891,124252,20210818,    4,    0
 23891,124252,20210819,    0,    0
 23891,124252,20210820,    0,    0
 23891,124252,20210821,    2,    0
 23891,124252,20210822,  256,    0
 23891,124252,20210823,    0,    0
 23891,124252,20210824,   32,    0
 23891,124252,20210825,    0,    0
 23891,124252,20210826,   77,    0
 23891,124252,20210827,    5,    0
 23891,124252,20210828,   54,    0
 23891,124252,20210829,  262,    0
 23891,124252,20210830,   43,    0
 23891,124252,20210831,   40,    0
 23891,124252,20210901,    0,    0
 23891,124252,20210902,    0,    0
 23891,124252,20210903,    0,    0
 23891,124252,20210904,    3,    0
 23891,124252,20210905,    0,    0
 23891,124252,20210906,    0,    0
 23891,124252,20210907,    0,    0
 23891,124252,20210908,    0,    0
 23891,124252,20210909,    0,    0
 23891,124252,20210910,   43,    0
 23891,124252,20210911,    0,    0
 23891,124252,20210912,    0,    0
 23891,124252,20210913,    0,    0
 23891,124252,20210914,    0,    0
 23891,124252,20210915,   20,    0
 23891,124252,20210916,   80,    0
 23891,124252,20210917,    0,    0
 23891,124252,20210918,    0,    0
 23891,124252,20210919,  174,    0
 23891,124252,20210920,   12,    0
 23891,124252,20210921,    0,    0
 23891,124252,20210922,    0,    0
 23891,124252,20210923,    0,    0
 23891,124252,20210924,    0,    0
 23891,124252,20210925,    0,    0
 23891,124252,20210926,   50,    0
 23891,124252,20210927,    0,    0
 23891,124252,20210928,   58,    0
 23891,124252,20210929,  102,    0
 23891,124252,20210930,    0,    0
 23891,124252,20211001,    0,    0
 23891,124252,20211002,    0,    0
 23891,124252,20211003,    0,    0
 23891,124252,20211004,    9,    0
 23891,124252,20211005,   87,    0
 23891,124252,20211006,   34,    0
 23891,124252,20211007,    2,    0
 23891,124252,20211008,    0,    0
 23891,124252,20211009,    0,    0
 23891,124252,20211010,    0,    0
 23891,124252,20211011,    0,    0
 23891,124252,20211012,  100,    0
 23891,124252,20211013,    1,    0
 23891,124252,20211014,    0,    0
 23891,124252,20211015,    0,    0
 23891,124252,20211016,    0,    0
 23891,124252,20211017,    0,    0
 23891,124252,20211018,    0,    0
 23891,124252,20211019,    0,    0
 23891,124252,20211020,    1,    0
 23891,124252,20211021,   16,    0
 23891,124252,20211022,    0,    0
 23891,124252,20211023,    0,    0
 23891,124252,20211024,    0,    0
 23891,124252,20211025,    0,    0
 23891,124252,20211026,    1,    0
 23891,124252,20211027,    0,    0
 23891,124252,20211028,    0,    0
 23891,124252,20211029,    0,    0
 23891,124252,20211030,    0,    0
 23891,124252,20211031,    0,    0
 23891,124252,20211101,  271,    0
 23891,124252,20211102,    0,    0
 23891,124252,20211103,  269,    0
 23891,124252,20211104,    7,    0
 23891,124252,20211105,    0,    0
 23891,124252,20211106,    0,    0
 23891,124252,20211107,    0,    0
 23891,124252,20211108,    0,    0
 23891,124252,20211109,    0,    0
 23891,124252,20211110,    0,    0
 23891,124252,20211111,    0,    0
 23891,124252,20211112,    0,    0
 23891,124252,20211113,  187,    0
 23891,124252,20211114,   35,    0
 23891,124252,20211115,    0,    0
 23891,124252,20211116,    0,    0
 23891,124252,20211117,    0,    0
 23891,124252,20211118,    0,    0
 23891,124252,20211119,    0,    0
 23891,124252,20211120,    0,    0
 23891,124252,20211121,    0,    0
 23891,124252,20211122,   14,    0
 23891,124252,20211123,    0,    0
 23891,124252,20211124,    0,    0
 23891,124252,20211125,    0,    0
 23891,124252,20211126,   42,    0
 23891,124252,20211127,   51,    0
 23891,124252,20211128,   37,    0
 23891,124252,20211129,   57,    0
 23891,124252,20211130,  109,    0
 23891,124252,20211201,   14,    0
 23891,124252,20211202,   16,    0
 23891,124252,20211203,   11,    0
 23891,124252,20211204,   81,    0
 23891,124252,20211205,   10,    0
 23891,124252,20211206,   27,    0
 23891,124252,20211207,   22,    0
 23891,124252,20211208,  180,    0
 23891,124252,20211209,   33,    0
 23891,124252,20211210,   22,    0
 23891,124252,20211211,   32,    0
 23891,124252,20211212,    0,    0
 23891,124252,20211213,    0,    0
 23891,124252,20211214,    0,    0
 23891,124252,20211215,    0,    0
 23891,124252,20211216,    0,    0
 23891,124252,20211217,    0,    0
 23891,124252,20211218,    0,    0
 23891,124252,20211219,    0,    0
 23891,124252,20211220,    0,    0
 23891,124252,20211221,    0,    0
 23891,124252,20211222,    0,    0
 23891,124252,20211223,    0,    0
 23891,124252,20211224,    0,    0
 23891,124252,20211225,    0,    0
 23891,124252,20211226,    3,    0
 23891,124252,20211227,   10,    0
 23891,124252,20211228,   68,    0
 23891,124252,20211229,  183,    0
 23891,124252,20211230,   11,    0
 23891,124252,20211231,    0,    0
 23891,124252,20220101,-9999,    9
 23891,124252,20220102,-9999,    9
 23891,124252,20220103,-9999,    9
 23891,124252,20220104,-9999,    9
 23891,124252,20220105,-9999,    9
 23891,124252,20220106,-9999,    9
 23891,124252,20220107,-9999,    9
 23891,124252,20220108,-9999,    9
 23891,124252,20220109,-9999,    9
 23891,124252,20220110,-9999,    9
 23891,124252,20220111,-9999,    9
 23891,124252,20220112,-9999,    9
 23891,124252,20220113,-9999,    9
 23891,124252,20220114,-9999,    9
 23891,124252,20220115,-9999,    9
 23891,124252,20220116,-9999,    9
 23891,124252,20220117,-9999,    9
 23891,124252,20220118,-9999,    9
 23891,124252,20220119,-9999,    9
 23891,124252,20220120,-9999,    9
 23891,124252,20220121,-9999,    9
 23891,124252,20220122,-9999,    9
 23891,124252,20220123,-9999,    9
 23891,124252,20220124,-9999,    9
 23891,124252,20220125,-9999,    9
 23891,124252,20220126,-9999,    9
 23891,124252,20220127,-9999,    9
 23891,124252,20220128,-9999,    9
 23891,124252,20220129,-9999,    9
 23891,124252,20220130,-9999,    9
 23891,124252,20220131,-9999,    9
 23891,124252,20220201,-9999,    9
 23891,124252,20220202,-9999,    9
 23891,124252,20220203,-9999,    9
 23891,124252,20220204,-9999,    9
 23891,124252,20220205,-9999,    9
 23891,124252,20220206,-9999,    9
 23891,124252,20220207,-9999,    9
 23891,124252,20220208,-9999,    9
 23891,124252,20220209,-9999,    9
 23891,124252,20220210,-9999,    9
 23891,124252,20220211,-9999,    9
 23891,124252,20220212,-9999,    9
 23891,124252,20220213,-9999,    9
 23891,124252,20220214,-9999,    9
 23891,124252,20220215,-9999,    9
 23891,124252,20220216,-9999,    9
 23891,124252,20220217,-9999,    9
 23891,124252,20220218,-9999,    9
 23891,124252,20220219,-9999,    9
 23891,124252,20220220,-9999,    9
 23891,124252,20220221,-9999,    9
 23891,124252,20220222,-9999,    9
 23891,124252,20220223,-9999,    9
 23891,124252,20220224,-9999,    9
 23891,124252,20220225,-9999,    9
 23891,124252,20220226,-9999,    9
 23891,124252,20220227,-9999,    9
 23891,124252,20220228,-9999,    9
 23891,124252,20220301,-9999,    9
 23891,124252,20220302,-9999,    9
 23891,124252,20220303,-9999,    9
 23891,124252,20220304,-9999,    9
 23891,124252,20220305,-9999,    9
 23891,124252,20220306,-9999,    9
 23891,124252,20220307,-9999,    9
 23891,124252,20220308,-9999,    9
 23891,124252,20220309,-9999,    9
 23891,124252,20220310,-9999,    9
 23891,124252,20220311,-9999,    9
 23891,124252,20220312,-9999,    9
 23891,124252,20220313,-9999,    9
 23891,124252,20220314,-9999,    9
 23891,124252,20220315,-9999,    9
 23891,124252,20220316,-9999,    9
 23891,124252,20220317,-9999,    9
 23891,124252,20220318,-9999,    9
 23891,124252,20220319,-9999,    9
 23891,124252,20220320,-9999,    9
 23891,124252,20220321,-9999,    9
 23891,124252,20220322,-9999,    9
 23891,124252,20220323,-9999,    9
 23891,124252,20220324,-9999,    9
 23891,124252,20220325,-9999,    9
 23891,124252,20220326,-9999,    9
 23891,124252,20220327,-9999,    9
 23891,124252,20220328,-9999,    9
 23891,124252,20220329,-9999,    9
 23891,124252,20220330,-9999,    9
 23891,124252,20220331,-9999,    9
 23891,124252,20220401,-9999,    9
 23891,124252,20220402,-9999,    9
 23891,124252,20220403,-9999,    9
 23891,124252,20220404,-9999,    9
 23891,124252,20220405,-9999,    9
 23891,124252,20220406,-9999,    9
 23891,124252,20220407,-9999,    9
 23891,124252,20220408,-9999,    9
 23891,124252,20220409,-9999,    9
 23891,124252,20220410,-9999,    9
 23891,124252,20220411,-9999,    9
 23891,124252,20220412,-9999,    9
 23891,124252,20220413,-9999,    9
 23891,124252,20220414,-9999,    9
 23891,124252,20220415,-9999,    9
 23891,124252,20220416,-9999,    9
 23891,124252,20220417,-9999,    9
 23891,124252,20220418,-9999,    9
 23891,124252,20220419,-9999,    9
 23891,124252,20220420,-9999,    9
 23891,124252,20220421,-9999,    9
 23891,124252,20220422,-9999,    9
 23891,124252,20220423,-9999,    9
 23891,124252,20220424,-9999,    9
 23891,124252,20220425,-9999,    9
 23891,124252,20220426,-9999,    9
 23891,124252,20220427,-9999,    9
 23891,124252,20220428,-9999,    9
 23891,124252,20220429,-9999,    9
 23891,124252,20220430,-9999,    9
 23891,124252,20220501,-9999,    9
 23891,124252,20220502,-9999,    9
 23891,124252,20220503,-9999,    9
 23891,124252,20220504,-9999,    9
 23891,124252,20220505,-9999,    9
 23891,124252,20220506,-9999,    9
 23891,124252,20220507,-9999,    9
 23891,124252,20220508,-9999,    9
 23891,124252,20220509,-9999,    9
 23891,124252,20220510,-9999,    9
 23891,124252,20220511,-9999,    9
 23891,124252,20220512,-9999,    9
 23891,124252,20220513,-9999,    9
 23891,124252,20220514,-9999,    9
 23891,124252,20220515,-9999,    9
 23891,124252,20220516,-9999,    9
 23891,124252,20220517,-9999,    9
 23891,124252,20220518,-9999,    9
 23891,124252,20220519,-9999,    9
 23891,124252,20220520,-9999,    9
 23891,124252,20220521,-9999,    9
 23891,124252,20220522,-9999,    9
 23891,124252,20220523,-9999,    9
 23891,124252,20220524,-9999,    9
 23891,124252,20220525,-9999,    9
 23891,124252,20220526,-9999,    9
 23891,124252,20220527,-9999,    9
 23891,124252,20220528,-9999,    9
 23891,124252,20220529,-9999,    9
 23891,124252,20220530,-9999,    9
 23891,124252,20220531,-9999,    9
 23891,124252,20220601,-9999,    9
 23891,124252,20220602,-9999,    9
 23891,124252,20220603,-9999,    9
 23891,124252,20220604,-9999,    9
 23891,124252,20220605,-9999,    9
 23891,124252,20220606,-9999,    9
 23891,124252,20220607,-9999,    9
 23891,124252,20220608,-9999,    9
 23891,124252,20220609,-9999,    9
 23891,124252,20220610,-9999,    9
 23891,124252,20220611,-9999,    9
 23891,124252,20220612,-9999,    9
 23891,124252,20220613,-9999,    9
 23891,124252,20220614,-9999,    9
 23891,124252,20220615,-9999,    9
 23891,124252,20220616,-9999,    9
 23891,124252,20220617,-9999,    9
 23891,124252,20220618,-9999,    9
 23891,124252,20220619,-9999,    9
 23891,124252,20220620,-9999,    9
 23891,124252,20220621,-9999,    9
 23891,124252,20220622,-9999,    9
 23891,124252,20220623,-9999,    9
 23891,124252,20220624,-9999,    9
 23891,124252,20220625,-9999,    9
 23891,124252,20220626,-9999,    9
 23891,124252,20220627,-9999,    9
 23891,124252,20220628,-9999,    9
 23891,124252,20220629,-9999,    9
 23891,124252,20220630,-9999,    9
 23891,124252,20220701,-9999,    9
 23891,124252,20220702,-9999,    9
 23891,124252,20220703,-9999,    9
 23891,124252,20220704,-9999,    9
 23891,124252,20220705,-9999,    9
 23891,124252,20220706,-9999,    9
 23891,124252,20220707,-9999,    9
 23891,124252,20220708,-9999,    9
 23891,124252,20220709,-9999,    9
 23891,124252,20220710,-9999,    9
 23891,124252,20220711,-9999,    9
 23891,124252,20220712,-9999,    9
 23891,124252,20220713,-9999,    9
 23891,124252,20220714,-9999,    9
 23891,124252,20220715,-9999,    9
 23891,124252,20220716,-9999,    9
 23891,124252,20220717,-9999,    9
 23891,124252,20220718,-9999,    9
 23891,124252,20220719,-9999,    9
 23891,124252,20220720,-9999,    9
 23891,124252,20220721,-9999,    9
 23891,124252,20220722,-9999,    9
 23891,124252,20220723,-9999,    9
 23891,124252,20220724,-9999,    9
 23891,124252,20220725,-9999,    9
 23891,124252,20220726,-9999,    9
 23891,124252,20220727,-9999,    9
 23891,124252,20220728,-9999,    9
 23891,124252,20220729,-9999,    9
 23891,124252,20220730,-9999,    9
 23891,124252,20220731,-9999,    9
 23891,124252,20220801,-9999,    9
 23891,124252,20220802,-9999,    9
 23891,124252,20220803,-9999,    9
 23891,124252,20220804,-9999,    9
 23891,124252,20220805,-9999,    9
 23891,124252,20220806,-9999,    9
 23891,124252,20220807,-9999,    9
 23891,124252,20220808,-9999,    9
 23891,124252,20220809,-9999,    9
 23891,124252,20220810,-9999,    9
 23891,124252,20220811,-9999,    9
 23891,124252,20220812,-9999,    9
 23891,124252,20220813,-9999,    9
 23891,124252,20220814,-9999,    9
 23891,124252,20220815,-9999,    9
 23891,124252,20220816,-9999,    9
 23891,124252,20220817,-9999,    9
 23891,124252,20220818,-9999,    9
 23891,124252,20220819,-9999,    9
 23891,124252,20220820,-9999,    9
 23891,124252,20220821,-9999,    9
 23891,124252,20220822,-9999,    9
 23891,124252,20220823,-9999,    9
 23891,124252,20220824,-9999,    9
 23891,124252,20220825,-9999,    9
 23891,124252,20220826,-9999,    9
 23891,124252,20220827,-9999,    9
 23891,124252,20220828,-9999,    9
 23891,124252,20220829,-9999,    9
 23891,124252,20220830,-9999,    9
 23891,124252,20220831,-9999,    9
 23891,124252,20220901,-9999,    9
 23891,124252,20220902,-9999,    9
 23891,124252,20220903,-9999,    9
 23891,124252,20220904,-9999,    9
 23891,124252,20220905,-9999,    9
 23891,124252,20220906,-9999,    9
 23891,124252,20220907,-9999,    9
 23891,124252,20220908,-9999,    9
 23891,124252,20220909,-9999,    9
 23891,124252,20220910,-9999,    9
 23891,124252,20220911,-9999,    9
 23891,124252,20220912,-9999,    9
 23891,124252,20220913,-9999,    9
 23891,124252,20220914,-9999,    9
 23891,124252,20220915,-9999,    9
 23891,124252,20220916,-9999,    9
 23891,124252,20220917,-9999,    9
 23891,124252,20220918,-9999,    9
 23891,124252,20220919,-9999,    9
 23891,124252,20220920,-9999,    9
 23891,124252,20220921,-9999,    9
 23891,124252,20220922,-9999,    9
 23891,124252,20220923,-9999,    9
 23891,124252,20220924,-9999,    9
 23891,124252,20220925,-9999,    9
 23891,124252,20220926,-9999,    9
 23891,124252,20220927,-9999,    9
 23891,124252,20220928,-9999,    9
 23891,124252,20220929,-9999,    9
 23891,124252,20220930,-9999,    9
 23891,124252,20221001,-9999,    9
 23891,124252,20221002,-9999,    9
 23891,124252,20221003,-9999,    9
 23891,124252,20221004,-9999,    9
 23891,124252,20221005,-9999,    9
 23891,124252,20221006,-9999,    9
 23891,124252,20221007,-9999,    9
 23891,124252,20221008,-9999,    9
 23891,124252,20221009,-9999,    9
 23891,124252,20221010,-9999,    9
 23891,124252,20221011,-9999,    9
 23891,124252,20221012,-9999,    9
 23891,124252,20221013,-9999,    9
 23891,124252,20221014,-9999,    9
 23891,124252,20221015,-9999,    9
 23891,124252,20221016,-9999,    9
 23891,124252,20221017,-9999,    9
 23891,124252,20221018,-9999,    9
 23891,124252,20221019,-9999,    9
 23891,124252,20221020,-9999,    9
 23891,124252,20221021,-9999,    9
 23891,124252,20221022,-9999,    9
 23891,124252,20221023,-9999,    9
 23891,124252,20221024,-9999,    9
 23891,124252,20221025,-9999,    9
 23891,124252,20221026,-9999,    9
 23891,124252,20221027,-9999,    9
 23891,124252,20221028,-9999,    9
 23891,124252,20221029,-9999,    9
 23891,124252,20221030,-9999,    9
 23891,124252,20221031,-9999,    9
