EUROPEAN CLIMATE ASSESSMENT & DATASET (ECA&D), file created on: 16-11-2022
THESE DATA CAN BE USED FOR NON-COMMERCIAL RESEARCH AND EDUCATION PROVIDED THAT THE FOLLOWING SOURCE IS ACKNOWLEDGED: 

Klein Tank, A.M.G. and Coauthors, 2002. Daily dataset of 20th-century surface
air temperature and precipitation series for the European Climate Assessment.
Int. J. of Climatol., 22, 1441-1453.
Data and metadata available at http://www.ecad.eu

FILE FORMAT (MISSING VALUE CODE = -9999):

01-06 STAID: Station identifier
08-13 SOUID: Source identifier
15-22 DATE : Date YYYYMMDD
24-28 RR   : Precipitation amount in 0.1 mm
30-34 Q_RR : quality code for RR (0='valid'; 1='suspect'; 9='missing')

This is the blended series of station ZABLJAK, MONTENEGRO (STAID: 11381)
Blended and updated with sources:75548 
See files sources.txt and stations.txt for more info.

STAID, SOUID,    DATE,   RR, Q_RR
 11381, 75548,20160701,  110,    0
 11381, 75548,20160702,  162,    0
 11381, 75548,20160703,    1,    0
 11381, 75548,20160704,    0,    0
 11381, 75548,20160705,    0,    0
 11381, 75548,20160706,  140,    0
 11381, 75548,20160707,   20,    0
 11381, 75548,20160708,    0,    0
 11381, 75548,20160709,    0,    0
 11381, 75548,20160710,    0,    0
 11381, 75548,20160711,    0,    0
 11381, 75548,20160712,    6,    0
 11381, 75548,20160713,    0,    0
 11381, 75548,20160714,    0,    0
 11381, 75548,20160715,  261,    0
 11381, 75548,20160716,  230,    0
 11381, 75548,20160717,    8,    0
 11381, 75548,20160718,    0,    0
 11381, 75548,20160719,    0,    0
 11381, 75548,20160720,    0,    0
 11381, 75548,20160721,    0,    0
 11381, 75548,20160722,    0,    0
 11381, 75548,20160723,    0,    0
 11381, 75548,20160724,  260,    0
 11381, 75548,20160725,   90,    0
 11381, 75548,20160726,    0,    0
 11381, 75548,20160727,    1,    0
 11381, 75548,20160728,   80,    0
 11381, 75548,20160729,    0,    0
 11381, 75548,20160730,    0,    0
 11381, 75548,20160731,    0,    0
 11381, 75548,20160801,   10,    0
 11381, 75548,20160802,    0,    0
 11381, 75548,20160803,    0,    0
 11381, 75548,20160804,    0,    0
 11381, 75548,20160805,    0,    0
 11381, 75548,20160806,    0,    0
 11381, 75548,20160807,  110,    0
 11381, 75548,20160808,    7,    0
 11381, 75548,20160809,    0,    0
 11381, 75548,20160810,    0,    0
 11381, 75548,20160811,  220,    0
 11381, 75548,20160812,    2,    0
 11381, 75548,20160813,    0,    0
 11381, 75548,20160814,    0,    0
 11381, 75548,20160815,    0,    0
 11381, 75548,20160816,    0,    0
 11381, 75548,20160817,   10,    0
 11381, 75548,20160818,    3,    0
 11381, 75548,20160819,   30,    0
 11381, 75548,20160820,    0,    0
 11381, 75548,20160821,    0,    0
 11381, 75548,20160822,  121,    0
 11381, 75548,20160823,   11,    0
 11381, 75548,20160824,   83,    0
 11381, 75548,20160825,    2,    0
 11381, 75548,20160826,    0,    0
 11381, 75548,20160827,    0,    0
 11381, 75548,20160828,    0,    0
 11381, 75548,20160829,    0,    0
 11381, 75548,20160830,    0,    0
 11381, 75548,20160831,    0,    0
 11381, 75548,20160901,   50,    0
 11381, 75548,20160902,   30,    0
 11381, 75548,20160903,    0,    0
 11381, 75548,20160904,    0,    0
 11381, 75548,20160905,  130,    0
 11381, 75548,20160906,  200,    0
 11381, 75548,20160907,   80,    0
 11381, 75548,20160908,    0,    0
 11381, 75548,20160909,   24,    0
 11381, 75548,20160910,    2,    0
 11381, 75548,20160911,    1,    0
 11381, 75548,20160912,    9,    0
 11381, 75548,20160913,    0,    0
 11381, 75548,20160914,   30,    0
 11381, 75548,20160915,    0,    0
 11381, 75548,20160916,    0,    0
 11381, 75548,20160917,   83,    0
 11381, 75548,20160918,   60,    0
 11381, 75548,20160919,  120,    0
 11381, 75548,20160920,    3,    0
 11381, 75548,20160921,    0,    0
 11381, 75548,20160922,    0,    0
 11381, 75548,20160923,    0,    0
 11381, 75548,20160924,    0,    0
 11381, 75548,20160925,    0,    0
 11381, 75548,20160926,    0,    0
 11381, 75548,20160927,    0,    0
 11381, 75548,20160928,    0,    0
 11381, 75548,20160929,    0,    0
 11381, 75548,20160930,    0,    0
 11381, 75548,20161001,    0,    0
 11381, 75548,20161002,   60,    0
 11381, 75548,20161003,    3,    0
 11381, 75548,20161004,    2,    0
 11381, 75548,20161005,    7,    0
 11381, 75548,20161006,   50,    0
 11381, 75548,20161007,  290,    0
 11381, 75548,20161008,   10,    0
 11381, 75548,20161009,   20,    0
 11381, 75548,20161010,   30,    0
 11381, 75548,20161011,   80,    0
 11381, 75548,20161012,  150,    0
 11381, 75548,20161013,    0,    0
 11381, 75548,20161014,    0,    0
 11381, 75548,20161015,    3,    0
 11381, 75548,20161016,  110,    0
 11381, 75548,20161017,    0,    0
 11381, 75548,20161018,   10,    0
 11381, 75548,20161019,  110,    0
 11381, 75548,20161020,   10,    0
 11381, 75548,20161021,  390,    0
 11381, 75548,20161022,  110,    0
 11381, 75548,20161023,    0,    0
 11381, 75548,20161024,    0,    0
 11381, 75548,20161025,    0,    0
 11381, 75548,20161026,    5,    0
 11381, 75548,20161027,    7,    0
 11381, 75548,20161028,   10,    0
 11381, 75548,20161029,    0,    0
 11381, 75548,20161030,    0,    0
 11381, 75548,20161031,    0,    0
 11381, 75548,20161101,    0,    0
 11381, 75548,20161102,    0,    0
 11381, 75548,20161103,  162,    0
 11381, 75548,20161104,   20,    0
 11381, 75548,20161105,    0,    0
 11381, 75548,20161106,  140,    0
 11381, 75548,20161107,  310,    0
 11381, 75548,20161108,  330,    0
 11381, 75548,20161109,  180,    0
 11381, 75548,20161110,   10,    0
 11381, 75548,20161111,   20,    0
 11381, 75548,20161112,  490,    0
 11381, 75548,20161113,    3,    0
 11381, 75548,20161114,    0,    0
 11381, 75548,20161115,    0,    0
 11381, 75548,20161116,    0,    0
 11381, 75548,20161117,    0,    0
 11381, 75548,20161118,    0,    0
 11381, 75548,20161119,    0,    0
 11381, 75548,20161120,    0,    0
 11381, 75548,20161121,    0,    0
 11381, 75548,20161122,    0,    0
 11381, 75548,20161123,    0,    0
 11381, 75548,20161124,    0,    0
 11381, 75548,20161125,    6,    0
 11381, 75548,20161126,   53,    0
 11381, 75548,20161127,    2,    0
 11381, 75548,20161128,    3,    0
 11381, 75548,20161129,   50,    0
 11381, 75548,20161130,    0,    0
 11381, 75548,20161201,    0,    0
 11381, 75548,20161202,    0,    0
 11381, 75548,20161203,    0,    0
 11381, 75548,20161204,    0,    0
 11381, 75548,20161205,    0,    0
 11381, 75548,20161206,    0,    0
 11381, 75548,20161207,    0,    0
 11381, 75548,20161208,    0,    0
 11381, 75548,20161209,    0,    0
 11381, 75548,20161210,    0,    0
 11381, 75548,20161211,    0,    0
 11381, 75548,20161212,    2,    0
 11381, 75548,20161213,    0,    0
 11381, 75548,20161214,    0,    0
 11381, 75548,20161215,    0,    0
 11381, 75548,20161216,    0,    0
 11381, 75548,20161217,    0,    0
 11381, 75548,20161218,    0,    0
 11381, 75548,20161219,    0,    0
 11381, 75548,20161220,    0,    0
 11381, 75548,20161221,    0,    0
 11381, 75548,20161222,    0,    0
 11381, 75548,20161223,    0,    0
 11381, 75548,20161224,    0,    0
 11381, 75548,20161225,    0,    0
 11381, 75548,20161226,    0,    0
 11381, 75548,20161227,   80,    0
 11381, 75548,20161228,    0,    0
 11381, 75548,20161229,    9,    0
 11381, 75548,20161230,   13,    0
 11381, 75548,20161231,    0,    0
 11381, 75548,20170101,    0,    0
 11381, 75548,20170102,    0,    0
 11381, 75548,20170103,  190,    0
 11381, 75548,20170104,    1,    0
 11381, 75548,20170105,  160,    0
 11381, 75548,20170106,    2,    0
 11381, 75548,20170107,    0,    0
 11381, 75548,20170108,    0,    0
 11381, 75548,20170109,    0,    0
 11381, 75548,20170110,    0,    0
 11381, 75548,20170111,    7,    0
 11381, 75548,20170112,    0,    0
 11381, 75548,20170113,   40,    0
 11381, 75548,20170114,  251,    0
 11381, 75548,20170115,    0,    0
 11381, 75548,20170116,    6,    0
 11381, 75548,20170117,   41,    0
 11381, 75548,20170118,   30,    0
 11381, 75548,20170119,   80,    0
 11381, 75548,20170120,    0,    0
 11381, 75548,20170121,    0,    0
 11381, 75548,20170122,    0,    0
 11381, 75548,20170123,    0,    0
 11381, 75548,20170124,    0,    0
 11381, 75548,20170125,    0,    0
 11381, 75548,20170126,    0,    0
 11381, 75548,20170127,    0,    0
 11381, 75548,20170128,    0,    0
 11381, 75548,20170129,    0,    0
 11381, 75548,20170130,    0,    0
 11381, 75548,20170131,    0,    0
 11381, 75548,20170201,    0,    0
 11381, 75548,20170202,    0,    0
 11381, 75548,20170203,   18,    0
 11381, 75548,20170204,  240,    0
 11381, 75548,20170205,   70,    0
 11381, 75548,20170206,  350,    0
 11381, 75548,20170207,   50,    0
 11381, 75548,20170208,   20,    0
 11381, 75548,20170209,    0,    0
 11381, 75548,20170210,    0,    0
 11381, 75548,20170211,    0,    0
 11381, 75548,20170212,    0,    0
 11381, 75548,20170213,    0,    0
 11381, 75548,20170214,    0,    0
 11381, 75548,20170215,    0,    0
 11381, 75548,20170216,    0,    0
 11381, 75548,20170217,    0,    0
 11381, 75548,20170218,   83,    0
 11381, 75548,20170219,   40,    0
 11381, 75548,20170220,    0,    0
 11381, 75548,20170221,    0,    0
 11381, 75548,20170222,    0,    0
 11381, 75548,20170223,    0,    0
 11381, 75548,20170224,   30,    0
 11381, 75548,20170225,  650,    0
 11381, 75548,20170226,    7,    0
 11381, 75548,20170227,    0,    0
 11381, 75548,20170228,    0,    0
 11381, 75548,20170301,  190,    0
 11381, 75548,20170302,    0,    0
 11381, 75548,20170303,    0,    0
 11381, 75548,20170304,    0,    0
 11381, 75548,20170305,  110,    0
 11381, 75548,20170306,  320,    0
 11381, 75548,20170307,   60,    0
 11381, 75548,20170308,   30,    0
 11381, 75548,20170309,   10,    0
 11381, 75548,20170310,   32,    0
 11381, 75548,20170311,    7,    0
 11381, 75548,20170312,   32,    0
 11381, 75548,20170313,   11,    0
 11381, 75548,20170314,    0,    0
 11381, 75548,20170315,    0,    0
 11381, 75548,20170316,    0,    0
 11381, 75548,20170317,    0,    0
 11381, 75548,20170318,    0,    0
 11381, 75548,20170319,    0,    0
 11381, 75548,20170320,    0,    0
 11381, 75548,20170321,    0,    0
 11381, 75548,20170322,    0,    0
 11381, 75548,20170323,    0,    0
 11381, 75548,20170324,    0,    0
 11381, 75548,20170325,    0,    0
 11381, 75548,20170326,  100,    0
 11381, 75548,20170327,    0,    0
 11381, 75548,20170328,    0,    0
 11381, 75548,20170329,    0,    0
 11381, 75548,20170330,    0,    0
 11381, 75548,20170331,    0,    0
 11381, 75548,20170401,    0,    0
 11381, 75548,20170402,    0,    0
 11381, 75548,20170403,    0,    0
 11381, 75548,20170404,   70,    0
 11381, 75548,20170405,    8,    0
 11381, 75548,20170406,   27,    0
 11381, 75548,20170407,    0,    0
 11381, 75548,20170408,    7,    0
 11381, 75548,20170409,    0,    0
 11381, 75548,20170410,    0,    0
 11381, 75548,20170411,    0,    0
 11381, 75548,20170412,   40,    0
 11381, 75548,20170413,    3,    0
 11381, 75548,20170414,   42,    0
 11381, 75548,20170415,    3,    0
 11381, 75548,20170416,  170,    0
 11381, 75548,20170417,   20,    0
 11381, 75548,20170418,   30,    0
 11381, 75548,20170419,  300,    0
 11381, 75548,20170420,    6,    0
 11381, 75548,20170421,    3,    0
 11381, 75548,20170422,    0,    0
 11381, 75548,20170423,   30,    0
 11381, 75548,20170424,    0,    0
 11381, 75548,20170425,    0,    0
 11381, 75548,20170426,    0,    0
 11381, 75548,20170427,    0,    0
 11381, 75548,20170428,    5,    0
 11381, 75548,20170429,  190,    0
 11381, 75548,20170430,   10,    0
 11381, 75548,20170501,    0,    0
 11381, 75548,20170502,    0,    0
 11381, 75548,20170503,    0,    0
 11381, 75548,20170504,    0,    0
 11381, 75548,20170505,   50,    0
 11381, 75548,20170506,    5,    0
 11381, 75548,20170507,   30,    0
 11381, 75548,20170508,   83,    0
 11381, 75548,20170509,   30,    0
 11381, 75548,20170510,   91,    0
 11381, 75548,20170511,    0,    0
 11381, 75548,20170512,   10,    0
 11381, 75548,20170513,    1,    0
 11381, 75548,20170514,    0,    0
 11381, 75548,20170515,    0,    0
 11381, 75548,20170516,    2,    0
 11381, 75548,20170517,   70,    0
 11381, 75548,20170518,    0,    0
 11381, 75548,20170519,    0,    0
 11381, 75548,20170520,    0,    0
 11381, 75548,20170521,    4,    0
 11381, 75548,20170522,   40,    0
 11381, 75548,20170523,  340,    0
 11381, 75548,20170524,    1,    0
 11381, 75548,20170525,  150,    0
 11381, 75548,20170526,   12,    0
 11381, 75548,20170527,    7,    0
 11381, 75548,20170528,    1,    0
 11381, 75548,20170529,    0,    0
 11381, 75548,20170530,    0,    0
 11381, 75548,20170531,   90,    0
 11381, 75548,20170601,  190,    0
 11381, 75548,20170602,   20,    0
 11381, 75548,20170603,  130,    0
 11381, 75548,20170604,    0,    0
 11381, 75548,20170605,    4,    0
 11381, 75548,20170606,    0,    0
 11381, 75548,20170607,    0,    0
 11381, 75548,20170608,    0,    0
 11381, 75548,20170609,    0,    0
 11381, 75548,20170610,   10,    0
 11381, 75548,20170611,   30,    0
 11381, 75548,20170612,    0,    0
 11381, 75548,20170613,    0,    0
 11381, 75548,20170614,   20,    0
 11381, 75548,20170615,    0,    0
 11381, 75548,20170616,    0,    0
 11381, 75548,20170617,  100,    0
 11381, 75548,20170618,   22,    0
 11381, 75548,20170619,   40,    0
 11381, 75548,20170620,    0,    0
 11381, 75548,20170621,    0,    0
 11381, 75548,20170622,    0,    0
 11381, 75548,20170623,    0,    0
 11381, 75548,20170624,   10,    0
 11381, 75548,20170625,    0,    0
 11381, 75548,20170626,   28,    0
 11381, 75548,20170627,    0,    0
 11381, 75548,20170628,    0,    0
 11381, 75548,20170629,   20,    0
 11381, 75548,20170630,    0,    0
 11381, 75548,20170701,    0,    0
 11381, 75548,20170702,   20,    0
 11381, 75548,20170703,  176,    0
 11381, 75548,20170704,    0,    0
 11381, 75548,20170705,    0,    0
 11381, 75548,20170706,-9999,    9
 11381, 75548,20170707,    0,    0
 11381, 75548,20170708,    0,    0
 11381, 75548,20170709,  270,    0
 11381, 75548,20170710,    0,    0
 11381, 75548,20170711,    0,    0
 11381, 75548,20170712,    0,    0
 11381, 75548,20170713,    0,    0
 11381, 75548,20170714,    0,    0
 11381, 75548,20170715,    0,    0
 11381, 75548,20170716,   40,    0
 11381, 75548,20170717,    0,    0
 11381, 75548,20170718,    0,    0
 11381, 75548,20170719,    0,    0
 11381, 75548,20170720,   20,    0
 11381, 75548,20170721,   30,    0
 11381, 75548,20170722,    0,    0
 11381, 75548,20170723,    0,    0
 11381, 75548,20170724,    0,    0
 11381, 75548,20170725,  107,    0
 11381, 75548,20170726,   62,    0
 11381, 75548,20170727,   60,    0
 11381, 75548,20170728,    0,    0
 11381, 75548,20170729,    0,    0
 11381, 75548,20170730,-9999,    9
 11381, 75548,20170731,    6,    0
 11381, 75548,20170801,    2,    0
 11381, 75548,20170802,    0,    0
 11381, 75548,20170803,    0,    0
 11381, 75548,20170804,    0,    0
 11381, 75548,20170805,    0,    0
 11381, 75548,20170806,    0,    0
 11381, 75548,20170807,    0,    0
 11381, 75548,20170808,    0,    0
 11381, 75548,20170809,    0,    0
 11381, 75548,20170810,    0,    0
 11381, 75548,20170811,    0,    0
 11381, 75548,20170812,    0,    0
 11381, 75548,20170813,    9,    0
 11381, 75548,20170814,    0,    0
 11381, 75548,20170815,    0,    0
 11381, 75548,20170816,    0,    0
 11381, 75548,20170817,    0,    0
 11381, 75548,20170818,    0,    0
 11381, 75548,20170819,    0,    0
 11381, 75548,20170820,    2,    0
 11381, 75548,20170821,   90,    0
 11381, 75548,20170822,    0,    0
 11381, 75548,20170823,    0,    0
 11381, 75548,20170824,    0,    0
 11381, 75548,20170825,    0,    0
 11381, 75548,20170826,    0,    0
 11381, 75548,20170827,    0,    0
 11381, 75548,20170828,    6,    0
 11381, 75548,20170829,   80,    0
 11381, 75548,20170830,    0,    0
 11381, 75548,20170831,    0,    0
 11381, 75548,20170901,    0,    0
 11381, 75548,20170902,    2,    0
 11381, 75548,20170903,   20,    0
 11381, 75548,20170904,    0,    0
 11381, 75548,20170905,    0,    0
 11381, 75548,20170906,    0,    0
 11381, 75548,20170907,    0,    0
 11381, 75548,20170908,   27,    0
 11381, 75548,20170909,  130,    0
 11381, 75548,20170910,    1,    0
 11381, 75548,20170911,  120,    0
 11381, 75548,20170912,  242,    0
 11381, 75548,20170913,    6,    0
 11381, 75548,20170914,    0,    0
 11381, 75548,20170915,    0,    0
 11381, 75548,20170916,    0,    0
 11381, 75548,20170917,   95,    0
 11381, 75548,20170918,    4,    0
 11381, 75548,20170919,    0,    0
 11381, 75548,20170920,  120,    0
 11381, 75548,20170921,   10,    0
 11381, 75548,20170922,    0,    0
 11381, 75548,20170923,    0,    0
 11381, 75548,20170924,    0,    0
 11381, 75548,20170925,  113,    0
 11381, 75548,20170926,    5,    0
 11381, 75548,20170927,   27,    0
 11381, 75548,20170928,    5,    0
 11381, 75548,20170929,    0,    0
 11381, 75548,20170930,    0,    0
 11381, 75548,20171001,    0,    0
 11381, 75548,20171002,    0,    0
 11381, 75548,20171003,    0,    0
 11381, 75548,20171004,    2,    0
 11381, 75548,20171005,    0,    0
 11381, 75548,20171006,  180,    0
 11381, 75548,20171007,  220,    0
 11381, 75548,20171008,    0,    0
 11381, 75548,20171009,    0,    0
 11381, 75548,20171010,    0,    0
 11381, 75548,20171011,    0,    0
 11381, 75548,20171012,    0,    0
 11381, 75548,20171013,    0,    0
 11381, 75548,20171014,    0,    0
 11381, 75548,20171015,    0,    0
 11381, 75548,20171016,    0,    0
 11381, 75548,20171017,    0,    0
 11381, 75548,20171018,    0,    0
 11381, 75548,20171019,    0,    0
 11381, 75548,20171020,    0,    0
 11381, 75548,20171021,    0,    0
 11381, 75548,20171022,    0,    0
 11381, 75548,20171023,  160,    0
 11381, 75548,20171024,  170,    0
 11381, 75548,20171025,   30,    0
 11381, 75548,20171026,    0,    0
 11381, 75548,20171027,    0,    0
 11381, 75548,20171028,   32,    0
 11381, 75548,20171029,    0,    0
 11381, 75548,20171030,   30,    0
 11381, 75548,20171031,    0,    0
 11381, 75548,20171101,    0,    0
 11381, 75548,20171102,    0,    0
 11381, 75548,20171103,   30,    0
 11381, 75548,20171104,   20,    0
 11381, 75548,20171105,    0,    0
 11381, 75548,20171106,    1,    0
 11381, 75548,20171107,  110,    0
 11381, 75548,20171108,  150,    0
 11381, 75548,20171109,    0,    0
 11381, 75548,20171110,    0,    0
 11381, 75548,20171111,    9,    0
 11381, 75548,20171112,    2,    0
 11381, 75548,20171113,  840,    0
 11381, 75548,20171114,  410,    0
 11381, 75548,20171115,   61,    0
 11381, 75548,20171116,    3,    0
 11381, 75548,20171117,   12,    0
 11381, 75548,20171118,    2,    0
 11381, 75548,20171119,   30,    0
 11381, 75548,20171120,   70,    0
 11381, 75548,20171121,    0,    0
 11381, 75548,20171122,    0,    0
 11381, 75548,20171123,    0,    0
 11381, 75548,20171124,    0,    0
 11381, 75548,20171125,    0,    0
 11381, 75548,20171126,  103,    0
 11381, 75548,20171127,   64,    0
 11381, 75548,20171128,    0,    0
 11381, 75548,20171129,    0,    0
 11381, 75548,20171130, 1190,    0
 11381, 75548,20171201,   43,    0
 11381, 75548,20171202,  250,    0
 11381, 75548,20171203,  760,    0
 11381, 75548,20171204,   30,    0
 11381, 75548,20171205,    2,    0
 11381, 75548,20171206,    0,    0
 11381, 75548,20171207,    0,    0
 11381, 75548,20171208,    0,    0
 11381, 75548,20171209,  380,    0
 11381, 75548,20171210,   40,    0
 11381, 75548,20171211,   66,    0
 11381, 75548,20171212,   90,    0
 11381, 75548,20171213,  260,    0
 11381, 75548,20171214,   11,    0
 11381, 75548,20171215,  124,    0
 11381, 75548,20171216,  660,    0
 11381, 75548,20171217,  190,    0
 11381, 75548,20171218,   16,    0
 11381, 75548,20171219,    3,    0
 11381, 75548,20171220,    2,    0
 11381, 75548,20171221,    0,    0
 11381, 75548,20171222,    0,    0
 11381, 75548,20171223,    3,    0
 11381, 75548,20171224,    0,    0
 11381, 75548,20171225,    0,    0
 11381, 75548,20171226,   20,    0
 11381, 75548,20171227,   60,    0
 11381, 75548,20171228,  630,    0
 11381, 75548,20171229,  120,    0
 11381, 75548,20171230,    6,    0
 11381, 75548,20171231,    0,    0
 11381, 75548,20180101,    0,    0
 11381, 75548,20180102,   85,    0
 11381, 75548,20180103,    2,    0
 11381, 75548,20180104,   51,    0
 11381, 75548,20180105,    0,    0
 11381, 75548,20180106,    0,    0
 11381, 75548,20180107,    0,    0
 11381, 75548,20180108,    0,    0
 11381, 75548,20180109,    0,    0
 11381, 75548,20180110,    1,    0
 11381, 75548,20180111,  120,    0
 11381, 75548,20180112,   12,    0
 11381, 75548,20180113,    6,    0
 11381, 75548,20180114,   10,    0
 11381, 75548,20180115,   25,    0
 11381, 75548,20180116,    6,    0
 11381, 75548,20180117,  170,    0
 11381, 75548,20180118,   20,    0
 11381, 75548,20180119,    0,    0
 11381, 75548,20180120,  180,    0
 11381, 75548,20180121,   40,    0
 11381, 75548,20180122,   11,    0
 11381, 75548,20180123,    3,    0
 11381, 75548,20180124,    0,    0
 11381, 75548,20180125,    0,    0
 11381, 75548,20180126,    0,    0
 11381, 75548,20180127,    0,    0
 11381, 75548,20180128,    0,    0
 11381, 75548,20180129,    0,    0
 11381, 75548,20180130,    0,    0
 11381, 75548,20180131,    0,    0
 11381, 75548,20180201,    0,    0
 11381, 75548,20180202,  260,    0
 11381, 75548,20180203,  700,    0
 11381, 75548,20180204,   27,    0
 11381, 75548,20180205,   10,    0
 11381, 75548,20180206,    0,    0
 11381, 75548,20180207,  220,    0
 11381, 75548,20180208,   32,    0
 11381, 75548,20180209,    2,    0
 11381, 75548,20180210,   20,    0
 11381, 75548,20180211,   44,    0
 11381, 75548,20180212,    0,    0
 11381, 75548,20180213,   80,    0
 11381, 75548,20180214,    1,    0
 11381, 75548,20180215,    4,    0
 11381, 75548,20180216,    0,    0
 11381, 75548,20180217,    0,    0
 11381, 75548,20180218,   40,    0
 11381, 75548,20180219,  170,    0
 11381, 75548,20180220,   70,    0
 11381, 75548,20180221,  240,    0
 11381, 75548,20180222,   92,    0
 11381, 75548,20180223,   11,    0
 11381, 75548,20180224,    6,    0
 11381, 75548,20180225,   80,    0
 11381, 75548,20180226,   10,    0
 11381, 75548,20180227,   70,    0
 11381, 75548,20180228,    4,    0
 11381, 75548,20180301,   30,    0
 11381, 75548,20180302,  140,    0
 11381, 75548,20180303,   53,    0
 11381, 75548,20180304,   48,    0
 11381, 75548,20180305,   10,    0
 11381, 75548,20180306,  230,    0
 11381, 75548,20180307,  180,    0
 11381, 75548,20180308,   54,    0
 11381, 75548,20180309,    0,    0
 11381, 75548,20180310,    0,    0
 11381, 75548,20180311,    0,    0
 11381, 75548,20180312,  290,    0
 11381, 75548,20180313,   60,    0
 11381, 75548,20180314,    0,    0
 11381, 75548,20180315,    0,    0
 11381, 75548,20180316,   98,    0
 11381, 75548,20180317,  800,    0
 11381, 75548,20180318,  180,    0
 11381, 75548,20180319,   80,    0
 11381, 75548,20180320,   70,    0
 11381, 75548,20180321,  380,    0
 11381, 75548,20180322,  200,    0
 11381, 75548,20180323,  130,    0
 11381, 75548,20180324,    2,    0
 11381, 75548,20180325,   11,    0
 11381, 75548,20180326,    7,    0
 11381, 75548,20180327,   80,    0
 11381, 75548,20180328,    0,    0
 11381, 75548,20180329,    0,    0
 11381, 75548,20180330,    0,    0
 11381, 75548,20180331,  282,    0
 11381, 75548,20180401,  343,    0
 11381, 75548,20180402,    0,    0
 11381, 75548,20180403,    0,    0
 11381, 75548,20180404,    0,    0
 11381, 75548,20180405,   40,    0
 11381, 75548,20180406,   30,    0
 11381, 75548,20180407,    4,    0
 11381, 75548,20180408,    0,    0
 11381, 75548,20180409,    0,    0
 11381, 75548,20180410,    0,    0
 11381, 75548,20180411,    0,    0
 11381, 75548,20180412,    0,    0
 11381, 75548,20180413,    2,    0
 11381, 75548,20180414,    0,    0
 11381, 75548,20180415,    0,    0
 11381, 75548,20180416,    0,    0
 11381, 75548,20180417,  130,    0
 11381, 75548,20180418,   26,    0
 11381, 75548,20180419,   12,    0
 11381, 75548,20180420,    0,    0
 11381, 75548,20180421,    0,    0
 11381, 75548,20180422,    0,    0
 11381, 75548,20180423,    0,    0
 11381, 75548,20180424,    0,    0
 11381, 75548,20180425,    0,    0
 11381, 75548,20180426,    0,    0
 11381, 75548,20180427,    0,    0
 11381, 75548,20180428,    3,    0
 11381, 75548,20180429,   60,    0
 11381, 75548,20180430,    0,    0
 11381, 75548,20180501,    0,    0
 11381, 75548,20180502,    0,    0
 11381, 75548,20180503,    0,    0
 11381, 75548,20180504,   71,    0
 11381, 75548,20180505,  370,    0
 11381, 75548,20180506,  250,    0
 11381, 75548,20180507,  140,    0
 11381, 75548,20180508,    4,    0
 11381, 75548,20180509,   20,    0
 11381, 75548,20180510,    2,    0
 11381, 75548,20180511,    0,    0
 11381, 75548,20180512,   10,    0
 11381, 75548,20180513,   22,    0
 11381, 75548,20180514,    2,    0
 11381, 75548,20180515,   61,    0
 11381, 75548,20180516,   71,    0
 11381, 75548,20180517,    0,    0
 11381, 75548,20180518,   10,    0
 11381, 75548,20180519,    0,    0
 11381, 75548,20180520,    0,    0
 11381, 75548,20180521,   10,    0
 11381, 75548,20180522,   10,    0
 11381, 75548,20180523,  335,    0
 11381, 75548,20180524,   34,    0
 11381, 75548,20180525,    4,    0
 11381, 75548,20180526,    0,    0
 11381, 75548,20180527,    0,    0
 11381, 75548,20180528,   20,    0
 11381, 75548,20180529,    0,    0
 11381, 75548,20180530,  100,    0
 11381, 75548,20180531,  100,    0
 11381, 75548,20180601,  110,    0
 11381, 75548,20180602,    0,    0
 11381, 75548,20180603,   13,    0
 11381, 75548,20180604,  120,    0
 11381, 75548,20180605,  176,    0
 11381, 75548,20180606,   20,    0
 11381, 75548,20180607,    0,    0
 11381, 75548,20180608,    3,    0
 11381, 75548,20180609,  118,    0
 11381, 75548,20180610,    0,    0
 11381, 75548,20180611,   20,    0
 11381, 75548,20180612,  220,    0
 11381, 75548,20180613,   20,    0
 11381, 75548,20180614,   70,    0
 11381, 75548,20180615,  120,    0
 11381, 75548,20180616,  140,    0
 11381, 75548,20180617,    0,    0
 11381, 75548,20180618,   44,    0
 11381, 75548,20180619,   25,    0
 11381, 75548,20180620,    3,    0
 11381, 75548,20180621,  230,    0
 11381, 75548,20180622,   80,    0
 11381, 75548,20180623,   60,    0
 11381, 75548,20180624,    0,    0
 11381, 75548,20180625,    1,    0
 11381, 75548,20180626,   90,    0
 11381, 75548,20180627,  130,    0
 11381, 75548,20180628,    9,    0
 11381, 75548,20180629,   30,    0
 11381, 75548,20180630,   48,    0
 11381, 75548,20180701,    4,    0
 11381, 75548,20180702,   10,    0
 11381, 75548,20180703,    0,    0
 11381, 75548,20180704,   30,    0
 11381, 75548,20180705,    0,    0
 11381, 75548,20180706,    0,    0
 11381, 75548,20180707,    4,    0
 11381, 75548,20180708,   30,    0
 11381, 75548,20180709,    5,    0
 11381, 75548,20180710,    8,    0
 11381, 75548,20180711,   10,    0
 11381, 75548,20180712,    7,    0
 11381, 75548,20180713,   70,    0
 11381, 75548,20180714,   30,    0
 11381, 75548,20180715,   10,    0
 11381, 75548,20180716,   21,    0
 11381, 75548,20180717,  120,    0
 11381, 75548,20180718,    0,    0
 11381, 75548,20180719,    0,    0
 11381, 75548,20180720,    0,    0
 11381, 75548,20180721,    0,    0
 11381, 75548,20180722,    0,    0
 11381, 75548,20180723,   20,    0
 11381, 75548,20180724,   40,    0
 11381, 75548,20180725,   10,    0
 11381, 75548,20180726,    0,    0
 11381, 75548,20180727,   20,    0
 11381, 75548,20180728,  152,    0
 11381, 75548,20180729,    0,    0
 11381, 75548,20180730,    1,    0
 11381, 75548,20180731,-9999,    9
 11381, 75548,20180801,   60,    0
 11381, 75548,20180802,    3,    0
 11381, 75548,20180803,    9,    0
 11381, 75548,20180804,    0,    0
 11381, 75548,20180805,    0,    0
 11381, 75548,20180806,    0,    0
 11381, 75548,20180807,-9999,    9
 11381, 75548,20180808,    0,    0
 11381, 75548,20180809,    1,    0
 11381, 75548,20180810,    0,    0
 11381, 75548,20180811,  180,    0
 11381, 75548,20180812,    2,    0
 11381, 75548,20180813,    3,    0
 11381, 75548,20180814,    0,    0
 11381, 75548,20180815,  490,    0
 11381, 75548,20180816,  120,    0
 11381, 75548,20180817,  100,    0
 11381, 75548,20180818,  110,    0
 11381, 75548,20180819,    0,    0
 11381, 75548,20180820,   50,    0
 11381, 75548,20180821,   30,    0
 11381, 75548,20180822,    4,    0
 11381, 75548,20180823,    1,    0
 11381, 75548,20180824,  160,    0
 11381, 75548,20180825,   20,    0
 11381, 75548,20180826,   23,    0
 11381, 75548,20180827,   10,    0
 11381, 75548,20180828,    3,    0
 11381, 75548,20180829,    0,    0
 11381, 75548,20180830,    0,    0
 11381, 75548,20180831,    0,    0
 11381, 75548,20180901,    0,    0
 11381, 75548,20180902,    0,    0
 11381, 75548,20180903,   11,    0
 11381, 75548,20180904,   10,    0
 11381, 75548,20180905,    8,    0
 11381, 75548,20180906,    0,    0
 11381, 75548,20180907,   60,    0
 11381, 75548,20180908,   10,    0
 11381, 75548,20180909,    0,    0
 11381, 75548,20180910,    0,    0
 11381, 75548,20180911,    0,    0
 11381, 75548,20180912,    0,    0
 11381, 75548,20180913,    0,    0
 11381, 75548,20180914,    0,    0
 11381, 75548,20180915,    0,    0
 11381, 75548,20180916,    0,    0
 11381, 75548,20180917,    0,    0
 11381, 75548,20180918,    0,    0
 11381, 75548,20180919,    2,    0
 11381, 75548,20180920,    0,    0
 11381, 75548,20180921,    0,    0
 11381, 75548,20180922,    0,    0
 11381, 75548,20180923,    0,    0
 11381, 75548,20180924,   80,    0
 11381, 75548,20180925,    2,    0
 11381, 75548,20180926,    1,    0
 11381, 75548,20180927,    0,    0
 11381, 75548,20180928,    0,    0
 11381, 75548,20180929,    0,    0
 11381, 75548,20180930,    1,    0
 11381, 75548,20181001,    0,    0
 11381, 75548,20181002,  360,    0
 11381, 75548,20181003,    5,    0
 11381, 75548,20181004,    0,    0
 11381, 75548,20181005,    0,    0
 11381, 75548,20181006,    0,    0
 11381, 75548,20181007,    5,    0
 11381, 75548,20181008,    3,    0
 11381, 75548,20181009,    4,    0
 11381, 75548,20181010,    0,    0
 11381, 75548,20181011,    0,    0
 11381, 75548,20181012,    0,    0
 11381, 75548,20181013,    0,    0
 11381, 75548,20181014,    0,    0
 11381, 75548,20181015,    0,    0
 11381, 75548,20181016,    0,    0
 11381, 75548,20181017,    0,    0
 11381, 75548,20181018,    0,    0
 11381, 75548,20181019,    0,    0
 11381, 75548,20181020,    0,    0
 11381, 75548,20181021,   53,    0
 11381, 75548,20181022,    5,    0
 11381, 75548,20181023,    9,    0
 11381, 75548,20181024,    2,    0
 11381, 75548,20181025,    3,    0
 11381, 75548,20181026,    0,    0
 11381, 75548,20181027,    1,    0
 11381, 75548,20181028,  240,    0
 11381, 75548,20181029,  480,    0
 11381, 75548,20181030,  450,    0
 11381, 75548,20181031,    0,    0
 11381, 75548,20181101,  176,    0
 11381, 75548,20181102,  170,    0
 11381, 75548,20181103,    0,    0
 11381, 75548,20181104,    0,    0
 11381, 75548,20181105,    0,    0
 11381, 75548,20181106,    0,    0
 11381, 75548,20181107,    0,    0
 11381, 75548,20181108,    0,    0
 11381, 75548,20181109,    0,    0
 11381, 75548,20181110,    0,    0
 11381, 75548,20181111,    0,    0
 11381, 75548,20181112,    0,    0
 11381, 75548,20181113,    0,    0
 11381, 75548,20181114,    0,    0
 11381, 75548,20181115,    0,    0
 11381, 75548,20181116,    1,    0
 11381, 75548,20181117,    2,    0
 11381, 75548,20181118,    4,    0
 11381, 75548,20181119,    4,    0
 11381, 75548,20181120, 1240,    0
 11381, 75548,20181121,  120,    0
 11381, 75548,20181122,    0,    0
 11381, 75548,20181123,    0,    0
 11381, 75548,20181124,    0,    0
 11381, 75548,20181125,  210,    0
 11381, 75548,20181126,  430,    0
 11381, 75548,20181127,  422,    0
 11381, 75548,20181128,   44,    0
 11381, 75548,20181129,    1,    0
 11381, 75548,20181130,    0,    0
 11381, 75548,20181201,    0,    0
 11381, 75548,20181202,    0,    0
 11381, 75548,20181203,   20,    0
 11381, 75548,20181204,   10,    0
 11381, 75548,20181205,   50,    0
 11381, 75548,20181206,    0,    0
 11381, 75548,20181207,    0,    0
 11381, 75548,20181208,  110,    0
 11381, 75548,20181209,    5,    0
 11381, 75548,20181210,   50,    0
 11381, 75548,20181211,   11,    0
 11381, 75548,20181212,    2,    0
 11381, 75548,20181213,   20,    0
 11381, 75548,20181214,-9999,    9
 11381, 75548,20181215,  350,    0
 11381, 75548,20181216,  100,    0
 11381, 75548,20181217,    2,    0
 11381, 75548,20181218,    0,    0
 11381, 75548,20181219,    0,    0
 11381, 75548,20181220,    0,    0
 11381, 75548,20181221,   12,    0
 11381, 75548,20181222,    0,    0
 11381, 75548,20181223,    0,    0
 11381, 75548,20181224,   40,    0
 11381, 75548,20181225,   11,    0
 11381, 75548,20181226,    5,    0
 11381, 75548,20181227,    0,    0
 11381, 75548,20181228,    0,    0
 11381, 75548,20181229,    0,    0
 11381, 75548,20181230,    0,    0
 11381, 75548,20181231,   14,    0
 11381, 75548,20190101,   11,    0
 11381, 75548,20190102,   30,    0
 11381, 75548,20190103,   28,    0
 11381, 75548,20190104,   10,    0
 11381, 75548,20190105,    2,    0
 11381, 75548,20190106,    8,    0
 11381, 75548,20190107,    6,    0
 11381, 75548,20190108,    0,    0
 11381, 75548,20190109,  140,    0
 11381, 75548,20190110,  130,    0
 11381, 75548,20190111,    6,    0
 11381, 75548,20190112,    0,    0
 11381, 75548,20190113,    1,    0
 11381, 75548,20190114,   45,    0
 11381, 75548,20190115,    2,    0
 11381, 75548,20190116,    0,    0
 11381, 75548,20190117,    0,    0
 11381, 75548,20190118,    6,    0
 11381, 75548,20190119,    2,    0
 11381, 75548,20190120,   81,    0
 11381, 75548,20190121,    0,    0
 11381, 75548,20190122,   60,    0
 11381, 75548,20190123,  150,    0
 11381, 75548,20190124,   40,    0
 11381, 75548,20190125,   80,    0
 11381, 75548,20190126,   10,    0
 11381, 75548,20190127,    0,    0
 11381, 75548,20190128,  280,    0
 11381, 75548,20190129,   17,    0
 11381, 75548,20190130,    1,    0
 11381, 75548,20190131,   31,    0
 11381, 75548,20190201,    6,    0
 11381, 75548,20190202,  300,    0
 11381, 75548,20190203,  240,    0
 11381, 75548,20190204,  180,    0
 11381, 75548,20190205,    1,    0
 11381, 75548,20190206,   22,    0
 11381, 75548,20190207,    0,    0
 11381, 75548,20190208,    0,    0
 11381, 75548,20190209,    0,    0
 11381, 75548,20190210,    0,    0
 11381, 75548,20190211,  210,    0
 11381, 75548,20190212,   70,    0
 11381, 75548,20190213,   30,    0
 11381, 75548,20190214,    0,    0
 11381, 75548,20190215,    8,    0
 11381, 75548,20190216,    0,    0
 11381, 75548,20190217,    0,    0
 11381, 75548,20190218,    0,    0
 11381, 75548,20190219,    0,    0
 11381, 75548,20190220,    0,    0
 11381, 75548,20190221,    0,    0
 11381, 75548,20190222,    9,    0
 11381, 75548,20190223,    7,    0
 11381, 75548,20190224,    1,    0
 11381, 75548,20190225,    3,    0
 11381, 75548,20190226,    0,    0
 11381, 75548,20190227,    0,    0
 11381, 75548,20190228,    0,    0
 11381, 75548,20190301,    0,    0
 11381, 75548,20190302,   20,    0
 11381, 75548,20190303,    0,    0
 11381, 75548,20190304,    0,    0
 11381, 75548,20190305,    4,    0
 11381, 75548,20190306,    0,    0
 11381, 75548,20190307,    0,    0
 11381, 75548,20190308,    0,    0
 11381, 75548,20190309,   70,    0
 11381, 75548,20190310,    0,    0
 11381, 75548,20190311,  160,    0
 11381, 75548,20190312,  185,    0
 11381, 75548,20190313,    0,    0
 11381, 75548,20190314,    7,    0
 11381, 75548,20190315,    0,    0
 11381, 75548,20190316,    0,    0
 11381, 75548,20190317,    0,    0
 11381, 75548,20190318,    0,    0
 11381, 75548,20190319,    7,    0
 11381, 75548,20190320,    0,    0
 11381, 75548,20190321,    0,    0
 11381, 75548,20190322,    0,    0
 11381, 75548,20190323,    0,    0
 11381, 75548,20190324,    0,    0
 11381, 75548,20190325,    0,    0
 11381, 75548,20190326,   12,    0
 11381, 75548,20190327,    4,    0
 11381, 75548,20190328,    0,    0
 11381, 75548,20190329,    0,    0
 11381, 75548,20190330,    0,    0
 11381, 75548,20190331,    0,    0
 11381, 75548,20190401,    0,    0
 11381, 75548,20190402,    0,    0
 11381, 75548,20190403,    0,    0
 11381, 75548,20190404,    3,    0
 11381, 75548,20190405,   90,    0
 11381, 75548,20190406,   46,    0
 11381, 75548,20190407,    0,    0
 11381, 75548,20190408,  120,    0
 11381, 75548,20190409,   50,    0
 11381, 75548,20190410,   40,    0
 11381, 75548,20190411,    3,    0
 11381, 75548,20190412,   10,    0
 11381, 75548,20190413,   60,    0
 11381, 75548,20190414,   16,    0
 11381, 75548,20190415,    4,    0
 11381, 75548,20190416,    0,    0
 11381, 75548,20190417,    0,    0
 11381, 75548,20190418,    5,    0
 11381, 75548,20190419,    0,    0
 11381, 75548,20190420,    0,    0
 11381, 75548,20190421,    0,    0
 11381, 75548,20190422,    0,    0
 11381, 75548,20190423,   15,    0
 11381, 75548,20190424,  130,    0
 11381, 75548,20190425,    0,    0
 11381, 75548,20190426,    0,    0
 11381, 75548,20190427,  120,    0
 11381, 75548,20190428,    0,    0
 11381, 75548,20190429,   50,    0
 11381, 75548,20190430,  170,    0
 11381, 75548,20190501,    0,    0
 11381, 75548,20190502,    3,    0
 11381, 75548,20190503,    0,    0
 11381, 75548,20190504,   50,    0
 11381, 75548,20190505,  150,    0
 11381, 75548,20190506,  120,    0
 11381, 75548,20190507,    2,    0
 11381, 75548,20190508,    0,    0
 11381, 75548,20190509,   32,    0
 11381, 75548,20190510,    0,    0
 11381, 75548,20190511,    0,    0
 11381, 75548,20190512,   10,    0
 11381, 75548,20190513,   80,    0
 11381, 75548,20190514,  200,    0
 11381, 75548,20190515,   22,    0
 11381, 75548,20190516,   46,    0
 11381, 75548,20190517,   12,    0
 11381, 75548,20190518,    2,    0
 11381, 75548,20190519,   40,    0
 11381, 75548,20190520,   70,    0
 11381, 75548,20190521,   13,    0
 11381, 75548,20190522,    0,    0
 11381, 75548,20190523,  110,    0
 11381, 75548,20190524,   30,    0
 11381, 75548,20190525,    0,    0
 11381, 75548,20190526,    6,    0
 11381, 75548,20190527,   70,    0
 11381, 75548,20190528,  290,    0
 11381, 75548,20190529,   70,    0
 11381, 75548,20190530,    8,    0
 11381, 75548,20190531,    3,    0
 11381, 75548,20190601,   92,    0
 11381, 75548,20190602,   24,    0
 11381, 75548,20190603,  120,    0
 11381, 75548,20190604,   85,    0
 11381, 75548,20190605,    6,    0
 11381, 75548,20190606,    3,    0
 11381, 75548,20190607,    0,    0
 11381, 75548,20190608,   90,    0
 11381, 75548,20190609,    0,    0
 11381, 75548,20190610,    0,    0
 11381, 75548,20190611,-9999,    9
 11381, 75548,20190612,    0,    0
 11381, 75548,20190613,    0,    0
 11381, 75548,20190614,    0,    0
 11381, 75548,20190615,    0,    0
 11381, 75548,20190616,    0,    0
 11381, 75548,20190617,   50,    0
 11381, 75548,20190618,    3,    0
 11381, 75548,20190619,   20,    0
 11381, 75548,20190620,    0,    0
 11381, 75548,20190621,    0,    0
 11381, 75548,20190622,    0,    0
 11381, 75548,20190623,    0,    0
 11381, 75548,20190624,   60,    0
 11381, 75548,20190625,   18,    0
 11381, 75548,20190626,    0,    0
 11381, 75548,20190627,    0,    0
 11381, 75548,20190628,  100,    0
 11381, 75548,20190629,    0,    0
 11381, 75548,20190630,    0,    0
 11381, 75548,20190701,    0,    0
 11381, 75548,20190702,   20,    0
 11381, 75548,20190703,    0,    0
 11381, 75548,20190704,  100,    0
 11381, 75548,20190705,    0,    0
 11381, 75548,20190706,    0,    0
 11381, 75548,20190707,    0,    0
 11381, 75548,20190708,   30,    0
 11381, 75548,20190709,  141,    0
 11381, 75548,20190710,  290,    0
 11381, 75548,20190711,    0,    0
 11381, 75548,20190712,    0,    0
 11381, 75548,20190713,   40,    0
 11381, 75548,20190714,   53,    0
 11381, 75548,20190715,    3,    0
 11381, 75548,20190716,    0,    0
 11381, 75548,20190717,    0,    0
 11381, 75548,20190718,    1,    0
 11381, 75548,20190719,   50,    0
 11381, 75548,20190720,    0,    0
 11381, 75548,20190721,    0,    0
 11381, 75548,20190722,   20,    0
 11381, 75548,20190723,    3,    0
 11381, 75548,20190724,    0,    0
 11381, 75548,20190725,    0,    0
 11381, 75548,20190726,   30,    0
 11381, 75548,20190727,   90,    0
 11381, 75548,20190728,   90,    0
 11381, 75548,20190729,  170,    0
 11381, 75548,20190730,    0,    0
 11381, 75548,20190731,    0,    0
 11381, 75548,20190801,    0,    0
 11381, 75548,20190802,    0,    0
 11381, 75548,20190803,   20,    0
 11381, 75548,20190804,    0,    0
 11381, 75548,20190805,    0,    0
 11381, 75548,20190806,    0,    0
 11381, 75548,20190807,    0,    0
 11381, 75548,20190808,    0,    0
 11381, 75548,20190809,    0,    0
 11381, 75548,20190810,    0,    0
 11381, 75548,20190811,    0,    0
 11381, 75548,20190812,    0,    0
 11381, 75548,20190813,    0,    0
 11381, 75548,20190814,  110,    0
 11381, 75548,20190815,    7,    0
 11381, 75548,20190816,    0,    0
 11381, 75548,20190817,    0,    0
 11381, 75548,20190818,    0,    0
 11381, 75548,20190819,    0,    0
 11381, 75548,20190820,    0,    0
 11381, 75548,20190821,    0,    0
 11381, 75548,20190822,    0,    0
 11381, 75548,20190823,    0,    0
 11381, 75548,20190824,   20,    0
 11381, 75548,20190825,  110,    0
 11381, 75548,20190826,   50,    0
 11381, 75548,20190827,   60,    0
 11381, 75548,20190828,    0,    0
 11381, 75548,20190829,   20,    0
 11381, 75548,20190830,    0,    0
 11381, 75548,20190831,    0,    0
 11381, 75548,20190901,    0,    0
 11381, 75548,20190902,    0,    0
 11381, 75548,20190903,    1,    0
 11381, 75548,20190904,   90,    0
 11381, 75548,20190905,  120,    0
 11381, 75548,20190906,   24,    0
 11381, 75548,20190907,   41,    0
 11381, 75548,20190908,    1,    0
 11381, 75548,20190909,    0,    0
 11381, 75548,20190910,    0,    0
 11381, 75548,20190911,   70,    0
 11381, 75548,20190912,    2,    0
 11381, 75548,20190913,    0,    0
 11381, 75548,20190914,    0,    0
 11381, 75548,20190915,    0,    0
 11381, 75548,20190916,    0,    0
 11381, 75548,20190917,    0,    0
 11381, 75548,20190918,    5,    0
 11381, 75548,20190919,  110,    0
 11381, 75548,20190920,    0,    0
 11381, 75548,20190921,    0,    0
 11381, 75548,20190922,    0,    0
 11381, 75548,20190923,  130,    0
 11381, 75548,20190924,   60,    0
 11381, 75548,20190925,    0,    0
 11381, 75548,20190926,    8,    0
 11381, 75548,20190927,    0,    0
 11381, 75548,20190928,    0,    0
 11381, 75548,20190929,    0,    0
 11381, 75548,20190930,    0,    0
 11381, 75548,20191001,    0,    0
 11381, 75548,20191002,    0,    0
 11381, 75548,20191003,  470,    0
 11381, 75548,20191004,   40,    0
 11381, 75548,20191005,    0,    0
 11381, 75548,20191006,    0,    0
 11381, 75548,20191007,    0,    0
 11381, 75548,20191008,    0,    0
 11381, 75548,20191009,    0,    0
 11381, 75548,20191010,    0,    0
 11381, 75548,20191011,    0,    0
 11381, 75548,20191012,    0,    0
 11381, 75548,20191013,    0,    0
 11381, 75548,20191014,    0,    0
 11381, 75548,20191015,    0,    0
 11381, 75548,20191016,    0,    0
 11381, 75548,20191017,    0,    0
 11381, 75548,20191018,    0,    0
 11381, 75548,20191019,    0,    0
 11381, 75548,20191020,    0,    0
 11381, 75548,20191021,    0,    0
 11381, 75548,20191022,    0,    0
 11381, 75548,20191023,    0,    0
 11381, 75548,20191024,    0,    0
 11381, 75548,20191025,    0,    0
 11381, 75548,20191026,    0,    0
 11381, 75548,20191027,    0,    0
 11381, 75548,20191028,    0,    0
 11381, 75548,20191029,    0,    0
 11381, 75548,20191030,    0,    0
 11381, 75548,20191031,    4,    0
 11381, 75548,20191101,    5,    0
 11381, 75548,20191102,   81,    0
 11381, 75548,20191103,  720,    0
 11381, 75548,20191104,  940,    0
 11381, 75548,20191105,   40,    0
 11381, 75548,20191106,  680,    0
 11381, 75548,20191107,   52,    0
 11381, 75548,20191108,   73,    0
 11381, 75548,20191109,   60,    0
 11381, 75548,20191110,  280,    0
 11381, 75548,20191111,    0,    0
 11381, 75548,20191112,  200,    0
 11381, 75548,20191113,  490,    0
 11381, 75548,20191114,  191,    0
 11381, 75548,20191115,    2,    0
 11381, 75548,20191116,  100,    0
 11381, 75548,20191117,    7,    0
 11381, 75548,20191118,   81,    0
 11381, 75548,20191119,    0,    0
 11381, 75548,20191120,  200,    0
 11381, 75548,20191121,    1,    0
 11381, 75548,20191122,    0,    0
 11381, 75548,20191123,    0,    0
 11381, 75548,20191124,    1,    0
 11381, 75548,20191125,    0,    0
 11381, 75548,20191126,    0,    0
 11381, 75548,20191127,    0,    0
 11381, 75548,20191128,  120,    0
 11381, 75548,20191129,   82,    0
 11381, 75548,20191130,  150,    0
 11381, 75548,20191201,    0,    0
 11381, 75548,20191202,    4,    0
 11381, 75548,20191203,  160,    0
 11381, 75548,20191204,    0,    0
 11381, 75548,20191205,    0,    0
 11381, 75548,20191206,    0,    0
 11381, 75548,20191207,   40,    0
 11381, 75548,20191208,    0,    0
 11381, 75548,20191209,    1,    0
 11381, 75548,20191210,  160,    0
 11381, 75548,20191211,   10,    0
 11381, 75548,20191212,    0,    0
 11381, 75548,20191213,    8,    0
 11381, 75548,20191214,   60,    0
 11381, 75548,20191215,    0,    0
 11381, 75548,20191216,    0,    0
 11381, 75548,20191217,    0,    0
 11381, 75548,20191218,    0,    0
 11381, 75548,20191219,    0,    0
 11381, 75548,20191220,  160,    0
 11381, 75548,20191221,  340,    0
 11381, 75548,20191222,  620,    0
 11381, 75548,20191223,   70,    0
 11381, 75548,20191224,   10,    0
 11381, 75548,20191225,    0,    0
 11381, 75548,20191226,    4,    0
 11381, 75548,20191227,    0,    0
 11381, 75548,20191228,   10,    0
 11381, 75548,20191229,    0,    0
 11381, 75548,20191230,    1,    0
 11381, 75548,20191231,    0,    0
 11381, 75548,20200101,    0,    0
 11381, 75548,20200102,    0,    0
 11381, 75548,20200103,    0,    0
 11381, 75548,20200104,    0,    0
 11381, 75548,20200105,   17,    0
 11381, 75548,20200106,   20,    0
 11381, 75548,20200107,    0,    0
 11381, 75548,20200108,    0,    0
 11381, 75548,20200109,    0,    0
 11381, 75548,20200110,    0,    0
 11381, 75548,20200111,    1,    0
 11381, 75548,20200112,    0,    0
 11381, 75548,20200113,    0,    0
 11381, 75548,20200114,    0,    0
 11381, 75548,20200115,    0,    0
 11381, 75548,20200116,    0,    0
 11381, 75548,20200117,    0,    0
 11381, 75548,20200118,    0,    0
 11381, 75548,20200119,   50,    0
 11381, 75548,20200120,    0,    0
 11381, 75548,20200121,    0,    0
 11381, 75548,20200122,    0,    0
 11381, 75548,20200123,-9999,    9
 11381, 75548,20200124,    0,    0
 11381, 75548,20200125,    5,    0
 11381, 75548,20200126,   46,    0
 11381, 75548,20200127,  190,    0
 11381, 75548,20200128,    0,    0
 11381, 75548,20200129,  190,    0
 11381, 75548,20200130,   22,    0
 11381, 75548,20200131,    0,    0
 11381, 75548,20200201,    0,    0
 11381, 75548,20200202,    0,    0
 11381, 75548,20200203,    0,    0
 11381, 75548,20200204,  110,    0
 11381, 75548,20200205,   34,    0
 11381, 75548,20200206,    1,    0
 11381, 75548,20200207,    0,    0
 11381, 75548,20200208,    0,    0
 11381, 75548,20200209,    0,    0
 11381, 75548,20200210,    0,    0
 11381, 75548,20200211,   20,    0
 11381, 75548,20200212,   45,    0
 11381, 75548,20200213,    1,    0
 11381, 75548,20200214,   30,    0
 11381, 75548,20200215,    5,    0
 11381, 75548,20200216,    0,    0
 11381, 75548,20200217,    0,    0
 11381, 75548,20200218,    0,    0
 11381, 75548,20200219,    0,    0
 11381, 75548,20200220,   31,    0
 11381, 75548,20200221,    0,    0
 11381, 75548,20200222,    0,    0
 11381, 75548,20200223,    0,    0
 11381, 75548,20200224,    0,    0
 11381, 75548,20200225,    0,    0
 11381, 75548,20200226,  140,    0
 11381, 75548,20200227,  168,    0
 11381, 75548,20200228,   90,    0
 11381, 75548,20200229,    0,    0
 11381, 75548,20200301,    4,    0
 11381, 75548,20200302,  370,    0
 11381, 75548,20200303,  900,    0
 11381, 75548,20200304,   80,    0
 11381, 75548,20200305,    5,    0
 11381, 75548,20200306,  120,    0
 11381, 75548,20200307,   50,    0
 11381, 75548,20200308,  170,    0
 11381, 75548,20200309,    8,    0
 11381, 75548,20200310,    0,    0
 11381, 75548,20200311,    2,    0
 11381, 75548,20200312,    0,    0
 11381, 75548,20200313,    0,    0
 11381, 75548,20200314,    9,    0
 11381, 75548,20200315,   10,    0
 11381, 75548,20200316,    0,    0
 11381, 75548,20200317,    0,    0
 11381, 75548,20200318,    0,    0
 11381, 75548,20200319,    0,    0
 11381, 75548,20200320,    0,    0
 11381, 75548,20200321,    0,    0
 11381, 75548,20200322,   40,    0
 11381, 75548,20200323,   85,    0
 11381, 75548,20200324,   30,    0
 11381, 75548,20200325,   12,    0
 11381, 75548,20200326,   10,    0
 11381, 75548,20200327,    2,    0
 11381, 75548,20200328,    0,    0
 11381, 75548,20200329,    0,    0
 11381, 75548,20200330,    0,    0
 11381, 75548,20200331,   60,    0
 11381, 75548,20200401,  108,    0
 11381, 75548,20200402,    1,    0
 11381, 75548,20200403,    0,    0
 11381, 75548,20200404,    1,    0
 11381, 75548,20200405,    0,    0
 11381, 75548,20200406,    0,    0
 11381, 75548,20200407,    0,    0
 11381, 75548,20200408,    0,    0
 11381, 75548,20200409,    0,    0
 11381, 75548,20200410,    0,    0
 11381, 75548,20200411,    0,    0
 11381, 75548,20200412,    0,    0
 11381, 75548,20200413,    0,    0
 11381, 75548,20200414,  160,    0
 11381, 75548,20200415,   30,    0
 11381, 75548,20200416,    0,    0
 11381, 75548,20200417,    0,    0
 11381, 75548,20200418,    0,    0
 11381, 75548,20200419,    0,    0
 11381, 75548,20200420,    5,    0
 11381, 75548,20200421,  210,    0
 11381, 75548,20200422,   50,    0
 11381, 75548,20200423,    0,    0
 11381, 75548,20200424,    0,    0
 11381, 75548,20200425,    0,    0
 11381, 75548,20200426,    0,    0
 11381, 75548,20200427,    0,    0
 11381, 75548,20200428,    0,    0
 11381, 75548,20200429,   30,    0
 11381, 75548,20200430,    0,    0
 11381, 75548,20200501,    3,    0
 11381, 75548,20200502,  100,    0
 11381, 75548,20200503,    1,    0
 11381, 75548,20200504,    0,    0
 11381, 75548,20200505,    0,    0
 11381, 75548,20200506,  110,    0
 11381, 75548,20200507,    0,    0
 11381, 75548,20200508,    0,    0
 11381, 75548,20200509,    0,    0
 11381, 75548,20200510,    8,    0
 11381, 75548,20200511,    0,    0
 11381, 75548,20200512,   11,    0
 11381, 75548,20200513,    0,    0
 11381, 75548,20200514,   40,    0
 11381, 75548,20200515,    0,    0
 11381, 75548,20200516,    0,    0
 11381, 75548,20200517,    0,    0
 11381, 75548,20200518,    0,    0
 11381, 75548,20200519,    0,    0
 11381, 75548,20200520,  130,    0
 11381, 75548,20200521,  210,    0
 11381, 75548,20200522,    0,    0
 11381, 75548,20200523,    0,    0
 11381, 75548,20200524,   50,    0
 11381, 75548,20200525,    1,    0
 11381, 75548,20200526,   90,    0
 11381, 75548,20200527,   70,    0
 11381, 75548,20200528,   74,    0
 11381, 75548,20200529,    5,    0
 11381, 75548,20200530,    4,    0
 11381, 75548,20200531,   60,    0
 11381, 75548,20200601,   20,    0
 11381, 75548,20200602,   20,    0
 11381, 75548,20200603,    3,    0
 11381, 75548,20200604,    0,    0
 11381, 75548,20200605,  150,    0
 11381, 75548,20200606,  138,    0
 11381, 75548,20200607,    0,    0
 11381, 75548,20200608,   20,    0
 11381, 75548,20200609,    8,    0
 11381, 75548,20200610,    0,    0
 11381, 75548,20200611,    1,    0
 11381, 75548,20200612,    0,    0
 11381, 75548,20200613,    0,    0
 11381, 75548,20200614,    1,    0
 11381, 75548,20200615,    0,    0
 11381, 75548,20200616,  140,    0
 11381, 75548,20200617,  120,    0
 11381, 75548,20200618,    0,    0
 11381, 75548,20200619,    0,    0
 11381, 75548,20200620,    6,    0
 11381, 75548,20200621,    0,    0
 11381, 75548,20200622,  160,    0
 11381, 75548,20200623,  130,    0
 11381, 75548,20200624,    6,    0
 11381, 75548,20200625,   30,    0
 11381, 75548,20200626,  140,    0
 11381, 75548,20200627,  140,    0
 11381, 75548,20200628,   40,    0
 11381, 75548,20200629,    0,    0
 11381, 75548,20200630,    0,    0
 11381, 75548,20200701,-9999,    9
 11381, 75548,20200702,-9999,    9
 11381, 75548,20200703,-9999,    9
 11381, 75548,20200704,-9999,    9
 11381, 75548,20200705,-9999,    9
 11381, 75548,20200706,-9999,    9
 11381, 75548,20200707,-9999,    9
 11381, 75548,20200708,-9999,    9
 11381, 75548,20200709,-9999,    9
 11381, 75548,20200710,-9999,    9
 11381, 75548,20200711,-9999,    9
 11381, 75548,20200712,-9999,    9
 11381, 75548,20200713,-9999,    9
 11381, 75548,20200714,-9999,    9
 11381, 75548,20200715,-9999,    9
 11381, 75548,20200716,    0,    0
 11381, 75548,20200717,   70,    0
 11381, 75548,20200718,  200,    0
 11381, 75548,20200719,   16,    0
 11381, 75548,20200720,    0,    0
 11381, 75548,20200721,    0,    0
 11381, 75548,20200722,-9999,    9
 11381, 75548,20200723,    1,    0
 11381, 75548,20200724,  190,    0
 11381, 75548,20200725,    4,    0
 11381, 75548,20200726,   30,    0
 11381, 75548,20200727,    0,    0
 11381, 75548,20200728,    0,    0
 11381, 75548,20200729,    0,    0
 11381, 75548,20200730,    1,    0
 11381, 75548,20200731,  190,    0
 11381, 75548,20200801,    0,    0
 11381, 75548,20200802,    0,    0
 11381, 75548,20200803,    0,    0
 11381, 75548,20200804,    1,    0
 11381, 75548,20200805,  140,    0
 11381, 75548,20200806,  110,    0
 11381, 75548,20200807,   80,    0
 11381, 75548,20200808,   84,    0
 11381, 75548,20200809,   36,    0
 11381, 75548,20200810,    0,    0
 11381, 75548,20200811,    4,    0
 11381, 75548,20200812,   40,    0
 11381, 75548,20200813,    0,    0
 11381, 75548,20200814,    0,    0
 11381, 75548,20200815,  120,    0
 11381, 75548,20200816,    0,    0
 11381, 75548,20200817,   60,    0
 11381, 75548,20200818,  100,    0
 11381, 75548,20200819,   50,    0
 11381, 75548,20200820,    0,    0
 11381, 75548,20200821,    0,    0
 11381, 75548,20200822,    0,    0
 11381, 75548,20200823,   30,    0
 11381, 75548,20200824,   40,    0
 11381, 75548,20200825,   80,    0
 11381, 75548,20200826,    0,    0
 11381, 75548,20200827,    0,    0
 11381, 75548,20200828,    0,    0
 11381, 75548,20200829,    0,    0
 11381, 75548,20200830,    0,    0
 11381, 75548,20200831,    0,    0
 11381, 75548,20200901,   90,    0
 11381, 75548,20200902,    0,    0
 11381, 75548,20200903,    7,    0
 11381, 75548,20200904,   40,    0
 11381, 75548,20200905,    0,    0
 11381, 75548,20200906,    0,    0
 11381, 75548,20200907,    0,    0
 11381, 75548,20200908,    0,    0
 11381, 75548,20200909,    0,    0
 11381, 75548,20200910,    0,    0
 11381, 75548,20200911,    0,    0
 11381, 75548,20200912,    0,    0
 11381, 75548,20200913,    0,    0
 11381, 75548,20200914,    0,    0
 11381, 75548,20200915,    0,    0
 11381, 75548,20200916,    0,    0
 11381, 75548,20200917,    0,    0
 11381, 75548,20200918,    0,    0
 11381, 75548,20200919,    0,    0
 11381, 75548,20200920,    0,    0
 11381, 75548,20200921,   20,    0
 11381, 75548,20200922,    2,    0
 11381, 75548,20200923,   30,    0
 11381, 75548,20200924,    0,    0
 11381, 75548,20200925,  120,    0
 11381, 75548,20200926,  290,    0
 11381, 75548,20200927,   80,    0
 11381, 75548,20200928,  560,    0
 11381, 75548,20200929,  100,    0
 11381, 75548,20200930,    6,    0
 11381, 75548,20201001,    0,    0
 11381, 75548,20201002,    0,    0
 11381, 75548,20201003,    0,    0
 11381, 75548,20201004,  184,    0
 11381, 75548,20201005,  358,    0
 11381, 75548,20201006,    0,    0
 11381, 75548,20201007,  160,    0
 11381, 75548,20201008,   61,    0
 11381, 75548,20201009,    0,    0
 11381, 75548,20201010,    0,    0
 11381, 75548,20201011,    0,    0
 11381, 75548,20201012,  550,    0
 11381, 75548,20201013,  240,    0
 11381, 75548,20201014,   30,    0
 11381, 75548,20201015,  950,    0
 11381, 75548,20201016,  130,    0
 11381, 75548,20201017,    0,    0
 11381, 75548,20201018,    0,    0
 11381, 75548,20201019,    0,    0
 11381, 75548,20201020,    0,    0
 11381, 75548,20201021,    0,    0
 11381, 75548,20201022,    0,    0
 11381, 75548,20201023,    0,    0
 11381, 75548,20201024,    5,    0
 11381, 75548,20201025,   30,    0
 11381, 75548,20201026,    0,    0
 11381, 75548,20201027,    0,    0
 11381, 75548,20201028,    0,    0
 11381, 75548,20201029,    0,    0
 11381, 75548,20201030,    0,    0
 11381, 75548,20201031,    0,    0
 11381, 75548,20201101,    0,    0
 11381, 75548,20201102,    0,    0
 11381, 75548,20201103,    0,    0
 11381, 75548,20201104,    0,    0
 11381, 75548,20201105,  150,    0
 11381, 75548,20201106,    4,    0
 11381, 75548,20201107,    0,    0
 11381, 75548,20201108,    0,    0
 11381, 75548,20201109,    0,    0
 11381, 75548,20201110,    0,    0
 11381, 75548,20201111,    0,    0
 11381, 75548,20201112,    0,    0
 11381, 75548,20201113,    0,    0
 11381, 75548,20201114,    0,    0
 11381, 75548,20201115,    0,    0
 11381, 75548,20201116,    0,    0
 11381, 75548,20201117,    0,    0
 11381, 75548,20201118,    0,    0
 11381, 75548,20201119,    0,    0
 11381, 75548,20201120,    3,    0
 11381, 75548,20201121,   60,    0
 11381, 75548,20201122,    2,    0
 11381, 75548,20201123,    0,    0
 11381, 75548,20201124,    0,    0
 11381, 75548,20201125,    0,    0
 11381, 75548,20201126,    0,    0
 11381, 75548,20201127,    0,    0
 11381, 75548,20201128,    0,    0
 11381, 75548,20201129,    0,    0
 11381, 75548,20201130,    0,    0
 11381, 75548,20201201,-9999,    9
 11381, 75548,20201202,-9999,    9
 11381, 75548,20201203,-9999,    9
 11381, 75548,20201204,-9999,    9
 11381, 75548,20201205,-9999,    9
 11381, 75548,20201206,-9999,    9
 11381, 75548,20201207,-9999,    9
 11381, 75548,20201208,-9999,    9
 11381, 75548,20201209,-9999,    9
 11381, 75548,20201210,-9999,    9
 11381, 75548,20201211,-9999,    9
 11381, 75548,20201212,-9999,    9
 11381, 75548,20201213,-9999,    9
 11381, 75548,20201214,-9999,    9
 11381, 75548,20201215,-9999,    9
 11381, 75548,20201216,    0,    0
 11381, 75548,20201217,    0,    0
 11381, 75548,20201218,    0,    0
 11381, 75548,20201219,    0,    0
 11381, 75548,20201220,    0,    0
 11381, 75548,20201221,    0,    0
 11381, 75548,20201222,    0,    0
 11381, 75548,20201223,    0,    0
 11381, 75548,20201224,    0,    0
 11381, 75548,20201225,   90,    0
 11381, 75548,20201226,  490,    0
 11381, 75548,20201227,  100,    0
 11381, 75548,20201228,   70,    0
 11381, 75548,20201229,  330,    0
 11381, 75548,20201230,  600,    0
 11381, 75548,20201231,  340,    0
 11381, 75548,20210101,    0,    0
 11381, 75548,20210102,    0,    0
 11381, 75548,20210103,  210,    0
 11381, 75548,20210104,   53,    0
 11381, 75548,20210105,    5,    0
 11381, 75548,20210106,  250,    0
 11381, 75548,20210107,  121,    0
 11381, 75548,20210108,  300,    0
 11381, 75548,20210109,   55,    0
 11381, 75548,20210110,  300,    0
 11381, 75548,20210111,  300,    0
 11381, 75548,20210112,    0,    0
 11381, 75548,20210113,   10,    0
 11381, 75548,20210114,    1,    0
 11381, 75548,20210115,    0,    0
 11381, 75548,20210116,    0,    0
 11381, 75548,20210117,   10,    0
 11381, 75548,20210118,    0,    0
 11381, 75548,20210119,    0,    0
 11381, 75548,20210120,    0,    0
 11381, 75548,20210121,    0,    0
 11381, 75548,20210122,   11,    0
 11381, 75548,20210123,  460,    0
 11381, 75548,20210124,  163,    0
 11381, 75548,20210125,  230,    0
 11381, 75548,20210126,   62,    0
 11381, 75548,20210127,    0,    0
 11381, 75548,20210128,    0,    0
 11381, 75548,20210129,    2,    0
 11381, 75548,20210130,  120,    0
 11381, 75548,20210131,  250,    0
 11381, 75548,20210201,   44,    0
 11381, 75548,20210202,    0,    0
 11381, 75548,20210203,    0,    0
 11381, 75548,20210204,    0,    0
 11381, 75548,20210205,    0,    0
 11381, 75548,20210206,    0,    0
 11381, 75548,20210207,    0,    0
 11381, 75548,20210208,  690,    0
 11381, 75548,20210209,   97,    0
 11381, 75548,20210210,  310,    0
 11381, 75548,20210211,  300,    0
 11381, 75548,20210212,    0,    0
 11381, 75548,20210213,   10,    0
 11381, 75548,20210214,   10,    0
 11381, 75548,20210215,    0,    0
 11381, 75548,20210216,    0,    0
 11381, 75548,20210217,    0,    0
 11381, 75548,20210218,    0,    0
 11381, 75548,20210219,    0,    0
 11381, 75548,20210220,    0,    0
 11381, 75548,20210221,    0,    0
 11381, 75548,20210222,    0,    0
 11381, 75548,20210223,    0,    0
 11381, 75548,20210224,    0,    0
 11381, 75548,20210225,    0,    0
 11381, 75548,20210226,    0,    0
 11381, 75548,20210227,    0,    0
 11381, 75548,20210228,    0,    0
 11381, 75548,20210301,    0,    0
 11381, 75548,20210302,    0,    0
 11381, 75548,20210303,    0,    0
 11381, 75548,20210304,    0,    0
 11381, 75548,20210305,    0,    0
 11381, 75548,20210306,    2,    0
 11381, 75548,20210307,    0,    0
 11381, 75548,20210308,    0,    0
 11381, 75548,20210309,  160,    0
 11381, 75548,20210310,  250,    0
 11381, 75548,20210311,    3,    0
 11381, 75548,20210312,    0,    0
 11381, 75548,20210313,   74,    0
 11381, 75548,20210314,    1,    0
 11381, 75548,20210315,   90,    0
 11381, 75548,20210316,    6,    0
 11381, 75548,20210317,    5,    0
 11381, 75548,20210318,    7,    0
 11381, 75548,20210319,   21,    0
 11381, 75548,20210320,   36,    0
 11381, 75548,20210321,    6,    0
 11381, 75548,20210322,   57,    0
 11381, 75548,20210323,    5,    0
 11381, 75548,20210324,   10,    0
 11381, 75548,20210325,   20,    0
 11381, 75548,20210326,    0,    0
 11381, 75548,20210327,    0,    0
 11381, 75548,20210328,    0,    0
 11381, 75548,20210329,    8,    0
 11381, 75548,20210330,    0,    0
 11381, 75548,20210331,    0,    0
 11381, 75548,20210401,    0,    0
 11381, 75548,20210402,  230,    0
 11381, 75548,20210403,  280,    0
 11381, 75548,20210404,   11,    0
 11381, 75548,20210405,    0,    0
 11381, 75548,20210406,    6,    0
 11381, 75548,20210407,  251,    0
 11381, 75548,20210408,    1,    0
 11381, 75548,20210409,    0,    0
 11381, 75548,20210410,    0,    0
 11381, 75548,20210411,    3,    0
 11381, 75548,20210412,    0,    0
 11381, 75548,20210413,  260,    0
 11381, 75548,20210414,   80,    0
 11381, 75548,20210415,    0,    0
 11381, 75548,20210416,    0,    0
 11381, 75548,20210417,   31,    0
 11381, 75548,20210418,   41,    0
 11381, 75548,20210419,   20,    0
 11381, 75548,20210420,    3,    0
 11381, 75548,20210421,    0,    0
 11381, 75548,20210422,   10,    0
 11381, 75548,20210423,  125,    0
 11381, 75548,20210424,    0,    0
 11381, 75548,20210425,    0,    0
 11381, 75548,20210426,    0,    0
 11381, 75548,20210427,    0,    0
 11381, 75548,20210428,   17,    0
 11381, 75548,20210429,    4,    0
 11381, 75548,20210430,    1,    0
 11381, 75548,20210501,  190,    0
 11381, 75548,20210502,  190,    0
 11381, 75548,20210503,    0,    0
 11381, 75548,20210504,    0,    0
 11381, 75548,20210505,    0,    0
 11381, 75548,20210506,    0,    0
 11381, 75548,20210507,    0,    0
 11381, 75548,20210508,    1,    0
 11381, 75548,20210509,    0,    0
 11381, 75548,20210510,    0,    0
 11381, 75548,20210511,    0,    0
 11381, 75548,20210512,   60,    0
 11381, 75548,20210513,  100,    0
 11381, 75548,20210514,   20,    0
 11381, 75548,20210515,   81,    0
 11381, 75548,20210516,    0,    0
 11381, 75548,20210517,   30,    0
 11381, 75548,20210518,    8,    0
 11381, 75548,20210519,    1,    0
 11381, 75548,20210520,   12,    0
 11381, 75548,20210521,    0,    0
 11381, 75548,20210522,    0,    0
 11381, 75548,20210523,    0,    0
 11381, 75548,20210524,    0,    0
 11381, 75548,20210525,    0,    0
 11381, 75548,20210526,    0,    0
 11381, 75548,20210527,    7,    0
 11381, 75548,20210528,    4,    0
 11381, 75548,20210529,    0,    0
 11381, 75548,20210530,   50,    0
 11381, 75548,20210531,   62,    0
 11381, 75548,20210601,   24,    0
 11381, 75548,20210602,    0,    0
 11381, 75548,20210603,    0,    0
 11381, 75548,20210604,    0,    0
 11381, 75548,20210605,    0,    0
 11381, 75548,20210606,    0,    0
 11381, 75548,20210607,  180,    0
 11381, 75548,20210608,   10,    0
 11381, 75548,20210609,    0,    0
 11381, 75548,20210610,   20,    0
 11381, 75548,20210611,   50,    0
 11381, 75548,20210612,    7,    0
 11381, 75548,20210613,    6,    0
 11381, 75548,20210614,    0,    0
 11381, 75548,20210615,    1,    0
 11381, 75548,20210616,    0,    0
 11381, 75548,20210617,    8,    0
 11381, 75548,20210618,   10,    0
 11381, 75548,20210619,    0,    0
 11381, 75548,20210620,    0,    0
 11381, 75548,20210621,    0,    0
 11381, 75548,20210622,    0,    0
 11381, 75548,20210623,    0,    0
 11381, 75548,20210624,    0,    0
 11381, 75548,20210625,-9999,    9
 11381, 75548,20210626,    0,    0
 11381, 75548,20210627,    0,    0
 11381, 75548,20210628,    0,    0
 11381, 75548,20210629,    0,    0
 11381, 75548,20210630,    0,    0
 11381, 75548,20210701,   20,    0
 11381, 75548,20210702,    0,    0
 11381, 75548,20210703,   10,    0
 11381, 75548,20210704,    0,    0
 11381, 75548,20210705,  112,    0
 11381, 75548,20210706,    0,    0
 11381, 75548,20210707,    0,    0
 11381, 75548,20210708,    0,    0
 11381, 75548,20210709,    1,    0
 11381, 75548,20210710,    4,    0
 11381, 75548,20210711,   50,    0
 11381, 75548,20210712,    1,    0
 11381, 75548,20210713,    0,    0
 11381, 75548,20210714,    0,    0
 11381, 75548,20210715,    0,    0
 11381, 75548,20210716,    0,    0
 11381, 75548,20210717,    0,    0
 11381, 75548,20210718,   20,    0
 11381, 75548,20210719,  410,    0
 11381, 75548,20210720,   10,    0
 11381, 75548,20210721,    0,    0
 11381, 75548,20210722,    0,    0
 11381, 75548,20210723,    0,    0
 11381, 75548,20210724,    0,    0
 11381, 75548,20210725,    0,    0
 11381, 75548,20210726,    0,    0
 11381, 75548,20210727,    0,    0
 11381, 75548,20210728,    0,    0
 11381, 75548,20210729,    0,    0
 11381, 75548,20210730,    0,    0
 11381, 75548,20210731,    0,    0
 11381, 75548,20210801,    0,    0
 11381, 75548,20210802,    0,    0
 11381, 75548,20210803,    0,    0
 11381, 75548,20210804,    0,    0
 11381, 75548,20210805,    1,    0
 11381, 75548,20210806,  120,    0
 11381, 75548,20210807,    2,    0
 11381, 75548,20210808,    0,    0
 11381, 75548,20210809,-9999,    9
 11381, 75548,20210810,    0,    0
 11381, 75548,20210811,    0,    0
 11381, 75548,20210812,    0,    0
 11381, 75548,20210813,    0,    0
 11381, 75548,20210814,    0,    0
 11381, 75548,20210815,    0,    0
 11381, 75548,20210816,    0,    0
 11381, 75548,20210817,    1,    0
 11381, 75548,20210818,   30,    0
 11381, 75548,20210819,    0,    0
 11381, 75548,20210820,    0,    0
 11381, 75548,20210821,    0,    0
 11381, 75548,20210822,    0,    0
 11381, 75548,20210823,    0,    0
 11381, 75548,20210824,    0,    0
 11381, 75548,20210825,  250,    0
 11381, 75548,20210826,    1,    0
 11381, 75548,20210827,    0,    0
 11381, 75548,20210828,   27,    0
 11381, 75548,20210829,  250,    0
 11381, 75548,20210830,    0,    0
 11381, 75548,20210831,    0,    0
 11381, 75548,20210901,    0,    0
 11381, 75548,20210902,    0,    0
 11381, 75548,20210903,    0,    0
 11381, 75548,20210904,    0,    0
 11381, 75548,20210905,    2,    0
 11381, 75548,20210906,    0,    0
 11381, 75548,20210907,    0,    0
 11381, 75548,20210908,    0,    0
 11381, 75548,20210909,    0,    0
 11381, 75548,20210910,    0,    0
 11381, 75548,20210911,    0,    0
 11381, 75548,20210912,    0,    0
 11381, 75548,20210913,    0,    0
 11381, 75548,20210914,    0,    0
 11381, 75548,20210915,    0,    0
 11381, 75548,20210916,    0,    0
 11381, 75548,20210917,    0,    0
 11381, 75548,20210918,  176,    0
 11381, 75548,20210919,    4,    0
 11381, 75548,20210920,    8,    0
 11381, 75548,20210921,    2,    0
 11381, 75548,20210922,   20,    0
 11381, 75548,20210923,    2,    0
 11381, 75548,20210924,    0,    0
 11381, 75548,20210925,    0,    0
 11381, 75548,20210926,    0,    0
 11381, 75548,20210927,    8,    0
 11381, 75548,20210928,   40,    0
 11381, 75548,20210929,    0,    0
 11381, 75548,20210930,   20,    0
 11381, 75548,20211001,    2,    0
 11381, 75548,20211002,    0,    0
 11381, 75548,20211003,    0,    0
 11381, 75548,20211004,    0,    0
 11381, 75548,20211005,    0,    0
 11381, 75548,20211006,  170,    0
 11381, 75548,20211007,  400,    0
 11381, 75548,20211008,  100,    0
 11381, 75548,20211009,   41,    0
 11381, 75548,20211010,  150,    0
 11381, 75548,20211011,  160,    0
 11381, 75548,20211012,    4,    0
 11381, 75548,20211013,   10,    0
 11381, 75548,20211014,    9,    0
 11381, 75548,20211015,   50,    0
 11381, 75548,20211016,   12,    0
 11381, 75548,20211017,   20,    0
 11381, 75548,20211018,    0,    0
 11381, 75548,20211019,    0,    0
 11381, 75548,20211020,    0,    0
 11381, 75548,20211021,    0,    0
 11381, 75548,20211022,    2,    0
 11381, 75548,20211023,  120,    0
 11381, 75548,20211024,    4,    0
 11381, 75548,20211025,    0,    0
 11381, 75548,20211026,    0,    0
 11381, 75548,20211027,    0,    0
 11381, 75548,20211028,    0,    0
 11381, 75548,20211029,    0,    0
 11381, 75548,20211030,    0,    0
 11381, 75548,20211031,    0,    0
 11381, 75548,20211101,    0,    0
 11381, 75548,20211102,  112,    0
 11381, 75548,20211103,  180,    0
 11381, 75548,20211104,  310,    0
 11381, 75548,20211105,  540,    0
 11381, 75548,20211106,  280,    0
 11381, 75548,20211107,    0,    0
 11381, 75548,20211108,   60,    0
 11381, 75548,20211109,   20,    0
 11381, 75548,20211110,    0,    0
 11381, 75548,20211111,    0,    0
 11381, 75548,20211112,    0,    0
 11381, 75548,20211113,    0,    0
 11381, 75548,20211114,    1,    0
 11381, 75548,20211115,    1,    0
 11381, 75548,20211116,    0,    0
 11381, 75548,20211117,    0,    0
 11381, 75548,20211118,    6,    0
 11381, 75548,20211119,    0,    0
 11381, 75548,20211120,    0,    0
 11381, 75548,20211121,    0,    0
 11381, 75548,20211122,  100,    0
 11381, 75548,20211123,   16,    0
 11381, 75548,20211124,    1,    0
 11381, 75548,20211125,    8,    0
 11381, 75548,20211126,  260,    0
 11381, 75548,20211127,  350,    0
 11381, 75548,20211128,  500,    0
 11381, 75548,20211129,  240,    0
 11381, 75548,20211130,   50,    0
 11381, 75548,20211201,    0,    0
 11381, 75548,20211202,   50,    0
 11381, 75548,20211203,  540,    0
 11381, 75548,20211204,   40,    0
 11381, 75548,20211205,  160,    0
 11381, 75548,20211206,  320,    0
 11381, 75548,20211207,   46,    0
 11381, 75548,20211208,    1,    0
 11381, 75548,20211209,  314,    0
 11381, 75548,20211210,  240,    0
 11381, 75548,20211211,  120,    0
 11381, 75548,20211212,   60,    0
 11381, 75548,20211213,    4,    0
 11381, 75548,20211214,    0,    0
 11381, 75548,20211215,    0,    0
 11381, 75548,20211216,    0,    0
 11381, 75548,20211217,    0,    0
 11381, 75548,20211218,   11,    0
 11381, 75548,20211219,    1,    0
 11381, 75548,20211220,    0,    0
 11381, 75548,20211221,    0,    0
 11381, 75548,20211222,    0,    0
 11381, 75548,20211223,    0,    0
 11381, 75548,20211224,    0,    0
 11381, 75548,20211225,    3,    0
 11381, 75548,20211226,  230,    0
 11381, 75548,20211227,  280,    0
 11381, 75548,20211228,    0,    0
 11381, 75548,20211229,   50,    0
 11381, 75548,20211230,    2,    0
 11381, 75548,20211231,    0,    0
 11381, 75548,20220101,    0,    0
 11381, 75548,20220102,    0,    0
 11381, 75548,20220103,    0,    0
 11381, 75548,20220104,    0,    0
 11381, 75548,20220105,    0,    0
 11381, 75548,20220106,  180,    0
 11381, 75548,20220107,  130,    0
 11381, 75548,20220108,  130,    0
 11381, 75548,20220109,    5,    0
 11381, 75548,20220110,   30,    0
 11381, 75548,20220111,   60,    0
 11381, 75548,20220112,    1,    0
 11381, 75548,20220113,    0,    0
 11381, 75548,20220114,    0,    0
 11381, 75548,20220115,    0,    0
 11381, 75548,20220116,    0,    0
 11381, 75548,20220117,    0,    0
 11381, 75548,20220118,    0,    0
 11381, 75548,20220119,    0,    0
 11381, 75548,20220120,    0,    0
 11381, 75548,20220121,    2,    0
 11381, 75548,20220122,   20,    0
 11381, 75548,20220123,    2,    0
 11381, 75548,20220124,    4,    0
 11381, 75548,20220125,    0,    0
 11381, 75548,20220126,    0,    0
 11381, 75548,20220127,    0,    0
 11381, 75548,20220128,   20,    0
 11381, 75548,20220129,    2,    0
 11381, 75548,20220130,    0,    0
 11381, 75548,20220131,    0,    0
 11381, 75548,20220201,  120,    0
 11381, 75548,20220202,    1,    0
 11381, 75548,20220203,   20,    0
 11381, 75548,20220204,    0,    0
 11381, 75548,20220205,    0,    0
 11381, 75548,20220206,    1,    0
 11381, 75548,20220207,   60,    0
 11381, 75548,20220208,   13,    0
 11381, 75548,20220209,    0,    0
 11381, 75548,20220210,    0,    0
 11381, 75548,20220211,    0,    0
 11381, 75548,20220212,    0,    0
 11381, 75548,20220213,    0,    0
 11381, 75548,20220214,    1,    0
 11381, 75548,20220215,   33,    0
 11381, 75548,20220216,  220,    0
 11381, 75548,20220217,    0,    0
 11381, 75548,20220218,    0,    0
 11381, 75548,20220219,    0,    0
 11381, 75548,20220220,   50,    0
 11381, 75548,20220221,   10,    0
 11381, 75548,20220222,   80,    0
 11381, 75548,20220223,    0,    0
 11381, 75548,20220224,    0,    0
 11381, 75548,20220225,    0,    0
 11381, 75548,20220226,   40,    0
 11381, 75548,20220227,  230,    0
 11381, 75548,20220228,   30,    0
 11381, 75548,20220301,   14,    0
 11381, 75548,20220302,    0,    0
 11381, 75548,20220303,    0,    0
 11381, 75548,20220304,    0,    0
 11381, 75548,20220305,    8,    0
 11381, 75548,20220306,   71,    0
 11381, 75548,20220307,   11,    0
 11381, 75548,20220308,   11,    0
 11381, 75548,20220309,    7,    0
 11381, 75548,20220310,   12,    0
 11381, 75548,20220311,    0,    0
 11381, 75548,20220312,    0,    0
 11381, 75548,20220313,    0,    0
 11381, 75548,20220314,    0,    0
 11381, 75548,20220315,    0,    0
 11381, 75548,20220316,    0,    0
 11381, 75548,20220317,    2,    0
 11381, 75548,20220318,    0,    0
 11381, 75548,20220319,    0,    0
 11381, 75548,20220320,    0,    0
 11381, 75548,20220321,    0,    0
 11381, 75548,20220322,    0,    0
 11381, 75548,20220323,    0,    0
 11381, 75548,20220324,    0,    0
 11381, 75548,20220325,    0,    0
 11381, 75548,20220326,    0,    0
 11381, 75548,20220327,    0,    0
 11381, 75548,20220328,    0,    0
 11381, 75548,20220329,    0,    0
 11381, 75548,20220330,    3,    0
 11381, 75548,20220331,  740,    0
 11381, 75548,20220401,  580,    0
 11381, 75548,20220402,   80,    0
 11381, 75548,20220403,   13,    0
 11381, 75548,20220404,    0,    0
 11381, 75548,20220405,    0,    0
 11381, 75548,20220406,    0,    0
 11381, 75548,20220407,   31,    0
 11381, 75548,20220408,    0,    0
 11381, 75548,20220409,   61,    0
 11381, 75548,20220410,  210,    0
 11381, 75548,20220411,    0,    0
 11381, 75548,20220412,    0,    0
 11381, 75548,20220413,    0,    0
 11381, 75548,20220414,    0,    0
 11381, 75548,20220415,    0,    0
 11381, 75548,20220416,   40,    0
 11381, 75548,20220417,   80,    0
 11381, 75548,20220418,    3,    0
 11381, 75548,20220419,    0,    0
 11381, 75548,20220420,  160,    0
 11381, 75548,20220421,    4,    0
 11381, 75548,20220422,  250,    0
 11381, 75548,20220423,  120,    0
 11381, 75548,20220424,    1,    0
 11381, 75548,20220425,-9999,    9
 11381, 75548,20220426,    0,    0
 11381, 75548,20220427,    0,    0
 11381, 75548,20220428,    0,    0
 11381, 75548,20220429,    0,    0
 11381, 75548,20220430,   10,    0
 11381, 75548,20220501,    0,    0
 11381, 75548,20220502,  111,    0
 11381, 75548,20220503,   27,    0
 11381, 75548,20220504,    0,    0
 11381, 75548,20220505,    0,    0
 11381, 75548,20220506,   20,    0
 11381, 75548,20220507,  200,    0
 11381, 75548,20220508,  114,    0
 11381, 75548,20220509,   70,    0
 11381, 75548,20220510,   30,    0
 11381, 75548,20220511,    0,    0
 11381, 75548,20220512,    0,    0
 11381, 75548,20220513,    0,    0
 11381, 75548,20220514,  210,    0
 11381, 75548,20220515,    0,    0
 11381, 75548,20220516,    0,    0
 11381, 75548,20220517,    0,    0
 11381, 75548,20220518,    8,    0
 11381, 75548,20220519,    0,    0
 11381, 75548,20220520,    0,    0
 11381, 75548,20220521,    0,    0
 11381, 75548,20220522,   40,    0
 11381, 75548,20220523,   20,    0
 11381, 75548,20220524,    0,    0
 11381, 75548,20220525,    0,    0
 11381, 75548,20220526,    0,    0
 11381, 75548,20220527,    0,    0
 11381, 75548,20220528,    2,    0
 11381, 75548,20220529,   50,    0
 11381, 75548,20220530,    4,    0
 11381, 75548,20220531,  120,    0
 11381, 75548,20220601,    1,    0
 11381, 75548,20220602,    0,    0
 11381, 75548,20220603,    0,    0
 11381, 75548,20220604,    0,    0
 11381, 75548,20220605,    0,    0
 11381, 75548,20220606,   91,    0
 11381, 75548,20220607,   80,    0
 11381, 75548,20220608,   40,    0
 11381, 75548,20220609,  151,    0
 11381, 75548,20220610,  100,    0
 11381, 75548,20220611,   20,    0
 11381, 75548,20220612,  100,    0
 11381, 75548,20220613,    0,    0
 11381, 75548,20220614,    0,    0
 11381, 75548,20220615,    0,    0
 11381, 75548,20220616,    0,    0
 11381, 75548,20220617,    6,    0
 11381, 75548,20220618,    0,    0
 11381, 75548,20220619,    0,    0
 11381, 75548,20220620,    0,    0
 11381, 75548,20220621,    0,    0
 11381, 75548,20220622,   70,    0
 11381, 75548,20220623,   20,    0
 11381, 75548,20220624,    0,    0
 11381, 75548,20220625,   60,    0
 11381, 75548,20220626,    0,    0
 11381, 75548,20220627,    0,    0
 11381, 75548,20220628,-9999,    9
 11381, 75548,20220629,    0,    0
 11381, 75548,20220630,   10,    0
 11381, 75548,20220701,    0,    0
 11381, 75548,20220702,    0,    0
 11381, 75548,20220703,    0,    0
 11381, 75548,20220704,    6,    0
 11381, 75548,20220705,    1,    0
 11381, 75548,20220706,    0,    0
 11381, 75548,20220707,    0,    0
 11381, 75548,20220708,   10,    0
 11381, 75548,20220709,    2,    0
 11381, 75548,20220710,    0,    0
 11381, 75548,20220711,    0,    0
 11381, 75548,20220712,    0,    0
 11381, 75548,20220713,    0,    0
 11381, 75548,20220714,    0,    0
 11381, 75548,20220715,    0,    0
 11381, 75548,20220716,    8,    0
 11381, 75548,20220717,    0,    0
 11381, 75548,20220718,    0,    0
 11381, 75548,20220719,    0,    0
 11381, 75548,20220720,    0,    0
 11381, 75548,20220721,    0,    0
 11381, 75548,20220722,    0,    0
 11381, 75548,20220723,    0,    0
 11381, 75548,20220724,   50,    0
 11381, 75548,20220725,    2,    0
 11381, 75548,20220726,  110,    0
 11381, 75548,20220727,   43,    0
 11381, 75548,20220728,  182,    0
 11381, 75548,20220729,    0,    0
 11381, 75548,20220730,   10,    0
 11381, 75548,20220731,    0,    0
 11381, 75548,20220801,    0,    0
 11381, 75548,20220802,    0,    0
 11381, 75548,20220803,    0,    0
 11381, 75548,20220804,    0,    0
 11381, 75548,20220805,    0,    0
 11381, 75548,20220806,    0,    0
 11381, 75548,20220807,    0,    0
 11381, 75548,20220808,    0,    0
 11381, 75548,20220809,    0,    0
 11381, 75548,20220810,    1,    0
 11381, 75548,20220811,    2,    0
 11381, 75548,20220812,   18,    0
 11381, 75548,20220813,   20,    0
 11381, 75548,20220814,    4,    0
 11381, 75548,20220815,    0,    0
 11381, 75548,20220816,    0,    0
 11381, 75548,20220817,    0,    0
 11381, 75548,20220818,    0,    0
 11381, 75548,20220819,-9999,    9
 11381, 75548,20220820,  440,    0
 11381, 75548,20220821,   68,    0
 11381, 75548,20220822,   71,    0
 11381, 75548,20220823,   60,    0
 11381, 75548,20220824,    1,    0
 11381, 75548,20220825,    0,    0
 11381, 75548,20220826,    0,    0
 11381, 75548,20220827,    2,    0
 11381, 75548,20220828,    1,    0
 11381, 75548,20220829,   20,    0
 11381, 75548,20220830,    6,    0
 11381, 75548,20220831,  342,    0
 11381, 75548,20220901,  100,    0
 11381, 75548,20220902,  330,    0
 11381, 75548,20220903,    2,    0
 11381, 75548,20220904,   50,    0
 11381, 75548,20220905,    3,    0
 11381, 75548,20220906,    0,    0
 11381, 75548,20220907,   30,    0
 11381, 75548,20220908,    0,    0
 11381, 75548,20220909,  340,    0
 11381, 75548,20220910,   70,    0
 11381, 75548,20220911,   50,    0
 11381, 75548,20220912,    5,    0
 11381, 75548,20220913,    0,    0
 11381, 75548,20220914,    0,    0
 11381, 75548,20220915,    0,    0
 11381, 75548,20220916,  110,    0
 11381, 75548,20220917,  100,    0
 11381, 75548,20220918,  110,    0
 11381, 75548,20220919,   40,    0
 11381, 75548,20220920,    0,    0
 11381, 75548,20220921,   12,    0
 11381, 75548,20220922,    6,    0
 11381, 75548,20220923,    0,    0
 11381, 75548,20220924,    0,    0
 11381, 75548,20220925,    7,    0
 11381, 75548,20220926,  300,    0
 11381, 75548,20220927,   23,    0
 11381, 75548,20220928,   40,    0
 11381, 75548,20220929,   25,    0
 11381, 75548,20220930,   40,    0
 11381, 75548,20221001,   80,    0
 11381, 75548,20221002,    0,    0
 11381, 75548,20221003,   40,    0
 11381, 75548,20221004,    0,    0
 11381, 75548,20221005,    0,    0
 11381, 75548,20221006,    0,    0
 11381, 75548,20221007,    0,    0
 11381, 75548,20221008,    0,    0
 11381, 75548,20221009,    0,    0
 11381, 75548,20221010,    0,    0
 11381, 75548,20221011,  100,    0
 11381, 75548,20221012,    2,    0
 11381, 75548,20221013,    0,    0
 11381, 75548,20221014,   25,    0
 11381, 75548,20221015,    0,    0
 11381, 75548,20221016,    0,    0
 11381, 75548,20221017,    0,    0
 11381, 75548,20221018,    0,    0
 11381, 75548,20221019,    0,    0
 11381, 75548,20221020,    0,    0
 11381, 75548,20221021,    0,    0
 11381, 75548,20221022,    0,    0
 11381, 75548,20221023,    0,    0
 11381, 75548,20221024,    0,    0
 11381, 75548,20221025,    0,    0
 11381, 75548,20221026,    0,    0
 11381, 75548,20221027,    0,    0
 11381, 75548,20221028,    0,    0
 11381, 75548,20221029,    0,    0
 11381, 75548,20221030,    0,    0
 11381, 75548,20221031,    0,    0
