EUROPEAN CLIMATE ASSESSMENT & DATASET (ECA&D), file created on: 16-11-2022
THESE DATA CAN BE USED FOR NON-COMMERCIAL RESEARCH AND EDUCATION PROVIDED THAT THE FOLLOWING SOURCE IS ACKNOWLEDGED: 

Klein Tank, A.M.G. and Coauthors, 2002. Daily dataset of 20th-century surface
air temperature and precipitation series for the European Climate Assessment.
Int. J. of Climatol., 22, 1441-1453.
Data and metadata available at http://www.ecad.eu

FILE FORMAT (MISSING VALUE CODE = -9999):

01-06 STAID: Station identifier
08-13 SOUID: Source identifier
15-22 DATE : Date YYYYMMDD
24-28 RR   : Precipitation amount in 0.1 mm
30-34 Q_RR : quality code for RR (0='valid'; 1='suspect'; 9='missing')

This is the blended series of station HEHLEN, GERMANY (STAID: 22395)
Blended and updated with sources:120724 
See files sources.txt and stations.txt for more info.

STAID, SOUID,    DATE,   RR, Q_RR
 22395,120724,20180601,  155,    0
 22395,120724,20180602,    0,    0
 22395,120724,20180603,    0,    0
 22395,120724,20180604,    0,    0
 22395,120724,20180605,    0,    0
 22395,120724,20180606,    0,    0
 22395,120724,20180607,    0,    0
 22395,120724,20180608,  122,    0
 22395,120724,20180609,   86,    0
 22395,120724,20180610,   45,    0
 22395,120724,20180611,    0,    0
 22395,120724,20180612,    0,    0
 22395,120724,20180613,    0,    0
 22395,120724,20180614,    6,    0
 22395,120724,20180615,    0,    0
 22395,120724,20180616,    0,    0
 22395,120724,20180617,    0,    0
 22395,120724,20180618,    0,    0
 22395,120724,20180619,    0,    0
 22395,120724,20180620,    0,    0
 22395,120724,20180621,   94,    0
 22395,120724,20180622,   33,    0
 22395,120724,20180623,    3,    0
 22395,120724,20180624,   11,    0
 22395,120724,20180625,    2,    0
 22395,120724,20180626,    0,    0
 22395,120724,20180627,    0,    0
 22395,120724,20180628,    0,    0
 22395,120724,20180629,    0,    0
 22395,120724,20180630,    0,    0
 22395,120724,20180701,    0,    0
 22395,120724,20180702,    0,    0
 22395,120724,20180703,    0,    0
 22395,120724,20180704,    0,    0
 22395,120724,20180705,    0,    0
 22395,120724,20180706,    0,    0
 22395,120724,20180707,    0,    0
 22395,120724,20180708,    0,    0
 22395,120724,20180709,    1,    0
 22395,120724,20180710,   70,    0
 22395,120724,20180711,   40,    0
 22395,120724,20180712,    2,    0
 22395,120724,20180713,    0,    0
 22395,120724,20180714,    0,    0
 22395,120724,20180715,    0,    0
 22395,120724,20180716,    0,    0
 22395,120724,20180717,    0,    0
 22395,120724,20180718,    0,    0
 22395,120724,20180719,    0,    0
 22395,120724,20180720,    0,    0
 22395,120724,20180721,    0,    0
 22395,120724,20180722,    0,    0
 22395,120724,20180723,    0,    0
 22395,120724,20180724,    0,    0
 22395,120724,20180725,    0,    0
 22395,120724,20180726,    0,    0
 22395,120724,20180727,    0,    0
 22395,120724,20180728,  103,    0
 22395,120724,20180729,    0,    0
 22395,120724,20180730,    0,    0
 22395,120724,20180731,    0,    0
 22395,120724,20180801,   71,    0
 22395,120724,20180802,    0,    0
 22395,120724,20180803,    0,    0
 22395,120724,20180804,    0,    0
 22395,120724,20180805,    0,    0
 22395,120724,20180806,    0,    0
 22395,120724,20180807,    0,    0
 22395,120724,20180808,    1,    0
 22395,120724,20180809,  177,    0
 22395,120724,20180810,    4,    0
 22395,120724,20180811,    0,    0
 22395,120724,20180812,    0,    0
 22395,120724,20180813,   10,    0
 22395,120724,20180814,   41,    0
 22395,120724,20180815,    0,    0
 22395,120724,20180816,    0,    0
 22395,120724,20180817,    0,    0
 22395,120724,20180818,    0,    0
 22395,120724,20180819,    0,    0
 22395,120724,20180820,    1,    0
 22395,120724,20180821,    0,    0
 22395,120724,20180822,    0,    0
 22395,120724,20180823,    5,    0
 22395,120724,20180824,   15,    0
 22395,120724,20180825,   30,    0
 22395,120724,20180826,    6,    0
 22395,120724,20180827,    0,    0
 22395,120724,20180828,    0,    0
 22395,120724,20180829,   28,    0
 22395,120724,20180830,   67,    0
 22395,120724,20180831,    1,    0
 22395,120724,20180901,    0,    0
 22395,120724,20180902,    1,    0
 22395,120724,20180903,    1,    0
 22395,120724,20180904,    0,    0
 22395,120724,20180905,    0,    0
 22395,120724,20180906,   19,    0
 22395,120724,20180907,    3,    0
 22395,120724,20180908,    0,    0
 22395,120724,20180909,    0,    0
 22395,120724,20180910,    0,    0
 22395,120724,20180911,    0,    0
 22395,120724,20180912,   57,    0
 22395,120724,20180913,   32,    0
 22395,120724,20180914,    1,    0
 22395,120724,20180915,    0,    0
 22395,120724,20180916,    0,    0
 22395,120724,20180917,    0,    0
 22395,120724,20180918,    0,    0
 22395,120724,20180919,    0,    0
 22395,120724,20180920,    0,    0
 22395,120724,20180921,   23,    0
 22395,120724,20180922,    9,    0
 22395,120724,20180923,  151,    0
 22395,120724,20180924,   42,    0
 22395,120724,20180925,    1,    0
 22395,120724,20180926,    0,    0
 22395,120724,20180927,    0,    0
 22395,120724,20180928,    2,    0
 22395,120724,20180929,    0,    0
 22395,120724,20180930,    1,    0
 22395,120724,20181001,    7,    0
 22395,120724,20181002,   36,    0
 22395,120724,20181003,    0,    0
 22395,120724,20181004,    1,    0
 22395,120724,20181005,    0,    0
 22395,120724,20181006,    0,    0
 22395,120724,20181007,    0,    0
 22395,120724,20181008,    0,    0
 22395,120724,20181009,    1,    0
 22395,120724,20181010,    0,    0
 22395,120724,20181011,    0,    0
 22395,120724,20181012,    0,    0
 22395,120724,20181013,    0,    0
 22395,120724,20181014,    0,    0
 22395,120724,20181015,    0,    0
 22395,120724,20181016,    4,    0
 22395,120724,20181017,    1,    0
 22395,120724,20181018,    6,    0
 22395,120724,20181019,    1,    0
 22395,120724,20181020,    0,    0
 22395,120724,20181021,    0,    0
 22395,120724,20181022,   16,    0
 22395,120724,20181023,   83,    0
 22395,120724,20181024,   26,    0
 22395,120724,20181025,   28,    0
 22395,120724,20181026,   14,    0
 22395,120724,20181027,    5,    0
 22395,120724,20181028,    3,    0
 22395,120724,20181029,    0,    0
 22395,120724,20181030,   40,    0
 22395,120724,20181031,    2,    0
 22395,120724,20181101,    0,    0
 22395,120724,20181102,    0,    0
 22395,120724,20181103,    0,    0
 22395,120724,20181104,    0,    0
 22395,120724,20181105,    0,    0
 22395,120724,20181106,    0,    0
 22395,120724,20181107,    9,    0
 22395,120724,20181108,    7,    0
 22395,120724,20181109,    0,    0
 22395,120724,20181110,   24,    0
 22395,120724,20181111,   34,    0
 22395,120724,20181112,   17,    0
 22395,120724,20181113,   31,    0
 22395,120724,20181114,    0,    0
 22395,120724,20181115,    0,    0
 22395,120724,20181116,    0,    0
 22395,120724,20181117,    0,    0
 22395,120724,20181118,    6,    0
 22395,120724,20181119,   16,    0
 22395,120724,20181120,   17,    0
 22395,120724,20181121,    1,    0
 22395,120724,20181122,    0,    0
 22395,120724,20181123,    0,    0
 22395,120724,20181124,   27,    0
 22395,120724,20181125,    2,    0
 22395,120724,20181126,    0,    0
 22395,120724,20181127,    0,    0
 22395,120724,20181128,    1,    0
 22395,120724,20181129,    1,    0
 22395,120724,20181130,    0,    0
 22395,120724,20181201,    0,    0
 22395,120724,20181202,  168,    0
 22395,120724,20181203,   62,    0
 22395,120724,20181204,    0,    0
 22395,120724,20181205,    6,    0
 22395,120724,20181206,    8,    0
 22395,120724,20181207,   56,    0
 22395,120724,20181208,  196,    0
 22395,120724,20181209,   68,    0
 22395,120724,20181210,   11,    0
 22395,120724,20181211,    4,    0
 22395,120724,20181212,    7,    0
 22395,120724,20181213,    2,    0
 22395,120724,20181214,    0,    0
 22395,120724,20181215,    0,    0
 22395,120724,20181216,    2,    0
 22395,120724,20181217,    6,    0
 22395,120724,20181218,    1,    0
 22395,120724,20181219,   22,    0
 22395,120724,20181220,   53,    0
 22395,120724,20181221,  181,    0
 22395,120724,20181222,   88,    0
 22395,120724,20181223,  163,    0
 22395,120724,20181224,    6,    0
 22395,120724,20181225,    0,    0
 22395,120724,20181226,   13,    0
 22395,120724,20181227,    2,    0
 22395,120724,20181228,    8,    0
 22395,120724,20181229,   38,    0
 22395,120724,20181230,    3,    0
 22395,120724,20181231,    4,    0
 22395,120724,20190101,   26,    0
 22395,120724,20190102,    0,    0
 22395,120724,20190103,    3,    0
 22395,120724,20190104,   59,    0
 22395,120724,20190105,   50,    0
 22395,120724,20190106,   41,    0
 22395,120724,20190107,   61,    0
 22395,120724,20190108,   70,    0
 22395,120724,20190109,   11,    0
 22395,120724,20190110,    9,    0
 22395,120724,20190111,   25,    0
 22395,120724,20190112,   76,    0
 22395,120724,20190113,  110,    0
 22395,120724,20190114,    2,    0
 22395,120724,20190115,    2,    0
 22395,120724,20190116,   16,    0
 22395,120724,20190117,   76,    0
 22395,120724,20190118,    0,    0
 22395,120724,20190119,    0,    0
 22395,120724,20190120,    0,    0
 22395,120724,20190121,    0,    0
 22395,120724,20190122,    0,    0
 22395,120724,20190123,    0,    0
 22395,120724,20190124,    3,    0
 22395,120724,20190125,  124,    0
 22395,120724,20190126,   68,    0
 22395,120724,20190127,   49,    0
 22395,120724,20190128,   36,    0
 22395,120724,20190129,    4,    0
 22395,120724,20190130,    1,    0
 22395,120724,20190131,    3,    0
 22395,120724,20190201,    2,    0
 22395,120724,20190202,    9,    0
 22395,120724,20190203,    0,    0
 22395,120724,20190204,    0,    0
 22395,120724,20190205,    1,    0
 22395,120724,20190206,    0,    0
 22395,120724,20190207,    5,    0
 22395,120724,20190208,   25,    0
 22395,120724,20190209,   38,    0
 22395,120724,20190210,  148,    0
 22395,120724,20190211,   11,    0
 22395,120724,20190212,    2,    0
 22395,120724,20190213,    0,    0
 22395,120724,20190214,    0,    0
 22395,120724,20190215,    0,    0
 22395,120724,20190216,    0,    0
 22395,120724,20190217,    0,    0
 22395,120724,20190218,    0,    0
 22395,120724,20190219,    0,    0
 22395,120724,20190220,    0,    0
 22395,120724,20190221,    3,    0
 22395,120724,20190222,    0,    0
 22395,120724,20190223,    0,    0
 22395,120724,20190224,    0,    0
 22395,120724,20190225,    0,    0
 22395,120724,20190226,    0,    0
 22395,120724,20190227,    0,    0
 22395,120724,20190228,   10,    0
 22395,120724,20190301,    4,    0
 22395,120724,20190302,    4,    0
 22395,120724,20190303,   19,    0
 22395,120724,20190304,   76,    0
 22395,120724,20190305,    7,    0
 22395,120724,20190306,   36,    0
 22395,120724,20190307,   17,    0
 22395,120724,20190308,   81,    0
 22395,120724,20190309,   62,    0
 22395,120724,20190310,  180,    0
 22395,120724,20190311,   60,    0
 22395,120724,20190312,    3,    0
 22395,120724,20190313,   50,    0
 22395,120724,20190314,   80,    0
 22395,120724,20190315,   90,    0
 22395,120724,20190316,   30,    0
 22395,120724,20190317,   30,    0
 22395,120724,20190318,   13,    0
 22395,120724,20190319,    0,    0
 22395,120724,20190320,    0,    0
 22395,120724,20190321,    0,    0
 22395,120724,20190322,    0,    0
 22395,120724,20190323,    0,    0
 22395,120724,20190324,    9,    0
 22395,120724,20190325,   28,    0
 22395,120724,20190326,   26,    0
 22395,120724,20190327,    4,    0
 22395,120724,20190328,    0,    0
 22395,120724,20190329,    0,    0
 22395,120724,20190330,    0,    0
 22395,120724,20190331,    0,    0
 22395,120724,20190401,    0,    0
 22395,120724,20190402,   11,    0
 22395,120724,20190403,  129,    0
 22395,120724,20190404,    1,    0
 22395,120724,20190405,    0,    0
 22395,120724,20190406,    0,    0
 22395,120724,20190407,    0,    0
 22395,120724,20190408,    0,    0
 22395,120724,20190409,    0,    0
 22395,120724,20190410,    0,    0
 22395,120724,20190411,    0,    0
 22395,120724,20190412,   24,    0
 22395,120724,20190413,    9,    0
 22395,120724,20190414,   10,    0
 22395,120724,20190415,    0,    0
 22395,120724,20190416,    0,    0
 22395,120724,20190417,    0,    0
 22395,120724,20190418,    0,    0
 22395,120724,20190419,    0,    0
 22395,120724,20190420,    0,    0
 22395,120724,20190421,    0,    0
 22395,120724,20190422,    0,    0
 22395,120724,20190423,    0,    0
 22395,120724,20190424,   16,    0
 22395,120724,20190425,    0,    0
 22395,120724,20190426,   64,    0
 22395,120724,20190427,   36,    0
 22395,120724,20190428,   16,    0
 22395,120724,20190429,   14,    0
 22395,120724,20190430,    0,    0
 22395,120724,20190501,    0,    0
 22395,120724,20190502,   11,    0
 22395,120724,20190503,    9,    0
 22395,120724,20190504,    0,    0
 22395,120724,20190505,    3,    0
 22395,120724,20190506,   20,    0
 22395,120724,20190507,    0,    0
 22395,120724,20190508,   71,    0
 22395,120724,20190509,    1,    0
 22395,120724,20190510,    4,    0
 22395,120724,20190511,   12,    0
 22395,120724,20190512,    2,    0
 22395,120724,20190513,    0,    0
 22395,120724,20190514,    0,    0
 22395,120724,20190515,    0,    0
 22395,120724,20190516,   26,    0
 22395,120724,20190517,    1,    0
 22395,120724,20190518,    0,    0
 22395,120724,20190519,    0,    0
 22395,120724,20190520,  112,    0
 22395,120724,20190521,    5,    0
 22395,120724,20190522,    1,    0
 22395,120724,20190523,    0,    0
 22395,120724,20190524,    0,    0
 22395,120724,20190525,    0,    0
 22395,120724,20190526,    0,    0
 22395,120724,20190527,    0,    0
 22395,120724,20190528,  111,    0
 22395,120724,20190529,    0,    0
 22395,120724,20190530,    0,    0
 22395,120724,20190531,    0,    0
 22395,120724,20190601,    0,    0
 22395,120724,20190602,    0,    0
 22395,120724,20190603,  118,    0
 22395,120724,20190604,    0,    0
 22395,120724,20190605,    0,    0
 22395,120724,20190606,    5,    0
 22395,120724,20190607,  110,    0
 22395,120724,20190608,    1,    0
 22395,120724,20190609,    0,    0
 22395,120724,20190610,   48,    0
 22395,120724,20190611,   31,    0
 22395,120724,20190612,   54,    0
 22395,120724,20190613,    0,    0
 22395,120724,20190614,   42,    0
 22395,120724,20190615,    0,    0
 22395,120724,20190616,    0,    0
 22395,120724,20190617,    0,    0
 22395,120724,20190618,    0,    0
 22395,120724,20190619,  152,    0
 22395,120724,20190620,    1,    0
 22395,120724,20190621,    0,    0
 22395,120724,20190622,    0,    0
 22395,120724,20190623,    0,    0
 22395,120724,20190624,    0,    0
 22395,120724,20190625,    0,    0
 22395,120724,20190626,    0,    0
 22395,120724,20190627,    0,    0
 22395,120724,20190628,    0,    0
 22395,120724,20190629,    0,    0
 22395,120724,20190630,    0,    0
 22395,120724,20190701,    0,    0
 22395,120724,20190702,    0,    0
 22395,120724,20190703,    0,    0
 22395,120724,20190704,    0,    0
 22395,120724,20190705,    0,    0
 22395,120724,20190706,  112,    0
 22395,120724,20190707,    2,    0
 22395,120724,20190708,    1,    0
 22395,120724,20190709,    5,    0
 22395,120724,20190710,   17,    0
 22395,120724,20190711,    8,    0
 22395,120724,20190712,  113,    0
 22395,120724,20190713,   55,    0
 22395,120724,20190714,    2,    0
 22395,120724,20190715,    0,    0
 22395,120724,20190716,    4,    0
 22395,120724,20190717,    0,    0
 22395,120724,20190718,    0,    0
 22395,120724,20190719,    0,    0
 22395,120724,20190720,  290,    0
 22395,120724,20190721,    1,    0
 22395,120724,20190722,    0,    0
 22395,120724,20190723,    0,    0
 22395,120724,20190724,    0,    0
 22395,120724,20190725,    0,    0
 22395,120724,20190726,    0,    0
 22395,120724,20190727,    0,    0
 22395,120724,20190728,   10,    0
 22395,120724,20190729,   10,    0
 22395,120724,20190730,   52,    0
 22395,120724,20190731,   10,    0
 22395,120724,20190801,    0,    0
 22395,120724,20190802,   31,    0
 22395,120724,20190803,   28,    0
 22395,120724,20190804,   11,    0
 22395,120724,20190805,    3,    0
 22395,120724,20190806,   12,    0
 22395,120724,20190807,    0,    0
 22395,120724,20190808,    0,    0
 22395,120724,20190809,    3,    0
 22395,120724,20190810,    0,    0
 22395,120724,20190811,    0,    0
 22395,120724,20190812,   30,    0
 22395,120724,20190813,    6,    0
 22395,120724,20190814,    7,    0
 22395,120724,20190815,   16,    0
 22395,120724,20190816,    1,    0
 22395,120724,20190817,    6,    0
 22395,120724,20190818,  122,    0
 22395,120724,20190819,    1,    0
 22395,120724,20190820,    0,    0
 22395,120724,20190821,    0,    0
 22395,120724,20190822,    0,    0
 22395,120724,20190823,    0,    0
 22395,120724,20190824,    0,    0
 22395,120724,20190825,    0,    0
 22395,120724,20190826,    0,    0
 22395,120724,20190827,    0,    0
 22395,120724,20190828,    0,    0
 22395,120724,20190829,   84,    0
 22395,120724,20190830,    2,    0
 22395,120724,20190831,    0,    0
 22395,120724,20190901,   11,    0
 22395,120724,20190902,    0,    0
 22395,120724,20190903,    0,    0
 22395,120724,20190904,   12,    0
 22395,120724,20190905,   23,    0
 22395,120724,20190906,    0,    0
 22395,120724,20190907,   11,    0
 22395,120724,20190908,   73,    0
 22395,120724,20190909,    1,    0
 22395,120724,20190910,    0,    0
 22395,120724,20190911,   22,    0
 22395,120724,20190912,    2,    0
 22395,120724,20190913,   15,    0
 22395,120724,20190914,    0,    0
 22395,120724,20190915,   19,    0
 22395,120724,20190916,   45,    0
 22395,120724,20190917,   11,    0
 22395,120724,20190918,    1,    0
 22395,120724,20190919,    1,    0
 22395,120724,20190920,    0,    0
 22395,120724,20190921,    0,    0
 22395,120724,20190922,    0,    0
 22395,120724,20190923,    0,    0
 22395,120724,20190924,   27,    0
 22395,120724,20190925,    6,    0
 22395,120724,20190926,   77,    0
 22395,120724,20190927,   25,    0
 22395,120724,20190928,   35,    0
 22395,120724,20190929,  120,    0
 22395,120724,20190930,   24,    0
 22395,120724,20191001,  281,    0
 22395,120724,20191002,   10,    0
 22395,120724,20191003,   20,    0
 22395,120724,20191004,  190,    0
 22395,120724,20191005,    1,    0
 22395,120724,20191006,    1,    0
 22395,120724,20191007,   22,    0
 22395,120724,20191008,   15,    0
 22395,120724,20191009,   84,    0
 22395,120724,20191010,    3,    0
 22395,120724,20191011,    1,    0
 22395,120724,20191012,    0,    0
 22395,120724,20191013,   47,    0
 22395,120724,20191014,    1,    0
 22395,120724,20191015,  310,    0
 22395,120724,20191016,   20,    0
 22395,120724,20191017,   40,    0
 22395,120724,20191018,    3,    0
 22395,120724,20191019,   86,    0
 22395,120724,20191020,   44,    0
 22395,120724,20191021,    1,    0
 22395,120724,20191022,    0,    0
 22395,120724,20191023,    0,    0
 22395,120724,20191024,    0,    0
 22395,120724,20191025,    0,    0
 22395,120724,20191026,   11,    0
 22395,120724,20191027,    3,    0
 22395,120724,20191028,    0,    0
 22395,120724,20191029,    2,    0
 22395,120724,20191030,    0,    0
 22395,120724,20191031,    0,    0
 22395,120724,20191101,   72,    0
 22395,120724,20191102,   18,    0
 22395,120724,20191103,    3,    0
 22395,120724,20191104,   20,    0
 22395,120724,20191105,   35,    0
 22395,120724,20191106,   39,    0
 22395,120724,20191107,   19,    0
 22395,120724,20191108,   58,    0
 22395,120724,20191109,    1,    0
 22395,120724,20191110,    0,    0
 22395,120724,20191111,    0,    0
 22395,120724,20191112,    5,    0
 22395,120724,20191113,    2,    0
 22395,120724,20191114,    0,    0
 22395,120724,20191115,   42,    0
 22395,120724,20191116,    2,    0
 22395,120724,20191117,    6,    0
 22395,120724,20191118,   89,    0
 22395,120724,20191119,    4,    0
 22395,120724,20191120,    1,    0
 22395,120724,20191121,    0,    0
 22395,120724,20191122,    1,    0
 22395,120724,20191123,    0,    0
 22395,120724,20191124,    0,    0
 22395,120724,20191125,    0,    0
 22395,120724,20191126,    0,    0
 22395,120724,20191127,   64,    0
 22395,120724,20191128,   49,    0
 22395,120724,20191129,    2,    0
 22395,120724,20191130,    0,    0
 22395,120724,20191201,    0,    0
 22395,120724,20191202,    7,    0
 22395,120724,20191203,    1,    0
 22395,120724,20191204,    0,    0
 22395,120724,20191205,    0,    0
 22395,120724,20191206,   37,    0
 22395,120724,20191207,   14,    0
 22395,120724,20191208,   19,    0
 22395,120724,20191209,   57,    0
 22395,120724,20191210,   31,    0
 22395,120724,20191211,   78,    0
 22395,120724,20191212,    0,    0
 22395,120724,20191213,   30,    0
 22395,120724,20191214,   51,    0
 22395,120724,20191215,   30,    0
 22395,120724,20191216,    1,    0
 22395,120724,20191217,   36,    0
 22395,120724,20191218,    1,    0
 22395,120724,20191219,    0,    0
 22395,120724,20191220,   23,    0
 22395,120724,20191221,    7,    0
 22395,120724,20191222,   23,    0
 22395,120724,20191223,    8,    0
 22395,120724,20191224,   77,    0
 22395,120724,20191225,   10,    0
 22395,120724,20191226,    2,    0
 22395,120724,20191227,    0,    0
 22395,120724,20191228,    0,    0
 22395,120724,20191229,    0,    0
 22395,120724,20191230,    3,    0
 22395,120724,20191231,    1,    0
 22395,120724,20200101,    0,    0
 22395,120724,20200102,    1,    0
 22395,120724,20200103,   50,    0
 22395,120724,20200104,   53,    0
 22395,120724,20200105,    0,    0
 22395,120724,20200106,    6,    0
 22395,120724,20200107,    3,    0
 22395,120724,20200108,   32,    0
 22395,120724,20200109,   39,    0
 22395,120724,20200110,   18,    0
 22395,120724,20200111,    0,    0
 22395,120724,20200112,   28,    0
 22395,120724,20200113,    7,    0
 22395,120724,20200114,    2,    0
 22395,120724,20200115,   15,    0
 22395,120724,20200116,    0,    0
 22395,120724,20200117,    3,    0
 22395,120724,20200118,   10,    0
 22395,120724,20200119,    7,    0
 22395,120724,20200120,    0,    0
 22395,120724,20200121,    2,    0
 22395,120724,20200122,    5,    0
 22395,120724,20200123,    0,    0
 22395,120724,20200124,    1,    0
 22395,120724,20200125,    1,    0
 22395,120724,20200126,    0,    0
 22395,120724,20200127,   53,    0
 22395,120724,20200128,   26,    0
 22395,120724,20200129,    5,    0
 22395,120724,20200130,    8,    0
 22395,120724,20200131,    0,    0
 22395,120724,20200201,   87,    0
 22395,120724,20200202,  228,    0
 22395,120724,20200203,   99,    0
 22395,120724,20200204,   10,    0
 22395,120724,20200205,    0,    0
 22395,120724,20200206,    0,    0
 22395,120724,20200207,    0,    0
 22395,120724,20200208,    0,    0
 22395,120724,20200209,   90,    0
 22395,120724,20200210,  153,    0
 22395,120724,20200211,   18,    0
 22395,120724,20200212,    3,    0
 22395,120724,20200213,   81,    0
 22395,120724,20200214,    7,    0
 22395,120724,20200215,    0,    0
 22395,120724,20200216,   52,    0
 22395,120724,20200217,  111,    0
 22395,120724,20200218,   47,    0
 22395,120724,20200219,   26,    0
 22395,120724,20200220,   59,    0
 22395,120724,20200221,    0,    0
 22395,120724,20200222,   81,    0
 22395,120724,20200223,  223,    0
 22395,120724,20200224,   89,    0
 22395,120724,20200225,   40,    0
 22395,120724,20200226,   30,    0
 22395,120724,20200227,   11,    0
 22395,120724,20200228,   70,    0
 22395,120724,20200229,   10,    0
 22395,120724,20200301,   60,    0
 22395,120724,20200302,   48,    0
 22395,120724,20200303,    2,    0
 22395,120724,20200304,   11,    0
 22395,120724,20200305,   35,    0
 22395,120724,20200306,   98,    0
 22395,120724,20200307,    0,    0
 22395,120724,20200308,    0,    0
 22395,120724,20200309,   20,    0
 22395,120724,20200310,  140,    0
 22395,120724,20200311,   40,    0
 22395,120724,20200312,   10,    0
 22395,120724,20200313,   40,    0
 22395,120724,20200314,    0,    0
 22395,120724,20200315,    0,    0
 22395,120724,20200316,    3,    0
 22395,120724,20200317,    0,    0
 22395,120724,20200318,    0,    0
 22395,120724,20200319,   24,    0
 22395,120724,20200320,   16,    0
 22395,120724,20200321,    0,    0
 22395,120724,20200322,    0,    0
 22395,120724,20200323,    0,    0
 22395,120724,20200324,    0,    0
 22395,120724,20200325,    0,    0
 22395,120724,20200326,    0,    0
 22395,120724,20200327,    0,    0
 22395,120724,20200328,    0,    0
 22395,120724,20200329,   15,    0
 22395,120724,20200330,    8,    0
 22395,120724,20200331,    0,    0
 22395,120724,20200401,    0,    0
 22395,120724,20200402,    4,    0
 22395,120724,20200403,    0,    0
 22395,120724,20200404,    0,    0
 22395,120724,20200405,    0,    0
 22395,120724,20200406,    0,    0
 22395,120724,20200407,    0,    0
 22395,120724,20200408,    0,    0
 22395,120724,20200409,    0,    0
 22395,120724,20200410,    0,    0
 22395,120724,20200411,    0,    0
 22395,120724,20200412,    0,    0
 22395,120724,20200413,    0,    0
 22395,120724,20200414,    0,    0
 22395,120724,20200415,    0,    0
 22395,120724,20200416,    0,    0
 22395,120724,20200417,    0,    0
 22395,120724,20200418,    5,    0
 22395,120724,20200419,    0,    0
 22395,120724,20200420,    0,    0
 22395,120724,20200421,    0,    0
 22395,120724,20200422,    0,    0
 22395,120724,20200423,    0,    0
 22395,120724,20200424,    0,    0
 22395,120724,20200425,    0,    0
 22395,120724,20200426,    0,    0
 22395,120724,20200427,    0,    0
 22395,120724,20200428,   55,    0
 22395,120724,20200429,   29,    0
 22395,120724,20200430,  170,    0
 22395,120724,20200501,   13,    0
 22395,120724,20200502,   24,    0
 22395,120724,20200503,   26,    0
 22395,120724,20200504,   12,    0
 22395,120724,20200505,    1,    0
 22395,120724,20200506,    1,    0
 22395,120724,20200507,    0,    0
 22395,120724,20200508,    0,    0
 22395,120724,20200509,    0,    0
 22395,120724,20200510,    1,    0
 22395,120724,20200511,    0,    0
 22395,120724,20200512,    0,    0
 22395,120724,20200513,    0,    0
 22395,120724,20200514,    0,    0
 22395,120724,20200515,    0,    0
 22395,120724,20200516,    0,    0
 22395,120724,20200517,    0,    0
 22395,120724,20200518,    0,    0
 22395,120724,20200519,    3,    0
 22395,120724,20200520,    2,    0
 22395,120724,20200521,    0,    0
 22395,120724,20200522,   80,    0
 22395,120724,20200523,    1,    0
 22395,120724,20200524,   37,    0
 22395,120724,20200525,    0,    0
 22395,120724,20200526,    0,    0
 22395,120724,20200527,    0,    0
 22395,120724,20200528,    0,    0
 22395,120724,20200529,    0,    0
 22395,120724,20200530,    0,    0
 22395,120724,20200531,    0,    0
 22395,120724,20200601,    0,    0
 22395,120724,20200602,    0,    0
 22395,120724,20200603,   29,    0
 22395,120724,20200604,  121,    0
 22395,120724,20200605,   51,    0
 22395,120724,20200606,    5,    0
 22395,120724,20200607,    0,    0
 22395,120724,20200608,    1,    0
 22395,120724,20200609,   75,    0
 22395,120724,20200610,   12,    0
 22395,120724,20200611,    1,    0
 22395,120724,20200612,    0,    0
 22395,120724,20200613,    0,    0
 22395,120724,20200614,  114,    0
 22395,120724,20200615,   45,    0
 22395,120724,20200616,    6,    0
 22395,120724,20200617,    3,    0
 22395,120724,20200618,  131,    0
 22395,120724,20200619,    5,    0
 22395,120724,20200620,    0,    0
 22395,120724,20200621,    0,    0
 22395,120724,20200622,    4,    0
 22395,120724,20200623,    0,    0
 22395,120724,20200624,    0,    0
 22395,120724,20200625,    0,    0
 22395,120724,20200626,    0,    0
 22395,120724,20200627,    0,    0
 22395,120724,20200628,    0,    0
 22395,120724,20200629,   19,    0
 22395,120724,20200630,   15,    0
 22395,120724,20200701,   76,    0
 22395,120724,20200702,   47,    0
 22395,120724,20200703,    1,    0
 22395,120724,20200704,    2,    0
 22395,120724,20200705,    3,    0
 22395,120724,20200706,   63,    0
 22395,120724,20200707,   10,    0
 22395,120724,20200708,    4,    0
 22395,120724,20200709,   14,    0
 22395,120724,20200710,   10,    0
 22395,120724,20200711,    3,    0
 22395,120724,20200712,    0,    0
 22395,120724,20200713,    0,    0
 22395,120724,20200714,   59,    0
 22395,120724,20200715,   77,    0
 22395,120724,20200716,   26,    0
 22395,120724,20200717,    0,    0
 22395,120724,20200718,    0,    0
 22395,120724,20200719,    0,    0
 22395,120724,20200720,    3,    0
 22395,120724,20200721,    0,    0
 22395,120724,20200722,    0,    0
 22395,120724,20200723,    0,    0
 22395,120724,20200724,    0,    0
 22395,120724,20200725,   80,    0
 22395,120724,20200726,   36,    0
 22395,120724,20200727,    5,    0
 22395,120724,20200728,    0,    0
 22395,120724,20200729,    0,    0
 22395,120724,20200730,    0,    0
 22395,120724,20200731,    0,    0
 22395,120724,20200801,   98,    0
 22395,120724,20200802,   23,    0
 22395,120724,20200803,    0,    0
 22395,120724,20200804,    0,    0
 22395,120724,20200805,    0,    0
 22395,120724,20200806,    0,    0
 22395,120724,20200807,    0,    0
 22395,120724,20200808,    0,    0
 22395,120724,20200809,   54,    0
 22395,120724,20200810,    0,    0
 22395,120724,20200811,  102,    0
 22395,120724,20200812,    2,    0
 22395,120724,20200813,   26,    0
 22395,120724,20200814,  175,    0
 22395,120724,20200815,   67,    0
 22395,120724,20200816,    0,    0
 22395,120724,20200817,   39,    0
 22395,120724,20200818,    2,    0
 22395,120724,20200819,    1,    0
 22395,120724,20200820,    0,    0
 22395,120724,20200821,    0,    0
 22395,120724,20200822,    0,    0
 22395,120724,20200823,    2,    0
 22395,120724,20200824,   15,    0
 22395,120724,20200825,   28,    0
 22395,120724,20200826,   17,    0
 22395,120724,20200827,   18,    0
 22395,120724,20200828,    0,    0
 22395,120724,20200829,    1,    0
 22395,120724,20200830,    0,    0
 22395,120724,20200831,    0,    0
 22395,120724,20200901,   65,    0
 22395,120724,20200902,    1,    0
 22395,120724,20200903,   70,    0
 22395,120724,20200904,   61,    0
 22395,120724,20200905,    3,    0
 22395,120724,20200906,    1,    0
 22395,120724,20200907,    0,    0
 22395,120724,20200908,    0,    0
 22395,120724,20200909,   13,    0
 22395,120724,20200910,    2,    0
 22395,120724,20200911,    0,    0
 22395,120724,20200912,    0,    0
 22395,120724,20200913,    0,    0
 22395,120724,20200914,    0,    0
 22395,120724,20200915,    0,    0
 22395,120724,20200916,    0,    0
 22395,120724,20200917,    0,    0
 22395,120724,20200918,    0,    0
 22395,120724,20200919,    0,    0
 22395,120724,20200920,    0,    0
 22395,120724,20200921,    0,    0
 22395,120724,20200922,    0,    0
 22395,120724,20200923,    9,    0
 22395,120724,20200924,    8,    0
 22395,120724,20200925,    1,    0
 22395,120724,20200926,  216,    0
 22395,120724,20200927,    0,    0
 22395,120724,20200928,    0,    0
 22395,120724,20200929,    2,    0
 22395,120724,20200930,    1,    0
 22395,120724,20201001,    1,    0
 22395,120724,20201002,    0,    0
 22395,120724,20201003,    3,    0
 22395,120724,20201004,    6,    0
 22395,120724,20201005,   14,    0
 22395,120724,20201006,   29,    0
 22395,120724,20201007,   78,    0
 22395,120724,20201008,   98,    0
 22395,120724,20201009,    3,    0
 22395,120724,20201010,   17,    0
 22395,120724,20201011,    3,    0
 22395,120724,20201012,    1,    0
 22395,120724,20201013,    0,    0
 22395,120724,20201014,   46,    0
 22395,120724,20201015,   10,    0
 22395,120724,20201016,    0,    0
 22395,120724,20201017,    1,    0
 22395,120724,20201018,   13,    0
 22395,120724,20201019,    1,    0
 22395,120724,20201020,   28,    0
 22395,120724,20201021,   14,    0
 22395,120724,20201022,   45,    0
 22395,120724,20201023,  173,    0
 22395,120724,20201024,    9,    0
 22395,120724,20201025,   49,    0
 22395,120724,20201026,   18,    0
 22395,120724,20201027,    3,    0
 22395,120724,20201028,   44,    0
 22395,120724,20201029,   80,    0
 22395,120724,20201030,   12,    0
 22395,120724,20201031,   27,    0
 22395,120724,20201101,    3,    0
 22395,120724,20201102,    5,    0
 22395,120724,20201103,    1,    0
 22395,120724,20201104,    1,    0
 22395,120724,20201105,    0,    0
 22395,120724,20201106,    0,    0
 22395,120724,20201107,    0,    0
 22395,120724,20201108,    0,    0
 22395,120724,20201109,    0,    0
 22395,120724,20201110,    1,    0
 22395,120724,20201111,    0,    0
 22395,120724,20201112,    2,    0
 22395,120724,20201113,    1,    0
 22395,120724,20201114,    0,    0
 22395,120724,20201115,   20,    0
 22395,120724,20201116,    3,    0
 22395,120724,20201117,   32,    0
 22395,120724,20201118,    8,    0
 22395,120724,20201119,    9,    0
 22395,120724,20201120,    4,    0
 22395,120724,20201121,    9,    0
 22395,120724,20201122,   10,    0
 22395,120724,20201123,    1,    0
 22395,120724,20201124,    0,    0
 22395,120724,20201125,    0,    0
 22395,120724,20201126,    0,    0
 22395,120724,20201127,    0,    0
 22395,120724,20201128,    0,    0
 22395,120724,20201129,    0,    0
 22395,120724,20201130,   15,    0
 22395,120724,20201201,   22,    0
 22395,120724,20201202,    1,    0
 22395,120724,20201203,    3,    0
 22395,120724,20201204,   23,    0
 22395,120724,20201205,   10,    0
 22395,120724,20201206,   25,    0
 22395,120724,20201207,    3,    0
 22395,120724,20201208,    1,    0
 22395,120724,20201209,    3,    0
 22395,120724,20201210,    2,    0
 22395,120724,20201211,    1,    0
 22395,120724,20201212,    4,    0
 22395,120724,20201213,    7,    0
 22395,120724,20201214,   17,    0
 22395,120724,20201215,   13,    0
 22395,120724,20201216,    1,    0
 22395,120724,20201217,    4,    0
 22395,120724,20201218,    0,    0
 22395,120724,20201219,    0,    0
 22395,120724,20201220,    3,    0
 22395,120724,20201221,   98,    0
 22395,120724,20201222,   41,    0
 22395,120724,20201223,   50,    0
 22395,120724,20201224,   24,    0
 22395,120724,20201225,    2,    0
 22395,120724,20201226,    0,    0
 22395,120724,20201227,   35,    0
 22395,120724,20201228,    1,    0
 22395,120724,20201229,    6,    0
 22395,120724,20201230,   13,    0
 22395,120724,20201231,    4,    0
 22395,120724,20210101,    0,    0
 22395,120724,20210102,    0,    0
 22395,120724,20210103,   58,    0
 22395,120724,20210104,    5,    0
 22395,120724,20210105,   11,    0
 22395,120724,20210106,   19,    0
 22395,120724,20210107,   15,    0
 22395,120724,20210108,   27,    0
 22395,120724,20210109,    0,    0
 22395,120724,20210110,    0,    0
 22395,120724,20210111,   73,    0
 22395,120724,20210112,   28,    0
 22395,120724,20210113,   34,    0
 22395,120724,20210114,    7,    0
 22395,120724,20210115,    1,    0
 22395,120724,20210116,    3,    0
 22395,120724,20210117,   22,    0
 22395,120724,20210118,   27,    0
 22395,120724,20210119,  115,    0
 22395,120724,20210120,    0,    0
 22395,120724,20210121,   26,    0
 22395,120724,20210122,    0,    0
 22395,120724,20210123,   18,    0
 22395,120724,20210124,   55,    0
 22395,120724,20210125,   64,    0
 22395,120724,20210126,    4,    0
 22395,120724,20210127,   45,    0
 22395,120724,20210128,   75,    0
 22395,120724,20210129,  156,    0
 22395,120724,20210130,    0,    0
 22395,120724,20210131,    3,    0
 22395,120724,20210201,    3,    0
 22395,120724,20210202,   69,    0
 22395,120724,20210203,  160,    0
 22395,120724,20210204,    1,    0
 22395,120724,20210205,    1,    0
 22395,120724,20210206,   80,    0
 22395,120724,20210207,   95,    0
 22395,120724,20210208,   74,    0
 22395,120724,20210209,    0,    0
 22395,120724,20210210,    3,    0
 22395,120724,20210211,    0,    0
 22395,120724,20210212,    0,    0
 22395,120724,20210213,    0,    0
 22395,120724,20210214,    0,    0
 22395,120724,20210215,   35,    0
 22395,120724,20210216,   20,    0
 22395,120724,20210217,    4,    0
 22395,120724,20210218,   37,    0
 22395,120724,20210219,    0,    0
 22395,120724,20210220,    0,    0
 22395,120724,20210221,    0,    0
 22395,120724,20210222,    0,    0
 22395,120724,20210223,    0,    0
 22395,120724,20210224,    0,    0
 22395,120724,20210225,   16,    0
 22395,120724,20210226,   11,    0
 22395,120724,20210227,    5,    0
 22395,120724,20210228,    0,    0
 22395,120724,20210301,    0,    0
 22395,120724,20210302,    0,    0
 22395,120724,20210303,    0,    0
 22395,120724,20210304,    6,    0
 22395,120724,20210305,    0,    0
 22395,120724,20210306,    0,    0
 22395,120724,20210307,    4,    0
 22395,120724,20210308,    1,    0
 22395,120724,20210309,   64,    0
 22395,120724,20210310,   30,    0
 22395,120724,20210311,  103,    0
 22395,120724,20210312,  108,    0
 22395,120724,20210313,   97,    0
 22395,120724,20210314,   64,    0
 22395,120724,20210315,   16,    0
 22395,120724,20210316,    4,    0
 22395,120724,20210317,    0,    0
 22395,120724,20210318,    5,    0
 22395,120724,20210319,    2,    0
 22395,120724,20210320,    3,    0
 22395,120724,20210321,    2,    0
 22395,120724,20210322,    0,    0
 22395,120724,20210323,    0,    0
 22395,120724,20210324,    0,    0
 22395,120724,20210325,    0,    0
 22395,120724,20210326,    8,    0
 22395,120724,20210327,   52,    0
 22395,120724,20210328,    0,    0
 22395,120724,20210329,    0,    0
 22395,120724,20210330,    0,    0
 22395,120724,20210331,    0,    0
 22395,120724,20210401,    0,    0
 22395,120724,20210402,    0,    0
 22395,120724,20210403,    0,    0
 22395,120724,20210404,    0,    0
 22395,120724,20210405,   52,    0
 22395,120724,20210406,   40,    0
 22395,120724,20210407,   34,    0
 22395,120724,20210408,    0,    0
 22395,120724,20210409,    8,    0
 22395,120724,20210410,   95,    0
 22395,120724,20210411,   78,    0
 22395,120724,20210412,    1,    0
 22395,120724,20210413,    5,    0
 22395,120724,20210414,    3,    0
 22395,120724,20210415,    0,    0
 22395,120724,20210416,    0,    0
 22395,120724,20210417,    0,    0
 22395,120724,20210418,   10,    0
 22395,120724,20210419,    0,    0
 22395,120724,20210420,    0,    0
 22395,120724,20210421,    0,    0
 22395,120724,20210422,    0,    0
 22395,120724,20210423,    0,    0
 22395,120724,20210424,    0,    0
 22395,120724,20210425,    0,    0
 22395,120724,20210426,    0,    0
 22395,120724,20210427,    0,    0
 22395,120724,20210428,   44,    0
 22395,120724,20210429,   12,    0
 22395,120724,20210430,    0,    0
 22395,120724,20210501,    0,    0
 22395,120724,20210502,   10,    0
 22395,120724,20210503,    9,    0
 22395,120724,20210504,   30,    0
 22395,120724,20210505,   30,    0
 22395,120724,20210506,   61,    0
 22395,120724,20210507,    2,    0
 22395,120724,20210508,    3,    0
 22395,120724,20210509,    0,    0
 22395,120724,20210510,  150,    0
 22395,120724,20210511,   13,    0
 22395,120724,20210512,   26,    0
 22395,120724,20210513,    1,    0
 22395,120724,20210514,    0,    0
 22395,120724,20210515,   92,    0
 22395,120724,20210516,    3,    0
 22395,120724,20210517,   62,    0
 22395,120724,20210518,   15,    0
 22395,120724,20210519,   84,    0
 22395,120724,20210520,    0,    0
 22395,120724,20210521,   16,    0
 22395,120724,20210522,   66,    0
 22395,120724,20210523,  100,    0
 22395,120724,20210524,    7,    0
 22395,120724,20210525,   63,    0
 22395,120724,20210526,   29,    0
 22395,120724,20210527,   30,    0
 22395,120724,20210528,   39,    0
 22395,120724,20210529,    1,    0
 22395,120724,20210530,    0,    0
 22395,120724,20210531,    0,    0
 22395,120724,20210601,    0,    0
 22395,120724,20210602,    0,    0
 22395,120724,20210603,   36,    0
 22395,120724,20210604,  121,    0
 22395,120724,20210605,   61,    0
 22395,120724,20210606,    1,    0
 22395,120724,20210607,    0,    0
 22395,120724,20210608,    0,    0
 22395,120724,20210609,    0,    0
 22395,120724,20210610,    0,    0
 22395,120724,20210611,    0,    0
 22395,120724,20210612,    0,    0
 22395,120724,20210613,    0,    0
 22395,120724,20210614,    0,    0
 22395,120724,20210615,    0,    0
 22395,120724,20210616,    0,    0
 22395,120724,20210617,    0,    0
 22395,120724,20210618,    0,    0
 22395,120724,20210619,  273,    0
 22395,120724,20210620,  148,    0
 22395,120724,20210621,    6,    0
 22395,120724,20210622,    0,    0
 22395,120724,20210623,    0,    0
 22395,120724,20210624,    0,    0
 22395,120724,20210625,    0,    0
 22395,120724,20210626,    0,    0
 22395,120724,20210627,    0,    0
 22395,120724,20210628,   55,    0
 22395,120724,20210629,  273,    0
 22395,120724,20210630,  135,    0
 22395,120724,20210701,   50,    0
 22395,120724,20210702,    2,    0
 22395,120724,20210703,    0,    0
 22395,120724,20210704,    2,    0
 22395,120724,20210705,   18,    0
 22395,120724,20210706,   44,    0
 22395,120724,20210707,    2,    0
 22395,120724,20210708,   16,    0
 22395,120724,20210709,  118,    0
 22395,120724,20210710,    0,    0
 22395,120724,20210711,    1,    0
 22395,120724,20210712,    0,    0
 22395,120724,20210713,    1,    0
 22395,120724,20210714,   12,    0
 22395,120724,20210715,    0,    0
 22395,120724,20210716,    0,    0
 22395,120724,20210717,    0,    0
 22395,120724,20210718,    0,    0
 22395,120724,20210719,    0,    0
 22395,120724,20210720,    0,    0
 22395,120724,20210721,    0,    0
 22395,120724,20210722,    0,    0
 22395,120724,20210723,    0,    0
 22395,120724,20210724,   18,    0
 22395,120724,20210725,    1,    0
 22395,120724,20210726,   13,    0
 22395,120724,20210727,   35,    0
 22395,120724,20210728,   23,    0
 22395,120724,20210729,    0,    0
 22395,120724,20210730,    0,    0
 22395,120724,20210731,    0,    0
 22395,120724,20210801,   10,    0
 22395,120724,20210802,    5,    0
 22395,120724,20210803,    0,    0
 22395,120724,20210804,    0,    0
 22395,120724,20210805,    0,    0
 22395,120724,20210806,   34,    0
 22395,120724,20210807,    0,    0
 22395,120724,20210808,   17,    0
 22395,120724,20210809,   24,    0
 22395,120724,20210810,    4,    0
 22395,120724,20210811,    0,    0
 22395,120724,20210812,    0,    0
 22395,120724,20210813,    0,    0
 22395,120724,20210814,    0,    0
 22395,120724,20210815,    0,    0
 22395,120724,20210816,   50,    0
 22395,120724,20210817,    2,    0
 22395,120724,20210818,    9,    0
 22395,120724,20210819,   26,    0
 22395,120724,20210820,    1,    0
 22395,120724,20210821,  117,    0
 22395,120724,20210822,  178,    0
 22395,120724,20210823,    3,    0
 22395,120724,20210824,    1,    0
 22395,120724,20210825,    1,    0
 22395,120724,20210826,   54,    0
 22395,120724,20210827,   93,    0
 22395,120724,20210828,  163,    0
 22395,120724,20210829,   64,    0
 22395,120724,20210830,    5,    0
 22395,120724,20210831,    1,    0
 22395,120724,20210901,    1,    0
 22395,120724,20210902,    1,    0
 22395,120724,20210903,    1,    0
 22395,120724,20210904,    1,    0
 22395,120724,20210905,    2,    0
 22395,120724,20210906,    1,    0
 22395,120724,20210907,    0,    0
 22395,120724,20210908,    0,    0
 22395,120724,20210909,  102,    0
 22395,120724,20210910,    9,    0
 22395,120724,20210911,   15,    0
 22395,120724,20210912,    1,    0
 22395,120724,20210913,    1,    0
 22395,120724,20210914,    0,    0
 22395,120724,20210915,   37,    0
 22395,120724,20210916,    5,    0
 22395,120724,20210917,    1,    0
 22395,120724,20210918,    1,    0
 22395,120724,20210919,    0,    0
 22395,120724,20210920,    0,    0
 22395,120724,20210921,    0,    0
 22395,120724,20210922,    0,    0
 22395,120724,20210923,    4,    0
 22395,120724,20210924,    0,    0
 22395,120724,20210925,    0,    0
 22395,120724,20210926,   28,    0
 22395,120724,20210927,   25,    0
 22395,120724,20210928,    1,    0
 22395,120724,20210929,   31,    0
 22395,120724,20210930,    1,    0
 22395,120724,20211001,    7,    0
 22395,120724,20211002,    4,    0
 22395,120724,20211003,    4,    0
 22395,120724,20211004,    1,    0
 22395,120724,20211005,   12,    0
 22395,120724,20211006,   15,    0
 22395,120724,20211007,    1,    0
 22395,120724,20211008,    1,    0
 22395,120724,20211009,    1,    0
 22395,120724,20211010,    3,    0
 22395,120724,20211011,   11,    0
 22395,120724,20211012,   83,    0
 22395,120724,20211013,   48,    0
 22395,120724,20211014,    4,    0
 22395,120724,20211015,   21,    0
 22395,120724,20211016,    1,    0
 22395,120724,20211017,    0,    0
 22395,120724,20211018,    0,    0
 22395,120724,20211019,    1,    0
 22395,120724,20211020,   15,    0
 22395,120724,20211021,   83,    0
 22395,120724,20211022,   22,    0
 22395,120724,20211023,    2,    0
 22395,120724,20211024,    0,    0
 22395,120724,20211025,    0,    0
 22395,120724,20211026,    1,    0
 22395,120724,20211027,    0,    0
 22395,120724,20211028,    0,    0
 22395,120724,20211029,    0,    0
 22395,120724,20211030,    2,    0
 22395,120724,20211031,    2,    0
 22395,120724,20211101,    1,    0
 22395,120724,20211102,    3,    0
 22395,120724,20211103,   74,    0
 22395,120724,20211104,   21,    0
 22395,120724,20211105,   11,    0
 22395,120724,20211106,   12,    0
 22395,120724,20211107,   35,    0
 22395,120724,20211108,    6,    0
 22395,120724,20211109,    0,    0
 22395,120724,20211110,    1,    0
 22395,120724,20211111,    0,    0
 22395,120724,20211112,    2,    0
 22395,120724,20211113,    6,    0
 22395,120724,20211114,    1,    0
 22395,120724,20211115,    0,    0
 22395,120724,20211116,    3,    0
 22395,120724,20211117,    3,    0
 22395,120724,20211118,    2,    0
 22395,120724,20211119,    5,    0
 22395,120724,20211120,    1,    0
 22395,120724,20211121,   11,    0
 22395,120724,20211122,   10,    0
 22395,120724,20211123,    7,    0
 22395,120724,20211124,    0,    0
 22395,120724,20211125,    1,    0
 22395,120724,20211126,   44,    0
 22395,120724,20211127,    3,    0
 22395,120724,20211128,    8,    0
 22395,120724,20211129,   39,    0
 22395,120724,20211130,   79,    0
 22395,120724,20211201,   43,    0
 22395,120724,20211202,   32,    0
 22395,120724,20211203,    2,    0
 22395,120724,20211204,   33,    0
 22395,120724,20211205,    1,    0
 22395,120724,20211206,    8,    0
 22395,120724,20211207,   10,    0
 22395,120724,20211208,    1,    0
 22395,120724,20211209,    0,    0
 22395,120724,20211210,    0,    0
 22395,120724,20211211,    2,    0
 22395,120724,20211212,   35,    0
 22395,120724,20211213,    1,    0
 22395,120724,20211214,    4,    0
 22395,120724,20211215,    2,    0
 22395,120724,20211216,    8,    0
 22395,120724,20211217,   13,    0
 22395,120724,20211218,    3,    0
 22395,120724,20211219,    3,    0
 22395,120724,20211220,    2,    0
 22395,120724,20211221,    1,    0
 22395,120724,20211222,    0,    0
 22395,120724,20211223,   93,    0
 22395,120724,20211224,   71,    0
 22395,120724,20211225,    0,    0
 22395,120724,20211226,    2,    0
 22395,120724,20211227,    1,    0
 22395,120724,20211228,   27,    0
 22395,120724,20211229,   26,    0
 22395,120724,20211230,   21,    0
 22395,120724,20211231,    4,    0
 22395,120724,20220101,    6,    0
 22395,120724,20220102,   49,    0
 22395,120724,20220103,    7,    0
 22395,120724,20220104,   22,    0
 22395,120724,20220105,   45,    0
 22395,120724,20220106,    1,    0
 22395,120724,20220107,   63,    0
 22395,120724,20220108,   39,    0
 22395,120724,20220109,   31,    0
 22395,120724,20220110,    2,    0
 22395,120724,20220111,    1,    0
 22395,120724,20220112,    0,    0
 22395,120724,20220113,    0,    0
 22395,120724,20220114,    6,    0
 22395,120724,20220115,    0,    0
 22395,120724,20220116,    3,    0
 22395,120724,20220117,   14,    0
 22395,120724,20220118,    2,    0
 22395,120724,20220119,   23,    0
 22395,120724,20220120,   22,    0
 22395,120724,20220121,   34,    0
 22395,120724,20220122,    7,    0
 22395,120724,20220123,   17,    0
 22395,120724,20220124,    0,    0
 22395,120724,20220125,    0,    0
 22395,120724,20220126,    1,    0
 22395,120724,20220127,   37,    0
 22395,120724,20220128,    3,    0
 22395,120724,20220129,   18,    0
 22395,120724,20220130,   48,    0
 22395,120724,20220131,   19,    0
 22395,120724,20220201,   43,    0
 22395,120724,20220202,   14,    0
 22395,120724,20220203,    5,    0
 22395,120724,20220204,   40,    0
 22395,120724,20220205,   72,    0
 22395,120724,20220206,  157,    0
 22395,120724,20220207,    3,    0
 22395,120724,20220208,    3,    0
 22395,120724,20220209,    2,    0
 22395,120724,20220210,   19,    0
 22395,120724,20220211,   30,    0
 22395,120724,20220212,    0,    0
 22395,120724,20220213,    0,    0
 22395,120724,20220214,    3,    0
 22395,120724,20220215,   93,    0
 22395,120724,20220216,  182,    0
 22395,120724,20220217,   10,    0
 22395,120724,20220218,   41,    0
 22395,120724,20220219,   65,    0
 22395,120724,20220220,  209,    0
 22395,120724,20220221,   65,    0
 22395,120724,20220222,   36,    0
 22395,120724,20220223,    0,    0
 22395,120724,20220224,   23,    0
 22395,120724,20220225,   34,    0
 22395,120724,20220226,    0,    0
 22395,120724,20220227,    0,    0
 22395,120724,20220228,    0,    0
 22395,120724,20220301,    0,    0
 22395,120724,20220302,    0,    0
 22395,120724,20220303,    0,    0
 22395,120724,20220304,    0,    0
 22395,120724,20220305,    0,    0
 22395,120724,20220306,    0,    0
 22395,120724,20220307,    0,    0
 22395,120724,20220308,    0,    0
 22395,120724,20220309,    0,    0
 22395,120724,20220310,    0,    0
 22395,120724,20220311,    0,    0
 22395,120724,20220312,    0,    0
 22395,120724,20220313,    0,    0
 22395,120724,20220314,   11,    0
 22395,120724,20220315,    2,    0
 22395,120724,20220316,    0,    0
 22395,120724,20220317,   15,    0
 22395,120724,20220318,    0,    0
 22395,120724,20220319,    0,    0
 22395,120724,20220320,    0,    0
 22395,120724,20220321,    0,    0
 22395,120724,20220322,    0,    0
 22395,120724,20220323,    0,    0
 22395,120724,20220324,    0,    0
 22395,120724,20220325,    0,    0
 22395,120724,20220326,    0,    0
 22395,120724,20220327,    1,    0
 22395,120724,20220328,    0,    0
 22395,120724,20220329,    1,    0
 22395,120724,20220330,    0,    0
 22395,120724,20220331,   46,    0
 22395,120724,20220401,   10,    0
 22395,120724,20220402,    0,    0
 22395,120724,20220403,    8,    0
 22395,120724,20220404,  113,    0
 22395,120724,20220405,   53,    0
 22395,120724,20220406,   16,    0
 22395,120724,20220407,  186,    0
 22395,120724,20220408,    1,    0
 22395,120724,20220409,   45,    0
 22395,120724,20220410,    2,    0
 22395,120724,20220411,    0,    0
 22395,120724,20220412,    0,    0
 22395,120724,20220413,    7,    0
 22395,120724,20220414,    5,    0
 22395,120724,20220415,    0,    0
 22395,120724,20220416,    0,    0
 22395,120724,20220417,    0,    0
 22395,120724,20220418,    0,    0
 22395,120724,20220419,    0,    0
 22395,120724,20220420,    0,    0
 22395,120724,20220421,    0,    0
 22395,120724,20220422,    0,    0
 22395,120724,20220423,    0,    0
 22395,120724,20220424,   12,    0
 22395,120724,20220425,    7,    0
 22395,120724,20220426,    0,    0
 22395,120724,20220427,    0,    0
 22395,120724,20220428,    0,    0
 22395,120724,20220429,   33,    0
 22395,120724,20220430,   11,    0
 22395,120724,20220501,    0,    0
 22395,120724,20220502,    0,    0
 22395,120724,20220503,    0,    0
 22395,120724,20220504,    0,    0
 22395,120724,20220505,    0,    0
 22395,120724,20220506,    0,    0
 22395,120724,20220507,   24,    0
 22395,120724,20220508,    0,    0
 22395,120724,20220509,    0,    0
 22395,120724,20220510,    1,    0
 22395,120724,20220511,   34,    0
 22395,120724,20220512,    1,    0
 22395,120724,20220513,    0,    0
 22395,120724,20220514,    0,    0
 22395,120724,20220515,    0,    0
 22395,120724,20220516,    2,    0
 22395,120724,20220517,    0,    0
 22395,120724,20220518,    0,    0
 22395,120724,20220519,   68,    0
 22395,120724,20220520,   40,    0
 22395,120724,20220521,    1,    0
 22395,120724,20220522,    0,    0
 22395,120724,20220523,   58,    0
 22395,120724,20220524,   42,    0
 22395,120724,20220525,    0,    0
 22395,120724,20220526,   50,    0
 22395,120724,20220527,    0,    0
 22395,120724,20220528,   13,    0
 22395,120724,20220529,    6,    0
 22395,120724,20220530,    4,    0
 22395,120724,20220531,   11,    0
 22395,120724,20220601,   20,    0
 22395,120724,20220602,    1,    0
 22395,120724,20220603,    0,    0
 22395,120724,20220604,    0,    0
 22395,120724,20220605,   45,    0
 22395,120724,20220606,    2,    0
 22395,120724,20220607,    0,    0
 22395,120724,20220608,   11,    0
 22395,120724,20220609,   44,    0
 22395,120724,20220610,    0,    0
 22395,120724,20220611,    0,    0
 22395,120724,20220612,    4,    0
 22395,120724,20220613,   21,    0
 22395,120724,20220614,    0,    0
 22395,120724,20220615,    0,    0
 22395,120724,20220616,    0,    0
 22395,120724,20220617,    0,    0
 22395,120724,20220618,    0,    0
 22395,120724,20220619,  114,    0
 22395,120724,20220620,   13,    0
 22395,120724,20220621,    0,    0
 22395,120724,20220622,    0,    0
 22395,120724,20220623,    0,    0
 22395,120724,20220624,    0,    0
 22395,120724,20220625,    0,    0
 22395,120724,20220626,    0,    0
 22395,120724,20220627,    1,    0
 22395,120724,20220628,    0,    0
 22395,120724,20220629,    0,    0
 22395,120724,20220630,   52,    0
 22395,120724,20220701,    4,    0
 22395,120724,20220702,    0,    0
 22395,120724,20220703,    1,    0
 22395,120724,20220704,    0,    0
 22395,120724,20220705,    0,    0
 22395,120724,20220706,   25,    0
 22395,120724,20220707,   33,    0
 22395,120724,20220708,    0,    0
 22395,120724,20220709,    5,    0
 22395,120724,20220710,    5,    0
 22395,120724,20220711,   11,    0
 22395,120724,20220712,    0,    0
 22395,120724,20220713,    0,    0
 22395,120724,20220714,    0,    0
 22395,120724,20220715,    2,    0
 22395,120724,20220716,    1,    0
 22395,120724,20220717,    0,    0
 22395,120724,20220718,    0,    0
 22395,120724,20220719,    0,    0
 22395,120724,20220720,    4,    0
 22395,120724,20220721,  175,    0
 22395,120724,20220722,    7,    0
 22395,120724,20220723,    1,    0
 22395,120724,20220724,    0,    0
 22395,120724,20220725,   11,    0
 22395,120724,20220726,    3,    0
 22395,120724,20220727,    0,    0
 22395,120724,20220728,    0,    0
 22395,120724,20220729,   35,    0
 22395,120724,20220730,    1,    0
 22395,120724,20220731,  148,    0
 22395,120724,20220801,    3,    0
 22395,120724,20220802,    0,    0
 22395,120724,20220803,    0,    0
 22395,120724,20220804,   24,    0
 22395,120724,20220805,   69,    0
 22395,120724,20220806,    1,    0
 22395,120724,20220807,    0,    0
 22395,120724,20220808,    0,    0
 22395,120724,20220809,    0,    0
 22395,120724,20220810,    0,    0
 22395,120724,20220811,    0,    0
 22395,120724,20220812,    0,    0
 22395,120724,20220813,    0,    0
 22395,120724,20220814,    0,    0
 22395,120724,20220815,   21,    0
 22395,120724,20220816,    0,    0
 22395,120724,20220817,   58,    0
 22395,120724,20220818,    0,    0
 22395,120724,20220819,    0,    0
 22395,120724,20220820,   21,    0
 22395,120724,20220821,    1,    0
 22395,120724,20220822,    0,    0
 22395,120724,20220823,    0,    0
 22395,120724,20220824,    0,    0
 22395,120724,20220825,    0,    0
 22395,120724,20220826,   55,    0
 22395,120724,20220827,    0,    0
 22395,120724,20220828,    0,    0
 22395,120724,20220829,    0,    0
 22395,120724,20220830,    0,    0
 22395,120724,20220831,    0,    0
 22395,120724,20220901,    0,    0
 22395,120724,20220902,    0,    0
 22395,120724,20220903,    0,    0
 22395,120724,20220904,    0,    0
 22395,120724,20220905,    4,    0
 22395,120724,20220906,    5,    0
 22395,120724,20220907,    0,    0
 22395,120724,20220908,   75,    0
 22395,120724,20220909,    9,    0
 22395,120724,20220910,    3,    0
 22395,120724,20220911,    1,    0
 22395,120724,20220912,    2,    0
 22395,120724,20220913,    0,    0
 22395,120724,20220914,   21,    0
 22395,120724,20220915,    5,    0
 22395,120724,20220916,   37,    0
 22395,120724,20220917,   54,    0
 22395,120724,20220918,   70,    0
 22395,120724,20220919,   87,    0
 22395,120724,20220920,   31,    0
 22395,120724,20220921,    1,    0
 22395,120724,20220922,    1,    0
 22395,120724,20220923,    1,    0
 22395,120724,20220924,    9,    0
 22395,120724,20220925,    0,    0
 22395,120724,20220926,   78,    0
 22395,120724,20220927,   33,    0
 22395,120724,20220928,    3,    0
 22395,120724,20220929,    1,    0
 22395,120724,20220930,   33,    0
 22395,120724,20221001,   89,    0
 22395,120724,20221002,   12,    0
 22395,120724,20221003,    1,    0
 22395,120724,20221004,    0,    0
 22395,120724,20221005,    5,    0
 22395,120724,20221006,    0,    0
 22395,120724,20221007,    0,    0
 22395,120724,20221008,    5,    0
 22395,120724,20221009,    1,    0
 22395,120724,20221010,    2,    0
 22395,120724,20221011,    1,    0
 22395,120724,20221012,    0,    0
 22395,120724,20221013,    4,    0
 22395,120724,20221014,   11,    0
 22395,120724,20221015,    7,    0
 22395,120724,20221016,    5,    0
 22395,120724,20221017,   56,    0
 22395,120724,20221018,   22,    0
 22395,120724,20221019,    1,    0
 22395,120724,20221020,   14,    0
 22395,120724,20221021,   39,    0
 22395,120724,20221022,    3,    0
 22395,120724,20221023,   44,    0
 22395,120724,20221024,   74,    0
 22395,120724,20221025,   23,    0
 22395,120724,20221026,    1,    0
 22395,120724,20221027,    0,    0
 22395,120724,20221028,    0,    0
 22395,120724,20221029,    0,    0
 22395,120724,20221030,    0,    0
 22395,120724,20221031,    0,    0
