EUROPEAN CLIMATE ASSESSMENT & DATASET (ECA&D), file created on: 16-11-2022
THESE DATA CAN BE USED FOR NON-COMMERCIAL RESEARCH AND EDUCATION PROVIDED THAT THE FOLLOWING SOURCE IS ACKNOWLEDGED: 

Klein Tank, A.M.G. and Coauthors, 2002. Daily dataset of 20th-century surface
air temperature and precipitation series for the European Climate Assessment.
Int. J. of Climatol., 22, 1441-1453.
Data and metadata available at http://www.ecad.eu

FILE FORMAT (MISSING VALUE CODE = -9999):

01-06 STAID: Station identifier
08-13 SOUID: Source identifier
15-22 DATE : Date YYYYMMDD
24-28 RR   : Precipitation amount in 0.1 mm
30-34 Q_RR : quality code for RR (0='valid'; 1='suspect'; 9='missing')

This is the blended series of station DACHSTEIN-SCHLADMING GLETSCHER, AUSTRIA (STAID: 24658)
Blended and updated with sources:134145 
See files sources.txt and stations.txt for more info.

STAID, SOUID,    DATE,   RR, Q_RR
 24658,134145,20171113,    0,    0
 24658,134145,20171114,    0,    0
 24658,134145,20171115,    0,    0
 24658,134145,20171116,    0,    0
 24658,134145,20171117,    1,    0
 24658,134145,20171118,    4,    0
 24658,134145,20171119,  174,    0
 24658,134145,20171120,   57,    0
 24658,134145,20171121,   73,    0
 24658,134145,20171122,    0,    0
 24658,134145,20171123,    0,    0
 24658,134145,20171124,    0,    0
 24658,134145,20171125,   68,    0
 24658,134145,20171126,   35,    0
 24658,134145,20171127,    3,    0
 24658,134145,20171128,   15,    0
 24658,134145,20171129,   23,    0
 24658,134145,20171130,   20,    0
 24658,134145,20171201,    0,    0
 24658,134145,20171202,    0,    0
 24658,134145,20171203,    0,    0
 24658,134145,20171204,  133,    0
 24658,134145,20171205,    7,    0
 24658,134145,20171206,    0,    0
 24658,134145,20171207,    0,    0
 24658,134145,20171208,   35,    0
 24658,134145,20171209,    0,    0
 24658,134145,20171210,    3,    0
 24658,134145,20171211,   26,    0
 24658,134145,20171212,   20,    0
 24658,134145,20171213,    0,    0
 24658,134145,20171214,   36,    0
 24658,134145,20171215,   36,    0
 24658,134145,20171216,   41,    0
 24658,134145,20171217,   70,    0
 24658,134145,20171218,    1,    0
 24658,134145,20171219,   22,    0
 24658,134145,20171220,    1,    0
 24658,134145,20171221,   58,    0
 24658,134145,20171222,   26,    0
 24658,134145,20171223,    0,    0
 24658,134145,20171224,    0,    0
 24658,134145,20171225,    0,    0
 24658,134145,20171226,    0,    0
 24658,134145,20171227,   35,    0
 24658,134145,20171228,   28,    0
 24658,134145,20171229,   11,    0
 24658,134145,20171230,  180,    0
 24658,134145,20171231,    0,    0
 24658,134145,20180101,   41,    0
 24658,134145,20180102,   79,    0
 24658,134145,20180103,  172,    0
 24658,134145,20180104,  269,    0
 24658,134145,20180105,    1,    0
 24658,134145,20180106,    0,    0
 24658,134145,20180107,    0,    0
 24658,134145,20180108,    0,    0
 24658,134145,20180109,   34,    0
 24658,134145,20180110,    0,    0
 24658,134145,20180111,    0,    0
 24658,134145,20180112,    0,    0
 24658,134145,20180113,    0,    0
 24658,134145,20180114,    3,    0
 24658,134145,20180115,    5,    0
 24658,134145,20180116,  113,    0
 24658,134145,20180117,    6,    0
 24658,134145,20180118,   71,    0
 24658,134145,20180119,  114,    0
 24658,134145,20180120,   64,    0
 24658,134145,20180121,   77,    0
 24658,134145,20180122,  204,    0
 24658,134145,20180123,   25,    0
 24658,134145,20180124,    0,    0
 24658,134145,20180125,    0,    0
 24658,134145,20180126,    0,    0
 24658,134145,20180127,    0,    0
 24658,134145,20180128,    0,    0
 24658,134145,20180129,    7,    0
 24658,134145,20180130,    4,    0
 24658,134145,20180131,    0,    0
 24658,134145,20180201,   70,    0
 24658,134145,20180202,   15,    0
 24658,134145,20180203,   21,    0
 24658,134145,20180204,   19,    0
 24658,134145,20180205,    0,    0
 24658,134145,20180206,    0,    0
 24658,134145,20180207,   19,    0
 24658,134145,20180208,    0,    0
 24658,134145,20180209,    0,    0
 24658,134145,20180210,    0,    0
 24658,134145,20180211,   16,    0
 24658,134145,20180212,   42,    0
 24658,134145,20180213,    0,    0
 24658,134145,20180214,    0,    0
 24658,134145,20180215,   41,    0
 24658,134145,20180216,   13,    0
 24658,134145,20180217,    5,    0
 24658,134145,20180218,    0,    0
 24658,134145,20180219,    0,    0
 24658,134145,20180220,    1,    0
 24658,134145,20180221,    0,    0
 24658,134145,20180222,    3,    0
 24658,134145,20180223,    0,    0
 24658,134145,20180224,    0,    0
 24658,134145,20180225,    0,    0
 24658,134145,20180226,    0,    0
 24658,134145,20180227,    0,    0
 24658,134145,20180228,    0,    0
 24658,134145,20180301,    0,    0
 24658,134145,20180302,    2,    0
 24658,134145,20180303,    2,    0
 24658,134145,20180304,    0,    0
 24658,134145,20180305,    0,    0
 24658,134145,20180306,   25,    0
 24658,134145,20180307,   51,    0
 24658,134145,20180308,    0,    0
 24658,134145,20180309,    0,    0
 24658,134145,20180310,    2,    0
 24658,134145,20180311,    1,    0
 24658,134145,20180312,   88,    0
 24658,134145,20180313,   40,    0
 24658,134145,20180314,   16,    0
 24658,134145,20180315,   15,    0
 24658,134145,20180316,   15,    0
 24658,134145,20180317,    1,    0
 24658,134145,20180318,    4,    0
 24658,134145,20180319,   15,    0
 24658,134145,20180320,    0,    0
 24658,134145,20180321,    4,    0
 24658,134145,20180322,    1,    0
 24658,134145,20180323,    7,    0
 24658,134145,20180324,    0,    0
 24658,134145,20180325,    0,    0
 24658,134145,20180326,   43,    0
 24658,134145,20180327,   43,    0
 24658,134145,20180328,   51,    0
 24658,134145,20180329,   29,    0
 24658,134145,20180330,   10,    0
 24658,134145,20180331,  212,    0
 24658,134145,20180401,  140,    0
 24658,134145,20180402,    0,    0
 24658,134145,20180403,    0,    0
 24658,134145,20180404,    0,    0
 24658,134145,20180405,   66,    0
 24658,134145,20180406,    0,    0
 24658,134145,20180407,    0,    0
 24658,134145,20180408,    0,    0
 24658,134145,20180409,    5,    0
 24658,134145,20180410,   10,    0
 24658,134145,20180411,    1,    0
 24658,134145,20180412,    0,    0
 24658,134145,20180413,    0,    0
 24658,134145,20180414,    0,    0
 24658,134145,20180415,   18,    0
 24658,134145,20180416,   15,    0
 24658,134145,20180417,    0,    0
 24658,134145,20180418,    0,    0
 24658,134145,20180419,    0,    0
 24658,134145,20180420,    0,    0
 24658,134145,20180421,    0,    0
 24658,134145,20180422,    0,    0
 24658,134145,20180423,   56,    0
 24658,134145,20180424,    0,    0
 24658,134145,20180425,   30,    0
 24658,134145,20180426,    6,    0
 24658,134145,20180427,    0,    0
 24658,134145,20180428,    0,    0
 24658,134145,20180429,    0,    0
 24658,134145,20180430,   24,    0
 24658,134145,20180501,    0,    0
 24658,134145,20180502,   57,    0
 24658,134145,20180503,   26,    0
 24658,134145,20180504,   62,    0
 24658,134145,20180505,    2,    0
 24658,134145,20180506,    0,    0
 24658,134145,20180507,    0,    0
 24658,134145,20180508,    0,    0
 24658,134145,20180509,    0,    0
 24658,134145,20180510,   50,    0
 24658,134145,20180511,    0,    0
 24658,134145,20180512,    0,    0
 24658,134145,20180513,   12,    0
 24658,134145,20180514,  126,    0
 24658,134145,20180515,  100,    0
 24658,134145,20180516,   53,    0
 24658,134145,20180517,   24,    0
 24658,134145,20180518,   26,    0
 24658,134145,20180519,   32,    0
 24658,134145,20180520,    7,    0
 24658,134145,20180521,    0,    0
 24658,134145,20180522,   18,    0
 24658,134145,20180523,   15,    0
 24658,134145,20180524,   23,    0
 24658,134145,20180525,   38,    0
 24658,134145,20180526,    0,    0
 24658,134145,20180527,   25,    0
 24658,134145,20180528,    0,    0
 24658,134145,20180529,    0,    0
 24658,134145,20180530,    0,    0
 24658,134145,20180531,  104,    0
 24658,134145,20180601,  114,    0
 24658,134145,20180602,   70,    0
 24658,134145,20180603,    0,    0
 24658,134145,20180604,    0,    0
 24658,134145,20180605,    9,    0
 24658,134145,20180606,  125,    0
 24658,134145,20180607,  122,    0
 24658,134145,20180608,   22,    0
 24658,134145,20180609,    1,    0
 24658,134145,20180610,   10,    0
 24658,134145,20180611,  109,    0
 24658,134145,20180612,   55,    0
 24658,134145,20180613,  367,    0
 24658,134145,20180614,    0,    0
 24658,134145,20180615,    0,    0
 24658,134145,20180616,    0,    0
 24658,134145,20180617,   89,    0
 24658,134145,20180618,    1,    0
 24658,134145,20180619,    0,    0
 24658,134145,20180620,    0,    0
 24658,134145,20180621,  222,    0
 24658,134145,20180622,   76,    0
 24658,134145,20180623,   58,    0
 24658,134145,20180624,   82,    0
 24658,134145,20180625,   62,    0
 24658,134145,20180626,  142,    0
 24658,134145,20180627,  265,    0
 24658,134145,20180628,  236,    0
 24658,134145,20180629,  199,    0
 24658,134145,20180630,    0,    0
 24658,134145,20180701,    0,    0
 24658,134145,20180702,    0,    0
 24658,134145,20180703,    0,    0
 24658,134145,20180704,   61,    0
 24658,134145,20180705,  252,    0
 24658,134145,20180706,  266,    0
 24658,134145,20180707,    1,    0
 24658,134145,20180708,    1,    0
 24658,134145,20180709,    0,    0
 24658,134145,20180710,  152,    0
 24658,134145,20180711,   41,    0
 24658,134145,20180712,    0,    0
 24658,134145,20180713,    0,    0
 24658,134145,20180714,   14,    0
 24658,134145,20180715,  112,    0
 24658,134145,20180716,  128,    0
 24658,134145,20180717,   73,    0
 24658,134145,20180718,    0,    0
 24658,134145,20180719,    0,    0
 24658,134145,20180720,    0,    0
 24658,134145,20180721,   29,    0
 24658,134145,20180722,  172,    0
 24658,134145,20180723,   16,    0
 24658,134145,20180724,    0,    0
 24658,134145,20180725,  133,    0
 24658,134145,20180726,    0,    0
 24658,134145,20180727,    2,    0
 24658,134145,20180728,    0,    0
 24658,134145,20180729,    0,    0
 24658,134145,20180730,    0,    0
 24658,134145,20180731,    0,    0
 24658,134145,20180801,    0,    0
 24658,134145,20180802,  183,    0
 24658,134145,20180803,    0,    0
 24658,134145,20180804,    0,    0
 24658,134145,20180805,  175,    0
 24658,134145,20180806,    0,    0
 24658,134145,20180807,  197,    0
 24658,134145,20180808,  173,    0
 24658,134145,20180809,    0,    0
 24658,134145,20180810,   26,    0
 24658,134145,20180811,    0,    0
 24658,134145,20180812,    0,    0
 24658,134145,20180813,  123,    0
 24658,134145,20180814,   25,    0
 24658,134145,20180815,    2,    0
 24658,134145,20180816,    0,    0
 24658,134145,20180817,   18,    0
 24658,134145,20180818,    0,    0
 24658,134145,20180819,    0,    0
 24658,134145,20180820,    5,    0
 24658,134145,20180821,    0,    0
 24658,134145,20180822,   89,    0
 24658,134145,20180823,   34,    0
 24658,134145,20180824,  199,    0
 24658,134145,20180825,  248,    0
 24658,134145,20180826,   36,    0
 24658,134145,20180827,    3,    0
 24658,134145,20180828,    0,    0
 24658,134145,20180829,    0,    0
 24658,134145,20180830,  183,    0
 24658,134145,20180831,   66,    0
 24658,134145,20180901,  177,    0
 24658,134145,20180902,   12,    0
 24658,134145,20180903,   80,    0
 24658,134145,20180904,   44,    0
 24658,134145,20180905,    0,    0
 24658,134145,20180906,    0,    0
 24658,134145,20180907,   51,    0
 24658,134145,20180908,    0,    0
 24658,134145,20180909,    0,    0
 24658,134145,20180910,    0,    0
 24658,134145,20180911,    0,    0
 24658,134145,20180912,    0,    0
 24658,134145,20180913,   56,    0
 24658,134145,20180914,    5,    0
 24658,134145,20180915,    0,    0
 24658,134145,20180916,    0,    0
 24658,134145,20180917,    0,    0
 24658,134145,20180918,  103,    0
 24658,134145,20180919,    0,    0
 24658,134145,20180920,    0,    0
 24658,134145,20180921,   73,    0
 24658,134145,20180922,   42,    0
 24658,134145,20180923,  250,    0
 24658,134145,20180924,   19,    0
 24658,134145,20180925,    0,    0
 24658,134145,20180926,    0,    0
 24658,134145,20180927,    0,    0
 24658,134145,20180928,    0,    0
 24658,134145,20180929,    0,    0
 24658,134145,20180930,    0,    0
 24658,134145,20181001,   96,    0
 24658,134145,20181002,   14,    0
 24658,134145,20181003,   16,    0
 24658,134145,20181004,    0,    0
 24658,134145,20181005,    0,    0
 24658,134145,20181006,   61,    0
 24658,134145,20181007,   56,    0
 24658,134145,20181008,    0,    0
 24658,134145,20181009,    0,    0
 24658,134145,20181010,    0,    0
 24658,134145,20181011,    0,    0
 24658,134145,20181012,    0,    0
 24658,134145,20181013,    0,    0
 24658,134145,20181014,    0,    0
 24658,134145,20181015,    0,    0
 24658,134145,20181016,    0,    0
 24658,134145,20181017,    0,    0
 24658,134145,20181018,    0,    0
 24658,134145,20181019,    0,    0
 24658,134145,20181020,    3,    0
 24658,134145,20181021,   29,    0
 24658,134145,20181022,    0,    0
 24658,134145,20181023,  154,    0
 24658,134145,20181024,  778,    0
 24658,134145,20181025,    0,    0
 24658,134145,20181026,    0,    0
 24658,134145,20181027,   41,    0
 24658,134145,20181028,   30,    0
 24658,134145,20181029,   94,    0
 24658,134145,20181030,   13,    0
 24658,134145,20181031,    0,    0
 24658,134145,20181101,    0,    0
 24658,134145,20181102,   26,    0
 24658,134145,20181103,    0,    0
 24658,134145,20181104,    0,    0
 24658,134145,20181105,    0,    0
 24658,134145,20181106,    0,    0
 24658,134145,20181107,    0,    0
 24658,134145,20181108,    0,    0
 24658,134145,20181109,    0,    0
 24658,134145,20181110,    0,    0
 24658,134145,20181111,    0,    0
 24658,134145,20181112,    0,    0
 24658,134145,20181113,    5,    0
 24658,134145,20181114,    0,    0
 24658,134145,20181115,    0,    0
 24658,134145,20181116,    0,    0
 24658,134145,20181117,    0,    0
 24658,134145,20181118,    5,    0
 24658,134145,20181119,    5,    0
 24658,134145,20181120,    3,    0
 24658,134145,20181121,    0,    0
 24658,134145,20181122,    0,    0
 24658,134145,20181123,    1,    0
 24658,134145,20181124,   13,    0
 24658,134145,20181125,   40,    0
 24658,134145,20181126,   53,    0
 24658,134145,20181127,   14,    0
 24658,134145,20181128,    0,    0
 24658,134145,20181129,    0,    0
 24658,134145,20181130,    8,    0
 24658,134145,20181201,    2,    0
 24658,134145,20181202,   77,    0
 24658,134145,20181203,   44,    0
 24658,134145,20181204,   89,    0
 24658,134145,20181205,    6,    0
 24658,134145,20181206,   24,    0
 24658,134145,20181207,  107,    0
 24658,134145,20181208,   27,    0
 24658,134145,20181209,  413,    0
 24658,134145,20181210,  167,    0
 24658,134145,20181211,   51,    0
 24658,134145,20181212,   10,    0
 24658,134145,20181213,    0,    0
 24658,134145,20181214,    0,    0
 24658,134145,20181215,    0,    0
 24658,134145,20181216,    0,    0
 24658,134145,20181217,    4,    0
 24658,134145,20181218,    0,    0
 24658,134145,20181219,    2,    0
 24658,134145,20181220,   20,    0
 24658,134145,20181221,   70,    0
 24658,134145,20181222,  258,    0
 24658,134145,20181223,  372,    0
 24658,134145,20181224,  104,    0
 24658,134145,20181225,    1,    0
 24658,134145,20181226,    0,    0
 24658,134145,20181227,    0,    0
 24658,134145,20181228,    0,    0
 24658,134145,20181229,   46,    0
 24658,134145,20181230,  109,    0
 24658,134145,20181231,    0,    0
 24658,134145,20190101,    0,    0
 24658,134145,20190102,    0,    0
 24658,134145,20190103,    0,    0
 24658,134145,20190104,    0,    0
 24658,134145,20190105,    0,    0
 24658,134145,20190106,    0,    0
 24658,134145,20190107,    0,    0
 24658,134145,20190108,    0,    0
 24658,134145,20190109,    0,    0
 24658,134145,20190110,    0,    0
 24658,134145,20190111,    0,    0
 24658,134145,20190112,    0,    0
 24658,134145,20190113,    0,    0
 24658,134145,20190114,    0,    0
 24658,134145,20190115,    0,    0
 24658,134145,20190116,    0,    0
 24658,134145,20190117,   33,    0
 24658,134145,20190118,    5,    0
 24658,134145,20190119,    0,    0
 24658,134145,20190120,    0,    0
 24658,134145,20190121,    0,    0
 24658,134145,20190122,    8,    0
 24658,134145,20190123,    3,    0
 24658,134145,20190124,    3,    0
 24658,134145,20190125,    2,    0
 24658,134145,20190126,   58,    0
 24658,134145,20190127,   52,    0
 24658,134145,20190128,    7,    0
 24658,134145,20190129,    3,    0
 24658,134145,20190130,    5,    0
 24658,134145,20190131,    0,    0
 24658,134145,20190201,    0,    0
 24658,134145,20190202,  185,    0
 24658,134145,20190203,   10,    0
 24658,134145,20190204,    4,    0
 24658,134145,20190205,    0,    0
 24658,134145,20190206,    0,    0
 24658,134145,20190207,   10,    0
 24658,134145,20190208,    5,    0
 24658,134145,20190209,    0,    0
 24658,134145,20190210,   70,    0
 24658,134145,20190211,   64,    0
 24658,134145,20190212,   19,    0
 24658,134145,20190213,    0,    0
 24658,134145,20190214,    0,    0
 24658,134145,20190215,    0,    0
 24658,134145,20190216,    0,    0
 24658,134145,20190217,    0,    0
 24658,134145,20190218,    0,    0
 24658,134145,20190219,    0,    0
 24658,134145,20190220,    0,    0
 24658,134145,20190221,   87,    0
 24658,134145,20190222,  224,    0
 24658,134145,20190223,    0,    0
 24658,134145,20190224,    2,    0
 24658,134145,20190225,    1,    0
 24658,134145,20190226,    0,    0
 24658,134145,20190227,    0,    0
 24658,134145,20190228,   20,    0
 24658,134145,20190301,  132,    0
 24658,134145,20190302,   14,    0
 24658,134145,20190303,    0,    0
 24658,134145,20190304,   63,    0
 24658,134145,20190305,   30,    0
 24658,134145,20190306,    0,    0
 24658,134145,20190307,   62,    0
 24658,134145,20190308,   40,    0
 24658,134145,20190309,   16,    0
 24658,134145,20190310,  132,    0
 24658,134145,20190311,   96,    0
 24658,134145,20190312,   21,    0
 24658,134145,20190313,   44,    0
 24658,134145,20190314,  221,    0
 24658,134145,20190315,  350,    0
 24658,134145,20190316,   19,    0
 24658,134145,20190317,   33,    0
 24658,134145,20190318,   18,    0
 24658,134145,20190319,   11,    0
 24658,134145,20190320,    0,    0
 24658,134145,20190321,    0,    0
 24658,134145,20190322,    0,    0
 24658,134145,20190323,    0,    0
 24658,134145,20190324,    2,    0
 24658,134145,20190325,  110,    0
 24658,134145,20190326,   11,    0
 24658,134145,20190327,    8,    0
 24658,134145,20190328,    0,    0
 24658,134145,20190329,    0,    0
 24658,134145,20190330,    0,    0
 24658,134145,20190331,    0,    0
 24658,134145,20190401,    0,    0
 24658,134145,20190402,    0,    0
 24658,134145,20190403,    0,    0
 24658,134145,20190404,   11,    0
 24658,134145,20190405,   14,    0
 24658,134145,20190406,    0,    0
 24658,134145,20190407,    0,    0
 24658,134145,20190408,    0,    0
 24658,134145,20190409,   15,    0
 24658,134145,20190410,   15,    0
 24658,134145,20190411,   23,    0
 24658,134145,20190412,    0,    0
 24658,134145,20190413,   25,    0
 24658,134145,20190414,   41,    0
 24658,134145,20190415,    0,    0
 24658,134145,20190416,    0,    0
 24658,134145,20190417,    0,    0
 24658,134145,20190418,    0,    0
 24658,134145,20190419,    0,    0
 24658,134145,20190420,    0,    0
 24658,134145,20190421,    0,    0
 24658,134145,20190422,    0,    0
 24658,134145,20190423,    0,    0
 24658,134145,20190424,    0,    0
 24658,134145,20190425,    0,    0
 24658,134145,20190426,   19,    0
 24658,134145,20190427,   46,    0
 24658,134145,20190428,   29,    0
 24658,134145,20190429,   70,    0
 24658,134145,20190430,  266,    0
 24658,134145,20190501,    0,    0
 24658,134145,20190502,  107,    0
 24658,134145,20190503,   19,    0
 24658,134145,20190504,  138,    0
 24658,134145,20190505,   94,    0
 24658,134145,20190506,   20,    0
 24658,134145,20190507,    0,    0
 24658,134145,20190508,   61,    0
 24658,134145,20190509,   63,    0
 24658,134145,20190510,    7,    0
 24658,134145,20190511,  206,    0
 24658,134145,20190512,  169,    0
 24658,134145,20190513,   57,    0
 24658,134145,20190514,   84,    0
 24658,134145,20190515,    0,    0
 24658,134145,20190516,    0,    0
 24658,134145,20190517,    0,    0
 24658,134145,20190518,    1,    0
 24658,134145,20190519,   27,    0
 24658,134145,20190520,  240,    0
 24658,134145,20190521,   71,    0
 24658,134145,20190522,   80,    0
 24658,134145,20190523,    0,    0
 24658,134145,20190524,    0,    0
 24658,134145,20190525,   73,    0
 24658,134145,20190526,   12,    0
 24658,134145,20190527,   50,    0
 24658,134145,20190528,  219,    0
 24658,134145,20190529,  247,    0
 24658,134145,20190530,    0,    0
 24658,134145,20190531,   10,    0
 24658,134145,20190601,    0,    0
 24658,134145,20190602,    0,    0
 24658,134145,20190603,    0,    0
 24658,134145,20190604,    0,    0
 24658,134145,20190605,    0,    0
 24658,134145,20190606,  350,    0
 24658,134145,20190607,    0,    0
 24658,134145,20190608,    0,    0
 24658,134145,20190609,    0,    0
 24658,134145,20190610,    0,    0
 24658,134145,20190611,   10,    0
 24658,134145,20190612,    0,    0
 24658,134145,20190613,    0,    0
 24658,134145,20190614,    0,    0
 24658,134145,20190615,    0,    0
 24658,134145,20190616,    1,    0
 24658,134145,20190617,    1,    0
 24658,134145,20190618,    0,    0
 24658,134145,20190619,  359,    0
 24658,134145,20190620,   50,    0
 24658,134145,20190621,   50,    0
 24658,134145,20190622,   47,    0
 24658,134145,20190623,    6,    0
 24658,134145,20190624,    0,    0
 24658,134145,20190625,    0,    0
 24658,134145,20190626,    0,    0
 24658,134145,20190627,    0,    0
 24658,134145,20190628,    0,    0
 24658,134145,20190629,    0,    0
 24658,134145,20190630,    0,    0
 24658,134145,20190701,   62,    0
 24658,134145,20190702,   33,    0
 24658,134145,20190703,    0,    0
 24658,134145,20190704,    0,    0
 24658,134145,20190705,    0,    0
 24658,134145,20190706,   62,    0
 24658,134145,20190707,  166,    0
 24658,134145,20190708,  243,    0
 24658,134145,20190709,    0,    0
 24658,134145,20190710,    0,    0
 24658,134145,20190711,   76,    0
 24658,134145,20190712,  152,    0
 24658,134145,20190713,  262,    0
 24658,134145,20190714,   53,    0
 24658,134145,20190715,    2,    0
 24658,134145,20190716,    0,    0
 24658,134145,20190717,   17,    0
 24658,134145,20190718,   52,    0
 24658,134145,20190719,    0,    0
 24658,134145,20190720,  204,    0
 24658,134145,20190721,   64,    0
 24658,134145,20190722,    0,    0
 24658,134145,20190723,    0,    0
 24658,134145,20190724,    0,    0
 24658,134145,20190725,    0,    0
 24658,134145,20190726,    0,    0
 24658,134145,20190727,  150,    0
 24658,134145,20190728,  564,    0
 24658,134145,20190729,   44,    0
 24658,134145,20190730,    0,    0
 24658,134145,20190731,   21,    0
 24658,134145,20190801,  108,    0
 24658,134145,20190802,  381,    0
 24658,134145,20190803,  339,    0
 24658,134145,20190804,    0,    0
 24658,134145,20190805,   84,    0
 24658,134145,20190806,   15,    0
 24658,134145,20190807,  131,    0
 24658,134145,20190808,    1,    0
 24658,134145,20190809,    0,    0
 24658,134145,20190810,   19,    0
 24658,134145,20190811,    0,    0
 24658,134145,20190812,   53,    0
 24658,134145,20190813,  124,    0
 24658,134145,20190814,    3,    0
 24658,134145,20190815,   74,    0
 24658,134145,20190816,    7,    0
 24658,134145,20190817,    0,    0
 24658,134145,20190818,    0,    0
 24658,134145,20190819,   30,    0
 24658,134145,20190820,    7,    0
 24658,134145,20190821,   62,    0
 24658,134145,20190822,    0,    0
 24658,134145,20190823,    0,    0
 24658,134145,20190824,    0,    0
 24658,134145,20190825,    0,    0
 24658,134145,20190826,    0,    0
 24658,134145,20190827,    3,    0
 24658,134145,20190828,    0,    0
 24658,134145,20190829,  287,    0
 24658,134145,20190830,  134,    0
 24658,134145,20190831,    0,    0
 24658,134145,20190901,  299,    0
 24658,134145,20190902,  242,    0
 24658,134145,20190903,    0,    0
 24658,134145,20190904,    0,    0
 24658,134145,20190905,  139,    0
 24658,134145,20190906,   58,    0
 24658,134145,20190907,   35,    0
 24658,134145,20190908,  352,    0
 24658,134145,20190909,   50,    0
 24658,134145,20190910,    0,    0
 24658,134145,20190911,    2,    0
 24658,134145,20190912,   10,    0
 24658,134145,20190913,    0,    0
 24658,134145,20190914,    0,    0
 24658,134145,20190915,    0,    0
 24658,134145,20190916,    5,    0
 24658,134145,20190917,    3,    0
 24658,134145,20190918,    0,    0
 24658,134145,20190919,    0,    0
 24658,134145,20190920,    0,    0
 24658,134145,20190921,    0,    0
 24658,134145,20190922,    0,    0
 24658,134145,20190923,   39,    0
 24658,134145,20190924,   11,    0
 24658,134145,20190925,  117,    0
 24658,134145,20190926,  105,    0
 24658,134145,20190927,  124,    0
 24658,134145,20190928,   30,    0
 24658,134145,20190929,    0,    0
 24658,134145,20190930,    0,    0
 24658,134145,20191001,   58,    0
 24658,134145,20191002,  209,    0
 24658,134145,20191003,    2,    0
 24658,134145,20191004,   85,    0
 24658,134145,20191005,  160,    0
 24658,134145,20191006,   53,    0
 24658,134145,20191007,   64,    0
 24658,134145,20191008,    0,    0
 24658,134145,20191009,  201,    0
 24658,134145,20191010,   27,    0
 24658,134145,20191011,    0,    0
 24658,134145,20191012,    0,    0
 24658,134145,20191013,    0,    0
 24658,134145,20191014,    0,    0
 24658,134145,20191015,  168,    0
 24658,134145,20191016,    3,    0
 24658,134145,20191017,    0,    0
 24658,134145,20191018,    0,    0
 24658,134145,20191019,    0,    0
 24658,134145,20191020,    0,    0
 24658,134145,20191021,    0,    0
 24658,134145,20191022,    0,    0
 24658,134145,20191023,    0,    0
 24658,134145,20191024,    0,    0
 24658,134145,20191025,    0,    0
 24658,134145,20191026,    0,    0
 24658,134145,20191027,   15,    0
 24658,134145,20191028,   96,    0
 24658,134145,20191029,   61,    0
 24658,134145,20191030,  102,    0
 24658,134145,20191031,    0,    0
 24658,134145,20191101,    0,    0
 24658,134145,20191102,    0,    0
 24658,134145,20191103,  115,    0
 24658,134145,20191104,    9,    0
 24658,134145,20191105,  224,    0
 24658,134145,20191106,   72,    0
 24658,134145,20191107,    0,    0
 24658,134145,20191108,   60,    0
 24658,134145,20191109,   46,    0
 24658,134145,20191110,    0,    0
 24658,134145,20191111,    1,    0
 24658,134145,20191112,  334,    0
 24658,134145,20191113,  126,    0
 24658,134145,20191114,    0,    0
 24658,134145,20191115,  154,    0
 24658,134145,20191116,   65,    0
 24658,134145,20191117,  101,    0
 24658,134145,20191118,    0,    0
 24658,134145,20191119,    0,    0
 24658,134145,20191120,   74,    0
 24658,134145,20191121,    0,    0
 24658,134145,20191122,    0,    0
 24658,134145,20191123,    0,    0
 24658,134145,20191124,    0,    0
 24658,134145,20191125,    0,    0
 24658,134145,20191126,    0,    0
 24658,134145,20191127,    0,    0
 24658,134145,20191128,   49,    0
 24658,134145,20191129,   89,    0
 24658,134145,20191130,    0,    0
 24658,134145,20191201,  108,    0
 24658,134145,20191202,    5,    0
 24658,134145,20191203,    0,    0
 24658,134145,20191204,    0,    0
 24658,134145,20191205,    0,    0
 24658,134145,20191206,    2,    0
 24658,134145,20191207,   12,    0
 24658,134145,20191208,    0,    0
 24658,134145,20191209,  101,    0
 24658,134145,20191210,   39,    0
 24658,134145,20191211,    0,    0
 24658,134145,20191212,    2,    0
 24658,134145,20191213,   25,    0
 24658,134145,20191214,   47,    0
 24658,134145,20191215,    0,    0
 24658,134145,20191216,    0,    0
 24658,134145,20191217,    0,    0
 24658,134145,20191218,    0,    0
 24658,134145,20191219,    0,    0
 24658,134145,20191220,    4,    0
 24658,134145,20191221,  139,    0
 24658,134145,20191222,  222,    0
 24658,134145,20191223,  213,    0
 24658,134145,20191224,  211,    0
 24658,134145,20191225,  285,    0
 24658,134145,20191226,   25,    0
 24658,134145,20191227,   46,    0
 24658,134145,20191228,    1,    0
 24658,134145,20191229,    0,    0
 24658,134145,20191230,    0,    0
 24658,134145,20191231,    0,    0
 24658,134145,20200101,    0,    0
 24658,134145,20200102,    0,    0
 24658,134145,20200103,   32,    0
 24658,134145,20200104,  112,    0
 24658,134145,20200105,    6,    0
 24658,134145,20200106,    0,    0
 24658,134145,20200107,    0,    0
 24658,134145,20200108,    0,    0
 24658,134145,20200109,    0,    0
 24658,134145,20200110,   10,    0
 24658,134145,20200111,    7,    0
 24658,134145,20200112,    0,    0
 24658,134145,20200113,    0,    0
 24658,134145,20200114,    0,    0
 24658,134145,20200115,    0,    0
 24658,134145,20200116,    0,    0
 24658,134145,20200117,    8,    0
 24658,134145,20200118,   61,    0
 24658,134145,20200119,   73,    0
 24658,134145,20200120,    0,    0
 24658,134145,20200121,    0,    0
 24658,134145,20200122,    0,    0
 24658,134145,20200123,    0,    0
 24658,134145,20200124,    0,    0
 24658,134145,20200125,    0,    0
 24658,134145,20200126,   22,    0
 24658,134145,20200127,    6,    0
 24658,134145,20200128,   90,    0
 24658,134145,20200129,  148,    0
 24658,134145,20200130,   63,    0
 24658,134145,20200131,   33,    0
 24658,134145,20200201,  101,    0
 24658,134145,20200202,  429,    0
 24658,134145,20200203,  178,    0
 24658,134145,20200204,  286,    0
 24658,134145,20200205,  182,    0
 24658,134145,20200206,    0,    0
 24658,134145,20200207,    0,    0
 24658,134145,20200208,    0,    0
 24658,134145,20200209,    0,    0
 24658,134145,20200210,  137,    0
 24658,134145,20200211,  111,    0
 24658,134145,20200212,   61,    0
 24658,134145,20200213,   25,    0
 24658,134145,20200214,   89,    0
 24658,134145,20200215,    0,    0
 24658,134145,20200216,    0,    0
 24658,134145,20200217,   59,    0
 24658,134145,20200218,    0,    0
 24658,134145,20200219,   74,    0
 24658,134145,20200220,   28,    0
 24658,134145,20200221,    3,    0
 24658,134145,20200222,    0,    0
 24658,134145,20200223,  186,    0
 24658,134145,20200224,   19,    0
 24658,134145,20200225,   32,    0
 24658,134145,20200226,   75,    0
 24658,134145,20200227,  118,    0
 24658,134145,20200228,   34,    0
 24658,134145,20200229,    0,    0
 24658,134145,20200301,   67,    0
 24658,134145,20200302,   54,    0
 24658,134145,20200303,   13,    0
 24658,134145,20200304,    7,    0
 24658,134145,20200305,  136,    0
 24658,134145,20200306,   96,    0
 24658,134145,20200307,   30,    0
 24658,134145,20200308,    0,    0
 24658,134145,20200309,   54,    0
 24658,134145,20200310,  232,    0
 24658,134145,20200311,   45,    0
 24658,134145,20200312,    9,    0
 24658,134145,20200313,    7,    0
 24658,134145,20200314,   20,    0
 24658,134145,20200315,    0,    0
 24658,134145,20200316,    0,    0
 24658,134145,20200317,   34,    0
 24658,134145,20200318,    0,    0
 24658,134145,20200319,    0,    0
 24658,134145,20200320,  151,    0
 24658,134145,20200321,   41,    0
 24658,134145,20200322,    0,    0
 24658,134145,20200323,    0,    0
 24658,134145,20200324,    0,    0
 24658,134145,20200325,    0,    0
 24658,134145,20200326,    1,    0
 24658,134145,20200327,    1,    0
 24658,134145,20200328,    0,    0
 24658,134145,20200329,   25,    0
 24658,134145,20200330,   13,    0
 24658,134145,20200331,   21,    0
 24658,134145,20200401,    0,    0
 24658,134145,20200402,    0,    0
 24658,134145,20200403,    0,    0
 24658,134145,20200404,    0,    0
 24658,134145,20200405,    0,    0
 24658,134145,20200406,    0,    0
 24658,134145,20200407,    0,    0
 24658,134145,20200408,    0,    0
 24658,134145,20200409,    0,    0
 24658,134145,20200410,    0,    0
 24658,134145,20200411,    0,    0
 24658,134145,20200412,    0,    0
 24658,134145,20200413,   64,    0
 24658,134145,20200414,    2,    0
 24658,134145,20200415,    0,    0
 24658,134145,20200416,    0,    0
 24658,134145,20200417,    0,    0
 24658,134145,20200418,   57,    0
 24658,134145,20200419,   42,    0
 24658,134145,20200420,    0,    0
 24658,134145,20200421,    0,    0
 24658,134145,20200422,    0,    0
 24658,134145,20200423,    0,    0
 24658,134145,20200424,    0,    0
 24658,134145,20200425,    0,    0
 24658,134145,20200426,    0,    0
 24658,134145,20200427,    0,    0
 24658,134145,20200428,   10,    0
 24658,134145,20200429,   77,    0
 24658,134145,20200430,   72,    0
 24658,134145,20200501,   95,    0
 24658,134145,20200502,  129,    0
 24658,134145,20200503,    9,    0
 24658,134145,20200504,  108,    0
 24658,134145,20200505,   86,    0
 24658,134145,20200506,    0,    0
 24658,134145,20200507,    0,    0
 24658,134145,20200508,    1,    0
 24658,134145,20200509,   28,    0
 24658,134145,20200510,   23,    0
 24658,134145,20200511,   41,    0
 24658,134145,20200512,    0,    0
 24658,134145,20200513,    0,    0
 24658,134145,20200514,   64,    0
 24658,134145,20200515,   41,    0
 24658,134145,20200516,    0,    0
 24658,134145,20200517,    0,    0
 24658,134145,20200518,    0,    0
 24658,134145,20200519,   96,    0
 24658,134145,20200520,   13,    0
 24658,134145,20200521,    0,    0
 24658,134145,20200522,   56,    0
 24658,134145,20200523,  209,    0
 24658,134145,20200524,  140,    0
 24658,134145,20200525,  475,    0
 24658,134145,20200526,   88,    0
 24658,134145,20200527,    0,    0
 24658,134145,20200528,  161,    0
 24658,134145,20200529,    6,    0
 24658,134145,20200530,   10,    0
 24658,134145,20200531,   12,    0
 24658,134145,20200601,    0,    0
 24658,134145,20200602,    5,    0
 24658,134145,20200603,   35,    0
 24658,134145,20200604,   97,    0
 24658,134145,20200605,    7,    0
 24658,134145,20200606,    0,    0
 24658,134145,20200607,    2,    0
 24658,134145,20200608,   32,    0
 24658,134145,20200609,   71,    0
 24658,134145,20200610,   95,    0
 24658,134145,20200611,    0,    0
 24658,134145,20200612,    0,    0
 24658,134145,20200613,    0,    0
 24658,134145,20200614,  122,    0
 24658,134145,20200615,  257,    0
 24658,134145,20200616,   16,    0
 24658,134145,20200617,   15,    0
 24658,134145,20200618,    0,    0
 24658,134145,20200619,  143,    0
 24658,134145,20200620,  184,    0
 24658,134145,20200621,   64,    0
 24658,134145,20200622,    6,    0
 24658,134145,20200623,    0,    0
 24658,134145,20200624,   13,    0
 24658,134145,20200625,  123,    0
 24658,134145,20200626,   31,    0
 24658,134145,20200627,  202,    0
 24658,134145,20200628,   70,    0
 24658,134145,20200629,  181,    0
 24658,134145,20200630,    0,    0
 24658,134145,20200701,  149,    0
 24658,134145,20200702,  336,    0
 24658,134145,20200703,    4,    0
 24658,134145,20200704,    0,    0
 24658,134145,20200705,    0,    0
 24658,134145,20200706,  189,    0
 24658,134145,20200707,    0,    0
 24658,134145,20200708,    0,    0
 24658,134145,20200709,    0,    0
 24658,134145,20200710,   43,    0
 24658,134145,20200711,  273,    0
 24658,134145,20200712,    0,    0
 24658,134145,20200713,    0,    0
 24658,134145,20200714,    0,    0
 24658,134145,20200715,  105,    0
 24658,134145,20200716,  394,    0
 24658,134145,20200717,  228,    0
 24658,134145,20200718,  250,    0
 24658,134145,20200719,   22,    0
 24658,134145,20200720,    0,    0
 24658,134145,20200721,  125,    0
 24658,134145,20200722,  127,    0
 24658,134145,20200723,   45,    0
 24658,134145,20200724,  232,    0
 24658,134145,20200725,    0,    0
 24658,134145,20200726,   64,    0
 24658,134145,20200727,    0,    0
 24658,134145,20200728,   76,    0
 24658,134145,20200729,    0,    0
 24658,134145,20200730,    0,    0
 24658,134145,20200731,    0,    0
 24658,134145,20200801,    0,    0
 24658,134145,20200802,  408,    0
 24658,134145,20200803,  352,    0
 24658,134145,20200804,    8,    0
 24658,134145,20200805,    4,    0
 24658,134145,20200806,    0,    0
 24658,134145,20200807,    0,    0
 24658,134145,20200808,    0,    0
 24658,134145,20200809,    0,    0
 24658,134145,20200810,   17,    0
 24658,134145,20200811,   58,    0
 24658,134145,20200812,   10,    0
 24658,134145,20200813,  160,    0
 24658,134145,20200814,  207,    0
 24658,134145,20200815,   25,    0
 24658,134145,20200816,   33,    0
 24658,134145,20200817,  187,    0
 24658,134145,20200818,  145,    0
 24658,134145,20200819,    0,    0
 24658,134145,20200820,    0,    0
 24658,134145,20200821,    0,    0
 24658,134145,20200822,  330,    0
 24658,134145,20200823,   51,    0
 24658,134145,20200824,    4,    0
 24658,134145,20200825,    0,    0
 24658,134145,20200826,    0,    0
 24658,134145,20200827,    0,    0
 24658,134145,20200828,  132,    0
 24658,134145,20200829,  214,    0
 24658,134145,20200830,   96,    0
 24658,134145,20200831,  292,    0
 24658,134145,20200901,  162,    0
 24658,134145,20200902,   63,    0
 24658,134145,20200903,    0,    0
 24658,134145,20200904,    0,    0
 24658,134145,20200905,  109,    0
 24658,134145,20200906,  225,    0
 24658,134145,20200907,    4,    0
 24658,134145,20200908,    0,    0
 24658,134145,20200909,    0,    0
 24658,134145,20200910,    0,    0
 24658,134145,20200911,    0,    0
 24658,134145,20200912,    3,    0
 24658,134145,20200913,    0,    0
 24658,134145,20200914,    0,    0
 24658,134145,20200915,    0,    0
 24658,134145,20200916,   77,    0
 24658,134145,20200917,   60,    0
 24658,134145,20200918,    0,    0
 24658,134145,20200919,    0,    0
 24658,134145,20200920,    0,    0
 24658,134145,20200921,    0,    0
 24658,134145,20200922,    0,    0
 24658,134145,20200923,   33,    0
 24658,134145,20200924,  144,    0
 24658,134145,20200925,  503,    0
 24658,134145,20200926,   43,    0
 24658,134145,20200927,  120,    0
 24658,134145,20200928,   11,    0
 24658,134145,20200929,   42,    0
 24658,134145,20200930,    0,    0
 24658,134145,20201001,    0,    0
 24658,134145,20201002,    0,    0
 24658,134145,20201003,   65,    0
 24658,134145,20201004,    6,    0
 24658,134145,20201005,   26,    0
 24658,134145,20201006,   61,    0
 24658,134145,20201007,  131,    0
 24658,134145,20201008,    1,    0
 24658,134145,20201009,    0,    0
 24658,134145,20201010,   98,    0
 24658,134145,20201011,   96,    0
 24658,134145,20201012,   53,    0
 24658,134145,20201013,   23,    0
 24658,134145,20201014,    2,    0
 24658,134145,20201015,   92,    0
 24658,134145,20201016,   88,    0
 24658,134145,20201017,   14,    0
 24658,134145,20201018,    1,    0
 24658,134145,20201019,    0,    0
 24658,134145,20201020,    0,    0
 24658,134145,20201021,    0,    0
 24658,134145,20201022,    0,    0
 24658,134145,20201023,   28,    0
 24658,134145,20201024,   21,    0
 24658,134145,20201025,    0,    0
 24658,134145,20201026,   66,    0
 24658,134145,20201027,   82,    0
 24658,134145,20201028,    0,    0
 24658,134145,20201029,  196,    0
 24658,134145,20201030,   60,    0
 24658,134145,20201031,    0,    0
 24658,134145,20201101,   21,    0
 24658,134145,20201102,   47,    0
 24658,134145,20201103,   13,    0
 24658,134145,20201104,   18,    0
 24658,134145,20201105,    0,    0
 24658,134145,20201106,    0,    0
 24658,134145,20201107,    0,    0
 24658,134145,20201108,    0,    0
 24658,134145,20201109,    0,    0
 24658,134145,20201110,    0,    0
 24658,134145,20201111,    0,    0
 24658,134145,20201112,    0,    0
 24658,134145,20201113,    0,    0
 24658,134145,20201114,    0,    0
 24658,134145,20201115,    0,    0
 24658,134145,20201116,   27,    0
 24658,134145,20201117,    0,    0
 24658,134145,20201118,    0,    0
 24658,134145,20201119,   67,    0
 24658,134145,20201120,   46,    0
 24658,134145,20201121,    0,    0
 24658,134145,20201122,    0,    0
 24658,134145,20201123,    0,    0
 24658,134145,20201124,    0,    0
 24658,134145,20201125,    0,    0
 24658,134145,20201126,    0,    0
 24658,134145,20201127,    0,    0
 24658,134145,20201128,    0,    0
 24658,134145,20201129,    0,    0
 24658,134145,20201130,    0,    0
 24658,134145,20201201,    0,    0
 24658,134145,20201202,   57,    0
 24658,134145,20201203,    0,    0
 24658,134145,20201204,    0,    0
 24658,134145,20201205,    1,    0
 24658,134145,20201206,   45,    0
 24658,134145,20201207,    0,    0
 24658,134145,20201208,    9,    0
 24658,134145,20201209,   36,    0
 24658,134145,20201210,   10,    0
 24658,134145,20201211,    0,    0
 24658,134145,20201212,   52,    0
 24658,134145,20201213,   46,    0
 24658,134145,20201214,    0,    0
 24658,134145,20201215,    0,    0
 24658,134145,20201216,    0,    0
 24658,134145,20201217,    0,    0
 24658,134145,20201218,    0,    0
 24658,134145,20201219,    0,    0
 24658,134145,20201220,    0,    0
 24658,134145,20201221,   45,    0
 24658,134145,20201222,   29,    0
 24658,134145,20201223,    0,    0
 24658,134145,20201224,   69,    0
 24658,134145,20201225,   47,    0
 24658,134145,20201226,    0,    0
 24658,134145,20201227,    0,    0
 24658,134145,20201228,   18,    0
 24658,134145,20201229,    4,    0
 24658,134145,20201230,   24,    0
 24658,134145,20201231,    0,    0
 24658,134145,20210101,    0,    0
 24658,134145,20210102,    3,    0
 24658,134145,20210103,    0,    0
 24658,134145,20210104,    0,    0
 24658,134145,20210105,   22,    0
 24658,134145,20210106,    0,    0
 24658,134145,20210107,    0,    0
 24658,134145,20210108,    0,    0
 24658,134145,20210109,    0,    0
 24658,134145,20210110,    0,    0
 24658,134145,20210111,    0,    0
 24658,134145,20210112,   75,    0
 24658,134145,20210113,   86,    0
 24658,134145,20210114,   19,    0
 24658,134145,20210115,    2,    0
 24658,134145,20210116,    4,    0
 24658,134145,20210117,    0,    0
 24658,134145,20210118,    0,    0
 24658,134145,20210119,    0,    0
 24658,134145,20210120,    0,    0
 24658,134145,20210121,    0,    0
 24658,134145,20210122,    0,    0
 24658,134145,20210123,    0,    0
 24658,134145,20210124,    0,    0
 24658,134145,20210125,    0,    0
 24658,134145,20210126,    0,    0
 24658,134145,20210127,    0,    0
 24658,134145,20210128,    0,    0
 24658,134145,20210129,    0,    0
 24658,134145,20210130,    0,    0
 24658,134145,20210131,    0,    0
 24658,134145,20210201,    4,    0
 24658,134145,20210202,   39,    0
 24658,134145,20210203,    5,    0
 24658,134145,20210204,    2,    0
 24658,134145,20210205,    0,    0
 24658,134145,20210206,    0,    0
 24658,134145,20210207,   34,    0
 24658,134145,20210208,   14,    0
 24658,134145,20210209,    0,    0
 24658,134145,20210210,    7,    0
 24658,134145,20210211,    0,    0
 24658,134145,20210212,    0,    0
 24658,134145,20210213,    0,    0
 24658,134145,20210214,    0,    0
 24658,134145,20210215,   64,    0
 24658,134145,20210216,   53,    0
 24658,134145,20210217,   47,    0
 24658,134145,20210218,    0,    0
 24658,134145,20210219,    0,    0
 24658,134145,20210220,    0,    0
 24658,134145,20210221,    0,    0
 24658,134145,20210222,    0,    0
 24658,134145,20210223,    0,    0
 24658,134145,20210224,    0,    0
 24658,134145,20210225,    0,    0
 24658,134145,20210226,   20,    0
 24658,134145,20210227,    0,    0
 24658,134145,20210228,    0,    0
 24658,134145,20210301,    0,    0
 24658,134145,20210302,    0,    0
 24658,134145,20210303,    0,    0
 24658,134145,20210304,   52,    0
 24658,134145,20210305,   39,    0
 24658,134145,20210306,    0,    0
 24658,134145,20210307,   16,    0
 24658,134145,20210308,    1,    0
 24658,134145,20210309,    5,    0
 24658,134145,20210310,   51,    0
 24658,134145,20210311,   96,    0
 24658,134145,20210312,   13,    0
 24658,134145,20210313,   37,    0
 24658,134145,20210314,  126,    0
 24658,134145,20210315,  141,    0
 24658,134145,20210316,  109,    0
 24658,134145,20210317,  104,    0
 24658,134145,20210318,   70,    0
 24658,134145,20210319,   26,    0
 24658,134145,20210320,   42,    0
 24658,134145,20210321,  117,    0
 24658,134145,20210322,  132,    0
 24658,134145,20210323,    1,    0
 24658,134145,20210324,    0,    0
 24658,134145,20210325,    0,    0
 24658,134145,20210326,    0,    0
 24658,134145,20210327,    3,    0
 24658,134145,20210328,    0,    0
 24658,134145,20210329,    0,    0
 24658,134145,20210330,    0,    0
 24658,134145,20210331,    0,    0
 24658,134145,20210401,   30,    0
 24658,134145,20210402,   10,    0
 24658,134145,20210403,   51,    0
 24658,134145,20210404,    0,    0
 24658,134145,20210405,   25,    0
 24658,134145,20210406,    0,    0
 24658,134145,20210407,    0,    0
 24658,134145,20210408,    0,    0
 24658,134145,20210409,    0,    0
 24658,134145,20210410,    0,    0
 24658,134145,20210411,    0,    0
 24658,134145,20210412,    0,    0
 24658,134145,20210413,    0,    0
 24658,134145,20210414,    0,    0
 24658,134145,20210415,    0,    0
 24658,134145,20210416,    0,    0
 24658,134145,20210417,    0,    0
 24658,134145,20210418,    0,    0
 24658,134145,20210419,    0,    0
 24658,134145,20210420,    0,    0
 24658,134145,20210421,    0,    0
 24658,134145,20210422,    0,    0
 24658,134145,20210423,    0,    0
 24658,134145,20210424,    0,    0
 24658,134145,20210425,    0,    0
 24658,134145,20210426,    0,    0
 24658,134145,20210427,    0,    0
 24658,134145,20210428,    0,    0
 24658,134145,20210429,    0,    0
 24658,134145,20210430,    0,    0
 24658,134145,20210501,    0,    0
 24658,134145,20210502,    0,    0
 24658,134145,20210503,    0,    0
 24658,134145,20210504,    0,    0
 24658,134145,20210505,    0,    0
 24658,134145,20210506,    0,    0
 24658,134145,20210507,    0,    0
 24658,134145,20210508,    0,    0
 24658,134145,20210509,    0,    0
 24658,134145,20210510,    0,    0
 24658,134145,20210511,    0,    0
 24658,134145,20210512,    0,    0
 24658,134145,20210513,    0,    0
 24658,134145,20210514,    0,    0
 24658,134145,20210515,    0,    0
 24658,134145,20210516,    0,    0
 24658,134145,20210517,    0,    0
 24658,134145,20210518,    0,    0
 24658,134145,20210519,    0,    0
 24658,134145,20210520,    0,    0
 24658,134145,20210521,    0,    0
 24658,134145,20210522,    0,    0
 24658,134145,20210523,    0,    0
 24658,134145,20210524,    0,    0
 24658,134145,20210525,    0,    0
 24658,134145,20210526,    0,    0
 24658,134145,20210527,    0,    0
 24658,134145,20210528,    0,    0
 24658,134145,20210529,    0,    0
 24658,134145,20210530,    0,    0
 24658,134145,20210531,    0,    0
 24658,134145,20210601,    0,    0
 24658,134145,20210602,    0,    0
 24658,134145,20210603,    0,    0
 24658,134145,20210604,    0,    0
 24658,134145,20210605,    0,    0
 24658,134145,20210606,    0,    0
 24658,134145,20210607,    0,    0
 24658,134145,20210608,    0,    0
 24658,134145,20210609,    0,    0
 24658,134145,20210610,    0,    0
 24658,134145,20210611,    0,    0
 24658,134145,20210612,    0,    0
 24658,134145,20210613,    0,    0
 24658,134145,20210614,    0,    0
 24658,134145,20210615,    0,    0
 24658,134145,20210616,    0,    0
 24658,134145,20210617,    0,    0
 24658,134145,20210618,    2,    0
 24658,134145,20210619,    0,    0
 24658,134145,20210620,    0,    0
 24658,134145,20210621,   27,    0
 24658,134145,20210622,    0,    0
 24658,134145,20210623,   13,    0
 24658,134145,20210624,   12,    0
 24658,134145,20210625,   17,    0
 24658,134145,20210626,    2,    0
 24658,134145,20210627,    0,    0
 24658,134145,20210628,    0,    0
 24658,134145,20210629,    0,    0
 24658,134145,20210630,   23,    0
 24658,134145,20210701,  130,    0
 24658,134145,20210702,    2,    0
 24658,134145,20210703,    4,    0
 24658,134145,20210704,  232,    0
 24658,134145,20210705,    1,    0
 24658,134145,20210706,    0,    0
 24658,134145,20210707,   87,    0
 24658,134145,20210708,  118,    0
 24658,134145,20210709,    4,    0
 24658,134145,20210710,    0,    0
 24658,134145,20210711,   18,    0
 24658,134145,20210712,    0,    0
 24658,134145,20210713,   88,    0
 24658,134145,20210714,    9,    0
 24658,134145,20210715,   29,    0
 24658,134145,20210716,  317,    0
 24658,134145,20210717,  962,    0
 24658,134145,20210718,   88,    0
 24658,134145,20210719,   91,    0
 24658,134145,20210720,    0,    0
 24658,134145,20210721,    0,    0
 24658,134145,20210722,    0,    0
 24658,134145,20210723,    0,    0
 24658,134145,20210724,  114,    0
 24658,134145,20210725,   11,    0
 24658,134145,20210726,    0,    0
 24658,134145,20210727,  126,    0
 24658,134145,20210728,   43,    0
 24658,134145,20210729,   32,    0
 24658,134145,20210730,   35,    0
 24658,134145,20210731,  363,    0
 24658,134145,20210801,   84,    0
 24658,134145,20210802,   94,    0
 24658,134145,20210803,   76,    0
 24658,134145,20210804,  103,    0
 24658,134145,20210805,   48,    0
 24658,134145,20210806,   21,    0
 24658,134145,20210807,   71,    0
 24658,134145,20210808,  145,    0
 24658,134145,20210809,   99,    0
 24658,134145,20210810,   67,    0
 24658,134145,20210811,    0,    0
 24658,134145,20210812,    0,    0
 24658,134145,20210813,    0,    0
 24658,134145,20210814,    0,    0
 24658,134145,20210815,   50,    0
 24658,134145,20210816,  348,    0
 24658,134145,20210817,   54,    0
 24658,134145,20210818,    9,    0
 24658,134145,20210819,    0,    0
 24658,134145,20210820,    0,    0
 24658,134145,20210821,    0,    0
 24658,134145,20210822,  286,    0
 24658,134145,20210823,  183,    0
 24658,134145,20210824,   98,    0
 24658,134145,20210825,    0,    0
 24658,134145,20210826,  164,    0
 24658,134145,20210827,   36,    0
 24658,134145,20210828,   57,    0
 24658,134145,20210829,   55,    0
 24658,134145,20210830,   88,    0
 24658,134145,20210831,  143,    0
 24658,134145,20210901,    0,    0
 24658,134145,20210902,    0,    0
 24658,134145,20210903,    0,    0
 24658,134145,20210904,    0,    0
 24658,134145,20210905,    6,    0
 24658,134145,20210906,    0,    0
 24658,134145,20210907,    0,    0
 24658,134145,20210908,    0,    0
 24658,134145,20210909,    0,    0
 24658,134145,20210910,    0,    0
 24658,134145,20210911,   89,    0
 24658,134145,20210912,    0,    0
 24658,134145,20210913,    0,    0
 24658,134145,20210914,    0,    0
 24658,134145,20210915,   31,    0
 24658,134145,20210916,  203,    0
 24658,134145,20210917,    0,    0
 24658,134145,20210918,    0,    0
 24658,134145,20210919,  235,    0
 24658,134145,20210920,    6,    0
 24658,134145,20210921,    0,    0
 24658,134145,20210922,    8,    0
 24658,134145,20210923,    0,    0
 24658,134145,20210924,    0,    0
 24658,134145,20210925,    0,    0
 24658,134145,20210926,   90,    0
 24658,134145,20210927,    3,    0
 24658,134145,20210928,    0,    0
 24658,134145,20210929,   49,    0
 24658,134145,20210930,    0,    0
 24658,134145,20211001,    0,    0
 24658,134145,20211002,    0,    0
 24658,134145,20211003,    0,    0
 24658,134145,20211004,    0,    0
 24658,134145,20211005,   35,    0
 24658,134145,20211006,  123,    0
 24658,134145,20211007,   34,    0
 24658,134145,20211008,    0,    0
 24658,134145,20211009,    0,    0
 24658,134145,20211010,    0,    0
 24658,134145,20211011,    0,    0
 24658,134145,20211012,  160,    0
 24658,134145,20211013,   27,    0
 24658,134145,20211014,   19,    0
 24658,134145,20211015,    0,    0
 24658,134145,20211016,    0,    0
 24658,134145,20211017,    0,    0
 24658,134145,20211018,    0,    0
 24658,134145,20211019,    0,    0
 24658,134145,20211020,    0,    0
 24658,134145,20211021,   26,    0
 24658,134145,20211022,    0,    0
 24658,134145,20211023,    0,    0
 24658,134145,20211024,    0,    0
 24658,134145,20211025,    0,    0
 24658,134145,20211026,    0,    0
 24658,134145,20211027,    0,    0
 24658,134145,20211028,    0,    0
 24658,134145,20211029,    0,    0
 24658,134145,20211030,    0,    0
 24658,134145,20211031,    0,    0
 24658,134145,20211101,  160,    0
 24658,134145,20211102,    1,    0
 24658,134145,20211103,  118,    0
 24658,134145,20211104,   34,    0
 24658,134145,20211105,    2,    0
 24658,134145,20211106,    0,    0
 24658,134145,20211107,    0,    0
 24658,134145,20211108,    0,    0
 24658,134145,20211109,    0,    0
 24658,134145,20211110,    0,    0
 24658,134145,20211111,    0,    0
 24658,134145,20211112,    0,    0
 24658,134145,20211113,   19,    0
 24658,134145,20211114,    0,    0
 24658,134145,20211115,    1,    0
 24658,134145,20211116,    0,    0
 24658,134145,20211117,    1,    0
 24658,134145,20211118,    0,    0
 24658,134145,20211119,    0,    0
 24658,134145,20211120,    0,    0
 24658,134145,20211121,    0,    0
 24658,134145,20211122,    4,    0
 24658,134145,20211123,    0,    0
 24658,134145,20211124,    0,    0
 24658,134145,20211125,    1,    0
 24658,134145,20211126,   73,    0
 24658,134145,20211127,   35,    0
 24658,134145,20211128,   35,    0
 24658,134145,20211129,   59,    0
 24658,134145,20211130,  141,    0
 24658,134145,20211201,   33,    0
 24658,134145,20211202,   56,    0
 24658,134145,20211203,    6,    0
 24658,134145,20211204,   82,    0
 24658,134145,20211205,   36,    0
 24658,134145,20211206,    9,    0
 24658,134145,20211207,   22,    0
 24658,134145,20211208,   19,    0
 24658,134145,20211209,   16,    0
 24658,134145,20211210,   21,    0
 24658,134145,20211211,   26,    0
 24658,134145,20211212,   72,    0
 24658,134145,20211213,   77,    0
 24658,134145,20211214,    6,    0
 24658,134145,20211215,    0,    0
 24658,134145,20211216,    1,    0
 24658,134145,20211217,    0,    0
 24658,134145,20211218,    0,    0
 24658,134145,20211219,    0,    0
 24658,134145,20211220,    0,    0
 24658,134145,20211221,    0,    0
 24658,134145,20211222,    0,    0
 24658,134145,20211223,   15,    0
 24658,134145,20211224,   66,    0
 24658,134145,20211225,    7,    0
 24658,134145,20211226,    0,    0
 24658,134145,20211227,    0,    0
 24658,134145,20211228,  151,    0
 24658,134145,20211229,  454,    0
 24658,134145,20211230,   66,    0
 24658,134145,20211231,    0,    0
 24658,134145,20220101,-9999,    9
 24658,134145,20220102,-9999,    9
 24658,134145,20220103,-9999,    9
 24658,134145,20220104,-9999,    9
 24658,134145,20220105,-9999,    9
 24658,134145,20220106,-9999,    9
 24658,134145,20220107,-9999,    9
 24658,134145,20220108,-9999,    9
 24658,134145,20220109,-9999,    9
 24658,134145,20220110,-9999,    9
 24658,134145,20220111,-9999,    9
 24658,134145,20220112,-9999,    9
 24658,134145,20220113,-9999,    9
 24658,134145,20220114,-9999,    9
 24658,134145,20220115,-9999,    9
 24658,134145,20220116,-9999,    9
 24658,134145,20220117,-9999,    9
 24658,134145,20220118,-9999,    9
 24658,134145,20220119,-9999,    9
 24658,134145,20220120,-9999,    9
 24658,134145,20220121,-9999,    9
 24658,134145,20220122,-9999,    9
 24658,134145,20220123,-9999,    9
 24658,134145,20220124,-9999,    9
 24658,134145,20220125,-9999,    9
 24658,134145,20220126,-9999,    9
 24658,134145,20220127,-9999,    9
 24658,134145,20220128,-9999,    9
 24658,134145,20220129,-9999,    9
 24658,134145,20220130,-9999,    9
 24658,134145,20220131,-9999,    9
 24658,134145,20220201,-9999,    9
 24658,134145,20220202,-9999,    9
 24658,134145,20220203,-9999,    9
 24658,134145,20220204,-9999,    9
 24658,134145,20220205,-9999,    9
 24658,134145,20220206,-9999,    9
 24658,134145,20220207,-9999,    9
 24658,134145,20220208,-9999,    9
 24658,134145,20220209,-9999,    9
 24658,134145,20220210,-9999,    9
 24658,134145,20220211,-9999,    9
 24658,134145,20220212,-9999,    9
 24658,134145,20220213,-9999,    9
 24658,134145,20220214,-9999,    9
 24658,134145,20220215,-9999,    9
 24658,134145,20220216,-9999,    9
 24658,134145,20220217,-9999,    9
 24658,134145,20220218,-9999,    9
 24658,134145,20220219,-9999,    9
 24658,134145,20220220,-9999,    9
 24658,134145,20220221,-9999,    9
 24658,134145,20220222,-9999,    9
 24658,134145,20220223,-9999,    9
 24658,134145,20220224,-9999,    9
 24658,134145,20220225,-9999,    9
 24658,134145,20220226,-9999,    9
 24658,134145,20220227,-9999,    9
 24658,134145,20220228,-9999,    9
 24658,134145,20220301,-9999,    9
 24658,134145,20220302,-9999,    9
 24658,134145,20220303,-9999,    9
 24658,134145,20220304,-9999,    9
 24658,134145,20220305,-9999,    9
 24658,134145,20220306,-9999,    9
 24658,134145,20220307,-9999,    9
 24658,134145,20220308,-9999,    9
 24658,134145,20220309,-9999,    9
 24658,134145,20220310,-9999,    9
 24658,134145,20220311,-9999,    9
 24658,134145,20220312,-9999,    9
 24658,134145,20220313,-9999,    9
 24658,134145,20220314,-9999,    9
 24658,134145,20220315,-9999,    9
 24658,134145,20220316,-9999,    9
 24658,134145,20220317,-9999,    9
 24658,134145,20220318,-9999,    9
 24658,134145,20220319,-9999,    9
 24658,134145,20220320,-9999,    9
 24658,134145,20220321,-9999,    9
 24658,134145,20220322,-9999,    9
 24658,134145,20220323,-9999,    9
 24658,134145,20220324,-9999,    9
 24658,134145,20220325,-9999,    9
 24658,134145,20220326,-9999,    9
 24658,134145,20220327,-9999,    9
 24658,134145,20220328,-9999,    9
 24658,134145,20220329,-9999,    9
 24658,134145,20220330,-9999,    9
 24658,134145,20220331,-9999,    9
 24658,134145,20220401,-9999,    9
 24658,134145,20220402,-9999,    9
 24658,134145,20220403,-9999,    9
 24658,134145,20220404,-9999,    9
 24658,134145,20220405,-9999,    9
 24658,134145,20220406,-9999,    9
 24658,134145,20220407,-9999,    9
 24658,134145,20220408,-9999,    9
 24658,134145,20220409,-9999,    9
 24658,134145,20220410,-9999,    9
 24658,134145,20220411,-9999,    9
 24658,134145,20220412,-9999,    9
 24658,134145,20220413,-9999,    9
 24658,134145,20220414,-9999,    9
 24658,134145,20220415,-9999,    9
 24658,134145,20220416,-9999,    9
 24658,134145,20220417,-9999,    9
 24658,134145,20220418,-9999,    9
 24658,134145,20220419,-9999,    9
 24658,134145,20220420,-9999,    9
 24658,134145,20220421,-9999,    9
 24658,134145,20220422,-9999,    9
 24658,134145,20220423,-9999,    9
 24658,134145,20220424,-9999,    9
 24658,134145,20220425,-9999,    9
 24658,134145,20220426,-9999,    9
 24658,134145,20220427,-9999,    9
 24658,134145,20220428,-9999,    9
 24658,134145,20220429,-9999,    9
 24658,134145,20220430,-9999,    9
 24658,134145,20220501,-9999,    9
 24658,134145,20220502,-9999,    9
 24658,134145,20220503,-9999,    9
 24658,134145,20220504,-9999,    9
 24658,134145,20220505,-9999,    9
 24658,134145,20220506,-9999,    9
 24658,134145,20220507,-9999,    9
 24658,134145,20220508,-9999,    9
 24658,134145,20220509,-9999,    9
 24658,134145,20220510,-9999,    9
 24658,134145,20220511,-9999,    9
 24658,134145,20220512,-9999,    9
 24658,134145,20220513,-9999,    9
 24658,134145,20220514,-9999,    9
 24658,134145,20220515,-9999,    9
 24658,134145,20220516,-9999,    9
 24658,134145,20220517,-9999,    9
 24658,134145,20220518,-9999,    9
 24658,134145,20220519,-9999,    9
 24658,134145,20220520,-9999,    9
 24658,134145,20220521,-9999,    9
 24658,134145,20220522,-9999,    9
 24658,134145,20220523,-9999,    9
 24658,134145,20220524,-9999,    9
 24658,134145,20220525,-9999,    9
 24658,134145,20220526,-9999,    9
 24658,134145,20220527,-9999,    9
 24658,134145,20220528,-9999,    9
 24658,134145,20220529,-9999,    9
 24658,134145,20220530,-9999,    9
 24658,134145,20220531,-9999,    9
 24658,134145,20220601,-9999,    9
 24658,134145,20220602,-9999,    9
 24658,134145,20220603,-9999,    9
 24658,134145,20220604,-9999,    9
 24658,134145,20220605,-9999,    9
 24658,134145,20220606,-9999,    9
 24658,134145,20220607,-9999,    9
 24658,134145,20220608,-9999,    9
 24658,134145,20220609,-9999,    9
 24658,134145,20220610,-9999,    9
 24658,134145,20220611,-9999,    9
 24658,134145,20220612,-9999,    9
 24658,134145,20220613,-9999,    9
 24658,134145,20220614,-9999,    9
 24658,134145,20220615,-9999,    9
 24658,134145,20220616,-9999,    9
 24658,134145,20220617,-9999,    9
 24658,134145,20220618,-9999,    9
 24658,134145,20220619,-9999,    9
 24658,134145,20220620,-9999,    9
 24658,134145,20220621,-9999,    9
 24658,134145,20220622,-9999,    9
 24658,134145,20220623,-9999,    9
 24658,134145,20220624,-9999,    9
 24658,134145,20220625,-9999,    9
 24658,134145,20220626,-9999,    9
 24658,134145,20220627,-9999,    9
 24658,134145,20220628,-9999,    9
 24658,134145,20220629,-9999,    9
 24658,134145,20220630,-9999,    9
 24658,134145,20220701,-9999,    9
 24658,134145,20220702,-9999,    9
 24658,134145,20220703,-9999,    9
 24658,134145,20220704,-9999,    9
 24658,134145,20220705,-9999,    9
 24658,134145,20220706,-9999,    9
 24658,134145,20220707,-9999,    9
 24658,134145,20220708,-9999,    9
 24658,134145,20220709,-9999,    9
 24658,134145,20220710,-9999,    9
 24658,134145,20220711,-9999,    9
 24658,134145,20220712,-9999,    9
 24658,134145,20220713,-9999,    9
 24658,134145,20220714,-9999,    9
 24658,134145,20220715,-9999,    9
 24658,134145,20220716,-9999,    9
 24658,134145,20220717,-9999,    9
 24658,134145,20220718,-9999,    9
 24658,134145,20220719,-9999,    9
 24658,134145,20220720,-9999,    9
 24658,134145,20220721,-9999,    9
 24658,134145,20220722,-9999,    9
 24658,134145,20220723,-9999,    9
 24658,134145,20220724,-9999,    9
 24658,134145,20220725,-9999,    9
 24658,134145,20220726,-9999,    9
 24658,134145,20220727,-9999,    9
 24658,134145,20220728,-9999,    9
 24658,134145,20220729,-9999,    9
 24658,134145,20220730,-9999,    9
 24658,134145,20220731,-9999,    9
 24658,134145,20220801,-9999,    9
 24658,134145,20220802,-9999,    9
 24658,134145,20220803,-9999,    9
 24658,134145,20220804,-9999,    9
 24658,134145,20220805,-9999,    9
 24658,134145,20220806,-9999,    9
 24658,134145,20220807,-9999,    9
 24658,134145,20220808,-9999,    9
 24658,134145,20220809,-9999,    9
 24658,134145,20220810,-9999,    9
 24658,134145,20220811,-9999,    9
 24658,134145,20220812,-9999,    9
 24658,134145,20220813,-9999,    9
 24658,134145,20220814,-9999,    9
 24658,134145,20220815,-9999,    9
 24658,134145,20220816,-9999,    9
 24658,134145,20220817,-9999,    9
 24658,134145,20220818,-9999,    9
 24658,134145,20220819,-9999,    9
 24658,134145,20220820,-9999,    9
 24658,134145,20220821,-9999,    9
 24658,134145,20220822,-9999,    9
 24658,134145,20220823,-9999,    9
 24658,134145,20220824,-9999,    9
 24658,134145,20220825,-9999,    9
 24658,134145,20220826,-9999,    9
 24658,134145,20220827,-9999,    9
 24658,134145,20220828,-9999,    9
 24658,134145,20220829,-9999,    9
 24658,134145,20220830,-9999,    9
 24658,134145,20220831,-9999,    9
 24658,134145,20220901,-9999,    9
 24658,134145,20220902,-9999,    9
 24658,134145,20220903,-9999,    9
 24658,134145,20220904,-9999,    9
 24658,134145,20220905,-9999,    9
 24658,134145,20220906,-9999,    9
 24658,134145,20220907,-9999,    9
 24658,134145,20220908,-9999,    9
 24658,134145,20220909,-9999,    9
 24658,134145,20220910,-9999,    9
 24658,134145,20220911,-9999,    9
 24658,134145,20220912,-9999,    9
 24658,134145,20220913,-9999,    9
 24658,134145,20220914,-9999,    9
 24658,134145,20220915,-9999,    9
 24658,134145,20220916,-9999,    9
 24658,134145,20220917,-9999,    9
 24658,134145,20220918,-9999,    9
 24658,134145,20220919,-9999,    9
 24658,134145,20220920,-9999,    9
 24658,134145,20220921,-9999,    9
 24658,134145,20220922,-9999,    9
 24658,134145,20220923,-9999,    9
 24658,134145,20220924,-9999,    9
 24658,134145,20220925,-9999,    9
 24658,134145,20220926,-9999,    9
 24658,134145,20220927,-9999,    9
 24658,134145,20220928,-9999,    9
 24658,134145,20220929,-9999,    9
 24658,134145,20220930,-9999,    9
 24658,134145,20221001,-9999,    9
 24658,134145,20221002,-9999,    9
 24658,134145,20221003,-9999,    9
 24658,134145,20221004,-9999,    9
 24658,134145,20221005,-9999,    9
 24658,134145,20221006,-9999,    9
 24658,134145,20221007,-9999,    9
 24658,134145,20221008,-9999,    9
 24658,134145,20221009,-9999,    9
 24658,134145,20221010,-9999,    9
 24658,134145,20221011,-9999,    9
 24658,134145,20221012,-9999,    9
 24658,134145,20221013,-9999,    9
 24658,134145,20221014,-9999,    9
 24658,134145,20221015,-9999,    9
 24658,134145,20221016,-9999,    9
 24658,134145,20221017,-9999,    9
 24658,134145,20221018,-9999,    9
 24658,134145,20221019,-9999,    9
 24658,134145,20221020,-9999,    9
 24658,134145,20221021,-9999,    9
 24658,134145,20221022,-9999,    9
 24658,134145,20221023,-9999,    9
 24658,134145,20221024,-9999,    9
 24658,134145,20221025,-9999,    9
 24658,134145,20221026,-9999,    9
 24658,134145,20221027,-9999,    9
 24658,134145,20221028,-9999,    9
 24658,134145,20221029,-9999,    9
 24658,134145,20221030,-9999,    9
 24658,134145,20221031,-9999,    9
